-8.9541654586792,7.6730217933654785
0.0,0.0
0.0,0.0
0.0,0.0
0.0,0.0
0.0,0.0
0.0,0.0
0.0,0.0
0.0,0.0
0.0,0.0
0.0,0.0
0.0,0.0
0.0,0.0
0.0,0.0
0.0,0.0
0.0,0.0
0.0,0.0
0.0,0.0
8.029867172241211,34.5644645690918
3.819999933242798,0.0
0.0,0.0
0.0,0.0
0.0,0.0
0.0,0.0
0.0,0.0
0.0,0.0
-1.9685877561569214,30.191545486450195
10.738643646240234,-1.9800000190734863
0.0,0.0
0.0,0.0
0.0,0.0
0.0,0.0
0.0,0.0
0.0,0.0
0.0,0.0
0.0,0.0
0.0,0.0
0.0,0.0
0.0,0.0
0.0,0.0
0.0,0.0
0.0,0.0
0.0,0.0
0.0,0.0
0.0,0.0
0.0,0.0
0.0,0.0
0.0,0.0
0.0,0.0
0.0,0.0
-8.888524055480957,11.103819847106934
14.347362518310547,0.0
0.0,0.0
0.0,0.0
-7.987333297729492,11.111063957214355
0.0,0.0
0.0,0.0
0.0,0.0
-8.887007713317871,11.105836868286133
0.0,0.0
0.0,0.0
0.0,0.0
-5.284006595611572,11.092702865600586
0.0,0.0
0.0,0.0
0.0,0.0
0.0,0.0
0.0,0.0
0.0,0.0
0.0,0.0
0.0,0.0
0.0,0.0
0.0,0.0
0.0,0.0
0.0,0.0
0.0,0.0
0.0,0.0
0.0,0.0
0.0,0.0
0.0,0.0
0.0,0.0
0.0,0.0
-8.901239395141602,10.707626342773438
22.222209930419922,-15.918079376220703
0.0,0.0
0.0,0.0
-5.858503341674805,11.104016304016113
15.056099891662598,-1.8565263748168945
0.0,0.0
0.0,0.0
-8.908841133117676,10.90639877319336
22.222209930419922,-17.777767181396484
0.0,0.0
0.0,0.0
-3.42900013923645,9.841385841369629
22.222078323364258,-15.924209594726562
0.0,0.0
0.0,0.0
0.0,0.0
0.0,0.0
0.0,0.0
0.0,0.0
0.0,0.0
0.0,0.0
0.0,0.0
0.0,0.0
0.0,0.0
0.0,0.0
0.0,0.0
0.0,0.0
0.0,0.0
0.0,0.0
0.0,0.0
0.0,0.0
-8.565736770629883,11.091033935546875
22.218774795532227,-12.243155479431152
0.0,0.0
0.0,0.0
-7.755722522735596,11.111104965209961
22.1782169342041,-6.267807483673096
0.0,0.0
0.0,0.0
-8.879983901977539,10.942728996276855
22.222204208374023,-17.487598419189453
0.0,0.0
0.0,0.0
-8.693624496459961,11.109563827514648
22.222209930419922,-15.939801216125488
0.0,0.0
0.0,0.0
0.0,0.0
0.0,0.0
0.0,0.0
0.0,0.0
0.0,0.0
0.0,0.0
0.0,0.0
0.0,0.0
0.0,0.0
0.0,0.0
0.0,0.0
0.0,0.0
0.0,0.0
0.0,0.0
0.0,0.0
0.0,0.0
3.011765718460083,22.587379455566406
22.182729721069336,-17.782072067260742
0.0,0.0
0.0,0.0
0.0,0.0
0.0,0.0
0.0,0.0
0.0,0.0
-4.9472198486328125,16.216032028198242
21.544082641601562,-3.4792802333831787
0.0,0.0
0.0,0.0
-4.783610820770264,11.0596923828125
0.0,0.0
0.0,0.0
0.0,0.0
0.0,0.0
0.0,0.0
0.0,0.0
0.0,0.0
0.0,0.0
0.0,0.0
0.0,0.0
0.0,0.0
0.0,0.0
0.0,0.0
0.0,0.0
0.0,0.0
0.0,0.0
0.0,0.0
0.0,0.0
0.0,0.0
0.0,0.0
0.0,0.0
0.0,0.0
0.0,0.0
0.0,0.0
0.0,0.0
0.0,0.0
0.0,0.0
0.0,0.0
0.0,0.0
0.0,0.0
0.0,0.0
0.0,0.0
0.0,0.0
0.0,0.0
0.0,0.0
0.0,0.0
0.0,0.0
0.0,0.0
0.0,0.0
0.0,0.0
0.0,0.0
0.0,0.0
0.0,0.0
0.0,0.0
0.0,0.0
0.0,0.0
0.0,0.0
0.0,0.0
0.0,0.0
0.0,0.0
0.0,0.0
-8.904226303100586,10.957355499267578
0.0,0.0
0.0,0.0
0.0,0.0
0.0,0.0
0.0,0.0
0.0,0.0
0.0,0.0
-8.931859970092773,10.681177139282227
22.222198486328125,-17.777769088745117
0.0,0.0
0.0,0.0
-5.694772243499756,4.740166187286377
0.0,0.0
0.0,0.0
0.0,0.0
0.0,0.0
0.0,0.0
0.0,0.0
0.0,0.0
0.0,0.0
0.0,0.0
0.0,0.0
0.0,0.0
0.0,0.0
0.0,0.0
0.0,0.0
0.0,0.0
0.0,0.0
0.0,0.0
0.0,0.0
0.0,0.0
-8.83410930633545,11.111104965209961
0.0,0.0
0.0,0.0
0.0,0.0
0.0,0.0
0.0,0.0
0.0,0.0
0.0,0.0
-8.917264938354492,10.698832511901855
22.22139549255371,-10.970773696899414
0.0,0.0
0.0,0.0
-5.327923774719238,9.934684753417969
0.0,0.0
0.0,0.0
0.0,0.0
0.0,0.0
0.0,0.0
0.0,0.0
0.0,0.0
0.0,0.0
0.0,0.0
0.0,0.0
0.0,0.0
0.0,0.0
0.0,0.0
0.0,0.0
0.0,0.0
0.0,0.0
0.0,0.0
0.0,0.0
0.0,0.0
0.0,0.0
0.0,0.0
0.0,0.0
0.0,0.0
0.0,0.0
0.0,0.0
0.0,0.0
0.0,0.0
0.0,0.0
0.0,0.0
0.0,0.0
0.0,0.0
0.0,0.0
0.0,0.0
0.0,0.0
0.0,0.0
0.0,0.0
0.0,0.0
0.0,0.0
0.0,0.0
0.0,0.0
0.0,0.0
0.0,0.0
0.0,0.0
0.0,0.0
0.0,0.0
0.0,0.0
0.0,0.0
0.0,0.0
0.0,0.0
0.0,0.0
0.0,0.0
0.0,0.0
0.0,0.0
0.0,0.0
0.0,0.0
0.0,0.0
0.0,0.0
0.0,0.0
0.0,0.0
0.0,0.0
0.0,0.0
0.0,0.0
0.0,0.0
0.0,0.0
0.0,0.0
-9.855618476867676,2.8732926845550537
21.477014541625977,3.2442626953125
-9.673022270202637,6.946552753448486
2.0,-2.0
0.0,0.0
0.0,0.0
-1.0,0.0
0.0,0.0
-9.870219230651855,1.2986499071121216
22.222087860107422,4.208235740661621
-9.793998718261719,4.440804958343506
9.6029052734375,0.0
0.0,0.0
0.0,0.0
-1.0,-1.0
0.0,0.0
0.0,0.0
0.0,0.0
-1.7530044317245483,6.398643493652344
2.0,-2.0
0.0,0.0
0.0,0.0
-1.0,1.909999966621399
0.0,0.0
0.0,0.0
0.0,0.0
-5.11606502532959,5.153270244598389
6.983342170715332,-1.9301666021347046
0.0,0.0
0.0,0.0
-1.0,-0.09000000357627869
0.0,0.0
-9.726971626281738,2.9100759029388428
22.201528549194336,6.0056328773498535
-9.62080192565918,5.3444318771362305
5.476200103759766,0.0
-6.841177463531494,9.252923965454102
0.0,0.0
-1.0,-1.0
0.0,0.0
-9.793525695800781,2.1318793296813965
22.220264434814453,2.7060675621032715
-9.883235931396484,4.052361965179443
9.6029052734375,0.0
-3.190553665161133,10.366025924682617
5.476200103759766,0.0
0.0,4.536335468292236
2.0,-2.0
0.0,0.0
0.0,0.0
-2.69486403465271,5.683574676513672
2.0,0.0
0.0,0.0
0.0,0.0
-1.0,1.0
0.0,0.0
0.0,0.0
0.0,0.0
-2.6547324657440186,4.250848770141602
5.476200103759766,-1.9617999792099
0.0,0.0
0.0,0.0
-3.428983688354492,1.3935644626617432
8.354841232299805,0.0
0.0,0.0
0.0,0.0
0.0,0.0
0.0,0.0
0.0,0.0
0.0,0.0
0.0,0.0
0.0,0.0
0.0,0.0
0.0,0.0
0.0,0.0
0.0,0.0
0.0,0.0
0.0,0.0
0.0,0.0
0.0,0.0
0.0,0.0
0.0,0.0
0.0,0.0
0.0,0.0
0.0,0.0
0.0,0.0
0.0,0.0
0.0,0.0
0.0,0.0
0.0,0.0
0.0,0.0
0.0,0.0
0.0,0.0
0.0,0.0
0.0,0.0
0.0,0.0
0.0,0.0
0.0,0.0
0.0,0.0
0.0,0.0
0.0,0.0
0.0,0.0
0.0,0.0
0.0,0.0
0.0,0.0
0.0,0.0
0.0,0.0
0.0,0.0
0.0,0.0
0.0,0.0
0.0,0.0
0.0,0.0
0.0,0.0
0.0,0.0
0.0,0.0
0.0,0.0
0.0,0.0
0.0,0.0
0.0,0.0
0.0,0.0
0.0,0.0
0.0,0.0
0.0,0.0
0.0,0.0
0.0,0.0
0.0,0.0
0.0,0.0
0.0,0.0
0.0,0.0
0.0,0.0
-4.789996147155762,-1.801131010055542
0.0,0.0
0.0,0.0
0.0,0.0
0.0,0.0
0.0,0.0
-10.536131858825684,-5.36227560043335
0.0,0.0
-10.73134994506836,-7.207917213439941
0.0,0.0
0.0,0.0
0.0,0.0
-2.738100051879883,-1.909999966621399
0.0,0.0
0.0,0.0
0.0,0.0
-10.08000659942627,-0.800554096698761
0.0,0.0
0.0,0.0
0.0,0.0
0.0,0.0
0.0,0.0
0.0,0.0
0.0,0.0
-9.7736234664917,2.2628540992736816
0.0,0.0
0.0,0.0
0.0,0.0
-7.708104133605957,-5.306528091430664
0.0,0.0
0.0,0.0
0.0,0.0
-1.0,0.9180999994277954
0.0,0.0
0.0,0.0
0.0,0.0
0.0,0.0
0.0,0.0
-10.710293769836426,-7.478189468383789
0.0,0.0
-10.825037956237793,-4.56259822845459
0.0,0.0
0.0,0.0
0.0,0.0
0.0,0.0
0.0,0.0
0.0,0.0
0.0,0.0
-3.4833900928497314,0.4530594050884247
0.0,0.0
0.0,0.0
0.0,0.0
0.0,0.0
0.0,0.0
0.0,0.0
0.0,0.0
-9.939762115478516,-0.07715871930122375
0.0,0.0
0.0,0.0
0.0,0.0
-2.6841893196105957,0.9374706745147705
0.0,0.0
0.0,0.0
0.0,0.0
0.0,0.0
0.0,0.0
0.0,0.0
0.0,0.0
0.0,0.0
0.0,0.0
0.0,0.0
0.0,0.0
0.0,0.0
0.0,0.0
0.0,0.0
0.0,0.0
0.0,0.0
0.0,0.0
0.0,0.0
0.0,0.0
-17.581592559814453,22.130075454711914
11.033294677734375,-8.27720832824707
0.0,0.0
0.0,0.0
0.0,0.0
0.0,0.0
0.0,0.0
0.0,0.0
-17.771934509277344,22.07546043395996
11.111104965209961,-5.499670505523682
0.0,0.0
0.0,0.0
0.0,0.0
0.0,0.0
0.0,0.0
0.0,0.0
0.0,0.0
0.0,0.0
0.0,0.0
0.0,0.0
0.0,0.0
0.0,0.0
0.0,0.0
0.0,0.0
0.0,0.0
0.0,0.0
0.0,0.0
0.0,0.0
0.0,0.0
0.0,0.0
0.0,0.0
0.0,0.0
-17.060779571533203,21.89982032775879
11.111104965209961,-8.696161270141602
0.0,0.0
0.0,0.0
-1.7999999523162842,3.163341760635376
0.0,0.0
0.0,0.0
0.0,0.0
-17.810138702392578,21.897842407226562
11.11065673828125,-7.939918518066406
0.0,0.0
0.0,0.0
-3.5500850677490234,10.550997734069824
0.0,0.0
0.0,0.0
0.0,0.0
0.0,0.0
0.0,0.0
0.0,0.0
0.0,0.0
0.0,0.0
0.0,0.0
0.0,0.0
0.0,0.0
0.0,0.0
0.0,0.0
0.0,0.0
0.0,0.0
0.0,0.0
0.0,0.0
0.0,0.0
0.0,0.0
0.0,0.0
0.0,0.0
0.0,0.0
0.0,0.0
0.0,0.0
0.0,0.0
0.0,0.0
0.0,0.0
0.0,0.0
0.0,0.0
0.0,0.0
0.0,0.0
0.0,0.0
0.0,0.0
0.0,0.0
0.0,0.0
0.0,0.0
0.0,0.0
0.0,0.0
0.0,0.0
0.0,0.0
0.0,0.0
0.0,0.0
0.0,0.0
0.0,0.0
0.0,0.0
0.0,0.0
0.0,0.0
0.0,0.0
0.0,0.0
0.0,0.0
0.0,0.0
0.0,0.0
0.0,0.0
0.0,0.0
0.0,0.0
0.0,0.0
0.0,0.0
0.0,0.0
0.0,0.0
0.0,0.0
0.0,0.0
0.0,0.0
0.0,0.0
0.0,0.0
0.0,0.0
0.0,0.0
0.0,0.0
0.0,0.0
0.0,0.0
0.0,0.0
0.0,0.0
0.0,0.0
0.0,0.0
0.0,0.0
0.0,0.0
0.0,0.0
0.0,0.0
0.0,0.0
0.0,0.0
0.0,0.0
0.0,0.0
0.0,0.0
0.0,0.0
-17.777767181396484,22.222209930419922
4.80145263671875,-1.0
0.0,0.0
0.0,0.0
0.0,0.0
0.0,0.0
0.0,0.0
0.0,0.0
-17.777767181396484,22.222209930419922
10.990955352783203,-3.1557064056396484
0.0,0.0
0.0,0.0
0.0,0.0
0.0,0.0
0.0,0.0
0.0,0.0
0.0,0.0
0.0,0.0
0.0,0.0
0.0,0.0
0.0,0.0
0.0,0.0
0.0,0.0
0.0,0.0
0.0,0.0
0.0,0.0
0.0,0.0
0.0,0.0
0.0,0.0
0.0,0.0
0.0,0.0
0.0,0.0
-15.79517936706543,22.222204208374023
11.042878150939941,-3.1464242935180664
0.0,0.0
0.0,0.0
0.0,0.0
0.0,0.0
0.0,0.0
0.0,0.0
-17.778568267822266,22.214529037475586
11.001769065856934,-3.7296650409698486
0.0,0.0
0.0,0.0
0.0,0.0
0.0,0.0
0.0,0.0
0.0,0.0
0.0,0.0
0.0,0.0
0.0,0.0
0.0,0.0
0.0,0.0
0.0,0.0
0.0,0.0
0.0,0.0
0.0,0.0
0.0,0.0
0.0,0.0
0.0,0.0
0.0,0.0
0.0,0.0
0.0,0.0
0.0,0.0
0.0,0.0
0.0,0.0
0.0,0.0
0.0,0.0
0.0,0.0
0.0,0.0
0.0,0.0
0.0,0.0
0.0,0.0
0.0,0.0
0.0,0.0
0.0,0.0
0.0,0.0
0.0,0.0
0.0,0.0
0.0,0.0
0.0,0.0
0.0,0.0
0.0,0.0
0.0,0.0
0.0,0.0
0.0,0.0
0.0,0.0
0.0,0.0
0.0,0.0
0.0,0.0
0.0,0.0
0.0,0.0
0.0,0.0
0.0,0.0
0.0,0.0
0.0,0.0
0.0,0.0
0.0,0.0
0.0,0.0
0.0,0.0
0.0,0.0
0.0,0.0
0.0,0.0
0.0,0.0
0.0,0.0
0.0,0.0
0.0,0.0
0.0,0.0
0.0,0.0
0.0,0.0
-8.927546501159668,21.981910705566406
0.0,0.0
-3.6463146209716797,19.91132164001465
0.0,0.0
0.0,0.0
0.0,0.0
0.0,0.0
0.0,0.0
-11.829813003540039,22.22154998779297
1.909999966621399,0.0
-5.1798787117004395,14.347362518310547
0.0,0.0
0.0,0.0
0.0,0.0
0.0,0.0
0.0,0.0
-10.616464614868164,22.02322006225586
0.0,0.0
-17.201568603515625,22.222209930419922
0.0,0.0
0.0,0.0
0.0,0.0
0.0,0.0
0.0,0.0
-12.490684509277344,22.221271514892578
2.738100051879883,0.0
-17.343294143676758,22.222209930419922
7.528049945831299,-0.9519854784011841
0.0,0.0
0.0,0.0
0.0,0.0
0.0,0.0
-4.941310882568359,22.0722599029541
0.0,0.0
-2.0,21.660655975341797
0.0,0.0
0.0,3.819999933242798
0.0,0.0
0.0,0.0
0.0,0.0
-12.926016807556152,22.221637725830078
0.0,0.0
-2.0,15.701050758361816
0.0,0.0
-3.799999952316284,2.0
0.0,0.0
0.0,0.0
0.0,0.0
-8.72896957397461,22.0722599029541
0.0,0.0
-16.24394416809082,22.222198486328125
2.738100051879883,0.0
-1.7999999523162842,0.0
0.0,0.0
-2.0,2.0
0.0,0.0
-13.709653854370117,22.221450805664062
0.0,0.0
-17.291824340820312,22.222204208374023
1.0,0.0
-2.0,5.476200103759766
0.0,0.0
-5.2158522605896,14.347362518310547
0.0,0.0
0.0,0.0
0.0,0.0
0.0,0.0
0.0,0.0
0.0,0.0
0.0,0.0
0.0,0.0
0.0,0.0
0.0,0.0
0.0,0.0
0.0,0.0
0.0,0.0
0.0,0.0
0.0,0.0
0.0,0.0
0.0,0.0
0.0,0.0
0.0,0.0
0.0,0.0
0.0,0.0
0.0,0.0
0.0,0.0
0.0,0.0
0.0,0.0
0.0,0.0
0.0,0.0
0.0,0.0
0.0,0.0
0.0,0.0
0.0,0.0
0.0,0.0
0.0,0.0
0.0,0.0
0.0,0.0
0.0,0.0
0.0,0.0
0.0,0.0
0.0,0.0
0.0,0.0
0.0,0.0
0.0,0.0
0.0,0.0
0.0,0.0
0.0,0.0
0.0,0.0
0.0,0.0
0.0,0.0
0.0,0.0
0.0,0.0
0.0,0.0
0.0,0.0
0.0,0.0
0.0,0.0
0.0,0.0
0.0,0.0
0.0,0.0
0.0,0.0
0.0,0.0
0.0,0.0
0.0,0.0
0.0,0.0
0.0,0.0
0.0,0.0
0.0,0.0
0.0,0.0
0.0,0.0
0.0,0.0
0.0,0.0
0.0,0.0
0.0,0.0
0.0,0.0
0.0,0.0
-5.206589221954346,18.152801513671875
0.0,0.0
-1.9039709568023682,10.738643646240234
0.0,0.0
0.0,0.0
0.0,0.0
0.0,0.0
0.0,0.0
0.0,0.0
0.0,0.0
-17.777767181396484,22.222209930419922
0.0,0.0
0.0,0.0
0.0,0.0
0.0,0.0
0.0,0.0
-5.162198066711426,16.822040557861328
0.0,0.0
-17.77752113342285,22.222209930419922
0.0,0.0
0.0,0.0
0.0,0.0
0.0,0.0
0.0,0.0
0.0,0.0
0.0,0.0
0.0,0.0
0.0,0.0
0.0,0.0
0.0,0.0
0.0,0.0
0.0,0.0
-2.0,5.476200103759766
0.0,0.0
-2.0,0.0
0.0,0.0
0.0,0.0
0.0,0.0
0.0,0.0
0.0,0.0
0.0,0.0
0.0,0.0
0.0,3.819999933242798
0.0,0.0
0.0,0.0
0.0,0.0
0.0,0.0
0.0,0.0
-2.0,6.983342170715332
0.0,0.0
0.0,15.701050758361816
0.0,0.0
0.0,0.0
0.0,0.0
0.0,0.0
0.0,0.0
0.0,0.0
0.0,0.0
0.0,0.0
0.0,0.0
0.0,0.0
0.0,0.0
0.0,0.0
0.0,0.0
0.0,0.0
0.0,0.0
0.0,0.0
0.0,0.0
0.0,0.0
0.0,0.0
0.0,0.0
0.0,0.0
0.0,0.0
0.0,0.0
0.0,0.0
0.0,0.0
0.0,0.0
0.0,0.0
0.0,0.0
0.0,0.0
0.0,0.0
0.0,0.0
0.0,0.0
0.0,0.0
0.0,0.0
0.0,0.0
0.0,0.0
0.0,0.0
0.0,0.0
0.0,0.0
0.0,0.0
0.0,0.0
0.0,0.0
0.0,0.0
0.0,0.0
0.0,0.0
0.0,0.0
0.0,0.0
0.0,0.0
0.0,0.0
0.0,0.0
0.0,0.0
0.0,0.0
0.0,0.0
0.0,0.0
0.0,0.0
0.0,0.0
0.0,0.0
0.0,0.0
0.0,0.0
0.0,0.0
0.0,0.0
0.0,0.0
0.0,0.0
0.0,0.0
0.0,0.0
0.0,0.0
0.0,0.0
0.0,0.0
0.0,0.0
