-10.127791404724121,8.616418838500977
0.0,0.0
0.0,0.0
0.0,0.0
0.0,0.0
0.0,0.0
0.0,0.0
0.0,0.0
0.0,0.0
0.0,0.0
0.0,0.0
0.0,0.0
0.0,0.0
0.0,0.0
0.0,0.0
0.0,0.0
0.0,0.0
0.0,0.0
-7.7506208419799805,15.817422866821289
-19.991777420043945,0.0
0.0,0.0
0.0,0.0
0.0,0.0
0.0,0.0
0.0,0.0
0.0,0.0
-1.0300705432891846,15.311488151550293
-19.057973861694336,0.0
0.0,0.0
0.0,0.0
0.0,0.0
0.0,0.0
0.0,0.0
0.0,0.0
0.0,0.0
0.0,0.0
0.0,0.0
0.0,0.0
0.0,0.0
0.0,0.0
0.0,0.0
0.0,0.0
0.0,0.0
0.0,0.0
0.0,0.0
0.0,0.0
0.0,0.0
0.0,0.0
0.0,0.0
0.0,0.0
-8.896893501281738,11.111099243164062
-5.420000076293945,0.0
0.0,0.0
0.0,0.0
-8.888798713684082,11.111047744750977
0.0,0.0
0.0,0.0
0.0,0.0
-8.890874862670898,11.107458114624023
0.0,0.0
0.0,0.0
0.0,0.0
-8.406338691711426,11.11091136932373
0.0,0.0
0.0,0.0
0.0,0.0
0.0,0.0
0.0,0.0
0.0,0.0
0.0,0.0
0.0,0.0
0.0,0.0
0.0,0.0
0.0,0.0
0.0,0.0
0.0,0.0
0.0,0.0
0.0,0.0
0.0,0.0
0.0,0.0
0.0,0.0
0.0,0.0
-8.904260635375977,11.108165740966797
-18.597192764282227,-2.0004520416259766
0.0,0.0
0.0,0.0
-8.176179885864258,11.110219955444336
-5.420000076293945,0.0
0.0,0.0
0.0,0.0
-8.92131233215332,11.111096382141113
-3.682710886001587,9.887950897216797
0.0,0.0
0.0,0.0
-8.629179954528809,11.111105918884277
-14.315922737121582,0.7606537938117981
0.0,0.0
0.0,0.0
0.0,0.0
0.0,0.0
0.0,0.0
0.0,0.0
0.0,0.0
0.0,0.0
0.0,0.0
0.0,0.0
0.0,0.0
0.0,0.0
0.0,0.0
0.0,0.0
0.0,0.0
0.0,0.0
0.0,0.0
0.0,0.0
-8.658652305603027,11.10863971710205
-9.371179580688477,0.0
0.0,0.0
0.0,0.0
-3.359628915786743,5.802182197570801
-9.371179580688477,0.0
0.0,0.0
0.0,0.0
-8.909046173095703,11.110315322875977
-13.319218635559082,0.8374466300010681
0.0,0.0
0.0,0.0
-8.807552337646484,11.111105918884277
-14.137835502624512,-0.04891105741262436
0.0,0.0
0.0,0.0
0.0,0.0
0.0,0.0
0.0,0.0
0.0,0.0
0.0,0.0
0.0,0.0
0.0,0.0
0.0,0.0
0.0,0.0
0.0,0.0
0.0,0.0
0.0,0.0
0.0,0.0
0.0,0.0
0.0,0.0
0.0,0.0
-6.678474426269531,13.843428611755371
-19.09568977355957,10.329629898071289
0.0,0.0
0.0,0.0
0.0,0.0
0.0,0.0
0.0,0.0
0.0,0.0
-1.1382331848144531,14.428319931030273
93.75447845458984,1.8200913667678833
0.0,0.0
0.0,0.0
-4.852662086486816,10.772041320800781
0.0,0.0
0.0,0.0
0.0,0.0
0.0,0.0
0.0,0.0
0.0,0.0
0.0,0.0
0.0,0.0
0.0,0.0
0.0,0.0
0.0,0.0
0.0,0.0
0.0,0.0
0.0,0.0
0.0,0.0
0.0,0.0
0.0,0.0
0.0,0.0
0.0,0.0
0.0,0.0
0.0,0.0
0.0,0.0
0.0,0.0
0.0,0.0
0.0,0.0
0.0,0.0
0.0,0.0
0.0,0.0
0.0,0.0
0.0,0.0
0.0,0.0
0.0,0.0
0.0,0.0
0.0,0.0
0.0,0.0
0.0,0.0
0.0,0.0
0.0,0.0
0.0,0.0
0.0,0.0
0.0,0.0
0.0,0.0
0.0,0.0
0.0,0.0
0.0,0.0
0.0,0.0
0.0,0.0
0.0,0.0
0.0,0.0
0.0,0.0
0.0,0.0
-8.912102699279785,10.87841796875
-17.753639221191406,60.46853256225586
0.0,0.0
0.0,0.0
0.0,0.0
0.0,0.0
0.0,0.0
0.0,0.0
-8.935256958007812,10.647590637207031
15.762121200561523,17.894704818725586
0.0,0.0
0.0,0.0
-9.200142860412598,6.05417013168335
-3.799999952316284,365.6199951171875
0.0,0.0
0.0,0.0
0.0,0.0
0.0,0.0
0.0,0.0
0.0,0.0
0.0,0.0
0.0,0.0
0.0,0.0
0.0,0.0
0.0,0.0
0.0,0.0
0.0,0.0
0.0,0.0
0.0,0.0
0.0,0.0
0.0,0.0
0.0,0.0
-8.915082931518555,11.108297348022461
-2.0,200.0
0.0,0.0
0.0,0.0
0.0,0.0
0.0,0.0
0.0,0.0
0.0,0.0
-8.968128204345703,10.18834400177002
-6.799651145935059,14.726773262023926
0.0,0.0
0.0,0.0
-9.093413352966309,8.219806671142578
-2.0,200.0
0.0,0.0
0.0,0.0
0.0,0.0
0.0,0.0
0.0,0.0
0.0,0.0
0.0,0.0
0.0,0.0
0.0,0.0
0.0,0.0
0.0,0.0
0.0,0.0
0.0,0.0
0.0,0.0
0.0,0.0
0.0,0.0
0.0,0.0
0.0,0.0
0.0,0.0
0.0,0.0
0.0,0.0
0.0,0.0
0.0,0.0
0.0,0.0
0.0,0.0
0.0,0.0
0.0,0.0
0.0,0.0
0.0,0.0
0.0,0.0
0.0,0.0
0.0,0.0
0.0,0.0
0.0,0.0
0.0,0.0
0.0,0.0
0.0,0.0
0.0,0.0
0.0,0.0
0.0,0.0
0.0,0.0
0.0,0.0
0.0,0.0
0.0,0.0
0.0,0.0
0.0,0.0
0.0,0.0
0.0,0.0
0.0,0.0
0.0,0.0
0.0,0.0
0.0,0.0
0.0,0.0
0.0,0.0
0.0,0.0
0.0,0.0
0.0,0.0
0.0,0.0
0.0,0.0
0.0,0.0
0.0,0.0
0.0,0.0
0.0,0.0
0.0,0.0
-9.749992370605469,2.786180019378662
-16.451066970825195,-16.83014678955078
33.33331298828125,-26.079578399658203
16.28795623779297,-3.9618000984191895
0.0,0.0
0.0,0.0
12.532261848449707,-2.8746774196624756
2.0,0.0
-9.664139747619629,3.4067506790161133
-21.416336059570312,-3.3806278705596924
33.33331298828125,-26.02279281616211
20.637523651123047,-4.565644264221191
0.0,0.0
0.0,0.0
21.52104377746582,0.0
2.0,0.0
0.0,0.0
0.0,0.0
32.972869873046875,-13.068663597106934
12.71267032623291,0.32135239243507385
0.0,0.0
0.0,0.0
19.069005966186523,-2.809309959411621
2.0,0.0
0.0,0.0
0.0,0.0
33.33331298828125,-23.210498809814453
202.98248291015625,-6.565239429473877
0.0,0.0
0.0,0.0
29.524158477783203,0.0
8.354841232299805,-5.907238006591797
-4.5193281173706055,55.84602737426758
-16.190658569335938,-15.523097038269043
33.33331298828125,-26.663408279418945
8.354841232299805,0.7492486834526062
-4.875442981719971,72.60173034667969
-6.947150230407715,187.56890869140625
8.214300155639648,-3.0
5.476200103759766,0.0
-2.9782450199127197,69.87065887451172
-16.765743255615234,-3.6611855030059814
33.33331298828125,-25.516921997070312
19.155624389648438,-6.035910129547119
-2.551340341567993,100.03213500976562
-15.27109146118164,35.64698028564453
30.956283569335938,-2.8746774196624756
11.772165298461914,0.0
0.0,0.0
0.0,0.0
26.625497817993164,-5.361368179321289
3.819999933242798,0.0
0.0,0.0
0.0,0.0
14.40435791015625,0.0
2.0,0.0
0.0,0.0
0.0,0.0
33.33331298828125,-21.044509887695312
17.75033187866211,-10.531793594360352
0.0,0.0
0.0,0.0
32.566795349121094,-7.536273956298828
9.6029052734375,-4.735786437988281
0.0,0.0
0.0,0.0
0.0,0.0
0.0,0.0
0.0,0.0
0.0,0.0
0.0,0.0
0.0,0.0
0.0,0.0
0.0,0.0
0.0,0.0
0.0,0.0
0.0,0.0
0.0,0.0
0.0,0.0
0.0,0.0
0.0,0.0
0.0,0.0
0.0,0.0
0.0,0.0
0.0,0.0
0.0,0.0
0.0,0.0
0.0,0.0
0.0,0.0
0.0,0.0
0.0,0.0
0.0,0.0
0.0,0.0
0.0,0.0
0.0,0.0
0.0,0.0
0.0,0.0
0.0,0.0
0.0,0.0
0.0,0.0
0.0,0.0
0.0,0.0
0.0,0.0
0.0,0.0
0.0,0.0
0.0,0.0
0.0,0.0
0.0,0.0
0.0,0.0
0.0,0.0
0.0,0.0
0.0,0.0
0.0,0.0
0.0,0.0
0.0,0.0
0.0,0.0
0.0,0.0
0.0,0.0
0.0,0.0
0.0,0.0
0.0,0.0
0.0,0.0
0.0,0.0
0.0,0.0
0.0,0.0
0.0,0.0
0.0,0.0
0.0,0.0
0.0,0.0
0.0,0.0
-9.13412857055664,9.327305793762207
0.0,0.0
0.0,0.0
0.0,0.0
0.0,0.0
0.0,0.0
33.33331298828125,20.925119400024414
0.0,0.0
33.33331298828125,22.389572143554688
0.0,0.0
0.0,0.0
0.0,0.0
6.065120697021484,28.733436584472656
0.0,0.0
0.0,0.0
0.0,0.0
-10.16712474822998,-1.6717019081115723
0.0,0.0
0.0,0.0
0.0,0.0
0.0,0.0
0.0,0.0
22.584150314331055,-3.0
0.0,0.0
33.33331298828125,-13.022618293762207
0.0,0.0
0.0,0.0
0.0,0.0
33.33331298828125,7.506804466247559
0.0,0.0
0.0,0.0
0.0,0.0
-7.880025386810303,9.482412338256836
0.0,0.0
0.0,0.0
0.0,0.0
0.0,0.0
0.0,0.0
33.33331298828125,5.5127410888671875
0.0,0.0
33.33331298828125,4.9669413566589355
0.0,0.0
0.0,0.0
0.0,0.0
0.0,14.40435791015625
0.0,0.0
0.0,0.0
0.0,0.0
-9.092839241027832,10.617773056030273
0.0,0.0
0.0,0.0
0.0,0.0
0.0,0.0
0.0,0.0
12.532261848449707,-5.6427001953125
0.0,0.0
33.33331298828125,-20.345970153808594
0.0,0.0
0.0,0.0
0.0,0.0
33.333213806152344,-5.499346733093262
0.0,0.0
0.0,0.0
0.0,0.0
0.0,0.0
0.0,0.0
0.0,0.0
0.0,0.0
0.0,0.0
0.0,0.0
0.0,0.0
0.0,0.0
0.0,0.0
0.0,0.0
0.0,0.0
0.0,0.0
0.0,0.0
0.0,0.0
0.0,0.0
0.0,0.0
6.875696659088135,54.21446990966797
-10.737579345703125,35.08430862426758
0.0,0.0
0.0,0.0
0.0,0.0
0.0,0.0
0.0,0.0
0.0,0.0
-3.2000107765197754,57.526309967041016
-13.054176330566406,67.7483139038086
0.0,0.0
0.0,0.0
0.0,0.0
0.0,0.0
0.0,0.0
0.0,0.0
0.0,0.0
0.0,0.0
0.0,0.0
0.0,0.0
0.0,0.0
0.0,0.0
0.0,0.0
0.0,0.0
0.0,0.0
0.0,0.0
0.0,0.0
0.0,0.0
0.0,0.0
0.0,0.0
0.0,0.0
0.0,0.0
14.299619674682617,104.73552703857422
3.0734031200408936,52.063148498535156
0.0,0.0
0.0,0.0
363.7066955566406,555.4856567382812
0.0,0.0
0.0,0.0
0.0,0.0
1.0430971384048462,125.25556945800781
-15.641060829162598,22.410917282104492
0.0,0.0
0.0,0.0
759.8155517578125,211.30068969726562
0.0,0.0
0.0,0.0
0.0,0.0
0.0,0.0
0.0,0.0
0.0,0.0
0.0,0.0
0.0,0.0
0.0,0.0
0.0,0.0
0.0,0.0
0.0,0.0
0.0,0.0
0.0,0.0
0.0,0.0
0.0,0.0
0.0,0.0
0.0,0.0
0.0,0.0
0.0,0.0
0.0,0.0
0.0,0.0
0.0,0.0
0.0,0.0
0.0,0.0
0.0,0.0
0.0,0.0
0.0,0.0
0.0,0.0
0.0,0.0
0.0,0.0
0.0,0.0
0.0,0.0
0.0,0.0
0.0,0.0
0.0,0.0
0.0,0.0
0.0,0.0
0.0,0.0
0.0,0.0
0.0,0.0
0.0,0.0
0.0,0.0
0.0,0.0
0.0,0.0
0.0,0.0
0.0,0.0
0.0,0.0
0.0,0.0
0.0,0.0
0.0,0.0
0.0,0.0
0.0,0.0
0.0,0.0
0.0,0.0
0.0,0.0
0.0,0.0
0.0,0.0
0.0,0.0
0.0,0.0
0.0,0.0
0.0,0.0
0.0,0.0
0.0,0.0
0.0,0.0
0.0,0.0
0.0,0.0
0.0,0.0
0.0,0.0
0.0,0.0
0.0,0.0
0.0,0.0
0.0,0.0
0.0,0.0
0.0,0.0
0.0,0.0
0.0,0.0
0.0,0.0
0.0,0.0
0.0,0.0
0.0,0.0
0.0,0.0
0.0,0.0
-6.551860332489014,33.333396911621094
-16.738208770751953,22.222408294677734
0.0,0.0
0.0,0.0
0.0,0.0
0.0,0.0
0.0,0.0
0.0,0.0
-6.6666483879089355,33.33351516723633
-16.26328468322754,58.480987548828125
0.0,0.0
0.0,0.0
0.0,0.0
0.0,0.0
0.0,0.0
0.0,0.0
0.0,0.0
0.0,0.0
0.0,0.0
0.0,0.0
0.0,0.0
0.0,0.0
0.0,0.0
0.0,0.0
0.0,0.0
0.0,0.0
0.0,0.0
0.0,0.0
0.0,0.0
0.0,0.0
0.0,0.0
0.0,0.0
-6.433542251586914,33.333351135253906
-16.578044891357422,22.222211837768555
0.0,0.0
0.0,0.0
0.0,0.0
0.0,0.0
0.0,0.0
0.0,0.0
-6.666614055633545,33.333831787109375
-17.775985717773438,22.222211837768555
0.0,0.0
0.0,0.0
0.0,0.0
0.0,0.0
0.0,0.0
0.0,0.0
0.0,0.0
0.0,0.0
0.0,0.0
0.0,0.0
0.0,0.0
0.0,0.0
0.0,0.0
0.0,0.0
0.0,0.0
0.0,0.0
0.0,0.0
0.0,0.0
0.0,0.0
0.0,0.0
0.0,0.0
0.0,0.0
0.0,0.0
0.0,0.0
0.0,0.0
0.0,0.0
0.0,0.0
0.0,0.0
0.0,0.0
0.0,0.0
0.0,0.0
0.0,0.0
0.0,0.0
0.0,0.0
0.0,0.0
0.0,0.0
0.0,0.0
0.0,0.0
0.0,0.0
0.0,0.0
0.0,0.0
0.0,0.0
0.0,0.0
0.0,0.0
0.0,0.0
0.0,0.0
0.0,0.0
0.0,0.0
0.0,0.0
0.0,0.0
0.0,0.0
0.0,0.0
0.0,0.0
0.0,0.0
0.0,0.0
0.0,0.0
0.0,0.0
0.0,0.0
0.0,0.0
0.0,0.0
0.0,0.0
0.0,0.0
0.0,0.0
0.0,0.0
0.0,0.0
0.0,0.0
0.0,0.0
0.0,0.0
-6.558243274688721,33.33331298828125
-3.799999952316284,5.476200103759766
-5.823182106018066,33.32904815673828
-2.0,0.0
0.0,0.0
0.0,0.0
0.0,0.0
0.0,0.0
-6.689530849456787,31.061845779418945
-6.629714012145996,19.155624389648438
-3.1264517307281494,31.170217514038086
0.0,0.0
0.0,0.0
0.0,0.0
0.0,0.0
0.0,0.0
-6.570248603820801,33.33331298828125
-3.7618000507354736,8.354841232299805
-6.666666507720947,33.33331298828125
-13.575883865356445,22.016820907592773
0.0,0.0
0.0,0.0
0.0,0.0
0.0,0.0
-6.660854339599609,33.33331298828125
-7.955385684967041,19.155624389648438
-2.52301025390625,48.13346862792969
-12.972593307495117,22.222055435180664
0.0,0.0
0.0,0.0
0.0,0.0
0.0,0.0
-6.633094787597656,33.33331298828125
-5.33216667175293,11.772165298461914
-5.450610160827637,33.33218765258789
-2.0,0.0
-1.8427000045776367,12.532261848449707
0.0,0.0
0.0,0.0
0.0,0.0
-6.558701038360596,33.04808807373047
-5.27652645111084,14.347362518310547
-3.449697494506836,29.86698341369629
0.0,0.0
-2.510974645614624,22.584150314331055
0.0,0.0
0.0,0.0
0.0,0.0
-6.6482086181640625,33.33331298828125
-6.823237895965576,10.738643646240234
-6.622574329376221,33.33335876464844
-13.10867691040039,22.1782169342041
-2.6008570194244385,8.214300155639648
0.0,0.0
-2.3242504596710205,31.364898681640625
0.0,0.0
-6.7058186531066895,32.91737365722656
-3.6728732585906982,16.822040557861328
-6.48611307144165,33.32368469238281
-12.37389850616455,22.20931053161621
-0.5519202947616577,145.51849365234375
0.0,0.0
72.11046600341797,78.17266082763672
0.0,0.0
0.0,0.0
0.0,0.0
0.0,0.0
0.0,0.0
0.0,0.0
0.0,0.0
0.0,0.0
0.0,0.0
0.0,0.0
0.0,0.0
0.0,0.0
0.0,0.0
0.0,0.0
0.0,0.0
0.0,0.0
0.0,0.0
0.0,0.0
0.0,0.0
0.0,0.0
0.0,0.0
0.0,0.0
0.0,0.0
0.0,0.0
0.0,0.0
0.0,0.0
0.0,0.0
0.0,0.0
0.0,0.0
0.0,0.0
0.0,0.0
0.0,0.0
0.0,0.0
0.0,0.0
0.0,0.0
0.0,0.0
0.0,0.0
0.0,0.0
0.0,0.0
0.0,0.0
0.0,0.0
0.0,0.0
0.0,0.0
0.0,0.0
0.0,0.0
0.0,0.0
0.0,0.0
0.0,0.0
0.0,0.0
0.0,0.0
0.0,0.0
0.0,0.0
0.0,0.0
0.0,0.0
0.0,0.0
0.0,0.0
0.0,0.0
0.0,0.0
0.0,0.0
0.0,0.0
0.0,0.0
0.0,0.0
0.0,0.0
0.0,0.0
0.0,0.0
0.0,0.0
0.0,0.0
0.0,14.40435791015625
0.0,0.0
0.0,0.0
0.0,0.0
0.0,0.0
0.0,0.0
-5.040470600128174,33.309940338134766
0.0,0.0
-0.8559564352035522,14.40435791015625
0.0,0.0
0.0,0.0
0.0,0.0
0.0,0.0
0.0,0.0
0.0,0.0
0.0,0.0
-6.833653926849365,32.560546875
0.0,0.0
0.0,0.0
0.0,0.0
0.0,0.0
0.0,0.0
-5.196743011474609,29.68764877319336
0.0,0.0
-6.959186553955078,31.964387893676758
0.0,0.0
0.0,0.0
0.0,0.0
0.0,0.0
0.0,0.0
0.0,0.0
0.0,0.0
0.0,0.0
0.0,0.0
0.0,0.0
0.0,0.0
0.0,0.0
0.0,0.0
-1.0,0.0
0.0,0.0
-1.0,0.0
0.0,0.0
0.0,0.0
0.0,0.0
0.0,0.0
0.0,0.0
0.0,0.0
0.0,0.0
-1.0,12.532261848449707
0.0,0.0
0.0,0.0
0.0,0.0
0.0,0.0
0.0,0.0
0.0,0.0
0.0,0.0
-4.9582929611206055,33.32904815673828
0.0,0.0
0.0,0.0
0.0,0.0
0.0,0.0
0.0,0.0
0.0,0.0
0.0,0.0
0.0,0.0
0.0,0.0
0.0,0.0
0.0,0.0
0.0,0.0
0.0,0.0
0.0,0.0
0.0,0.0
0.0,0.0
0.0,0.0
0.0,0.0
0.0,0.0
0.0,0.0
0.0,0.0
0.0,0.0
0.0,0.0
0.0,0.0
0.0,0.0
0.0,0.0
0.0,0.0
0.0,0.0
0.0,0.0
0.0,0.0
0.0,0.0
0.0,0.0
0.0,0.0
0.0,0.0
0.0,0.0
0.0,0.0
0.0,0.0
0.0,0.0
0.0,0.0
0.0,0.0
0.0,0.0
0.0,0.0
0.0,0.0
0.0,0.0
0.0,0.0
0.0,0.0
0.0,0.0
0.0,0.0
0.0,0.0
0.0,0.0
0.0,0.0
0.0,0.0
0.0,0.0
0.0,0.0
0.0,0.0
0.0,0.0
0.0,0.0
0.0,0.0
0.0,0.0
0.0,0.0
0.0,0.0
0.0,0.0
0.0,0.0
0.0,0.0
0.0,0.0
0.0,0.0
0.0,0.0
0.0,0.0
0.0,0.0
