-10.878167152404785,9.117400169372559
0.0,0.0
0.0,0.0
0.0,0.0
0.0,0.0
0.0,0.0
0.0,0.0
0.0,0.0
0.0,0.0
0.0,0.0
0.0,0.0
0.0,0.0
0.0,0.0
0.0,0.0
0.0,0.0
0.0,0.0
0.0,0.0
0.0,0.0
-8.440999031066895,15.672962188720703
-6.878000259399414,0.0
0.0,0.0
0.0,0.0
0.0,0.0
0.0,0.0
0.0,0.0
0.0,0.0
-7.753821849822998,17.165143966674805
-5.420000076293945,0.0
0.0,0.0
0.0,0.0
0.0,0.0
0.0,0.0
0.0,0.0
0.0,0.0
0.0,0.0
0.0,0.0
0.0,0.0
0.0,0.0
0.0,0.0
0.0,0.0
0.0,0.0
0.0,0.0
0.0,0.0
0.0,0.0
0.0,0.0
0.0,0.0
0.0,0.0
0.0,0.0
0.0,0.0
0.0,0.0
-8.129114151000977,11.105277061462402
0.0,0.0
0.0,0.0
0.0,0.0
-3.8330671787261963,10.059651374816895
0.0,0.0
0.0,0.0
0.0,0.0
-8.715665817260742,11.111089706420898
0.0,0.0
0.0,0.0
0.0,0.0
-7.077953338623047,10.990955352783203
0.0,0.0
0.0,0.0
0.0,0.0
0.0,0.0
0.0,0.0
0.0,0.0
0.0,0.0
0.0,0.0
0.0,0.0
0.0,0.0
0.0,0.0
0.0,0.0
0.0,0.0
0.0,0.0
0.0,0.0
0.0,0.0
0.0,0.0
0.0,0.0
0.0,0.0
-6.848780155181885,10.990955352783203
-6.878000259399414,0.0
0.0,0.0
0.0,0.0
-2.6347193717956543,8.143978118896484
0.0,0.0
0.0,0.0
0.0,0.0
-8.49620246887207,9.611056327819824
196.71163940429688,0.45857566595077515
0.0,0.0
0.0,0.0
-3.380035877227783,7.173681259155273
-5.420000076293945,0.0
0.0,0.0
0.0,0.0
0.0,0.0
0.0,0.0
0.0,0.0
0.0,0.0
0.0,0.0
0.0,0.0
0.0,0.0
0.0,0.0
0.0,0.0
0.0,0.0
0.0,0.0
0.0,0.0
0.0,0.0
0.0,0.0
0.0,0.0
0.0,0.0
0.0,0.0
0.0,0.0
0.0,0.0
0.0,0.0
-1.8650833368301392,4.177420616149902
0.0,0.0
0.0,0.0
0.0,0.0
-4.807791709899902,11.049018859863281
-2.0,0.0
0.0,0.0
0.0,0.0
-2.470027446746826,10.701656341552734
-6.878000259399414,0.0
0.0,0.0
0.0,0.0
0.0,0.0
0.0,0.0
0.0,0.0
0.0,0.0
0.0,0.0
0.0,0.0
0.0,0.0
0.0,0.0
0.0,0.0
0.0,0.0
0.0,0.0
0.0,0.0
0.0,0.0
0.0,0.0
0.0,0.0
0.0,0.0
-6.427001953125,14.058269500732422
-17.37326431274414,5.750828742980957
0.0,0.0
0.0,0.0
0.0,0.0
0.0,0.0
0.0,0.0
0.0,0.0
-2.5397825241088867,12.768669128417969
-11.390655517578125,0.0
0.0,0.0
0.0,0.0
0.0,0.0
0.0,0.0
0.0,0.0
0.0,0.0
0.0,0.0
0.0,0.0
0.0,0.0
0.0,0.0
0.0,0.0
0.0,0.0
0.0,0.0
0.0,0.0
0.0,0.0
0.0,0.0
0.0,0.0
0.0,0.0
0.0,0.0
0.0,0.0
0.0,0.0
0.0,0.0
0.0,0.0
0.0,0.0
0.0,0.0
0.0,0.0
0.0,0.0
0.0,0.0
0.0,0.0
0.0,0.0
0.0,0.0
0.0,0.0
0.0,0.0
0.0,0.0
0.0,0.0
0.0,0.0
0.0,0.0
0.0,0.0
0.0,0.0
0.0,0.0
0.0,0.0
0.0,0.0
0.0,0.0
0.0,0.0
0.0,0.0
0.0,0.0
0.0,0.0
0.0,0.0
0.0,0.0
0.0,0.0
0.0,0.0
0.0,0.0
0.0,0.0
0.0,0.0
-8.917201042175293,10.828235626220703
-16.66456413269043,0.0
0.0,0.0
0.0,0.0
0.0,0.0
0.0,0.0
0.0,0.0
0.0,0.0
-8.937583923339844,10.617491722106934
8.543109893798828,102.08424377441406
0.0,0.0
0.0,0.0
-5.2913594245910645,6.773625373840332
0.0,0.0
0.0,0.0
0.0,0.0
0.0,0.0
0.0,0.0
0.0,0.0
0.0,0.0
0.0,0.0
0.0,0.0
0.0,0.0
0.0,0.0
0.0,0.0
0.0,0.0
0.0,0.0
0.0,0.0
0.0,0.0
0.0,0.0
0.0,0.0
0.0,0.0
-8.878047943115234,11.090096473693848
0.0,0.0
0.0,0.0
0.0,0.0
0.0,0.0
0.0,0.0
0.0,0.0
0.0,0.0
-8.896327018737793,11.110624313354492
-10.166505813598633,30.093103408813477
0.0,0.0
0.0,0.0
-3.924459218978882,8.87061882019043
0.0,0.0
0.0,0.0
0.0,0.0
0.0,0.0
0.0,0.0
0.0,0.0
0.0,0.0
0.0,0.0
0.0,0.0
0.0,0.0
0.0,0.0
0.0,0.0
0.0,0.0
0.0,0.0
0.0,0.0
0.0,0.0
0.0,0.0
0.0,0.0
0.0,0.0
0.0,0.0
0.0,0.0
0.0,0.0
0.0,0.0
0.0,0.0
0.0,0.0
0.0,0.0
0.0,0.0
0.0,0.0
0.0,0.0
0.0,0.0
0.0,0.0
0.0,0.0
0.0,0.0
0.0,0.0
0.0,0.0
0.0,0.0
0.0,0.0
0.0,0.0
0.0,0.0
0.0,0.0
0.0,0.0
0.0,0.0
0.0,0.0
0.0,0.0
0.0,0.0
0.0,0.0
0.0,0.0
0.0,0.0
0.0,0.0
0.0,0.0
0.0,0.0
0.0,0.0
0.0,0.0
0.0,0.0
0.0,0.0
0.0,0.0
0.0,0.0
0.0,0.0
0.0,0.0
0.0,0.0
0.0,0.0
0.0,0.0
0.0,0.0
0.0,0.0
0.0,0.0
-9.790942192077637,4.998359680175781
-13.568530082702637,-14.347362518310547
33.33330535888672,-24.427658081054688
0.0,0.0
0.0,0.0
0.0,0.0
0.0,0.0
0.0,0.0
-9.617650032043457,3.5715909004211426
-15.352505683898926,-2.115049362182617
33.33330535888672,-24.48801612854004
3.819999933242798,2.0381999015808105
0.0,0.0
0.0,0.0
3.0,0.0
2.0,0.0
0.0,0.0
0.0,0.0
12.532261848449707,0.0
3.819999933242798,0.0
0.0,0.0
0.0,0.0
3.0,0.0
0.0,0.0
0.0,0.0
0.0,0.0
30.72119140625,-11.235334396362305
5.476200103759766,0.0
0.0,0.0
0.0,0.0
3.0,0.0
3.819999933242798,0.0
-5.295319080352783,50.05035400390625
-9.595821380615234,-8.958253860473633
33.33330535888672,-24.327850341796875
3.819999933242798,0.0
-1.0,27.381000518798828
0.0,0.0
0.0,0.0
0.0,0.0
-3.380105495452881,72.50347137451172
-18.675325393676758,71.48884582519531
33.33330535888672,-16.16415023803711
3.819999933242798,0.0
-4.5042314529418945,77.15017700195312
0.0,0.0
5.730000019073486,0.0
2.0,0.0
0.0,0.0
0.0,0.0
0.0,0.0
0.0,0.0
0.0,0.0
0.0,0.0
3.0,0.0
0.0,0.0
0.0,0.0
0.0,0.0
20.352794647216797,0.0
2.0,0.0
0.0,0.0
0.0,0.0
3.0,-3.0
2.0,0.0
0.0,0.0
0.0,0.0
0.0,0.0
0.0,0.0
0.0,0.0
0.0,0.0
0.0,0.0
0.0,0.0
0.0,0.0
0.0,0.0
0.0,0.0
0.0,0.0
0.0,0.0
0.0,0.0
0.0,0.0
0.0,0.0
0.0,0.0
0.0,0.0
0.0,0.0
0.0,0.0
0.0,0.0
0.0,0.0
0.0,0.0
0.0,0.0
0.0,0.0
0.0,0.0
0.0,0.0
0.0,0.0
0.0,0.0
0.0,0.0
0.0,0.0
0.0,0.0
0.0,0.0
0.0,0.0
0.0,0.0
0.0,0.0
0.0,0.0
0.0,0.0
0.0,0.0
0.0,0.0
0.0,0.0
0.0,0.0
0.0,0.0
0.0,0.0
0.0,0.0
0.0,0.0
0.0,0.0
0.0,0.0
0.0,0.0
0.0,0.0
0.0,0.0
0.0,0.0
0.0,0.0
0.0,0.0
0.0,0.0
0.0,0.0
0.0,0.0
0.0,0.0
0.0,0.0
0.0,0.0
0.0,0.0
0.0,0.0
0.0,0.0
0.0,0.0
0.0,0.0
0.0,0.0
-3.305823564529419,5.369321823120117
0.0,0.0
0.0,0.0
0.0,0.0
0.0,0.0
0.0,0.0
33.33330535888672,23.96217918395996
0.0,0.0
33.33330535888672,-2.023348808288574
0.0,0.0
0.0,0.0
0.0,0.0
3.0,0.0
0.0,0.0
0.0,0.0
0.0,0.0
-10.145244598388672,-1.453304409980774
0.0,0.0
0.0,0.0
0.0,0.0
0.0,0.0
0.0,0.0
0.0,0.0
0.0,0.0
33.33330535888672,-19.35835838317871
0.0,0.0
0.0,0.0
0.0,0.0
30.72119140625,-7.618884563446045
0.0,0.0
0.0,0.0
0.0,0.0
-1.0,6.356335163116455
0.0,0.0
0.0,0.0
0.0,0.0
0.0,0.0
0.0,0.0
33.33330535888672,28.54964256286621
0.0,0.0
33.332393646240234,16.1887149810791
0.0,0.0
0.0,0.0
0.0,0.0
3.0,0.0
0.0,0.0
0.0,0.0
0.0,0.0
-4.966740131378174,10.240397453308105
0.0,0.0
0.0,0.0
0.0,0.0
0.0,0.0
0.0,0.0
3.0,0.0
0.0,0.0
33.33330535888672,-11.699951171875
0.0,0.0
0.0,0.0
0.0,0.0
20.352794647216797,-0.3206338882446289
0.0,0.0
0.0,0.0
0.0,0.0
0.0,0.0
0.0,0.0
0.0,0.0
0.0,0.0
0.0,0.0
0.0,0.0
0.0,0.0
0.0,0.0
0.0,0.0
0.0,0.0
0.0,0.0
0.0,0.0
0.0,0.0
0.0,0.0
0.0,0.0
0.0,0.0
-4.063437461853027,40.70066452026367
-6.6422295570373535,216.8523406982422
0.0,0.0
0.0,0.0
0.0,0.0
0.0,0.0
0.0,0.0
0.0,0.0
-4.478907108306885,45.12490463256836
-11.621549606323242,22.23719024658203
0.0,0.0
0.0,0.0
0.0,0.0
0.0,0.0
0.0,0.0
0.0,0.0
0.0,0.0
0.0,0.0
0.0,0.0
0.0,0.0
0.0,0.0
0.0,0.0
0.0,0.0
0.0,0.0
0.0,0.0
0.0,0.0
0.0,0.0
0.0,0.0
0.0,0.0
0.0,0.0
0.0,0.0
0.0,0.0
1.2857035398483276,86.66484069824219
-11.877869606018066,235.72763061523438
0.0,0.0
0.0,0.0
0.0,0.0
0.0,0.0
0.0,0.0
0.0,0.0
-1.0715067386627197,34.13976287841797
-11.575422286987305,219.26495361328125
0.0,0.0
0.0,0.0
-1.0,355.9284973144531
0.0,0.0
0.0,0.0
0.0,0.0
0.0,0.0
0.0,0.0
0.0,0.0
0.0,0.0
0.0,0.0
0.0,0.0
0.0,0.0
0.0,0.0
0.0,0.0
0.0,0.0
0.0,0.0
0.0,0.0
0.0,0.0
0.0,0.0
0.0,0.0
0.0,0.0
0.0,0.0
0.0,0.0
0.0,0.0
0.0,0.0
0.0,0.0
0.0,0.0
0.0,0.0
0.0,0.0
0.0,0.0
0.0,0.0
0.0,0.0
0.0,0.0
0.0,0.0
0.0,0.0
0.0,0.0
0.0,0.0
0.0,0.0
0.0,0.0
0.0,0.0
0.0,0.0
0.0,0.0
0.0,0.0
0.0,0.0
0.0,0.0
0.0,0.0
0.0,0.0
0.0,0.0
0.0,0.0
0.0,0.0
0.0,0.0
0.0,0.0
0.0,0.0
0.0,0.0
0.0,0.0
0.0,0.0
0.0,0.0
0.0,0.0
0.0,0.0
0.0,0.0
0.0,0.0
0.0,0.0
0.0,0.0
0.0,0.0
0.0,0.0
0.0,0.0
0.0,0.0
0.0,0.0
0.0,0.0
0.0,0.0
0.0,0.0
0.0,0.0
0.0,0.0
0.0,0.0
0.0,0.0
0.0,0.0
0.0,0.0
0.0,0.0
0.0,0.0
0.0,0.0
0.0,0.0
0.0,0.0
0.0,0.0
0.0,0.0
0.0,0.0
-6.666666507720947,33.33330535888672
-6.405878067016602,19.682771682739258
0.0,0.0
0.0,0.0
0.0,0.0
0.0,0.0
0.0,0.0
0.0,0.0
-6.666666507720947,33.33330535888672
-8.765549659729004,22.16908073425293
0.0,0.0
0.0,0.0
0.0,0.0
0.0,0.0
0.0,0.0
0.0,0.0
0.0,0.0
0.0,0.0
0.0,0.0
0.0,0.0
0.0,0.0
0.0,0.0
0.0,0.0
0.0,0.0
0.0,0.0
0.0,0.0
0.0,0.0
0.0,0.0
0.0,0.0
0.0,0.0
0.0,0.0
0.0,0.0
-4.625670433044434,28.278501510620117
-5.233779430389404,17.75033187866211
0.0,0.0
0.0,0.0
0.0,0.0
0.0,0.0
0.0,0.0
0.0,0.0
-6.666666507720947,33.33330535888672
-9.572932243347168,21.799041748046875
0.0,0.0
0.0,0.0
0.0,0.0
0.0,0.0
0.0,0.0
0.0,0.0
0.0,0.0
0.0,0.0
0.0,0.0
0.0,0.0
0.0,0.0
0.0,0.0
0.0,0.0
0.0,0.0
0.0,0.0
0.0,0.0
0.0,0.0
0.0,0.0
0.0,0.0
0.0,0.0
0.0,0.0
0.0,0.0
0.0,0.0
0.0,0.0
0.0,0.0
0.0,0.0
0.0,0.0
0.0,0.0
0.0,0.0
0.0,0.0
0.0,0.0
0.0,0.0
0.0,0.0
0.0,0.0
0.0,0.0
0.0,0.0
0.0,0.0
0.0,0.0
0.0,0.0
0.0,0.0
0.0,0.0
0.0,0.0
0.0,0.0
0.0,0.0
0.0,0.0
0.0,0.0
0.0,0.0
0.0,0.0
0.0,0.0
0.0,0.0
0.0,0.0
0.0,0.0
0.0,0.0
0.0,0.0
0.0,0.0
0.0,0.0
0.0,0.0
0.0,0.0
0.0,0.0
0.0,0.0
0.0,0.0
0.0,0.0
0.0,0.0
0.0,0.0
0.0,0.0
0.0,0.0
0.0,0.0
0.0,0.0
-2.643658399581909,6.356335163116455
0.0,0.0
17.658248901367188,-2.8389203548431396
0.0,0.0
0.0,0.0
0.0,0.0
0.0,0.0
0.0,0.0
-6.616477966308594,9.715808868408203
-2.0,0.0
3.0,0.0
0.0,0.0
0.0,0.0
0.0,0.0
0.0,0.0
0.0,0.0
-3.332301378250122,5.886082649230957
0.0,0.0
33.33330535888672,-26.481857299804688
8.354841232299805,-7.5301666259765625
0.0,0.0
0.0,0.0
0.0,0.0
0.0,0.0
-2.52152419090271,10.616660118103027
-2.0,0.0
33.33330535888672,-26.484851837158203
12.71267032623291,-3.872873306274414
0.0,0.0
0.0,0.0
0.0,0.0
0.0,0.0
-3.6601998805999756,69.39615631103516
0.0,0.0
12.532261848449707,-2.9178569316864014
0.0,0.0
-1.0,0.0
0.0,0.0
0.0,0.0
0.0,0.0
-2.2658591270446777,108.55597686767578
0.0,17.190000534057617
5.730000019073486,0.0
0.0,0.0
-1.0,10.0
0.0,0.0
0.0,0.0
0.0,0.0
-1.522363305091858,74.10020446777344
0.0,0.0
33.33330535888672,-20.551082611083984
14.347362518310547,-3.903970956802368
-1.0,0.0
0.0,0.0
0.0,0.0
0.0,0.0
1.0339299440383911,197.37356567382812
-2.0,9.0
33.333370208740234,-25.65033531188965
13.568530082702637,-7.485970973968506
-1.0,10.0
0.0,0.0
218.5210418701172,0.0
0.0,0.0
0.0,0.0
0.0,0.0
0.0,0.0
0.0,0.0
0.0,0.0
0.0,0.0
0.0,0.0
0.0,0.0
0.0,0.0
0.0,0.0
0.0,0.0
0.0,0.0
0.0,0.0
0.0,0.0
0.0,0.0
0.0,0.0
0.0,0.0
0.0,0.0
0.0,0.0
0.0,0.0
0.0,0.0
0.0,0.0
0.0,0.0
0.0,0.0
0.0,0.0
0.0,0.0
0.0,0.0
0.0,0.0
0.0,0.0
0.0,0.0
0.0,0.0
0.0,0.0
0.0,0.0
0.0,0.0
0.0,0.0
0.0,0.0
0.0,0.0
0.0,0.0
0.0,0.0
0.0,0.0
0.0,0.0
0.0,0.0
0.0,0.0
0.0,0.0
0.0,0.0
0.0,0.0
0.0,0.0
0.0,0.0
0.0,0.0
0.0,0.0
0.0,0.0
0.0,0.0
0.0,0.0
0.0,0.0
0.0,0.0
0.0,0.0
0.0,0.0
0.0,0.0
0.0,0.0
0.0,0.0
0.0,0.0
0.0,0.0
0.0,0.0
0.0,0.0
0.0,0.0
0.0,0.0
-1.899999976158142,0.0
0.0,0.0
0.0,0.0
0.0,0.0
0.0,0.0
0.0,0.0
10.47501277923584,-2.942699909210205
0.0,0.0
5.730000019073486,0.0
0.0,0.0
0.0,0.0
0.0,0.0
0.0,0.0
0.0,0.0
0.0,0.0
0.0,0.0
-9.174978256225586,9.312460899353027
0.0,0.0
0.0,0.0
0.0,0.0
0.0,0.0
0.0,0.0
10.47501277923584,0.0
0.0,0.0
33.33330535888672,-26.580432891845703
0.0,0.0
0.0,0.0
0.0,0.0
0.0,0.0
0.0,0.0
0.0,0.0
0.0,0.0
0.0,0.0
0.0,0.0
0.0,0.0
0.0,0.0
0.0,0.0
0.0,0.0
0.0,0.0
0.0,0.0
0.0,0.0
0.0,0.0
0.0,0.0
0.0,0.0
0.0,0.0
0.0,0.0
0.0,0.0
0.0,0.0
-1.0,1.0
0.0,0.0
0.0,0.0
0.0,0.0
0.0,0.0
0.0,0.0
0.0,0.0
0.0,0.0
16.10796546936035,0.0
0.0,0.0
0.0,0.0
0.0,0.0
0.0,0.0
0.0,0.0
0.0,0.0
0.0,0.0
0.0,0.0
0.0,0.0
0.0,0.0
0.0,0.0
0.0,0.0
0.0,0.0
0.0,0.0
0.0,0.0
0.0,0.0
0.0,0.0
0.0,0.0
0.0,0.0
0.0,0.0
0.0,0.0
0.0,0.0
0.0,0.0
0.0,0.0
0.0,0.0
0.0,0.0
0.0,0.0
0.0,0.0
0.0,0.0
0.0,0.0
0.0,0.0
0.0,0.0
0.0,0.0
0.0,0.0
0.0,0.0
0.0,0.0
0.0,0.0
0.0,0.0
0.0,0.0
0.0,0.0
0.0,0.0
0.0,0.0
0.0,0.0
0.0,0.0
0.0,0.0
0.0,0.0
0.0,0.0
0.0,0.0
0.0,0.0
0.0,0.0
0.0,0.0
0.0,0.0
0.0,0.0
0.0,0.0
0.0,0.0
0.0,0.0
0.0,0.0
0.0,0.0
0.0,0.0
0.0,0.0
0.0,0.0
0.0,0.0
0.0,0.0
0.0,0.0
0.0,0.0
0.0,0.0
0.0,0.0
0.0,0.0
0.0,0.0
