-10.519217491149902,8.865017890930176
0.0,0.0
0.0,0.0
0.0,0.0
0.0,0.0
0.0,0.0
0.0,0.0
0.0,0.0
0.0,0.0
0.0,0.0
0.0,0.0
0.0,0.0
0.0,0.0
0.0,0.0
0.0,0.0
0.0,0.0
0.0,0.0
0.0,0.0
-2.7991340160369873,15.817423820495605
-19.147472381591797,0.6346800923347473
0.0,0.0
0.0,0.0
0.0,0.0
0.0,0.0
0.0,0.0
0.0,0.0
-1.0199028253555298,15.31157112121582
-19.806045532226562,0.0
0.0,0.0
0.0,0.0
0.0,0.0
0.0,0.0
0.0,0.0
0.0,0.0
0.0,0.0
0.0,0.0
0.0,0.0
0.0,0.0
0.0,0.0
0.0,0.0
0.0,0.0
0.0,0.0
0.0,0.0
0.0,0.0
0.0,0.0
0.0,0.0
0.0,0.0
0.0,0.0
0.0,0.0
0.0,0.0
-8.88992977142334,11.09601879119873
-5.420000076293945,0.0
0.0,0.0
0.0,0.0
-8.888858795166016,11.111105918884277
0.0,0.0
0.0,0.0
0.0,0.0
-8.889004707336426,11.02103328704834
-3.799999952316284,200.0
0.0,0.0
0.0,0.0
-8.70513916015625,11.094372749328613
0.0,0.0
0.0,0.0
0.0,0.0
0.0,0.0
0.0,0.0
0.0,0.0
0.0,0.0
0.0,0.0
0.0,0.0
0.0,0.0
0.0,0.0
0.0,0.0
0.0,0.0
0.0,0.0
0.0,0.0
0.0,0.0
0.0,0.0
0.0,0.0
0.0,0.0
-8.889884948730469,11.111105918884277
-19.11476707458496,-0.40682342648506165
0.0,0.0
0.0,0.0
-8.369330406188965,11.111078262329102
-5.420000076293945,0.0
0.0,0.0
0.0,0.0
-8.908122062683105,11.099477767944336
-13.012022018432617,146.61436462402344
0.0,0.0
0.0,0.0
-8.717479705810547,11.038351058959961
-14.315922737121582,94.16584777832031
0.0,0.0
0.0,0.0
0.0,0.0
0.0,0.0
0.0,0.0
0.0,0.0
0.0,0.0
0.0,0.0
0.0,0.0
0.0,0.0
0.0,0.0
0.0,0.0
0.0,0.0
0.0,0.0
0.0,0.0
0.0,0.0
0.0,0.0
0.0,0.0
-8.721070289611816,11.111075401306152
-10.434062004089355,0.0
0.0,0.0
0.0,0.0
-3.359628915786743,6.2799859046936035
-9.371179580688477,0.0
0.0,0.0
0.0,0.0
-8.903185844421387,11.111105918884277
-0.29219427704811096,0.5447357892990112
0.0,0.0
0.0,0.0
-8.878266334533691,11.10839557647705
-15.726914405822754,-0.003832874121144414
0.0,0.0
0.0,0.0
0.0,0.0
0.0,0.0
0.0,0.0
0.0,0.0
0.0,0.0
0.0,0.0
0.0,0.0
0.0,0.0
0.0,0.0
0.0,0.0
0.0,0.0
0.0,0.0
0.0,0.0
0.0,0.0
0.0,0.0
0.0,0.0
-6.6783246994018555,13.843428611755371
-18.930910110473633,10.400856018066406
0.0,0.0
0.0,0.0
0.0,0.0
0.0,0.0
0.0,0.0
0.0,0.0
-4.48142671585083,14.428338050842285
-19.523033142089844,2.384746206451313e-22
0.0,0.0
0.0,0.0
-4.852662086486816,11.028714179992676
-3.799999952316284,0.0
0.0,0.0
0.0,0.0
0.0,0.0
0.0,0.0
0.0,0.0
0.0,0.0
0.0,0.0
0.0,0.0
0.0,0.0
0.0,0.0
0.0,0.0
0.0,0.0
0.0,0.0
0.0,0.0
0.0,0.0
0.0,0.0
0.0,0.0
0.0,0.0
0.0,0.0
0.0,0.0
0.0,0.0
0.0,0.0
0.0,0.0
0.0,0.0
0.0,0.0
0.0,0.0
0.0,0.0
0.0,0.0
0.0,0.0
0.0,0.0
0.0,0.0
0.0,0.0
0.0,0.0
0.0,0.0
0.0,0.0
0.0,0.0
0.0,0.0
0.0,0.0
0.0,0.0
0.0,0.0
0.0,0.0
0.0,0.0
0.0,0.0
0.0,0.0
0.0,0.0
0.0,0.0
0.0,0.0
0.0,0.0
0.0,0.0
0.0,0.0
-8.912102699279785,10.87841796875
-19.089508056640625,0.024892907589673996
0.0,0.0
0.0,0.0
0.0,0.0
0.0,0.0
0.0,0.0
0.0,0.0
-8.935402870178223,10.645705223083496
40.16481018066406,76.01878356933594
0.0,0.0
0.0,0.0
-9.298431396484375,8.916131973266602
-3.799999952316284,502.7699279785156
0.0,0.0
0.0,0.0
0.0,0.0
0.0,0.0
0.0,0.0
0.0,0.0
0.0,0.0
0.0,0.0
0.0,0.0
0.0,0.0
0.0,0.0
0.0,0.0
0.0,0.0
0.0,0.0
0.0,0.0
0.0,0.0
0.0,0.0
0.0,0.0
-8.893899917602539,11.11109447479248
-2.4285008907318115,94.05049896240234
0.0,0.0
0.0,0.0
0.0,0.0
0.0,0.0
0.0,0.0
0.0,0.0
-8.937082290649414,10.513343811035156
-2.752030611038208,230.45494079589844
0.0,0.0
0.0,0.0
-9.179120063781738,7.806581020355225
-2.0,165.6199951171875
0.0,0.0
0.0,0.0
0.0,0.0
0.0,0.0
0.0,0.0
0.0,0.0
0.0,0.0
0.0,0.0
0.0,0.0
0.0,0.0
0.0,0.0
0.0,0.0
0.0,0.0
0.0,0.0
0.0,0.0
0.0,0.0
0.0,0.0
0.0,0.0
0.0,0.0
0.0,0.0
0.0,0.0
0.0,0.0
0.0,0.0
0.0,0.0
0.0,0.0
0.0,0.0
0.0,0.0
0.0,0.0
0.0,0.0
0.0,0.0
0.0,0.0
0.0,0.0
0.0,0.0
0.0,0.0
0.0,0.0
0.0,0.0
0.0,0.0
0.0,0.0
0.0,0.0
0.0,0.0
0.0,0.0
0.0,0.0
0.0,0.0
0.0,0.0
0.0,0.0
0.0,0.0
0.0,0.0
0.0,0.0
0.0,0.0
0.0,0.0
0.0,0.0
0.0,0.0
0.0,0.0
0.0,0.0
0.0,0.0
0.0,0.0
0.0,0.0
0.0,0.0
0.0,0.0
0.0,0.0
0.0,0.0
0.0,0.0
0.0,0.0
0.0,0.0
-9.379327774047852,6.585118293762207
-20.05845069885254,-6.887789726257324
33.33331298828125,-24.55967903137207
19.682771682739258,-7.39739990234375
0.0,0.0
0.0,0.0
19.069005966186523,-2.8746774196624756
2.0,0.0
-9.595891952514648,4.044015884399414
-21.522825241088867,-17.178203582763672
33.33331298828125,-26.503231048583984
21.95814323425293,-4.565644264221191
0.0,0.0
0.0,0.0
26.625497817993164,0.0
5.476200103759766,0.0
0.0,0.0
0.0,0.0
33.313961029052734,-14.429339408874512
17.30805778503418,-3.5673091411590576
0.0,0.0
0.0,0.0
23.551576614379883,-2.809309959411621
2.0,0.0
0.0,0.0
0.0,0.0
33.33331298828125,-26.342247009277344
190.22662353515625,-6.565239429473877
0.0,0.0
0.0,0.0
32.69856262207031,-2.681500196456909
10.738643646240234,-5.907238006591797
-1.1766210794448853,94.34718322753906
-22.168729782104492,-17.984704971313477
33.33331298828125,-24.542325973510742
18.5190486907959,-3.168665647506714
-2.802365779876709,51.979976654052734
-6.060636043548584,92.18004608154297
10.47501277923584,-3.0
6.983342170715332,0.0
-2.267883539199829,77.55949401855469
-19.09109878540039,-4.705938816070557
33.33331298828125,-26.197818756103516
21.544082641601562,-9.219985961914062
-4.289590358734131,56.68338394165039
-16.03284454345703,-14.369539260864258
31.98348045349121,-5.268710136413574
16.28795623779297,-3.8643147945404053
0.0,0.0
0.0,0.0
29.86698341369629,-7.542446136474609
5.476200103759766,0.0
0.0,0.0
0.0,0.0
14.40435791015625,-2.8559563159942627
3.819999933242798,0.0
0.0,0.0
0.0,0.0
33.33331298828125,-25.237592697143555
21.135517120361328,-10.531793594360352
0.0,0.0
0.0,0.0
33.03483200073242,-12.736248016357422
14.347362518310547,-4.735786437988281
0.0,0.0
0.0,0.0
0.0,0.0
0.0,0.0
0.0,0.0
0.0,0.0
0.0,0.0
0.0,0.0
0.0,0.0
0.0,0.0
0.0,0.0
0.0,0.0
0.0,0.0
0.0,0.0
0.0,0.0
0.0,0.0
0.0,0.0
0.0,0.0
0.0,0.0
0.0,0.0
0.0,0.0
0.0,0.0
0.0,0.0
0.0,0.0
0.0,0.0
0.0,0.0
0.0,0.0
0.0,0.0
0.0,0.0
0.0,0.0
0.0,0.0
0.0,0.0
0.0,0.0
0.0,0.0
0.0,0.0
0.0,0.0
0.0,0.0
0.0,0.0
0.0,0.0
0.0,0.0
0.0,0.0
0.0,0.0
0.0,0.0
0.0,0.0
0.0,0.0
0.0,0.0
0.0,0.0
0.0,0.0
0.0,0.0
0.0,0.0
0.0,0.0
0.0,0.0
0.0,0.0
0.0,0.0
0.0,0.0
0.0,0.0
0.0,0.0
0.0,0.0
0.0,0.0
0.0,0.0
0.0,0.0
0.0,0.0
0.0,0.0
0.0,0.0
0.0,0.0
0.0,0.0
-8.92471981048584,11.111105918884277
0.0,0.0
0.0,0.0
0.0,0.0
0.0,0.0
0.0,0.0
33.33331298828125,13.340280532836914
0.0,0.0
33.33331298828125,18.632478713989258
0.0,0.0
0.0,0.0
0.0,0.0
8.779658317565918,32.40767288208008
0.0,0.0
0.0,0.0
0.0,0.0
-10.16712474822998,-1.6717019081115723
0.0,0.0
0.0,0.0
0.0,0.0
0.0,0.0
0.0,0.0
29.86698341369629,-3.0
0.0,0.0
33.33331298828125,-15.400243759155273
0.0,0.0
0.0,0.0
0.0,0.0
33.33331298828125,10.06941032409668
0.0,0.0
0.0,0.0
0.0,0.0
-8.66469669342041,11.111019134521484
0.0,0.0
0.0,0.0
0.0,0.0
0.0,0.0
0.0,0.0
33.33331298828125,19.7252254486084
0.0,0.0
33.33331298828125,8.556499481201172
0.0,0.0
0.0,0.0
0.0,0.0
0.0,22.584150314331055
0.0,0.0
0.0,0.0
0.0,0.0
-8.909440040588379,11.111104965209961
0.0,0.0
0.0,0.0
0.0,0.0
0.0,0.0
0.0,0.0
19.069005966186523,-5.6427001953125
0.0,0.0
33.33331298828125,-14.235637664794922
0.0,0.0
0.0,0.0
0.0,0.0
33.33331298828125,-3.793576955795288
0.0,0.0
0.0,0.0
0.0,0.0
0.0,0.0
0.0,0.0
0.0,0.0
0.0,0.0
0.0,0.0
0.0,0.0
0.0,0.0
0.0,0.0
0.0,0.0
0.0,0.0
0.0,0.0
0.0,0.0
0.0,0.0
0.0,0.0
0.0,0.0
0.0,0.0
6.611735820770264,71.21992492675781
-14.879941940307617,24.997753143310547
0.0,0.0
0.0,0.0
0.0,0.0
0.0,0.0
0.0,0.0
0.0,0.0
51.29204559326172,56.22616195678711
-16.730756759643555,22.366384506225586
0.0,0.0
0.0,0.0
0.0,0.0
0.0,0.0
0.0,0.0
0.0,0.0
0.0,0.0
0.0,0.0
0.0,0.0
0.0,0.0
0.0,0.0
0.0,0.0
0.0,0.0
0.0,0.0
0.0,0.0
0.0,0.0
0.0,0.0
0.0,0.0
0.0,0.0
0.0,0.0
0.0,0.0
0.0,0.0
25.342758178710938,73.66156768798828
-14.583146095275879,22.24032974243164
0.0,0.0
0.0,0.0
313.7751159667969,1170.1370849609375
0.0,0.0
0.0,0.0
0.0,0.0
33.2314338684082,73.1251449584961
-8.52046012878418,22.222240447998047
0.0,0.0
0.0,0.0
969.6602783203125,554.803955078125
0.0,0.0
0.0,0.0
0.0,0.0
0.0,0.0
0.0,0.0
0.0,0.0
0.0,0.0
0.0,0.0
0.0,0.0
0.0,0.0
0.0,0.0
0.0,0.0
0.0,0.0
0.0,0.0
0.0,0.0
0.0,0.0
0.0,0.0
0.0,0.0
0.0,0.0
0.0,0.0
0.0,0.0
0.0,0.0
0.0,0.0
0.0,0.0
0.0,0.0
0.0,0.0
0.0,0.0
0.0,0.0
0.0,0.0
0.0,0.0
0.0,0.0
0.0,0.0
0.0,0.0
0.0,0.0
0.0,0.0
0.0,0.0
0.0,0.0
0.0,0.0
0.0,0.0
0.0,0.0
0.0,0.0
0.0,0.0
0.0,0.0
0.0,0.0
0.0,0.0
0.0,0.0
0.0,0.0
0.0,0.0
0.0,0.0
0.0,0.0
0.0,0.0
0.0,0.0
0.0,0.0
0.0,0.0
0.0,0.0
0.0,0.0
0.0,0.0
0.0,0.0
0.0,0.0
0.0,0.0
0.0,0.0
0.0,0.0
0.0,0.0
0.0,0.0
0.0,0.0
0.0,0.0
0.0,0.0
0.0,0.0
0.0,0.0
0.0,0.0
0.0,0.0
0.0,0.0
0.0,0.0
0.0,0.0
0.0,0.0
0.0,0.0
0.0,0.0
0.0,0.0
0.0,0.0
0.0,0.0
0.0,0.0
0.0,0.0
0.0,0.0
-6.618176460266113,33.333396911621094
-15.258577346801758,22.22454833984375
0.0,0.0
0.0,0.0
0.0,0.0
0.0,0.0
0.0,0.0
0.0,0.0
-6.6666483879089355,33.33351516723633
-17.543508529663086,22.22223472595215
0.0,0.0
0.0,0.0
0.0,0.0
0.0,0.0
0.0,0.0
0.0,0.0
0.0,0.0
0.0,0.0
0.0,0.0
0.0,0.0
0.0,0.0
0.0,0.0
0.0,0.0
0.0,0.0
0.0,0.0
0.0,0.0
0.0,0.0
0.0,0.0
0.0,0.0
0.0,0.0
0.0,0.0
0.0,0.0
-6.643707275390625,33.333351135253906
-17.530765533447266,22.222211837768555
0.0,0.0
0.0,0.0
0.0,0.0
0.0,0.0
0.0,0.0
0.0,0.0
-6.599856853485107,33.942569732666016
-17.777673721313477,22.222211837768555
0.0,0.0
0.0,0.0
0.0,0.0
0.0,0.0
0.0,0.0
0.0,0.0
0.0,0.0
0.0,0.0
0.0,0.0
0.0,0.0
0.0,0.0
0.0,0.0
0.0,0.0
0.0,0.0
0.0,0.0
0.0,0.0
0.0,0.0
0.0,0.0
0.0,0.0
0.0,0.0
0.0,0.0
0.0,0.0
0.0,0.0
0.0,0.0
0.0,0.0
0.0,0.0
0.0,0.0
0.0,0.0
0.0,0.0
0.0,0.0
0.0,0.0
0.0,0.0
0.0,0.0
0.0,0.0
0.0,0.0
0.0,0.0
0.0,0.0
0.0,0.0
0.0,0.0
0.0,0.0
0.0,0.0
0.0,0.0
0.0,0.0
0.0,0.0
0.0,0.0
0.0,0.0
0.0,0.0
0.0,0.0
0.0,0.0
0.0,0.0
0.0,0.0
0.0,0.0
0.0,0.0
0.0,0.0
0.0,0.0
0.0,0.0
0.0,0.0
0.0,0.0
0.0,0.0
0.0,0.0
0.0,0.0
0.0,0.0
0.0,0.0
0.0,0.0
0.0,0.0
0.0,0.0
0.0,0.0
0.0,0.0
-6.654804706573486,33.33331298828125
-3.799999952316284,12.71267032623291
-5.983486652374268,33.33320236206055
-2.0,2.0
0.0,0.0
0.0,0.0
0.0,0.0
0.0,0.0
-6.669476509094238,33.33331298828125
-6.629714012145996,21.32232093811035
-3.8161282539367676,32.937217712402344
0.0,0.0
0.0,0.0
0.0,0.0
0.0,0.0
0.0,0.0
-6.64461088180542,33.33331298828125
-5.2678985595703125,14.347362518310547
-6.609357833862305,33.333370208740234
-15.022685050964355,22.200862884521484
0.0,0.0
0.0,0.0
0.0,0.0
0.0,0.0
-6.666292667388916,33.33331298828125
-7.955385684967041,21.32232093811035
-6.666637897491455,33.333370208740234
-14.274799346923828,22.222211837768555
0.0,0.0
0.0,0.0
0.0,0.0
0.0,0.0
-5.789462566375732,33.333351135253906
-5.33216667175293,15.056099891662598
-5.8688249588012695,33.33322525024414
-2.0,2.0
-3.1187169551849365,23.551576614379883
0.0,0.0
0.0,0.0
0.0,0.0
-6.664010524749756,33.33331298828125
-5.27652645111084,17.75033187866211
-4.383774757385254,31.849977493286133
0.0,0.0
-2.510974645614624,27.229202270507812
0.0,0.0
0.0,0.0
0.0,0.0
-5.255654335021973,33.33391571044922
-6.823237895965576,15.701050758361816
-6.495504379272461,33.333370208740234
-14.374898910522461,22.218774795532227
-2.6008570194244385,23.551576614379883
0.0,0.0
-1.184963345527649,102.98970794677734
0.0,0.0
-6.668733596801758,33.33331298828125
-3.6728732585906982,19.682771682739258
-5.596282958984375,33.555973052978516
-12.914341926574707,22.221952438354492
-0.5519202947616577,91.3062515258789
0.0,0.0
46.87142562866211,70.40516662597656
0.0,0.0
0.0,0.0
0.0,0.0
0.0,0.0
0.0,0.0
0.0,0.0
0.0,0.0
0.0,0.0
0.0,0.0
0.0,0.0
0.0,0.0
0.0,0.0
0.0,0.0
0.0,0.0
0.0,0.0
0.0,0.0
0.0,0.0
0.0,0.0
0.0,0.0
0.0,0.0
0.0,0.0
0.0,0.0
0.0,0.0
0.0,0.0
0.0,0.0
0.0,0.0
0.0,0.0
0.0,0.0
0.0,0.0
0.0,0.0
0.0,0.0
0.0,0.0
0.0,0.0
0.0,0.0
0.0,0.0
0.0,0.0
0.0,0.0
0.0,0.0
0.0,0.0
0.0,0.0
0.0,0.0
0.0,0.0
0.0,0.0
0.0,0.0
0.0,0.0
0.0,0.0
0.0,0.0
0.0,0.0
0.0,0.0
0.0,0.0
0.0,0.0
0.0,0.0
0.0,0.0
0.0,0.0
0.0,0.0
0.0,0.0
0.0,0.0
0.0,0.0
0.0,0.0
0.0,0.0
0.0,0.0
0.0,0.0
0.0,0.0
0.0,0.0
0.0,0.0
0.0,0.0
0.0,0.0
0.0,20.352794647216797
0.0,0.0
0.0,0.0
0.0,0.0
0.0,0.0
0.0,0.0
-5.706624507904053,33.33229064941406
0.0,0.0
-0.8559564352035522,19.069005966186523
0.0,0.0
0.0,0.0
0.0,0.0
0.0,0.0
0.0,0.0
0.0,0.0
0.0,0.0
-6.666788578033447,33.33214569091797
0.0,0.0
0.0,0.0
0.0,0.0
0.0,0.0
0.0,0.0
-5.736640930175781,33.2810173034668
0.0,0.0
-6.666677474975586,33.33324432373047
0.0,0.0
0.0,0.0
0.0,0.0
0.0,0.0
0.0,0.0
0.0,0.0
0.0,0.0
0.0,0.0
0.0,0.0
0.0,0.0
0.0,0.0
0.0,0.0
0.0,0.0
-1.0,0.0
0.0,0.0
-1.0,0.0
0.0,0.0
0.0,0.0
0.0,0.0
0.0,0.0
0.0,0.0
0.0,0.0
0.0,0.0
-1.6741584539413452,23.551576614379883
0.0,0.0
0.0,0.0
0.0,0.0
0.0,0.0
0.0,0.0
0.0,0.0
0.0,0.0
-5.421314239501953,33.333251953125
0.0,0.0
0.0,0.0
0.0,0.0
0.0,0.0
0.0,0.0
0.0,0.0
0.0,0.0
0.0,0.0
0.0,0.0
0.0,0.0
0.0,0.0
0.0,0.0
0.0,0.0
0.0,0.0
0.0,0.0
0.0,0.0
0.0,0.0
0.0,0.0
0.0,0.0
0.0,0.0
0.0,0.0
0.0,0.0
0.0,0.0
0.0,0.0
0.0,0.0
0.0,0.0
0.0,0.0
0.0,0.0
0.0,0.0
0.0,0.0
0.0,0.0
0.0,0.0
0.0,0.0
0.0,0.0
0.0,0.0
0.0,0.0
0.0,0.0
0.0,0.0
0.0,0.0
0.0,0.0
0.0,0.0
0.0,0.0
0.0,0.0
0.0,0.0
0.0,0.0
0.0,0.0
0.0,0.0
0.0,0.0
0.0,0.0
0.0,0.0
0.0,0.0
0.0,0.0
0.0,0.0
0.0,0.0
0.0,0.0
0.0,0.0
0.0,0.0
0.0,0.0
0.0,0.0
0.0,0.0
0.0,0.0
0.0,0.0
0.0,0.0
0.0,0.0
0.0,0.0
0.0,0.0
0.0,0.0
0.0,0.0
0.0,0.0
