-10.294841766357422,21.121112823486328
0.0,0.0
0.0,0.0
0.0,0.0
0.0,0.0
0.0,0.0
0.0,0.0
0.0,0.0
0.0,0.0
0.0,0.0
0.0,0.0
0.0,0.0
0.0,0.0
0.0,0.0
0.0,0.0
0.0,0.0
0.0,0.0
0.0,0.0
-7.317275047302246,22.452678680419922
-12.977609634399414,41.170833587646484
0.0,0.0
0.0,0.0
0.0,0.0
0.0,0.0
0.0,0.0
0.0,0.0
-7.524977684020996,22.42734146118164
-16.495359420776367,33.33331298828125
0.0,0.0
0.0,0.0
0.0,0.0
0.0,0.0
0.0,0.0
0.0,0.0
0.0,0.0
0.0,0.0
0.0,0.0
0.0,0.0
0.0,0.0
0.0,0.0
0.0,0.0
0.0,0.0
0.0,0.0
0.0,0.0
0.0,0.0
0.0,0.0
0.0,0.0
0.0,0.0
0.0,0.0
0.0,0.0
-7.781376361846924,22.220016479492188
-8.61019229888916,32.1049690246582
0.0,0.0
0.0,0.0
-7.7777180671691895,22.13568115234375
0.0,0.0
0.0,0.0
0.0,0.0
-7.7865142822265625,22.203861236572266
-2.0,0.0
0.0,0.0
0.0,0.0
-7.4937944412231445,22.222211837768555
0.0,0.0
0.0,0.0
0.0,0.0
0.0,0.0
0.0,0.0
0.0,0.0
0.0,0.0
0.0,0.0
0.0,0.0
0.0,0.0
0.0,0.0
0.0,0.0
0.0,0.0
0.0,0.0
0.0,0.0
0.0,0.0
0.0,0.0
0.0,0.0
0.0,0.0
-7.777783393859863,22.222211837768555
-16.346088409423828,33.33262634277344
0.0,0.0
0.0,0.0
-7.004031181335449,22.221952438354492
0.0,17.658248901367188
0.0,0.0
0.0,0.0
-7.833747863769531,21.734596252441406
10.904654502868652,55.83043670654297
0.0,0.0
0.0,0.0
-7.729619026184082,22.113101959228516
32.595314025878906,573.8858032226562
0.0,0.0
0.0,0.0
0.0,0.0
0.0,0.0
0.0,0.0
0.0,0.0
0.0,0.0
0.0,0.0
0.0,0.0
0.0,0.0
0.0,0.0
0.0,0.0
0.0,0.0
0.0,0.0
0.0,0.0
0.0,0.0
0.0,0.0
0.0,0.0
-7.194803237915039,20.35011863708496
-12.125777244567871,33.29585266113281
0.0,0.0
0.0,0.0
-3.9721293449401855,21.028039932250977
-10.490488052368164,31.703271865844727
0.0,0.0
0.0,0.0
-7.777761936187744,22.222211837768555
11.832103729248047,349.6860656738281
0.0,0.0
0.0,0.0
-7.7801666259765625,22.219907760620117
-1.1808534860610962,56.063262939453125
0.0,0.0
0.0,0.0
0.0,0.0
0.0,0.0
0.0,0.0
0.0,0.0
0.0,0.0
0.0,0.0
0.0,0.0
0.0,0.0
0.0,0.0
0.0,0.0
0.0,0.0
0.0,0.0
0.0,0.0
0.0,0.0
0.0,0.0
0.0,0.0
-7.553281784057617,22.33316993713379
-13.047544479370117,63.58387756347656
0.0,0.0
0.0,0.0
0.0,0.0
0.0,0.0
0.0,0.0
0.0,0.0
-7.006943225860596,22.391523361206055
-16.666648864746094,33.33331298828125
0.0,0.0
0.0,0.0
-5.792733192443848,22.144725799560547
0.0,0.0
0.0,0.0
0.0,0.0
0.0,0.0
0.0,0.0
0.0,0.0
0.0,0.0
0.0,0.0
0.0,0.0
0.0,0.0
0.0,0.0
0.0,0.0
0.0,0.0
0.0,0.0
0.0,0.0
0.0,0.0
0.0,0.0
0.0,0.0
0.0,0.0
0.0,0.0
0.0,0.0
0.0,0.0
0.0,0.0
0.0,0.0
0.0,0.0
0.0,0.0
0.0,0.0
0.0,0.0
0.0,0.0
0.0,0.0
0.0,0.0
0.0,0.0
0.0,0.0
0.0,0.0
0.0,0.0
0.0,0.0
0.0,0.0
0.0,0.0
0.0,0.0
0.0,0.0
0.0,0.0
0.0,0.0
0.0,0.0
0.0,0.0
0.0,0.0
0.0,0.0
0.0,0.0
0.0,0.0
0.0,0.0
0.0,0.0
0.0,0.0
-7.811441898345947,21.885269165039062
-2.803698778152466,62.649757385253906
0.0,0.0
0.0,0.0
0.0,0.0
0.0,0.0
0.0,0.0
0.0,0.0
-7.8293375968933105,21.706254959106445
33.12575149536133,198.57859802246094
0.0,0.0
0.0,0.0
-8.32741928100586,7.836881160736084
601.0825805664062,37.25352096557617
0.0,0.0
0.0,0.0
0.0,0.0
0.0,0.0
0.0,0.0
0.0,0.0
0.0,0.0
0.0,0.0
0.0,0.0
0.0,0.0
0.0,0.0
0.0,0.0
0.0,0.0
0.0,0.0
0.0,0.0
0.0,0.0
0.0,0.0
0.0,0.0
-7.80805778503418,22.22170639038086
-3.799999952316284,16.10796546936035
0.0,0.0
0.0,0.0
0.0,0.0
0.0,0.0
0.0,0.0
0.0,0.0
-7.901242733001709,20.994117736816406
636.6336059570312,45.06266403198242
0.0,0.0
0.0,0.0
-8.127460479736328,19.731430053710938
-2.0,500.0
0.0,0.0
0.0,0.0
0.0,0.0
0.0,0.0
0.0,0.0
0.0,0.0
0.0,0.0
0.0,0.0
0.0,0.0
0.0,0.0
0.0,0.0
0.0,0.0
0.0,0.0
0.0,0.0
0.0,0.0
0.0,0.0
0.0,0.0
0.0,0.0
0.0,0.0
0.0,0.0
0.0,0.0
0.0,0.0
0.0,0.0
0.0,0.0
0.0,0.0
0.0,0.0
0.0,0.0
0.0,0.0
0.0,0.0
0.0,0.0
0.0,0.0
0.0,0.0
0.0,0.0
0.0,0.0
0.0,0.0
0.0,0.0
0.0,0.0
0.0,0.0
0.0,0.0
0.0,0.0
0.0,0.0
0.0,0.0
0.0,0.0
0.0,0.0
0.0,0.0
0.0,0.0
0.0,0.0
0.0,0.0
0.0,0.0
0.0,0.0
0.0,0.0
0.0,0.0
0.0,0.0
0.0,0.0
0.0,0.0
0.0,0.0
0.0,0.0
0.0,0.0
0.0,0.0
0.0,0.0
0.0,0.0
0.0,0.0
0.0,0.0
0.0,0.0
-9.465646743774414,5.327569007873535
-20.54501724243164,13.952568054199219
11.111105918884277,-8.799347877502441
0.0,0.0
0.0,0.0
0.0,0.0
5.369321823120117,-0.9463067650794983
0.0,0.0
-9.561576843261719,4.392577171325684
-19.732404708862305,8.57380199432373
11.111105918884277,-7.2064361572265625
0.0,0.0
0.0,0.0
0.0,0.0
8.143978118896484,-2.642139196395874
0.0,0.0
0.0,0.0
0.0,0.0
11.104016304016113,-3.5021779537200928
0.0,0.0
0.0,0.0
0.0,0.0
7.850525379180908,-2.6497931480407715
0.0,0.0
0.0,0.0
0.0,0.0
11.111105918884277,-8.456747055053711
75.82244873046875,8.75057315826416
0.0,0.0
0.0,0.0
10.45496654510498,-0.472297728061676
0.0,0.0
-93.58685302734375,54.40903854370117
-117.63796997070312,-117.5531997680664
-92.95167541503906,102.00440216064453
-20.509445190429688,38.6503791809082
-105.418701171875,9.221203804016113
-84.43196105957031,-74.49251556396484
-10.0,34.916709899902344
-11.0,10.099100112915039
-96.17991638183594,40.252166748046875
-113.04915618896484,-80.6032485961914
-92.04251861572266,106.32195281982422
-44.38970184326172,24.073566436767578
-96.89610290527344,99.48087310791016
-105.99372863769531,-17.689876556396484
-45.09222412109375,82.1668930053711
-37.32040786743164,36.23741912841797
0.0,0.0
0.0,0.0
-39.367916107177734,69.97828674316406
-20.790000915527344,45.951629638671875
0.0,0.0
0.0,0.0
-10.0,41.77420425415039
-11.0,30.11910057067871
0.0,0.0
0.0,0.0
-88.11539459228516,108.53250885009766
-20.524595260620117,72.19364929199219
0.0,0.0
0.0,0.0
-39.109107971191406,90.89997863769531
-20.59880828857422,31.826526641845703
0.0,0.0
0.0,0.0
0.0,0.0
0.0,0.0
0.0,0.0
0.0,0.0
0.0,0.0
0.0,0.0
0.0,0.0
0.0,0.0
0.0,0.0
0.0,0.0
0.0,0.0
0.0,0.0
0.0,0.0
0.0,0.0
0.0,0.0
0.0,0.0
0.0,0.0
0.0,0.0
0.0,0.0
0.0,0.0
0.0,0.0
0.0,0.0
0.0,0.0
0.0,0.0
0.0,0.0
0.0,0.0
0.0,0.0
0.0,0.0
0.0,0.0
0.0,0.0
0.0,0.0
0.0,0.0
0.0,0.0
0.0,0.0
0.0,0.0
0.0,0.0
0.0,0.0
0.0,0.0
0.0,0.0
0.0,0.0
0.0,0.0
0.0,0.0
0.0,0.0
0.0,0.0
0.0,0.0
0.0,0.0
0.0,0.0
0.0,0.0
0.0,0.0
0.0,0.0
0.0,0.0
0.0,0.0
0.0,0.0
0.0,0.0
0.0,0.0
0.0,0.0
0.0,0.0
0.0,0.0
0.0,0.0
0.0,0.0
0.0,0.0
0.0,0.0
0.0,0.0
0.0,0.0
-8.901775360107422,10.874321937561035
0.0,0.0
0.0,0.0
0.0,0.0
0.0,0.0
0.0,0.0
11.111163139343262,5.985259532928467
0.0,0.0
11.111105918884277,8.230755805969238
0.0,0.0
0.0,0.0
0.0,0.0
10.454975128173828,1.0099999904632568
0.0,0.0
0.0,0.0
0.0,0.0
-10.18480396270752,-1.8484464883804321
0.0,0.0
0.0,0.0
0.0,0.0
0.0,0.0
0.0,0.0
10.154282569885254,-3.7718515396118164
0.0,0.0
11.111105918884277,-5.765030860900879
0.0,0.0
0.0,0.0
0.0,0.0
11.111105918884277,-1.2364786863327026
0.0,0.0
0.0,0.0
0.0,0.0
-5.219350337982178,4.720119953155518
0.0,0.0
0.0,0.0
0.0,0.0
0.0,0.0
0.0,0.0
11.111105918884277,7.508750915527344
0.0,0.0
11.111105918884277,8.313907623291016
0.0,0.0
0.0,0.0
0.0,0.0
7.528049945831299,1.063563346862793
0.0,0.0
0.0,0.0
0.0,0.0
-9.091533660888672,6.510928153991699
0.0,0.0
0.0,0.0
0.0,0.0
0.0,0.0
0.0,0.0
5.369321823120117,-0.03358294442296028
0.0,0.0
11.111105918884277,-4.655057907104492
0.0,0.0
0.0,0.0
0.0,0.0
11.111105918884277,4.930671691894531
0.0,0.0
0.0,0.0
0.0,0.0
0.0,0.0
0.0,0.0
0.0,0.0
0.0,0.0
0.0,0.0
0.0,0.0
0.0,0.0
0.0,0.0
0.0,0.0
0.0,0.0
0.0,0.0
0.0,0.0
0.0,0.0
0.0,0.0
0.0,0.0
0.0,0.0
46.87663650512695,112.64555358886719
-10.164631843566895,67.51951599121094
0.0,0.0
0.0,0.0
0.0,0.0
0.0,0.0
0.0,0.0
0.0,0.0
83.89018249511719,115.70327758789062
-6.194808006286621,143.22923278808594
0.0,0.0
0.0,0.0
0.0,0.0
0.0,0.0
0.0,0.0
0.0,0.0
0.0,0.0
0.0,0.0
0.0,0.0
0.0,0.0
0.0,0.0
0.0,0.0
0.0,0.0
0.0,0.0
0.0,0.0
0.0,0.0
0.0,0.0
0.0,0.0
0.0,0.0
0.0,0.0
0.0,0.0
0.0,0.0
8.2888822555542,186.8939666748047
2.7617440223693848,88.49404907226562
0.0,0.0
0.0,0.0
1833.87158203125,553.9841918945312
500.0,0.0
0.0,0.0
0.0,0.0
4.7912983894348145,167.13980102539062
-2.0480234622955322,103.36502075195312
0.0,0.0
0.0,0.0
577.2762451171875,1692.511962890625
0.0,0.0
0.0,0.0
0.0,0.0
0.0,0.0
0.0,0.0
0.0,0.0
0.0,0.0
0.0,0.0
0.0,0.0
0.0,0.0
0.0,0.0
0.0,0.0
0.0,0.0
0.0,0.0
0.0,0.0
0.0,0.0
0.0,0.0
0.0,0.0
0.0,0.0
0.0,0.0
0.0,0.0
0.0,0.0
0.0,0.0
0.0,0.0
0.0,0.0
0.0,0.0
0.0,0.0
0.0,0.0
0.0,0.0
0.0,0.0
0.0,0.0
0.0,0.0
0.0,0.0
0.0,0.0
0.0,0.0
0.0,0.0
0.0,0.0
0.0,0.0
0.0,0.0
0.0,0.0
0.0,0.0
0.0,0.0
0.0,0.0
0.0,0.0
0.0,0.0
0.0,0.0
0.0,0.0
0.0,0.0
0.0,0.0
0.0,0.0
0.0,0.0
0.0,0.0
0.0,0.0
0.0,0.0
0.0,0.0
0.0,0.0
0.0,0.0
0.0,0.0
0.0,0.0
0.0,0.0
0.0,0.0
0.0,0.0
0.0,0.0
0.0,0.0
0.0,0.0
0.0,0.0
0.0,0.0
0.0,0.0
0.0,0.0
0.0,0.0
0.0,0.0
0.0,0.0
0.0,0.0
0.0,0.0
0.0,0.0
0.0,0.0
0.0,0.0
0.0,0.0
0.0,0.0
0.0,0.0
0.0,0.0
0.0,0.0
0.0,0.0
-4.44444465637207,55.55553436279297
-9.759251594543457,83.2326431274414
0.0,0.0
0.0,0.0
0.0,0.0
0.0,0.0
0.0,0.0
0.0,0.0
-4.44444465637207,55.55553436279297
-13.279520988464355,66.66670227050781
0.0,0.0
0.0,0.0
0.0,0.0
0.0,0.0
0.0,0.0
0.0,0.0
0.0,0.0
0.0,0.0
0.0,0.0
0.0,0.0
0.0,0.0
0.0,0.0
0.0,0.0
0.0,0.0
0.0,0.0
0.0,0.0
0.0,0.0
0.0,0.0
0.0,0.0
0.0,0.0
0.0,0.0
0.0,0.0
-4.443095684051514,55.55557632446289
-13.270315170288086,66.6666259765625
0.0,0.0
0.0,0.0
0.0,0.0
0.0,0.0
0.0,0.0
0.0,0.0
-4.444282054901123,55.5571403503418
-13.333091735839844,66.6666259765625
0.0,0.0
0.0,0.0
0.0,0.0
0.0,0.0
0.0,0.0
0.0,0.0
0.0,0.0
0.0,0.0
0.0,0.0
0.0,0.0
0.0,0.0
0.0,0.0
0.0,0.0
0.0,0.0
0.0,0.0
0.0,0.0
0.0,0.0
0.0,0.0
0.0,0.0
0.0,0.0
0.0,0.0
0.0,0.0
0.0,0.0
0.0,0.0
0.0,0.0
0.0,0.0
0.0,0.0
0.0,0.0
0.0,0.0
0.0,0.0
0.0,0.0
0.0,0.0
0.0,0.0
0.0,0.0
0.0,0.0
0.0,0.0
0.0,0.0
0.0,0.0
0.0,0.0
0.0,0.0
0.0,0.0
0.0,0.0
0.0,0.0
0.0,0.0
0.0,0.0
0.0,0.0
0.0,0.0
0.0,0.0
0.0,0.0
0.0,0.0
0.0,0.0
0.0,0.0
0.0,0.0
0.0,0.0
0.0,0.0
0.0,0.0
0.0,0.0
0.0,0.0
0.0,0.0
0.0,0.0
0.0,0.0
0.0,0.0
0.0,0.0
0.0,0.0
0.0,0.0
0.0,0.0
0.0,0.0
0.0,0.0
-8.880016326904297,11.111105918884277
-2.0,9.6029052734375
11.111078262329102,-5.897221565246582
0.0,0.0
0.0,0.0
0.0,0.0
0.0,0.0
0.0,0.0
-8.879718780517578,11.111116409301758
-7.683835506439209,18.85233497619629
10.966012954711914,-3.719651222229004
0.0,0.0
0.0,0.0
0.0,0.0
0.0,0.0
0.0,0.0
-8.819355964660645,11.111105918884277
-5.381800174713135,9.6029052734375
11.111132621765137,-8.884530067443848
0.0,0.0
0.0,0.0
0.0,0.0
0.0,0.0
0.0,0.0
-8.882670402526855,11.111116409301758
-6.389594078063965,19.91132164001465
11.111116409301758,-8.888883590698242
0.0,0.0
0.0,0.0
0.0,0.0
0.0,0.0
0.0,0.0
-88.40522003173828,111.11115264892578
-10.61591625213623,45.951629638671875
-87.6970443725586,111.11106872558594
0.0,45.951629638671875
-18.519855499267578,63.5633544921875
0.0,0.0
0.0,0.0
0.0,0.0
-88.88201141357422,111.11106872558594
-44.041908264160156,101.85478210449219
-64.9345932006836,111.08348083496094
0.0,0.0
-18.582258224487305,53.69321823120117
0.0,0.0
0.0,0.0
0.0,0.0
-88.3082504272461,111.11106872558594
-10.540483474731445,64.74691772460938
-86.9773178100586,112.11943817138672
-83.49388885498047,122.26258850097656
-26.909000396728516,41.77420425415039
0.0,0.0
22.81853485107422,109.09492492675781
0.0,0.0
-88.88226318359375,111.11106872558594
-35.22126770019531,109.51228332519531
-88.87144470214844,111.1111831665039
-89.67127227783203,122.22119903564453
0.0,78.50525665283203
0.0,0.0
-27.77594566345215,141.4781951904297
0.0,0.0
0.0,0.0
0.0,0.0
0.0,0.0
0.0,0.0
0.0,0.0
0.0,0.0
0.0,0.0
0.0,0.0
0.0,0.0
0.0,0.0
0.0,0.0
0.0,0.0
0.0,0.0
0.0,0.0
0.0,0.0
0.0,0.0
0.0,0.0
0.0,0.0
0.0,0.0
0.0,0.0
0.0,0.0
0.0,0.0
0.0,0.0
0.0,0.0
0.0,0.0
0.0,0.0
0.0,0.0
0.0,0.0
0.0,0.0
0.0,0.0
0.0,0.0
0.0,0.0
0.0,0.0
0.0,0.0
0.0,0.0
0.0,0.0
0.0,0.0
0.0,0.0
0.0,0.0
0.0,0.0
0.0,0.0
0.0,0.0
0.0,0.0
0.0,0.0
0.0,0.0
0.0,0.0
0.0,0.0
0.0,0.0
0.0,0.0
0.0,0.0
0.0,0.0
0.0,0.0
0.0,0.0
0.0,0.0
0.0,0.0
0.0,0.0
0.0,0.0
0.0,0.0
0.0,0.0
0.0,0.0
0.0,0.0
0.0,0.0
0.0,0.0
0.0,0.0
0.0,0.0
0.0,0.0
-2.66542911529541,2.738100051879883
0.0,0.0
0.0,0.0
0.0,0.0
0.0,0.0
0.0,0.0
11.104655265808105,-5.556136608123779
0.0,0.0
5.886082649230957,-2.596531391143799
0.0,0.0
0.0,0.0
0.0,0.0
0.0,0.0
0.0,0.0
0.0,0.0
0.0,0.0
-8.888901710510254,11.111041069030762
0.0,0.0
0.0,0.0
0.0,0.0
0.0,0.0
0.0,0.0
11.107444763183594,-7.723981857299805
0.0,0.0
11.111105918884277,-8.888883590698242
0.0,0.0
0.0,0.0
0.0,0.0
0.0,0.0
0.0,0.0
0.0,0.0
0.0,0.0
0.0,0.0
0.0,0.0
0.0,0.0
0.0,0.0
0.0,0.0
0.0,0.0
0.0,0.0
0.0,0.0
1.909999966621399,0.0
0.0,0.0
0.0,0.0
0.0,0.0
0.0,0.0
0.0,0.0
0.0,0.0
0.0,0.0
0.0,7.528049945831299
0.0,0.0
0.0,0.0
0.0,0.0
0.0,0.0
0.0,0.0
0.0,-1.0
0.0,0.0
11.111105918884277,-8.83690357208252
0.0,0.0
0.0,0.0
0.0,0.0
0.0,0.0
0.0,0.0
0.0,0.0
0.0,0.0
0.0,0.0
0.0,0.0
0.0,0.0
0.0,0.0
0.0,0.0
0.0,0.0
0.0,0.0
0.0,0.0
0.0,0.0
0.0,0.0
0.0,0.0
0.0,0.0
0.0,0.0
0.0,0.0
0.0,0.0
0.0,0.0
0.0,0.0
0.0,0.0
0.0,0.0
0.0,0.0
0.0,0.0
0.0,0.0
0.0,0.0
0.0,0.0
0.0,0.0
0.0,0.0
0.0,0.0
0.0,0.0
0.0,0.0
0.0,0.0
0.0,0.0
0.0,0.0
0.0,0.0
0.0,0.0
0.0,0.0
0.0,0.0
0.0,0.0
0.0,0.0
0.0,0.0
0.0,0.0
0.0,0.0
0.0,0.0
0.0,0.0
0.0,0.0
0.0,0.0
0.0,0.0
0.0,0.0
0.0,0.0
0.0,0.0
0.0,0.0
0.0,0.0
0.0,0.0
0.0,0.0
0.0,0.0
0.0,0.0
0.0,0.0
0.0,0.0
0.0,0.0
0.0,0.0
0.0,0.0
0.0,0.0
0.0,0.0
