-10.723992347717285,20.684864044189453
0.0,0.0
0.0,0.0
0.0,0.0
0.0,0.0
0.0,0.0
0.0,0.0
0.0,0.0
0.0,0.0
0.0,0.0
0.0,0.0
0.0,0.0
0.0,0.0
0.0,0.0
0.0,0.0
0.0,0.0
0.0,0.0
0.0,0.0
-7.59752893447876,22.452678680419922
-15.494473457336426,33.333351135253906
0.0,0.0
0.0,0.0
0.0,0.0
0.0,0.0
0.0,0.0
0.0,0.0
-7.62155818939209,22.42734146118164
-16.57562828063965,34.31754684448242
0.0,0.0
0.0,0.0
0.0,0.0
0.0,0.0
0.0,0.0
0.0,0.0
0.0,0.0
0.0,0.0
0.0,0.0
0.0,0.0
0.0,0.0
0.0,0.0
0.0,0.0
0.0,0.0
0.0,0.0
0.0,0.0
0.0,0.0
0.0,0.0
0.0,0.0
0.0,0.0
0.0,0.0
0.0,0.0
-7.77435827255249,22.222143173217773
-9.421095848083496,32.85498809814453
0.0,0.0
0.0,0.0
-7.780248165130615,22.222209930419922
-2.0,17.658248901367188
0.0,0.0
0.0,0.0
-7.780004978179932,22.206754684448242
-2.0,0.0
0.0,0.0
0.0,0.0
-7.626857757568359,22.222211837768555
0.0,0.0
0.0,0.0
0.0,0.0
0.0,0.0
0.0,0.0
0.0,0.0
0.0,0.0
0.0,0.0
0.0,0.0
0.0,0.0
0.0,0.0
0.0,0.0
0.0,0.0
0.0,0.0
0.0,0.0
0.0,0.0
0.0,0.0
0.0,0.0
0.0,0.0
-7.777781009674072,22.222211837768555
-16.49630355834961,33.33331298828125
0.0,0.0
0.0,0.0
-7.004031181335449,22.222185134887695
0.0,17.658248901367188
0.0,0.0
0.0,0.0
-7.787124156951904,22.222204208374023
-4.551825523376465,530.4356689453125
0.0,0.0
0.0,0.0
-7.735183238983154,22.2215518951416
30.462480545043945,594.3814697265625
0.0,0.0
0.0,0.0
0.0,0.0
0.0,0.0
0.0,0.0
0.0,0.0
0.0,0.0
0.0,0.0
0.0,0.0
0.0,0.0
0.0,0.0
0.0,0.0
0.0,0.0
0.0,0.0
0.0,0.0
0.0,0.0
0.0,0.0
0.0,0.0
-7.259734630584717,21.987131118774414
-12.125777244567871,33.29585266113281
0.0,0.0
0.0,0.0
-3.9721293449401855,21.932025909423828
-10.490488052368164,31.98348045349121
0.0,0.0
0.0,0.0
-7.7789506912231445,22.222204208374023
9.494577407836914,39.44029235839844
0.0,0.0
0.0,0.0
-7.804559230804443,20.921154022216797
-3.933851480484009,33.475257873535156
0.0,0.0
0.0,0.0
0.0,0.0
0.0,0.0
0.0,0.0
0.0,0.0
0.0,0.0
0.0,0.0
0.0,0.0
0.0,0.0
0.0,0.0
0.0,0.0
0.0,0.0
0.0,0.0
0.0,0.0
0.0,0.0
0.0,0.0
0.0,0.0
-7.553281784057617,22.33316993713379
-13.419595718383789,65.47959899902344
0.0,0.0
0.0,0.0
0.0,0.0
0.0,0.0
0.0,0.0
0.0,0.0
-7.447019100189209,22.391523361206055
-16.012474060058594,37.03369140625
0.0,0.0
0.0,0.0
-5.991879463195801,22.158048629760742
0.0,0.0
0.0,0.0
0.0,0.0
0.0,0.0
0.0,0.0
0.0,0.0
0.0,0.0
0.0,0.0
0.0,0.0
0.0,0.0
0.0,0.0
0.0,0.0
0.0,0.0
0.0,0.0
0.0,0.0
0.0,0.0
0.0,0.0
0.0,0.0
0.0,0.0
0.0,0.0
0.0,0.0
0.0,0.0
0.0,0.0
0.0,0.0
0.0,0.0
0.0,0.0
0.0,0.0
0.0,0.0
0.0,0.0
0.0,0.0
0.0,0.0
0.0,0.0
0.0,0.0
0.0,0.0
0.0,0.0
0.0,0.0
0.0,0.0
0.0,0.0
0.0,0.0
0.0,0.0
0.0,0.0
0.0,0.0
0.0,0.0
0.0,0.0
0.0,0.0
0.0,0.0
0.0,0.0
0.0,0.0
0.0,0.0
0.0,0.0
0.0,0.0
-7.811441898345947,21.885269165039062
-9.522985458374023,35.56550216674805
0.0,0.0
0.0,0.0
0.0,0.0
0.0,0.0
0.0,0.0
0.0,0.0
-7.829437255859375,21.705495834350586
55.24817657470703,207.78091430664062
0.0,0.0
0.0,0.0
-8.366495132446289,18.906272888183594
863.1884155273438,46.03573226928711
0.0,0.0
0.0,0.0
0.0,0.0
0.0,0.0
0.0,0.0
0.0,0.0
0.0,0.0
0.0,0.0
0.0,0.0
0.0,0.0
0.0,0.0
0.0,0.0
0.0,0.0
0.0,0.0
0.0,0.0
0.0,0.0
0.0,0.0
0.0,0.0
-7.780395984649658,22.22218894958496
-3.799999952316284,16.10796546936035
0.0,0.0
0.0,0.0
0.0,0.0
0.0,0.0
0.0,0.0
0.0,0.0
-7.852790832519531,20.91383934020996
22.760881423950195,223.79188537597656
0.0,0.0
0.0,0.0
-8.176254272460938,22.148155212402344
-2.0,500.0
0.0,0.0
0.0,0.0
0.0,0.0
0.0,0.0
0.0,0.0
0.0,0.0
0.0,0.0
0.0,0.0
0.0,0.0
0.0,0.0
0.0,0.0
0.0,0.0
0.0,0.0
0.0,0.0
0.0,0.0
0.0,0.0
0.0,0.0
0.0,0.0
0.0,0.0
0.0,0.0
0.0,0.0
0.0,0.0
0.0,0.0
0.0,0.0
0.0,0.0
0.0,0.0
0.0,0.0
0.0,0.0
0.0,0.0
0.0,0.0
0.0,0.0
0.0,0.0
0.0,0.0
0.0,0.0
0.0,0.0
0.0,0.0
0.0,0.0
0.0,0.0
0.0,0.0
0.0,0.0
0.0,0.0
0.0,0.0
0.0,0.0
0.0,0.0
0.0,0.0
0.0,0.0
0.0,0.0
0.0,0.0
0.0,0.0
0.0,0.0
0.0,0.0
0.0,0.0
0.0,0.0
0.0,0.0
0.0,0.0
0.0,0.0
0.0,0.0
0.0,0.0
0.0,0.0
0.0,0.0
0.0,0.0
0.0,0.0
0.0,0.0
0.0,0.0
-9.418458938598633,5.645352363586426
-20.728513717651367,-9.728828430175781
11.111105918884277,-7.818307876586914
0.0,0.0
0.0,0.0
0.0,0.0
7.173681259155273,-0.9463067650794983
0.0,0.0
-9.551519393920898,4.487236022949219
-21.406869888305664,15.080439567565918
11.111105918884277,-5.230639934539795
455.0,0.0
0.0,0.0
0.0,0.0
8.875165939331055,-2.642139196395874
0.0,0.0
0.0,0.0
0.0,0.0
11.109029769897461,-4.0409135818481445
0.0,0.0
0.0,0.0
0.0,0.0
8.875165939331055,-2.6497931480407715
0.0,0.0
0.0,0.0
0.0,0.0
11.111105918884277,-8.824027061462402
35.65570068359375,8.75057315826416
0.0,0.0
0.0,0.0
10.738507270812988,-0.472297728061676
0.0,0.0
-93.31188201904297,78.01327514648438
-121.18167114257812,-121.19588470458984
-93.85836029052734,60.94234848022461
-20.509445190429688,25.710861206054688
-102.82215118408203,5.202450275421143
-98.58942413330078,-103.59273529052734
-10.0,34.916709899902344
-11.0,20.190181732177734
-95.43013000488281,45.6427001953125
-121.0628433227539,25.915130615234375
-91.84471130371094,97.62972259521484
-44.38970184326172,13.627140998840332
-96.82898712158203,10.323010444641113
-108.78340911865234,-108.3119125366211
-45.09222412109375,71.0995864868164
-37.32040786743164,68.56494140625
0.0,0.0
0.0,0.0
-44.69432067871094,80.11460876464844
-20.790000915527344,45.951629638671875
0.0,0.0
0.0,0.0
-10.0,41.77420425415039
-11.0,38.408382415771484
0.0,0.0
0.0,0.0
-88.91641998291016,97.88734436035156
-20.524595260620117,49.336585998535156
0.0,0.0
0.0,0.0
-39.109107971191406,45.92314529418945
-29.046588897705078,49.23384094238281
0.0,0.0
0.0,0.0
0.0,0.0
0.0,0.0
0.0,0.0
0.0,0.0
0.0,0.0
0.0,0.0
0.0,0.0
0.0,0.0
0.0,0.0
0.0,0.0
0.0,0.0
0.0,0.0
0.0,0.0
0.0,0.0
0.0,0.0
0.0,0.0
0.0,0.0
0.0,0.0
0.0,0.0
0.0,0.0
0.0,0.0
0.0,0.0
0.0,0.0
0.0,0.0
0.0,0.0
0.0,0.0
0.0,0.0
0.0,0.0
0.0,0.0
0.0,0.0
0.0,0.0
0.0,0.0
0.0,0.0
0.0,0.0
0.0,0.0
0.0,0.0
0.0,0.0
0.0,0.0
0.0,0.0
0.0,0.0
0.0,0.0
0.0,0.0
0.0,0.0
0.0,0.0
0.0,0.0
0.0,0.0
0.0,0.0
0.0,0.0
0.0,0.0
0.0,0.0
0.0,0.0
0.0,0.0
0.0,0.0
0.0,0.0
0.0,0.0
0.0,0.0
0.0,0.0
0.0,0.0
0.0,0.0
0.0,0.0
0.0,0.0
0.0,0.0
0.0,0.0
0.0,0.0
-8.921895027160645,11.10953426361084
0.0,0.0
0.0,0.0
0.0,0.0
0.0,0.0
0.0,0.0
11.111163139343262,7.55939245223999
0.0,0.0
11.111105918884277,6.9240193367004395
0.0,0.0
0.0,0.0
0.0,0.0
10.918566703796387,1.0099999904632568
0.0,0.0
0.0,0.0
0.0,0.0
-10.18480396270752,-1.8484464883804321
0.0,0.0
0.0,0.0
0.0,0.0
0.0,0.0
0.0,0.0
10.514019966125488,-2.2895262241363525
0.0,0.0
11.111105918884277,-5.902864456176758
0.0,0.0
0.0,0.0
0.0,0.0
11.111105918884277,0.1097179651260376
0.0,0.0
0.0,0.0
0.0,0.0
-5.219350337982178,5.75142765045166
0.0,0.0
0.0,0.0
0.0,0.0
0.0,0.0
0.0,0.0
11.111105918884277,6.610672950744629
0.0,0.0
11.111105918884277,7.423936367034912
0.0,0.0
0.0,0.0
0.0,0.0
8.143978118896484,1.063563346862793
0.0,0.0
0.0,0.0
0.0,0.0
-9.091533660888672,4.866726875305176
0.0,0.0
0.0,0.0
0.0,0.0
0.0,0.0
0.0,0.0
5.369321823120117,-0.03358294442296028
0.0,0.0
11.111105918884277,-6.613889694213867
0.0,0.0
0.0,0.0
0.0,0.0
11.111105918884277,7.056124687194824
0.0,0.0
0.0,0.0
0.0,0.0
0.0,0.0
0.0,0.0
0.0,0.0
0.0,0.0
0.0,0.0
0.0,0.0
0.0,0.0
0.0,0.0
0.0,0.0
0.0,0.0
0.0,0.0
0.0,0.0
0.0,0.0
0.0,0.0
0.0,0.0
0.0,0.0
40.603397369384766,113.23585510253906
-6.080435276031494,70.42281341552734
0.0,0.0
0.0,0.0
0.0,0.0
0.0,0.0
0.0,0.0
0.0,0.0
117.49070739746094,117.07466125488281
-5.870335578918457,91.09270477294922
0.0,0.0
0.0,0.0
0.0,0.0
0.0,0.0
0.0,0.0
0.0,0.0
0.0,0.0
0.0,0.0
0.0,0.0
0.0,0.0
0.0,0.0
0.0,0.0
0.0,0.0
0.0,0.0
0.0,0.0
0.0,0.0
0.0,0.0
0.0,0.0
0.0,0.0
0.0,0.0
0.0,0.0
0.0,0.0
29.725528717041016,142.18617248535156
-7.699544429779053,67.80003356933594
0.0,0.0
0.0,0.0
1543.0804443359375,513.197509765625
500.0,0.0
0.0,0.0
0.0,0.0
20.189023971557617,140.9896240234375
-6.852471828460693,275.5380554199219
0.0,0.0
0.0,0.0
919.1306762695312,2955.8037109375
0.0,0.0
0.0,0.0
0.0,0.0
0.0,0.0
0.0,0.0
0.0,0.0
0.0,0.0
0.0,0.0
0.0,0.0
0.0,0.0
0.0,0.0
0.0,0.0
0.0,0.0
0.0,0.0
0.0,0.0
0.0,0.0
0.0,0.0
0.0,0.0
0.0,0.0
0.0,0.0
0.0,0.0
0.0,0.0
0.0,0.0
0.0,0.0
0.0,0.0
0.0,0.0
0.0,0.0
0.0,0.0
0.0,0.0
0.0,0.0
0.0,0.0
0.0,0.0
0.0,0.0
0.0,0.0
0.0,0.0
0.0,0.0
0.0,0.0
0.0,0.0
0.0,0.0
0.0,0.0
0.0,0.0
0.0,0.0
0.0,0.0
0.0,0.0
0.0,0.0
0.0,0.0
0.0,0.0
0.0,0.0
0.0,0.0
0.0,0.0
0.0,0.0
0.0,0.0
0.0,0.0
0.0,0.0
0.0,0.0
0.0,0.0
0.0,0.0
0.0,0.0
0.0,0.0
0.0,0.0
0.0,0.0
0.0,0.0
0.0,0.0
0.0,0.0
0.0,0.0
0.0,0.0
0.0,0.0
0.0,0.0
0.0,0.0
0.0,0.0
0.0,0.0
0.0,0.0
0.0,0.0
0.0,0.0
0.0,0.0
0.0,0.0
0.0,0.0
0.0,0.0
0.0,0.0
0.0,0.0
0.0,0.0
0.0,0.0
0.0,0.0
-4.44444465637207,55.55553436279297
-11.849048614501953,66.66670227050781
0.0,0.0
0.0,0.0
0.0,0.0
0.0,0.0
0.0,0.0
0.0,0.0
-4.44444465637207,55.55553436279297
-13.329466819763184,66.66670227050781
0.0,0.0
0.0,0.0
0.0,0.0
0.0,0.0
0.0,0.0
0.0,0.0
0.0,0.0
0.0,0.0
0.0,0.0
0.0,0.0
0.0,0.0
0.0,0.0
0.0,0.0
0.0,0.0
0.0,0.0
0.0,0.0
0.0,0.0
0.0,0.0
0.0,0.0
0.0,0.0
0.0,0.0
0.0,0.0
-0.3816106617450714,222.46307373046875
-13.276617050170898,66.6666259765625
0.0,0.0
0.0,0.0
0.0,0.0
0.0,0.0
0.0,0.0
0.0,0.0
-4.444282054901123,55.5571403503418
-13.333251953125,66.6666259765625
0.0,0.0
0.0,0.0
0.0,0.0
0.0,0.0
0.0,0.0
0.0,0.0
0.0,0.0
0.0,0.0
0.0,0.0
0.0,0.0
0.0,0.0
0.0,0.0
0.0,0.0
0.0,0.0
0.0,0.0
0.0,0.0
0.0,0.0
0.0,0.0
0.0,0.0
0.0,0.0
0.0,0.0
0.0,0.0
0.0,0.0
0.0,0.0
0.0,0.0
0.0,0.0
0.0,0.0
0.0,0.0
0.0,0.0
0.0,0.0
0.0,0.0
0.0,0.0
0.0,0.0
0.0,0.0
0.0,0.0
0.0,0.0
0.0,0.0
0.0,0.0
0.0,0.0
0.0,0.0
0.0,0.0
0.0,0.0
0.0,0.0
0.0,0.0
0.0,0.0
0.0,0.0
0.0,0.0
0.0,0.0
0.0,0.0
0.0,0.0
0.0,0.0
0.0,0.0
0.0,0.0
0.0,0.0
0.0,0.0
0.0,0.0
0.0,0.0
0.0,0.0
0.0,0.0
0.0,0.0
0.0,0.0
0.0,0.0
0.0,0.0
0.0,0.0
0.0,0.0
0.0,0.0
0.0,0.0
0.0,0.0
-8.884645462036133,11.111105918884277
-2.0,15.701050758361816
11.111105918884277,-6.465638160705566
0.0,0.0
0.0,0.0
0.0,0.0
0.0,0.0
0.0,0.0
-8.886011123657227,11.111116409301758
-7.683835506439209,20.308565139770508
11.042878150939941,-4.7042059898376465
0.0,0.0
0.0,0.0
0.0,0.0
0.0,0.0
0.0,0.0
-8.87457275390625,11.111105918884277
-5.381800174713135,15.056099891662598
11.111140251159668,-8.88761043548584
0.0,0.0
0.0,0.0
0.0,0.0
0.0,0.0
0.0,0.0
-8.886937141418457,11.111116409301758
-6.389594078063965,21.32232093811035
11.111132621765137,-8.849865913391113
0.0,0.0
0.0,0.0
0.0,0.0
0.0,0.0
0.0,0.0
-88.53629302978516,111.11115264892578
-10.61591625213623,52.815982818603516
-88.37583923339844,111.11106872558594
0.0,64.74691772460938
-18.519855499267578,84.11019897460938
0.0,0.0
0.0,0.0
0.0,0.0
-88.88748168945312,111.11106872558594
-49.56897735595703,111.69712829589844
-69.48605346679688,111.1104736328125
0.0,0.0
-18.582258224487305,75.28050231933594
0.0,0.0
0.0,0.0
0.0,0.0
-88.68643188476562,111.11106872558594
-10.540483474731445,69.91969299316406
-88.8841323852539,111.1112060546875
-86.20744323730469,122.22683715820312
-26.909000396728516,67.8426513671875
0.0,0.0
22.81853485107422,110.66525268554688
0.0,0.0
-88.88737487792969,111.11106872558594
-35.22126770019531,116.78326416015625
-87.42179870605469,135.51454162597656
-89.67127227783203,122.22218322753906
0.0,90.76400756835938
0.0,0.0
-30.7623291015625,388.9225769042969
0.0,0.0
0.0,0.0
0.0,0.0
0.0,0.0
0.0,0.0
0.0,0.0
0.0,0.0
0.0,0.0
0.0,0.0
0.0,0.0
0.0,0.0
0.0,0.0
0.0,0.0
0.0,0.0
0.0,0.0
0.0,0.0
0.0,0.0
0.0,0.0
0.0,0.0
0.0,0.0
0.0,0.0
0.0,0.0
0.0,0.0
0.0,0.0
0.0,0.0
0.0,0.0
0.0,0.0
0.0,0.0
0.0,0.0
0.0,0.0
0.0,0.0
0.0,0.0
0.0,0.0
0.0,0.0
0.0,0.0
0.0,0.0
0.0,0.0
0.0,0.0
0.0,0.0
0.0,0.0
0.0,0.0
0.0,0.0
0.0,0.0
0.0,0.0
0.0,0.0
0.0,0.0
0.0,0.0
0.0,0.0
0.0,0.0
0.0,0.0
0.0,0.0
0.0,0.0
0.0,0.0
0.0,0.0
0.0,0.0
0.0,0.0
0.0,0.0
0.0,0.0
0.0,0.0
0.0,0.0
0.0,0.0
0.0,0.0
0.0,0.0
0.0,0.0
0.0,0.0
0.0,0.0
0.0,0.0
-3.357111930847168,4.177420616149902
0.0,0.0
0.0,0.0
0.0,0.0
0.0,0.0
0.0,0.0
11.109683990478516,-5.889427661895752
0.0,0.0
7.173681259155273,-2.596531391143799
0.0,0.0
0.0,0.0
0.0,0.0
0.0,0.0
0.0,0.0
0.0,0.0
0.0,0.0
-8.888901710510254,11.111041069030762
0.0,0.0
0.0,0.0
0.0,0.0
0.0,0.0
0.0,0.0
11.110692024230957,-7.723981857299805
0.0,0.0
11.111105918884277,-8.888883590698242
0.0,0.0
0.0,0.0
0.0,0.0
0.0,0.0
0.0,0.0
0.0,0.0
0.0,0.0
0.0,0.0
0.0,0.0
0.0,0.0
0.0,0.0
0.0,0.0
0.0,0.0
0.0,0.0
0.0,0.0
1.909999966621399,0.0
0.0,0.0
0.0,0.0
0.0,0.0
0.0,0.0
0.0,0.0
0.0,0.0
0.0,0.0
0.0,8.875165939331055
0.0,0.0
0.0,0.0
0.0,0.0
0.0,0.0
0.0,0.0
0.0,-1.0
0.0,0.0
11.111105918884277,-8.858192443847656
0.0,0.0
0.0,0.0
0.0,0.0
0.0,0.0
0.0,0.0
0.0,0.0
0.0,0.0
0.0,0.0
0.0,0.0
0.0,0.0
0.0,0.0
0.0,0.0
0.0,0.0
0.0,0.0
0.0,0.0
0.0,0.0
0.0,0.0
0.0,0.0
0.0,0.0
0.0,0.0
0.0,0.0
0.0,0.0
0.0,0.0
0.0,0.0
0.0,0.0
0.0,0.0
0.0,0.0
0.0,0.0
0.0,0.0
0.0,0.0
0.0,0.0
0.0,0.0
0.0,0.0
0.0,0.0
0.0,0.0
0.0,0.0
0.0,0.0
0.0,0.0
0.0,0.0
0.0,0.0
0.0,0.0
0.0,0.0
0.0,0.0
0.0,0.0
0.0,0.0
0.0,0.0
0.0,0.0
0.0,0.0
0.0,0.0
0.0,0.0
0.0,0.0
0.0,0.0
0.0,0.0
0.0,0.0
0.0,0.0
0.0,0.0
0.0,0.0
0.0,0.0
0.0,0.0
0.0,0.0
0.0,0.0
0.0,0.0
0.0,0.0
0.0,0.0
0.0,0.0
0.0,0.0
0.0,0.0
0.0,0.0
0.0,0.0
