-11.396469116210938,20.838571548461914
0.0,0.0
0.0,0.0
0.0,0.0
0.0,0.0
0.0,0.0
0.0,0.0
0.0,0.0
0.0,0.0
0.0,0.0
0.0,0.0
0.0,0.0
0.0,0.0
0.0,0.0
0.0,0.0
0.0,0.0
0.0,0.0
0.0,0.0
-7.189470291137695,22.555479049682617
-14.932526588439941,33.34214782714844
0.0,0.0
0.0,0.0
0.0,0.0
0.0,0.0
0.0,0.0
0.0,0.0
-6.2293925285339355,22.589611053466797
-13.037089347839355,76.13287353515625
0.0,0.0
0.0,0.0
0.0,0.0
0.0,0.0
0.0,0.0
0.0,0.0
0.0,0.0
0.0,0.0
0.0,0.0
0.0,0.0
0.0,0.0
0.0,0.0
0.0,0.0
0.0,0.0
0.0,0.0
0.0,0.0
0.0,0.0
0.0,0.0
0.0,0.0
0.0,0.0
0.0,0.0
0.0,0.0
-7.796034336090088,22.203628540039062
-16.075397491455078,33.33331298828125
0.0,0.0
0.0,0.0
-7.824879169464111,22.222200393676758
-2.0,17.658248901367188
0.0,0.0
0.0,0.0
-7.798164367675781,22.205659866333008
-13.56506061553955,33.33328628540039
0.0,0.0
0.0,0.0
-7.731562614440918,22.222211837768555
0.0,0.0
0.0,0.0
0.0,0.0
0.0,0.0
0.0,0.0
0.0,0.0
0.0,0.0
0.0,0.0
0.0,0.0
0.0,0.0
0.0,0.0
0.0,0.0
0.0,0.0
0.0,0.0
0.0,0.0
0.0,0.0
0.0,0.0
0.0,0.0
0.0,0.0
-7.843451023101807,22.222211837768555
-10.531570434570312,33.33039474487305
0.0,0.0
0.0,0.0
-7.636570930480957,22.179168701171875
-3.638920307159424,23.551576614379883
0.0,0.0
0.0,0.0
-7.792126655578613,22.222211837768555
-11.460679054260254,33.3408088684082
0.0,0.0
0.0,0.0
-7.673766613006592,22.210725784301758
7.81589412689209,546.4437255859375
0.0,0.0
0.0,0.0
0.0,0.0
0.0,0.0
0.0,0.0
0.0,0.0
0.0,0.0
0.0,0.0
0.0,0.0
0.0,0.0
0.0,0.0
0.0,0.0
0.0,0.0
0.0,0.0
0.0,0.0
0.0,0.0
0.0,0.0
0.0,0.0
-7.811069965362549,22.217796325683594
-14.499274253845215,33.33331298828125
0.0,0.0
0.0,0.0
-2.556314706802368,19.431617736816406
-12.254148483276367,33.30508804321289
0.0,0.0
0.0,0.0
-7.780669212341309,22.222204208374023
15.256694793701172,358.0890808105469
0.0,0.0
0.0,0.0
-7.822712421417236,22.0911808013916
-1.926265835762024,84.04135131835938
0.0,0.0
0.0,0.0
0.0,0.0
0.0,0.0
0.0,0.0
0.0,0.0
0.0,0.0
0.0,0.0
0.0,0.0
0.0,0.0
0.0,0.0
0.0,0.0
0.0,0.0
0.0,0.0
0.0,0.0
0.0,0.0
0.0,0.0
0.0,0.0
-7.563020706176758,22.33379554748535
-2.93682599067688,64.4953842163086
0.0,0.0
0.0,0.0
0.0,0.0
0.0,0.0
0.0,0.0
0.0,0.0
-7.243201732635498,22.50922966003418
-16.665605545043945,33.33331298828125
0.0,0.0
0.0,0.0
-5.640654563903809,22.158048629760742
0.0,0.0
0.0,0.0
0.0,0.0
0.0,0.0
0.0,0.0
0.0,0.0
0.0,0.0
0.0,0.0
0.0,0.0
0.0,0.0
0.0,0.0
0.0,0.0
0.0,0.0
0.0,0.0
0.0,0.0
0.0,0.0
0.0,0.0
0.0,0.0
0.0,0.0
-7.7798895835876465,22.205724716186523
-2.0,3.0
0.0,0.0
0.0,0.0
0.0,0.0
0.0,0.0
0.0,0.0
0.0,0.0
-7.779013633728027,22.211549758911133
-13.135008811950684,33.33331298828125
0.0,0.0
0.0,0.0
0.0,0.0
0.0,0.0
0.0,0.0
0.0,0.0
0.0,0.0
0.0,0.0
0.0,0.0
0.0,0.0
0.0,0.0
0.0,0.0
0.0,0.0
0.0,0.0
0.0,0.0
0.0,0.0
0.0,0.0
0.0,0.0
0.0,0.0
0.0,0.0
0.0,0.0
0.0,0.0
-7.808923244476318,21.910451889038086
-9.130247116088867,36.883705139160156
0.0,0.0
0.0,0.0
0.0,0.0
0.0,0.0
0.0,0.0
0.0,0.0
-7.854398250579834,21.45589828491211
16.657838821411133,134.74546813964844
0.0,0.0
0.0,0.0
-8.318357467651367,20.397415161132812
-4.9817705154418945,207.29144287109375
0.0,0.0
0.0,0.0
0.0,0.0
0.0,0.0
0.0,0.0
0.0,0.0
0.0,0.0
0.0,0.0
0.0,0.0
0.0,0.0
0.0,0.0
0.0,0.0
0.0,0.0
0.0,0.0
0.0,0.0
0.0,0.0
0.0,0.0
0.0,0.0
-7.794119358062744,22.20008087158203
-2.0,21.52104377746582
0.0,0.0
0.0,0.0
0.0,0.0
0.0,0.0
0.0,0.0
0.0,0.0
-7.871641635894775,21.279142379760742
203.6283721923828,397.9456481933594
0.0,0.0
0.0,0.0
-8.270014762878418,17.267152786254883
-2.0,10.47501277923584
0.0,0.0
0.0,0.0
0.0,0.0
0.0,0.0
0.0,0.0
0.0,0.0
0.0,0.0
0.0,0.0
0.0,0.0
0.0,0.0
0.0,0.0
0.0,0.0
0.0,0.0
0.0,0.0
0.0,0.0
0.0,0.0
0.0,0.0
0.0,0.0
0.0,0.0
0.0,0.0
0.0,0.0
0.0,0.0
0.0,0.0
0.0,0.0
0.0,0.0
0.0,0.0
0.0,0.0
0.0,0.0
0.0,0.0
0.0,0.0
0.0,0.0
0.0,0.0
0.0,0.0
0.0,0.0
0.0,0.0
0.0,0.0
0.0,0.0
0.0,0.0
0.0,0.0
0.0,0.0
0.0,0.0
0.0,0.0
0.0,0.0
0.0,0.0
0.0,0.0
0.0,0.0
0.0,0.0
0.0,0.0
0.0,0.0
0.0,0.0
0.0,0.0
0.0,0.0
0.0,0.0
0.0,0.0
0.0,0.0
0.0,0.0
0.0,0.0
0.0,0.0
0.0,0.0
0.0,0.0
0.0,0.0
0.0,0.0
0.0,0.0
0.0,0.0
-9.206073760986328,5.700786113739014
0.0,0.0
11.111105918884277,-5.984199047088623
0.0,0.0
-1.0,1.0
0.0,0.0
6.356335163116455,-0.98089998960495
0.0,0.0
-9.39592456817627,5.904407501220703
0.0,0.0
11.111105918884277,-3.3562986850738525
0.0,0.0
0.0,0.0
0.0,0.0
7.850525379180908,-1.9050573110580444
0.0,0.0
0.0,0.0
0.0,0.0
10.878594398498535,-0.28326117992401123
0.0,0.0
0.0,0.0
0.0,0.0
8.411020278930664,-0.8187723755836487
0.0,0.0
0.0,0.0
0.0,0.0
11.111105918884277,-8.879191398620605
312.01605224609375,0.0
0.0,0.0
0.0,0.0
10.878594398498535,-2.1029582023620605
177.184326171875,11.859421730041504
-94.15640258789062,59.2872314453125
-118.35743713378906,-118.65007781982422
-91.09403991699219,89.89234924316406
-51.28105163574219,73.07981872558594
-97.48397827148438,100.54273223876953
-102.71420288085938,-82.16124725341797
0.0,27.381000518798828
-11.0,64.74691772460938
-96.58746337890625,34.12574768066406
-112.30730438232422,-110.3846435546875
-93.06067657470703,77.59358215332031
-53.14195251464844,76.09465789794922
-93.87085723876953,91.361328125
-113.8558120727539,-66.32861328125
-44.223236083984375,74.8689193725586
-21.010000228881836,44.70307540893555
0.0,0.0
0.0,0.0
-38.31058120727539,90.61088562011719
-20.245622634887695,65.18179321289062
0.0,0.0
0.0,0.0
-10.0,19.100000381469727
-20.790000915527344,59.06254577636719
0.0,0.0
0.0,0.0
-90.21320343017578,104.29082489013672
-57.88002395629883,330.80859375
0.0,0.0
0.0,0.0
-44.653602600097656,43.10002517700195
-11.0,86.35578918457031
0.0,0.0
0.0,0.0
0.0,0.0
0.0,0.0
0.0,0.0
0.0,0.0
0.0,0.0
0.0,0.0
0.0,0.0
0.0,0.0
0.0,0.0
0.0,0.0
0.0,0.0
0.0,0.0
0.0,0.0
0.0,0.0
0.0,0.0
0.0,0.0
0.0,0.0
0.0,0.0
0.0,0.0
0.0,0.0
0.0,0.0
0.0,0.0
0.0,0.0
0.0,0.0
0.0,0.0
0.0,0.0
0.0,0.0
0.0,0.0
0.0,0.0
0.0,0.0
0.0,0.0
0.0,0.0
0.0,0.0
0.0,0.0
0.0,0.0
0.0,0.0
0.0,0.0
0.0,0.0
0.0,0.0
0.0,0.0
0.0,0.0
0.0,0.0
0.0,0.0
0.0,0.0
0.0,0.0
0.0,0.0
0.0,0.0
0.0,0.0
0.0,0.0
0.0,0.0
0.0,0.0
0.0,0.0
0.0,0.0
0.0,0.0
0.0,0.0
0.0,0.0
0.0,0.0
0.0,0.0
0.0,0.0
0.0,0.0
0.0,0.0
0.0,0.0
0.0,0.0
0.0,0.0
-7.333341121673584,8.366454124450684
0.0,0.0
0.0,0.0
0.0,0.0
0.0,0.0
0.0,0.0
11.111105918884277,8.377703666687012
0.0,0.0
11.111105918884277,8.769627571105957
0.0,0.0
0.0,0.0
0.0,0.0
6.007761478424072,11.001876831054688
0.0,0.0
0.0,0.0
0.0,0.0
-10.206533432006836,-2.0654234886169434
0.0,0.0
0.0,0.0
0.0,0.0
0.0,0.0
0.0,0.0
6.356335163116455,-1.913340449333191
0.0,0.0
11.111105918884277,-5.516271591186523
0.0,0.0
0.0,0.0
0.0,0.0
11.111105918884277,-2.2976748943328857
0.0,0.0
0.0,0.0
0.0,0.0
-6.573915004730225,5.556138038635254
0.0,0.0
0.0,0.0
0.0,0.0
0.0,0.0
0.0,0.0
11.111105918884277,7.748656749725342
0.0,0.0
11.111105918884277,9.271268844604492
0.0,0.0
0.0,0.0
0.0,0.0
1.9349920749664307,7.177575588226318
0.0,0.0
0.0,0.0
0.0,0.0
-9.305766105651855,7.360942840576172
0.0,0.0
0.0,0.0
0.0,0.0
0.0,0.0
0.0,0.0
7.850525379180908,-1.8419544696807861
0.0,0.0
11.111105918884277,-6.128117084503174
0.0,0.0
0.0,0.0
0.0,0.0
11.111105918884277,0.12223745882511139
0.0,0.0
0.0,0.0
0.0,0.0
0.0,0.0
0.0,0.0
0.0,0.0
0.0,0.0
0.0,0.0
0.0,0.0
0.0,0.0
0.0,0.0
0.0,0.0
0.0,0.0
0.0,0.0
0.0,0.0
0.0,0.0
0.0,0.0
0.0,0.0
0.0,0.0
64.97640228271484,82.02889251708984
-12.916337013244629,66.90760803222656
0.0,0.0
0.0,0.0
0.0,0.0
0.0,0.0
0.0,0.0
0.0,0.0
-1.8800002336502075,95.98609924316406
-10.472722053527832,66.6925277709961
0.0,0.0
0.0,0.0
0.0,0.0
0.0,0.0
0.0,0.0
0.0,0.0
0.0,0.0
0.0,0.0
0.0,0.0
0.0,0.0
0.0,0.0
0.0,0.0
0.0,0.0
0.0,0.0
0.0,0.0
0.0,0.0
0.0,0.0
0.0,0.0
0.0,0.0
0.0,0.0
0.0,0.0
0.0,0.0
110.73790740966797,123.24407196044922
244.61392211914062,68.30516052246094
0.0,0.0
0.0,0.0
1121.296875,1095.0272216796875
0.0,0.0
0.0,0.0
0.0,0.0
23.382251739501953,123.23848724365234
-8.050738334655762,212.56089782714844
0.0,0.0
0.0,0.0
2421.195068359375,0.0
500.0,0.0
0.0,0.0
0.0,0.0
0.0,0.0
0.0,0.0
0.0,0.0
0.0,0.0
0.0,0.0
0.0,0.0
0.0,0.0
0.0,0.0
0.0,0.0
0.0,0.0
0.0,0.0
0.0,0.0
0.0,0.0
0.0,0.0
0.0,0.0
0.0,0.0
0.0,0.0
0.0,0.0
0.0,0.0
0.0,0.0
0.0,0.0
0.0,0.0
0.0,0.0
0.0,0.0
0.0,0.0
0.0,0.0
0.0,0.0
0.0,0.0
0.0,0.0
0.0,0.0
0.0,0.0
0.0,0.0
0.0,0.0
0.0,0.0
0.0,0.0
0.0,0.0
0.0,0.0
0.0,0.0
0.0,0.0
0.0,0.0
0.0,0.0
0.0,0.0
0.0,0.0
0.0,0.0
0.0,0.0
0.0,0.0
0.0,0.0
0.0,0.0
0.0,0.0
0.0,0.0
0.0,0.0
0.0,0.0
0.0,0.0
0.0,0.0
0.0,0.0
0.0,0.0
0.0,0.0
0.0,0.0
0.0,0.0
0.0,0.0
0.0,0.0
0.0,0.0
0.0,0.0
0.0,0.0
0.0,0.0
0.0,0.0
0.0,0.0
0.0,0.0
0.0,0.0
0.0,0.0
0.0,0.0
0.0,0.0
0.0,0.0
0.0,0.0
0.0,0.0
0.0,0.0
0.0,0.0
0.0,0.0
0.0,0.0
0.0,0.0
-4.44444465637207,55.55553436279297
-13.329507827758789,66.6666259765625
0.0,0.0
0.0,0.0
0.0,0.0
0.0,0.0
0.0,0.0
0.0,0.0
-4.44444465637207,55.55553436279297
42.27163314819336,66.66670227050781
0.0,0.0
0.0,0.0
0.0,0.0
0.0,0.0
0.0,0.0
0.0,0.0
0.0,0.0
0.0,0.0
0.0,0.0
0.0,0.0
0.0,0.0
0.0,0.0
0.0,0.0
0.0,0.0
0.0,0.0
0.0,0.0
0.0,0.0
0.0,0.0
0.0,0.0
0.0,0.0
0.0,0.0
0.0,0.0
-4.4443206787109375,55.55559158325195
-13.318364143371582,66.6666259765625
0.0,0.0
0.0,0.0
0.0,0.0
0.0,0.0
0.0,0.0
0.0,0.0
-4.406869888305664,55.93147659301758
-13.333333015441895,66.6666259765625
0.0,0.0
0.0,0.0
0.0,0.0
0.0,0.0
0.0,0.0
0.0,0.0
0.0,0.0
0.0,0.0
0.0,0.0
0.0,0.0
0.0,0.0
0.0,0.0
0.0,0.0
0.0,0.0
0.0,0.0
0.0,0.0
0.0,0.0
0.0,0.0
0.0,0.0
0.0,0.0
0.0,0.0
0.0,0.0
0.0,0.0
0.0,0.0
0.0,0.0
0.0,0.0
0.0,0.0
0.0,0.0
0.0,0.0
0.0,0.0
0.0,0.0
0.0,0.0
0.0,0.0
0.0,0.0
0.0,0.0
0.0,0.0
0.0,0.0
0.0,0.0
0.0,0.0
0.0,0.0
0.0,0.0
0.0,0.0
0.0,0.0
0.0,0.0
0.0,0.0
0.0,0.0
0.0,0.0
0.0,0.0
0.0,0.0
0.0,0.0
0.0,0.0
0.0,0.0
0.0,0.0
0.0,0.0
0.0,0.0
0.0,0.0
0.0,0.0
0.0,0.0
0.0,0.0
0.0,0.0
0.0,0.0
0.0,0.0
0.0,0.0
0.0,0.0
0.0,0.0
0.0,0.0
0.0,0.0
0.0,0.0
-6.295637130737305,11.111000061035156
0.0,0.0
10.830327987670898,-0.9282631874084473
0.0,0.0
0.0,0.0
0.0,0.0
0.0,0.0
0.0,0.0
-4.240436553955078,11.108348846435547
0.0,0.0
6.784265041351318,-0.9900000095367432
0.0,0.0
0.0,0.0
0.0,0.0
0.0,0.0
0.0,0.0
-6.3659467697143555,11.110713958740234
0.0,0.0
11.111105918884277,-8.888289451599121
0.0,0.0
0.0,0.0
0.0,0.0
0.0,0.0
0.0,0.0
-4.367907524108887,11.108597755432129
0.0,0.0
11.111105918884277,-8.888167381286621
0.0,0.0
0.0,0.0
0.0,0.0
0.0,0.0
0.0,0.0
-88.89038848876953,111.11106872558594
-49.544647216796875,111.69712829589844
-88.88546752929688,111.11106872558594
-20.44048309326172,95.19432067871094
-18.36436653137207,88.75165557861328
0.0,0.0
0.0,0.0
0.0,0.0
-88.88885498046875,111.11106872558594
-53.316261291503906,121.39743041992188
-85.71167755126953,111.11106872558594
-11.0,0.0
-32.83679962158203,103.1876220703125
0.0,0.0
0.0,0.0
0.0,0.0
-88.89517211914062,111.11106872558594
-36.394371032714844,114.29081726074219
-88.88310241699219,111.1114273071289
-95.59485626220703,122.22218322753906
-11.900195121765137,555.6195068359375
0.0,0.0
19.19052505493164,246.40716552734375
0.0,0.0
-88.88893127441406,111.11106872558594
-57.280826568603516,121.6006851196289
-88.67919921875,111.1116714477539
-95.97611999511719,567.2118530273438
-29.859050750732422,166.67298889160156
0.0,0.0
201.66763305664062,369.59857177734375
0.0,0.0
0.0,0.0
0.0,0.0
0.0,0.0
0.0,0.0
0.0,0.0
0.0,0.0
0.0,0.0
0.0,0.0
0.0,0.0
0.0,0.0
0.0,0.0
0.0,0.0
0.0,0.0
0.0,0.0
0.0,0.0
0.0,0.0
0.0,0.0
0.0,0.0
0.0,0.0
0.0,0.0
0.0,0.0
0.0,0.0
0.0,0.0
0.0,0.0
0.0,0.0
0.0,0.0
0.0,0.0
0.0,0.0
0.0,0.0
0.0,0.0
0.0,0.0
0.0,0.0
0.0,0.0
0.0,0.0
0.0,0.0
0.0,0.0
0.0,0.0
0.0,0.0
0.0,0.0
0.0,0.0
0.0,0.0
0.0,0.0
0.0,0.0
0.0,0.0
0.0,0.0
0.0,0.0
0.0,0.0
0.0,0.0
0.0,0.0
0.0,0.0
0.0,0.0
0.0,0.0
0.0,0.0
0.0,0.0
0.0,0.0
0.0,0.0
0.0,0.0
0.0,0.0
0.0,0.0
0.0,0.0
0.0,0.0
0.0,0.0
0.0,0.0
0.0,0.0
0.0,0.0
0.0,0.0
-1.0,3.491671085357666
0.0,0.0
0.0,0.0
0.0,0.0
0.0,0.0
0.0,0.0
11.100764274597168,-3.228159189224243
0.0,0.0
8.411020278930664,-1.88100004196167
0.0,0.0
0.0,0.0
0.0,0.0
0.0,0.0
0.0,0.0
0.0,0.0
0.0,0.0
-8.888885498046875,11.111105918884277
0.0,0.0
0.0,0.0
0.0,0.0
0.0,0.0
0.0,0.0
11.10169506072998,-5.552146911621094
0.0,0.0
11.111105918884277,-8.888885498046875
0.0,0.0
0.0,0.0
0.0,0.0
0.0,0.0
0.0,0.0
0.0,0.0
0.0,0.0
0.0,2.738100051879883
0.0,0.0
0.0,0.0
0.0,0.0
0.0,0.0
0.0,0.0
10.45496654510498,-3.187652111053467
0.0,0.0
1.0,-0.9900000095367432
0.0,0.0
0.0,0.0
0.0,0.0
0.0,0.0
0.0,0.0
0.0,0.0
0.0,0.0
-7.475772857666016,11.111100196838379
0.0,0.0
0.0,0.0
0.0,0.0
0.0,0.0
0.0,0.0
10.738507270812988,-3.1834864616394043
0.0,0.0
11.111105918884277,-8.888885498046875
0.0,0.0
0.0,0.0
0.0,0.0
0.0,0.0
0.0,0.0
0.0,0.0
0.0,0.0
0.0,0.0
0.0,0.0
0.0,0.0
0.0,0.0
0.0,0.0
0.0,0.0
0.0,0.0
0.0,0.0
0.0,0.0
0.0,0.0
0.0,0.0
0.0,0.0
0.0,0.0
0.0,0.0
0.0,0.0
0.0,0.0
0.0,0.0
0.0,0.0
0.0,0.0
0.0,0.0
0.0,0.0
0.0,0.0
0.0,0.0
0.0,0.0
0.0,0.0
0.0,0.0
0.0,0.0
0.0,0.0
0.0,0.0
0.0,0.0
0.0,0.0
0.0,0.0
0.0,0.0
0.0,0.0
0.0,0.0
0.0,0.0
0.0,0.0
0.0,0.0
0.0,0.0
0.0,0.0
0.0,0.0
0.0,0.0
0.0,0.0
0.0,0.0
0.0,0.0
0.0,0.0
0.0,0.0
0.0,0.0
0.0,0.0
0.0,0.0
0.0,0.0
0.0,0.0
0.0,0.0
0.0,0.0
0.0,0.0
0.0,0.0
0.0,0.0
0.0,0.0
0.0,0.0
0.0,0.0
0.0,0.0
0.0,0.0
