-11.64936351776123,20.838802337646484
0.0,0.0
0.0,0.0
0.0,0.0
0.0,0.0
0.0,0.0
0.0,0.0
0.0,0.0
0.0,0.0
0.0,0.0
0.0,0.0
0.0,0.0
0.0,0.0
0.0,0.0
0.0,0.0
0.0,0.0
0.0,0.0
0.0,0.0
-7.35359525680542,22.452678680419922
-16.63873863220215,530.3333129882812
0.0,0.0
0.0,0.0
0.0,0.0
0.0,0.0
0.0,0.0
0.0,0.0
-7.300699234008789,22.42734146118164
-16.431676864624023,33.33331298828125
0.0,0.0
0.0,0.0
0.0,0.0
0.0,0.0
0.0,0.0
0.0,0.0
0.0,0.0
0.0,0.0
0.0,0.0
0.0,0.0
0.0,0.0
0.0,0.0
0.0,0.0
0.0,0.0
0.0,0.0
0.0,0.0
0.0,0.0
0.0,0.0
0.0,0.0
0.0,0.0
0.0,0.0
0.0,0.0
-7.796785354614258,22.196420669555664
-8.61019229888916,32.1049690246582
0.0,0.0
0.0,0.0
-7.7777180671691895,22.222211837768555
0.0,0.0
0.0,0.0
0.0,0.0
-7.788801193237305,22.18575668334961
-2.0,0.0
0.0,0.0
0.0,0.0
-7.462240695953369,22.222211837768555
0.0,0.0
0.0,0.0
0.0,0.0
0.0,0.0
0.0,0.0
0.0,0.0
0.0,0.0
0.0,0.0
0.0,0.0
0.0,0.0
0.0,0.0
0.0,0.0
0.0,0.0
0.0,0.0
0.0,0.0
0.0,0.0
0.0,0.0
0.0,0.0
0.0,0.0
-7.7777838706970215,22.222211837768555
-16.346088409423828,33.33262634277344
0.0,0.0
0.0,0.0
-7.004031181335449,22.221952438354492
0.0,17.658248901367188
0.0,0.0
0.0,0.0
-7.834347724914551,22.15993881225586
22.432315826416016,95.80379486083984
0.0,0.0
0.0,0.0
-7.729619026184082,21.990177154541016
32.595314025878906,573.8858032226562
0.0,0.0
0.0,0.0
0.0,0.0
0.0,0.0
0.0,0.0
0.0,0.0
0.0,0.0
0.0,0.0
0.0,0.0
0.0,0.0
0.0,0.0
0.0,0.0
0.0,0.0
0.0,0.0
0.0,0.0
0.0,0.0
0.0,0.0
0.0,0.0
-6.999812602996826,19.492212295532227
-12.125777244567871,33.29585266113281
0.0,0.0
0.0,0.0
-3.9721293449401855,21.028039932250977
-10.490488052368164,31.703271865844727
0.0,0.0
0.0,0.0
-7.777760028839111,22.222211837768555
8.208402633666992,289.59234619140625
0.0,0.0
0.0,0.0
-7.780359745025635,22.199975967407227
-1.1808534860610962,56.063262939453125
0.0,0.0
0.0,0.0
0.0,0.0
0.0,0.0
0.0,0.0
0.0,0.0
0.0,0.0
0.0,0.0
0.0,0.0
0.0,0.0
0.0,0.0
0.0,0.0
0.0,0.0
0.0,0.0
0.0,0.0
0.0,0.0
0.0,0.0
0.0,0.0
-7.553281784057617,22.33316993713379
-13.921402931213379,62.8790283203125
0.0,0.0
0.0,0.0
0.0,0.0
0.0,0.0
0.0,0.0
0.0,0.0
-7.71514368057251,22.391523361206055
-16.6666316986084,33.33331298828125
0.0,0.0
0.0,0.0
-5.792733192443848,22.144725799560547
0.0,0.0
0.0,0.0
0.0,0.0
0.0,0.0
0.0,0.0
0.0,0.0
0.0,0.0
0.0,0.0
0.0,0.0
0.0,0.0
0.0,0.0
0.0,0.0
0.0,0.0
0.0,0.0
0.0,0.0
0.0,0.0
0.0,0.0
0.0,0.0
0.0,0.0
0.0,0.0
0.0,0.0
0.0,0.0
0.0,0.0
0.0,0.0
0.0,0.0
0.0,0.0
0.0,0.0
0.0,0.0
0.0,0.0
0.0,0.0
0.0,0.0
0.0,0.0
0.0,0.0
0.0,0.0
0.0,0.0
0.0,0.0
0.0,0.0
0.0,0.0
0.0,0.0
0.0,0.0
0.0,0.0
0.0,0.0
0.0,0.0
0.0,0.0
0.0,0.0
0.0,0.0
0.0,0.0
0.0,0.0
0.0,0.0
0.0,0.0
0.0,0.0
-7.811441898345947,21.885269165039062
-12.064810752868652,34.314117431640625
0.0,0.0
0.0,0.0
0.0,0.0
0.0,0.0
0.0,0.0
0.0,0.0
-7.829222679138184,21.707399368286133
7.894534587860107,220.70266723632812
0.0,0.0
0.0,0.0
-8.245389938354492,13.228759765625
601.0825805664062,37.25352096557617
0.0,0.0
0.0,0.0
0.0,0.0
0.0,0.0
0.0,0.0
0.0,0.0
0.0,0.0
0.0,0.0
0.0,0.0
0.0,0.0
0.0,0.0
0.0,0.0
0.0,0.0
0.0,0.0
0.0,0.0
0.0,0.0
0.0,0.0
0.0,0.0
-7.826428413391113,22.17022705078125
-3.799999952316284,16.10796546936035
0.0,0.0
0.0,0.0
0.0,0.0
0.0,0.0
0.0,0.0
0.0,0.0
-7.839696407318115,20.861225128173828
26.649444580078125,664.72998046875
0.0,0.0
0.0,0.0
-8.130385398864746,18.39653778076172
-2.0,500.0
0.0,0.0
0.0,0.0
0.0,0.0
0.0,0.0
0.0,0.0
0.0,0.0
0.0,0.0
0.0,0.0
0.0,0.0
0.0,0.0
0.0,0.0
0.0,0.0
0.0,0.0
0.0,0.0
0.0,0.0
0.0,0.0
0.0,0.0
0.0,0.0
0.0,0.0
0.0,0.0
0.0,0.0
0.0,0.0
0.0,0.0
0.0,0.0
0.0,0.0
0.0,0.0
0.0,0.0
0.0,0.0
0.0,0.0
0.0,0.0
0.0,0.0
0.0,0.0
0.0,0.0
0.0,0.0
0.0,0.0
0.0,0.0
0.0,0.0
0.0,0.0
0.0,0.0
0.0,0.0
0.0,0.0
0.0,0.0
0.0,0.0
0.0,0.0
0.0,0.0
0.0,0.0
0.0,0.0
0.0,0.0
0.0,0.0
0.0,0.0
0.0,0.0
0.0,0.0
0.0,0.0
0.0,0.0
0.0,0.0
0.0,0.0
0.0,0.0
0.0,0.0
0.0,0.0
0.0,0.0
0.0,0.0
0.0,0.0
0.0,0.0
0.0,0.0
-9.28884506225586,7.6263604164123535
-20.54501724243164,13.952568054199219
11.111105918884277,-8.253195762634277
0.0,0.0
0.0,0.0
0.0,0.0
5.369321823120117,-0.9463067650794983
0.0,0.0
-9.542610168457031,4.556996822357178
-19.732404708862305,-7.635501384735107
11.111105918884277,-5.015803337097168
0.0,0.0
0.0,0.0
0.0,0.0
7.850525379180908,-2.642139196395874
0.0,0.0
0.0,0.0
0.0,0.0
11.102542877197266,-3.5021779537200928
0.0,0.0
0.0,0.0
0.0,0.0
7.850525379180908,-2.6497931480407715
0.0,0.0
0.0,0.0
0.0,0.0
11.111105918884277,-8.075736999511719
100.6175308227539,8.604887008666992
0.0,0.0
0.0,0.0
10.240397453308105,-0.472297728061676
0.0,0.0
-96.45105743408203,36.60301208496094
-117.19125366210938,-114.7402114868164
-95.07766723632812,68.22920227050781
-20.509445190429688,38.6503791809082
-105.418701171875,77.99360656738281
-84.43196105957031,-74.49251556396484
-10.0,34.916709899902344
-11.0,10.099100112915039
-96.6736068725586,34.047821044921875
-114.25172424316406,7.344821453094482
-92.65473937988281,61.02290725708008
-44.38970184326172,18.544326782226562
-98.8329086303711,67.55899810791016
-105.99372863769531,16.493764877319336
-45.09222412109375,76.1585464477539
-37.32040786743164,36.23741912841797
0.0,0.0
0.0,0.0
-39.367916107177734,61.43978500366211
-20.790000915527344,45.951629638671875
0.0,0.0
0.0,0.0
-10.0,41.77420425415039
-11.0,30.11910057067871
0.0,0.0
0.0,0.0
-87.3430404663086,90.57706451416016
-20.524595260620117,67.24576568603516
0.0,0.0
0.0,0.0
-39.109107971191406,84.29064178466797
-20.59880828857422,31.826526641845703
0.0,0.0
0.0,0.0
0.0,0.0
0.0,0.0
0.0,0.0
0.0,0.0
0.0,0.0
0.0,0.0
0.0,0.0
0.0,0.0
0.0,0.0
0.0,0.0
0.0,0.0
0.0,0.0
0.0,0.0
0.0,0.0
0.0,0.0
0.0,0.0
0.0,0.0
0.0,0.0
0.0,0.0
0.0,0.0
0.0,0.0
0.0,0.0
0.0,0.0
0.0,0.0
0.0,0.0
0.0,0.0
0.0,0.0
0.0,0.0
0.0,0.0
0.0,0.0
0.0,0.0
0.0,0.0
0.0,0.0
0.0,0.0
0.0,0.0
0.0,0.0
0.0,0.0
0.0,0.0
0.0,0.0
0.0,0.0
0.0,0.0
0.0,0.0
0.0,0.0
0.0,0.0
0.0,0.0
0.0,0.0
0.0,0.0
0.0,0.0
0.0,0.0
0.0,0.0
0.0,0.0
0.0,0.0
0.0,0.0
0.0,0.0
0.0,0.0
0.0,0.0
0.0,0.0
0.0,0.0
0.0,0.0
0.0,0.0
0.0,0.0
0.0,0.0
0.0,0.0
0.0,0.0
-8.887418746948242,11.024040222167969
0.0,0.0
0.0,0.0
0.0,0.0
0.0,0.0
0.0,0.0
11.111163139343262,6.12265157699585
0.0,0.0
11.111105918884277,7.093056678771973
0.0,0.0
0.0,0.0
0.0,0.0
10.240407943725586,1.0099999904632568
0.0,0.0
0.0,0.0
0.0,0.0
-10.18480396270752,-1.8484464883804321
0.0,0.0
0.0,0.0
0.0,0.0
0.0,0.0
0.0,0.0
10.154282569885254,-3.192660331726074
0.0,0.0
11.111105918884277,-6.05226469039917
0.0,0.0
0.0,0.0
0.0,0.0
11.111105918884277,-2.6084330081939697
0.0,0.0
0.0,0.0
0.0,0.0
-5.219350337982178,3.3934547901153564
0.0,0.0
0.0,0.0
0.0,0.0
0.0,0.0
0.0,0.0
11.111105918884277,8.128872871398926
0.0,0.0
11.111105918884277,8.537154197692871
0.0,0.0
0.0,0.0
0.0,0.0
7.173681259155273,1.063563346862793
0.0,0.0
0.0,0.0
0.0,0.0
-9.091533660888672,7.319372177124023
0.0,0.0
0.0,0.0
0.0,0.0
0.0,0.0
0.0,0.0
5.369321823120117,-0.03358294442296028
0.0,0.0
11.111105918884277,-7.876532077789307
0.0,0.0
0.0,0.0
0.0,0.0
11.111105918884277,3.4809391498565674
0.0,0.0
0.0,0.0
0.0,0.0
0.0,0.0
0.0,0.0
0.0,0.0
0.0,0.0
0.0,0.0
0.0,0.0
0.0,0.0
0.0,0.0
0.0,0.0
0.0,0.0
0.0,0.0
0.0,0.0
0.0,0.0
0.0,0.0
0.0,0.0
0.0,0.0
1.2000012397766113,109.68954467773438
-12.138935089111328,437.1739807128906
0.0,0.0
0.0,0.0
0.0,0.0
0.0,0.0
0.0,0.0
0.0,0.0
2.060582160949707,118.05349731445312
-9.203451156616211,66.70387268066406
0.0,0.0
0.0,0.0
0.0,0.0
0.0,0.0
0.0,0.0
0.0,0.0
0.0,0.0
0.0,0.0
0.0,0.0
0.0,0.0
0.0,0.0
0.0,0.0
0.0,0.0
0.0,0.0
0.0,0.0
0.0,0.0
0.0,0.0
0.0,0.0
0.0,0.0
0.0,0.0
0.0,0.0
0.0,0.0
148.77365112304688,214.80247497558594
15.682439804077148,106.25813293457031
0.0,0.0
0.0,0.0
1221.8245849609375,553.9841918945312
500.0,0.0
0.0,0.0
0.0,0.0
4.978865623474121,121.88816833496094
1.983452558517456,142.33949279785156
0.0,0.0
0.0,0.0
58.72184753417969,2561.25634765625
0.0,0.0
0.0,0.0
0.0,0.0
0.0,0.0
0.0,0.0
0.0,0.0
0.0,0.0
0.0,0.0
0.0,0.0
0.0,0.0
0.0,0.0
0.0,0.0
0.0,0.0
0.0,0.0
0.0,0.0
0.0,0.0
0.0,0.0
0.0,0.0
0.0,0.0
0.0,0.0
0.0,0.0
0.0,0.0
0.0,0.0
0.0,0.0
0.0,0.0
0.0,0.0
0.0,0.0
0.0,0.0
0.0,0.0
0.0,0.0
0.0,0.0
0.0,0.0
0.0,0.0
0.0,0.0
0.0,0.0
0.0,0.0
0.0,0.0
0.0,0.0
0.0,0.0
0.0,0.0
0.0,0.0
0.0,0.0
0.0,0.0
0.0,0.0
0.0,0.0
0.0,0.0
0.0,0.0
0.0,0.0
0.0,0.0
0.0,0.0
0.0,0.0
0.0,0.0
0.0,0.0
0.0,0.0
0.0,0.0
0.0,0.0
0.0,0.0
0.0,0.0
0.0,0.0
0.0,0.0
0.0,0.0
0.0,0.0
0.0,0.0
0.0,0.0
0.0,0.0
0.0,0.0
0.0,0.0
0.0,0.0
0.0,0.0
0.0,0.0
0.0,0.0
0.0,0.0
0.0,0.0
0.0,0.0
0.0,0.0
0.0,0.0
0.0,0.0
0.0,0.0
0.0,0.0
0.0,0.0
0.0,0.0
0.0,0.0
0.0,0.0
-4.44444465637207,55.55553436279297
-13.26346206665039,241.72479248046875
0.0,0.0
0.0,0.0
0.0,0.0
0.0,0.0
0.0,0.0
0.0,0.0
-4.44444465637207,55.55553436279297
-13.208328247070312,66.66670227050781
0.0,0.0
0.0,0.0
0.0,0.0
0.0,0.0
0.0,0.0
0.0,0.0
0.0,0.0
0.0,0.0
0.0,0.0
0.0,0.0
0.0,0.0
0.0,0.0
0.0,0.0
0.0,0.0
0.0,0.0
0.0,0.0
0.0,0.0
0.0,0.0
0.0,0.0
0.0,0.0
0.0,0.0
0.0,0.0
-4.443095684051514,55.55557632446289
-13.255532264709473,66.6666259765625
0.0,0.0
0.0,0.0
0.0,0.0
0.0,0.0
0.0,0.0
0.0,0.0
-4.444282054901123,55.5571403503418
-13.333091735839844,66.6666259765625
0.0,0.0
0.0,0.0
0.0,0.0
0.0,0.0
0.0,0.0
0.0,0.0
0.0,0.0
0.0,0.0
0.0,0.0
0.0,0.0
0.0,0.0
0.0,0.0
0.0,0.0
0.0,0.0
0.0,0.0
0.0,0.0
0.0,0.0
0.0,0.0
0.0,0.0
0.0,0.0
0.0,0.0
0.0,0.0
0.0,0.0
0.0,0.0
0.0,0.0
0.0,0.0
0.0,0.0
0.0,0.0
0.0,0.0
0.0,0.0
0.0,0.0
0.0,0.0
0.0,0.0
0.0,0.0
0.0,0.0
0.0,0.0
0.0,0.0
0.0,0.0
0.0,0.0
0.0,0.0
0.0,0.0
0.0,0.0
0.0,0.0
0.0,0.0
0.0,0.0
0.0,0.0
0.0,0.0
0.0,0.0
0.0,0.0
0.0,0.0
0.0,0.0
0.0,0.0
0.0,0.0
0.0,0.0
0.0,0.0
0.0,0.0
0.0,0.0
0.0,0.0
0.0,0.0
0.0,0.0
0.0,0.0
0.0,0.0
0.0,0.0
0.0,0.0
0.0,0.0
0.0,0.0
0.0,0.0
0.0,0.0
-8.876717567443848,11.111105918884277
-2.0,9.6029052734375
11.111019134521484,-5.897221565246582
0.0,0.0
0.0,0.0
0.0,0.0
0.0,0.0
0.0,0.0
-8.873359680175781,11.111116409301758
-6.524843215942383,18.152801513671875
10.95166301727295,-3.719651222229004
0.0,0.0
0.0,0.0
0.0,0.0
0.0,0.0
0.0,0.0
-8.743511199951172,11.111105918884277
-5.381800174713135,9.6029052734375
11.171710014343262,-8.756696701049805
0.0,0.0
0.0,0.0
0.0,0.0
0.0,0.0
0.0,0.0
-8.880359649658203,11.111116409301758
-6.389594078063965,19.155624389648438
11.111116409301758,-8.888883590698242
0.0,0.0
0.0,0.0
0.0,0.0
0.0,0.0
0.0,0.0
-88.29176330566406,111.11115264892578
-10.61591625213623,45.951629638671875
-87.41747283935547,111.11106872558594
0.0,45.951629638671875
-18.519855499267578,58.8608283996582
0.0,0.0
0.0,0.0
0.0,0.0
-88.87594604492188,111.11106872558594
-44.041908264160156,101.85478210449219
-64.9345932006836,111.05764770507812
0.0,0.0
-18.582258224487305,53.69321823120117
0.0,0.0
0.0,0.0
0.0,0.0
-88.24373626708984,111.11106872558594
-10.540483474731445,64.74691772460938
-88.27696228027344,111.11160278320312
-83.49388885498047,122.26258850097656
-26.909000396728516,34.916709899902344
0.0,0.0
22.81853485107422,108.43560028076172
0.0,0.0
-88.87643432617188,111.11106872558594
-35.22126770019531,109.51228332519531
-88.71183013916016,111.11160278320312
-89.67127227783203,122.22119903564453
0.0,78.50525665283203
0.0,0.0
-27.77594566345215,144.48153686523438
0.0,0.0
0.0,0.0
0.0,0.0
0.0,0.0
0.0,0.0
0.0,0.0
0.0,0.0
0.0,0.0
0.0,0.0
0.0,0.0
0.0,0.0
0.0,0.0
0.0,0.0
0.0,0.0
0.0,0.0
0.0,0.0
0.0,0.0
0.0,0.0
0.0,0.0
0.0,0.0
0.0,0.0
0.0,0.0
0.0,0.0
0.0,0.0
0.0,0.0
0.0,0.0
0.0,0.0
0.0,0.0
0.0,0.0
0.0,0.0
0.0,0.0
0.0,0.0
0.0,0.0
0.0,0.0
0.0,0.0
0.0,0.0
0.0,0.0
0.0,0.0
0.0,0.0
0.0,0.0
0.0,0.0
0.0,0.0
0.0,0.0
0.0,0.0
0.0,0.0
0.0,0.0
0.0,0.0
0.0,0.0
0.0,0.0
0.0,0.0
0.0,0.0
0.0,0.0
0.0,0.0
0.0,0.0
0.0,0.0
0.0,0.0
0.0,0.0
0.0,0.0
0.0,0.0
0.0,0.0
0.0,0.0
0.0,0.0
0.0,0.0
0.0,0.0
0.0,0.0
0.0,0.0
0.0,0.0
-1.8809000253677368,2.738100051879883
0.0,0.0
0.0,0.0
0.0,0.0
0.0,0.0
0.0,0.0
11.102542877197266,-5.185744285583496
0.0,0.0
5.886082649230957,-2.596531391143799
0.0,0.0
0.0,0.0
0.0,0.0
0.0,0.0
0.0,0.0
0.0,0.0
0.0,0.0
-8.888901710510254,11.111041069030762
0.0,0.0
0.0,0.0
0.0,0.0
0.0,0.0
0.0,0.0
11.105764389038086,-7.594493865966797
0.0,0.0
11.111105918884277,-8.888883590698242
0.0,0.0
0.0,0.0
0.0,0.0
0.0,0.0
0.0,0.0
0.0,0.0
0.0,0.0
0.0,0.0
0.0,0.0
0.0,0.0
0.0,0.0
0.0,0.0
0.0,0.0
0.0,0.0
0.0,0.0
1.909999966621399,0.0
0.0,0.0
0.0,0.0
0.0,0.0
0.0,0.0
0.0,0.0
0.0,0.0
0.0,0.0
0.0,7.528049945831299
0.0,0.0
0.0,0.0
0.0,0.0
0.0,0.0
0.0,0.0
0.0,-1.0
0.0,0.0
11.111105918884277,-8.831127166748047
0.0,0.0
0.0,0.0
0.0,0.0
0.0,0.0
0.0,0.0
0.0,0.0
0.0,0.0
0.0,0.0
0.0,0.0
0.0,0.0
0.0,0.0
0.0,0.0
0.0,0.0
0.0,0.0
0.0,0.0
0.0,0.0
0.0,0.0
0.0,0.0
0.0,0.0
0.0,0.0
0.0,0.0
0.0,0.0
0.0,0.0
0.0,0.0
0.0,0.0
0.0,0.0
0.0,0.0
0.0,0.0
0.0,0.0
0.0,0.0
0.0,0.0
0.0,0.0
0.0,0.0
0.0,0.0
0.0,0.0
0.0,0.0
0.0,0.0
0.0,0.0
0.0,0.0
0.0,0.0
0.0,0.0
0.0,0.0
0.0,0.0
0.0,0.0
0.0,0.0
0.0,0.0
0.0,0.0
0.0,0.0
0.0,0.0
0.0,0.0
0.0,0.0
0.0,0.0
0.0,0.0
0.0,0.0
0.0,0.0
0.0,0.0
0.0,0.0
0.0,0.0
0.0,0.0
0.0,0.0
0.0,0.0
0.0,0.0
0.0,0.0
0.0,0.0
0.0,0.0
0.0,0.0
0.0,0.0
0.0,0.0
0.0,0.0
