-10.492569923400879,20.00332260131836
0.0,0.0
0.0,0.0
0.0,0.0
0.0,0.0
0.0,0.0
0.0,0.0
0.0,0.0
0.0,0.0
0.0,0.0
0.0,0.0
0.0,0.0
0.0,0.0
0.0,0.0
0.0,0.0
0.0,0.0
0.0,0.0
0.0,0.0
-7.635544776916504,22.54558563232422
-10.61995792388916,31.98348045349121
0.0,0.0
0.0,0.0
0.0,0.0
0.0,0.0
0.0,0.0
0.0,0.0
-7.7016215324401855,22.412166595458984
-7.211276531219482,32.1049690246582
0.0,0.0
0.0,0.0
0.0,0.0
0.0,0.0
0.0,0.0
0.0,0.0
0.0,0.0
0.0,0.0
0.0,0.0
0.0,0.0
0.0,0.0
0.0,0.0
0.0,0.0
0.0,0.0
0.0,0.0
0.0,0.0
0.0,0.0
0.0,0.0
0.0,0.0
0.0,0.0
0.0,0.0
0.0,0.0
-7.782761096954346,22.150537490844727
0.0,0.0
0.0,0.0
0.0,0.0
-7.399078369140625,21.924362182617188
0.0,0.0
0.0,0.0
0.0,0.0
-7.775854587554932,22.222211837768555
0.0,0.0
0.0,0.0
0.0,0.0
-1.0,9.6029052734375
0.0,0.0
0.0,0.0
0.0,0.0
0.0,0.0
0.0,0.0
0.0,0.0
0.0,0.0
0.0,0.0
0.0,0.0
0.0,0.0
0.0,0.0
0.0,0.0
0.0,0.0
0.0,0.0
0.0,0.0
0.0,0.0
0.0,0.0
0.0,0.0
0.0,0.0
-7.744298458099365,22.222211837768555
-8.27119255065918,29.524158477783203
0.0,0.0
0.0,0.0
-4.725243091583252,21.981910705566406
0.0,0.0
0.0,0.0
0.0,0.0
-7.776766777038574,22.222211837768555
-14.064216613769531,33.4824333190918
0.0,0.0
0.0,0.0
-6.017528533935547,19.79216957092285
495.7125244140625,29.15354347229004
0.0,0.0
0.0,0.0
0.0,0.0
0.0,0.0
0.0,0.0
0.0,0.0
0.0,0.0
0.0,0.0
0.0,0.0
0.0,0.0
0.0,0.0
0.0,0.0
0.0,0.0
0.0,0.0
0.0,0.0
0.0,0.0
0.0,0.0
0.0,0.0
-3.072432279586792,20.11930274963379
-10.398517608642578,31.170217514038086
0.0,0.0
0.0,0.0
-2.4521124362945557,15.701050758361816
0.0,0.0
0.0,0.0
0.0,0.0
-7.709165096282959,22.221542358398438
-15.187806129455566,33.33131408691406
0.0,0.0
0.0,0.0
-6.1709699630737305,22.129180908203125
-2.0,25.233060836791992
0.0,0.0
0.0,0.0
0.0,0.0
0.0,0.0
0.0,0.0
0.0,0.0
0.0,0.0
0.0,0.0
0.0,0.0
0.0,0.0
0.0,0.0
0.0,0.0
0.0,0.0
0.0,0.0
0.0,0.0
0.0,0.0
0.0,0.0
0.0,0.0
-7.699778079986572,22.33316993713379
-16.370683670043945,33.338966369628906
0.0,0.0
0.0,0.0
0.0,0.0
0.0,0.0
0.0,0.0
0.0,0.0
-7.73320198059082,22.416025161743164
-14.778580665588379,33.332618713378906
0.0,0.0
0.0,0.0
-3.2475266456604004,9.6029052734375
0.0,0.0
0.0,0.0
0.0,0.0
0.0,0.0
0.0,0.0
0.0,0.0
0.0,0.0
0.0,0.0
0.0,0.0
0.0,0.0
0.0,0.0
0.0,0.0
0.0,0.0
0.0,0.0
0.0,0.0
0.0,0.0
0.0,0.0
0.0,0.0
0.0,0.0
0.0,0.0
0.0,0.0
0.0,0.0
0.0,0.0
0.0,0.0
0.0,0.0
0.0,0.0
0.0,0.0
0.0,0.0
0.0,0.0
0.0,0.0
0.0,0.0
0.0,0.0
0.0,0.0
0.0,0.0
0.0,0.0
0.0,0.0
0.0,0.0
0.0,0.0
0.0,0.0
0.0,0.0
0.0,0.0
0.0,0.0
0.0,0.0
0.0,0.0
0.0,0.0
0.0,0.0
0.0,0.0
0.0,0.0
0.0,0.0
0.0,0.0
0.0,0.0
-7.812044620513916,21.882648468017578
-8.661110877990723,38.22419738769531
0.0,0.0
0.0,0.0
0.0,0.0
0.0,0.0
0.0,0.0
0.0,0.0
-7.815759658813477,22.032129287719727
-2.8414220809936523,457.3424377441406
0.0,0.0
0.0,0.0
-7.934034824371338,19.862354278564453
500.0,0.0
0.0,0.0
0.0,0.0
0.0,0.0
0.0,0.0
0.0,0.0
0.0,0.0
0.0,0.0
0.0,0.0
0.0,0.0
0.0,0.0
0.0,0.0
0.0,0.0
0.0,0.0
0.0,0.0
0.0,0.0
0.0,0.0
0.0,0.0
0.0,0.0
-7.777784824371338,22.222211837768555
0.0,0.0
0.0,0.0
0.0,0.0
0.0,0.0
0.0,0.0
0.0,0.0
0.0,0.0
-7.887585639953613,21.70783805847168
65.73961639404297,560.9046630859375
0.0,0.0
0.0,0.0
-7.642412185668945,16.60015296936035
0.0,0.0
0.0,0.0
0.0,0.0
0.0,0.0
0.0,0.0
0.0,0.0
0.0,0.0
0.0,0.0
0.0,0.0
0.0,0.0
0.0,0.0
0.0,0.0
0.0,0.0
0.0,0.0
0.0,0.0
0.0,0.0
0.0,0.0
0.0,0.0
0.0,0.0
0.0,0.0
0.0,0.0
0.0,0.0
0.0,0.0
0.0,0.0
0.0,0.0
0.0,0.0
0.0,0.0
0.0,0.0
0.0,0.0
0.0,0.0
0.0,0.0
0.0,0.0
0.0,0.0
0.0,0.0
0.0,0.0
0.0,0.0
0.0,0.0
0.0,0.0
0.0,0.0
0.0,0.0
0.0,0.0
0.0,0.0
0.0,0.0
0.0,0.0
0.0,0.0
0.0,0.0
0.0,0.0
0.0,0.0
0.0,0.0
0.0,0.0
0.0,0.0
0.0,0.0
0.0,0.0
0.0,0.0
0.0,0.0
0.0,0.0
0.0,0.0
0.0,0.0
0.0,0.0
0.0,0.0
0.0,0.0
0.0,0.0
0.0,0.0
0.0,0.0
0.0,0.0
-9.924544334411621,7.824069499969482
-18.671030044555664,-16.841552734375
11.111105918884277,-4.564523220062256
0.0,0.0
0.0,0.0
0.0,0.0
1.0,0.0
0.0,0.0
-9.792579650878906,1.4798431396484375
-13.034194946289062,12.050783157348633
11.111105918884277,0.5169234871864319
0.0,0.0
0.0,0.0
0.0,0.0
1.0,-1.0
0.0,0.0
0.0,0.0
0.0,0.0
8.65402889251709,-1.7569316625595093
0.0,0.0
0.0,0.0
0.0,0.0
1.909999966621399,-0.9900000095367432
0.0,0.0
0.0,0.0
0.0,0.0
11.11091423034668,-6.087377071380615
0.0,0.0
0.0,0.0
0.0,0.0
4.80145263671875,0.0
0.0,0.0
-98.217041015625,106.37380981445312
-112.54910278320312,42.18408203125
-92.71598815917969,104.18571472167969
0.0,11.0
-73.15733337402344,4.062939167022705
-20.37183952331543,59.06254577636719
0.0,0.0
-11.0,0.0
-99.37797546386719,25.435771942138672
-114.39067840576172,53.54295349121094
-97.71807098388672,44.988338470458984
-11.0,16.408382415771484
-83.25100708007812,78.8327407836914
-52.815982818603516,-53.365882873535156
-26.667003631591797,34.29953384399414
-11.0,8.119100570678711
0.0,0.0
0.0,0.0
-10.0,19.100000381469727
-11.0,11.0
0.0,0.0
0.0,0.0
-10.0,0.0
-11.0,0.0
0.0,0.0
0.0,0.0
-69.72303009033203,85.93523406982422
-11.0,21.010000228881836
0.0,0.0
0.0,0.0
-26.696290969848633,26.945838928222656
-11.0,30.11910057067871
0.0,0.0
0.0,0.0
0.0,0.0
0.0,0.0
0.0,0.0
0.0,0.0
0.0,0.0
0.0,0.0
0.0,0.0
0.0,0.0
0.0,0.0
0.0,0.0
0.0,0.0
0.0,0.0
0.0,0.0
0.0,0.0
0.0,0.0
0.0,0.0
0.0,0.0
0.0,0.0
0.0,0.0
0.0,0.0
0.0,0.0
0.0,0.0
0.0,0.0
0.0,0.0
0.0,0.0
0.0,0.0
0.0,0.0
0.0,0.0
0.0,0.0
0.0,0.0
0.0,0.0
0.0,0.0
0.0,0.0
0.0,0.0
0.0,0.0
0.0,0.0
0.0,0.0
0.0,0.0
0.0,0.0
0.0,0.0
0.0,0.0
0.0,0.0
0.0,0.0
0.0,0.0
0.0,0.0
0.0,0.0
0.0,0.0
0.0,0.0
0.0,0.0
0.0,0.0
0.0,0.0
0.0,0.0
0.0,0.0
0.0,0.0
0.0,0.0
0.0,0.0
0.0,0.0
0.0,0.0
0.0,0.0
0.0,0.0
0.0,0.0
0.0,0.0
0.0,0.0
0.0,0.0
-4.577850818634033,7.571401119232178
0.0,0.0
0.0,0.0
0.0,0.0
0.0,0.0
0.0,0.0
11.111105918884277,3.9474000930786133
0.0,0.0
11.111105918884277,-1.1332730054855347
0.0,0.0
0.0,0.0
0.0,0.0
1.910099983215332,1.0099999904632568
0.0,0.0
0.0,0.0
0.0,0.0
-10.189679145812988,-1.9190689325332642
0.0,0.0
0.0,0.0
0.0,0.0
0.0,0.0
0.0,0.0
1.909999966621399,0.0
0.0,0.0
11.111105918884277,-5.6061506271362305
0.0,0.0
0.0,0.0
0.0,0.0
11.086932182312012,-4.8207526206970215
0.0,0.0
0.0,0.0
0.0,0.0
-1.0,1.909999966621399
0.0,0.0
0.0,0.0
0.0,0.0
0.0,0.0
0.0,0.0
11.111105918884277,7.297123908996582
0.0,0.0
11.111105918884277,4.9680328369140625
0.0,0.0
0.0,0.0
0.0,0.0
2.738100051879883,0.0
0.0,0.0
0.0,0.0
0.0,0.0
-3.4751999378204346,-0.738099992275238
0.0,0.0
0.0,0.0
0.0,0.0
0.0,0.0
0.0,0.0
3.491671085357666,1.0273809432983398
0.0,0.0
11.111105918884277,-8.149552345275879
0.0,0.0
0.0,0.0
0.0,0.0
10.3900728225708,-2.1223669052124023
0.0,0.0
0.0,0.0
0.0,0.0
0.0,0.0
0.0,0.0
0.0,0.0
0.0,0.0
0.0,0.0
0.0,0.0
0.0,0.0
0.0,0.0
0.0,0.0
0.0,0.0
0.0,0.0
0.0,0.0
0.0,0.0
0.0,0.0
0.0,0.0
0.0,0.0
0.8384705185890198,163.13844299316406
-1.5703144073486328,102.15709686279297
0.0,0.0
0.0,0.0
0.0,0.0
0.0,0.0
0.0,0.0
0.0,0.0
134.1428680419922,375.3625793457031
-12.966550827026367,66.66670227050781
0.0,0.0
0.0,0.0
0.0,0.0
0.0,0.0
0.0,0.0
0.0,0.0
0.0,0.0
0.0,0.0
0.0,0.0
0.0,0.0
0.0,0.0
0.0,0.0
0.0,0.0
0.0,0.0
0.0,0.0
0.0,0.0
0.0,0.0
0.0,0.0
0.0,0.0
0.0,0.0
0.0,0.0
0.0,0.0
2.66092586517334,69.48003387451172
4.904761791229248,614.707275390625
0.0,0.0
0.0,0.0
1123.2369384765625,9.550000190734863
0.0,0.0
0.0,0.0
0.0,0.0
42.9478645324707,108.88963317871094
-12.079071044921875,66.66670227050781
0.0,0.0
0.0,0.0
0.0,918.5999755859375
0.0,0.0
0.0,0.0
0.0,0.0
0.0,0.0
0.0,0.0
0.0,0.0
0.0,0.0
0.0,0.0
0.0,0.0
0.0,0.0
0.0,0.0
0.0,0.0
0.0,0.0
0.0,0.0
0.0,0.0
0.0,0.0
0.0,0.0
0.0,0.0
0.0,0.0
0.0,0.0
0.0,0.0
0.0,0.0
0.0,0.0
0.0,0.0
0.0,0.0
0.0,0.0
0.0,0.0
0.0,0.0
0.0,0.0
0.0,0.0
0.0,0.0
0.0,0.0
0.0,0.0
0.0,0.0
0.0,0.0
0.0,0.0
0.0,0.0
0.0,0.0
0.0,0.0
0.0,0.0
0.0,0.0
0.0,0.0
0.0,0.0
0.0,0.0
0.0,0.0
0.0,0.0
0.0,0.0
0.0,0.0
0.0,0.0
0.0,0.0
0.0,0.0
0.0,0.0
0.0,0.0
0.0,0.0
0.0,0.0
0.0,0.0
0.0,0.0
0.0,0.0
0.0,0.0
0.0,0.0
0.0,0.0
0.0,0.0
0.0,0.0
0.0,0.0
0.0,0.0
0.0,0.0
0.0,0.0
0.0,0.0
0.0,0.0
0.0,0.0
0.0,0.0
0.0,0.0
0.0,0.0
0.0,0.0
0.0,0.0
0.0,0.0
0.0,0.0
0.0,0.0
0.0,0.0
0.0,0.0
0.0,0.0
0.0,0.0
0.0,0.0
-4.44444465637207,55.55553436279297
-5.576627731323242,83.21064758300781
0.0,0.0
0.0,0.0
0.0,0.0
0.0,0.0
0.0,0.0
0.0,0.0
-4.44444465637207,55.55553436279297
-13.063227653503418,66.6666259765625
0.0,0.0
0.0,0.0
0.0,0.0
0.0,0.0
0.0,0.0
0.0,0.0
0.0,0.0
0.0,0.0
0.0,0.0
0.0,0.0
0.0,0.0
0.0,0.0
0.0,0.0
0.0,0.0
0.0,0.0
0.0,0.0
0.0,0.0
0.0,0.0
0.0,0.0
0.0,0.0
0.0,0.0
0.0,0.0
-4.293585777282715,55.55546951293945
-10.549173355102539,60.925697326660156
0.0,0.0
0.0,0.0
0.0,0.0
0.0,0.0
0.0,0.0
0.0,0.0
-4.44444465637207,55.55553436279297
-12.736611366271973,66.66606140136719
0.0,0.0
0.0,0.0
0.0,0.0
0.0,0.0
0.0,0.0
0.0,0.0
0.0,0.0
0.0,0.0
0.0,0.0
0.0,0.0
0.0,0.0
0.0,0.0
0.0,0.0
0.0,0.0
0.0,0.0
0.0,0.0
0.0,0.0
0.0,0.0
0.0,0.0
0.0,0.0
0.0,0.0
0.0,0.0
0.0,0.0
0.0,0.0
0.0,0.0
0.0,0.0
0.0,0.0
0.0,0.0
0.0,0.0
0.0,0.0
0.0,0.0
0.0,0.0
0.0,0.0
0.0,0.0
0.0,0.0
0.0,0.0
0.0,0.0
0.0,0.0
0.0,0.0
0.0,0.0
0.0,0.0
0.0,0.0
0.0,0.0
0.0,0.0
0.0,0.0
0.0,0.0
0.0,0.0
0.0,0.0
0.0,0.0
0.0,0.0
0.0,0.0
0.0,0.0
0.0,0.0
0.0,0.0
0.0,0.0
0.0,0.0
0.0,0.0
0.0,0.0
0.0,0.0
0.0,0.0
0.0,0.0
0.0,0.0
0.0,0.0
0.0,0.0
0.0,0.0
0.0,0.0
0.0,0.0
0.0,0.0
-6.348576545715332,11.068531036376953
-2.0,3.819999933242798
10.3900728225708,-3.2553746700286865
0.0,0.0
0.0,0.0
0.0,0.0
0.0,0.0
0.0,0.0
-4.153257369995117,12.196202278137207
-2.0,2.0
7.528049945831299,-0.98089998960495
0.0,0.0
0.0,0.0
0.0,0.0
0.0,0.0
0.0,0.0
-6.49895715713501,11.064319610595703
-3.799999952316284,3.819999933242798
13.712809562683105,-3.3709797859191895
0.0,0.0
0.0,0.0
0.0,0.0
0.0,0.0
0.0,0.0
-8.526050567626953,11.109542846679688
-2.0,2.0
11.111116409301758,-8.888325691223145
0.0,0.0
0.0,0.0
0.0,0.0
0.0,0.0
0.0,0.0
-73.25092315673828,109.51663208007812
0.0,30.11910057067871
-59.797603607177734,104.88754272460938
0.0,0.0
-10.0,10.0
0.0,0.0
0.0,0.0
0.0,0.0
-73.2335433959961,97.35234832763672
-29.809999465942383,38.408382415771484
-26.423404693603516,84.11019897460938
0.0,0.0
-10.0,19.100000381469727
0.0,0.0
0.0,0.0
0.0,0.0
-65.64881896972656,109.90955352783203
0.0,30.11910057067871
-88.9676284790039,111.11106872558594
-58.44734191894531,111.69712829589844
-19.0,0.0
0.0,0.0
35.40886306762695,73.5924301147461
0.0,0.0
-82.32775115966797,97.31280517578125
-10.890000343322754,59.06254577636719
-94.70394134521484,101.3406982421875
-62.18760299682617,116.78326416015625
0.0,27.381000518798828
0.0,0.0
-18.7261905670166,27.381000518798828
0.0,0.0
0.0,0.0
0.0,0.0
0.0,0.0
0.0,0.0
0.0,0.0
0.0,0.0
0.0,0.0
0.0,0.0
0.0,0.0
0.0,0.0
0.0,0.0
0.0,0.0
0.0,0.0
0.0,0.0
0.0,0.0
0.0,0.0
0.0,0.0
0.0,0.0
0.0,0.0
0.0,0.0
0.0,0.0
0.0,0.0
0.0,0.0
0.0,0.0
0.0,0.0
0.0,0.0
0.0,0.0
0.0,0.0
0.0,0.0
0.0,0.0
0.0,0.0
0.0,0.0
0.0,0.0
0.0,0.0
0.0,0.0
0.0,0.0
0.0,0.0
0.0,0.0
0.0,0.0
0.0,0.0
0.0,0.0
0.0,0.0
0.0,0.0
0.0,0.0
0.0,0.0
0.0,0.0
0.0,0.0
0.0,0.0
0.0,0.0
0.0,0.0
0.0,0.0
0.0,0.0
0.0,0.0
0.0,0.0
0.0,0.0
0.0,0.0
0.0,0.0
0.0,0.0
0.0,0.0
0.0,0.0
0.0,0.0
0.0,0.0
0.0,0.0
0.0,0.0
0.0,0.0
0.0,0.0
0.0,0.0
0.0,0.0
0.0,0.0
0.0,0.0
0.0,0.0
0.0,0.0
8.65402889251709,-3.219499111175537
0.0,0.0
1.909999966621399,0.0
0.0,0.0
0.0,0.0
0.0,0.0
0.0,0.0
0.0,0.0
0.0,0.0
0.0,0.0
-8.888894081115723,11.111105918884277
0.0,0.0
0.0,0.0
0.0,0.0
0.0,0.0
0.0,0.0
9.076400756835938,-3.167956590652466
0.0,0.0
11.111105918884277,-8.888885498046875
0.0,0.0
0.0,0.0
0.0,0.0
0.0,0.0
0.0,0.0
0.0,0.0
0.0,0.0
0.0,0.0
0.0,0.0
0.0,0.0
0.0,0.0
0.0,0.0
0.0,0.0
0.0,0.0
0.0,0.0
0.0,0.0
0.0,0.0
0.0,0.0
0.0,0.0
0.0,0.0
0.0,0.0
0.0,0.0
0.0,0.0
0.0,1.0
0.0,0.0
0.0,0.0
0.0,0.0
0.0,0.0
0.0,0.0
0.0,0.0
0.0,0.0
9.715808868408203,-5.330913543701172
0.0,0.0
0.0,0.0
0.0,0.0
0.0,0.0
0.0,0.0
0.0,0.0
0.0,0.0
0.0,0.0
0.0,0.0
0.0,0.0
0.0,0.0
0.0,0.0
0.0,0.0
0.0,0.0
0.0,0.0
0.0,0.0
0.0,0.0
0.0,0.0
0.0,0.0
0.0,0.0
0.0,0.0
0.0,0.0
0.0,0.0
0.0,0.0
0.0,0.0
0.0,0.0
0.0,0.0
0.0,0.0
0.0,0.0
0.0,0.0
0.0,0.0
0.0,0.0
0.0,0.0
0.0,0.0
0.0,0.0
0.0,0.0
0.0,0.0
0.0,0.0
0.0,0.0
0.0,0.0
0.0,0.0
0.0,0.0
0.0,0.0
0.0,0.0
0.0,0.0
0.0,0.0
0.0,0.0
0.0,0.0
0.0,0.0
0.0,0.0
0.0,0.0
0.0,0.0
0.0,0.0
0.0,0.0
0.0,0.0
0.0,0.0
0.0,0.0
0.0,0.0
0.0,0.0
0.0,0.0
0.0,0.0
0.0,0.0
0.0,0.0
0.0,0.0
0.0,0.0
0.0,0.0
0.0,0.0
0.0,0.0
0.0,0.0
