-10.684930801391602,20.734704971313477
0.0,0.0
0.0,0.0
0.0,0.0
0.0,0.0
0.0,0.0
0.0,0.0
0.0,0.0
0.0,0.0
0.0,0.0
0.0,0.0
0.0,0.0
0.0,0.0
0.0,0.0
0.0,0.0
0.0,0.0
0.0,0.0
0.0,0.0
-7.481441974639893,22.452678680419922
-12.977609634399414,41.170833587646484
0.0,0.0
0.0,0.0
0.0,0.0
0.0,0.0
0.0,0.0
0.0,0.0
-7.4456915855407715,22.42734146118164
-16.495359420776367,33.33331298828125
0.0,0.0
0.0,0.0
0.0,0.0
0.0,0.0
0.0,0.0
0.0,0.0
0.0,0.0
0.0,0.0
0.0,0.0
0.0,0.0
0.0,0.0
0.0,0.0
0.0,0.0
0.0,0.0
0.0,0.0
0.0,0.0
0.0,0.0
0.0,0.0
0.0,0.0
0.0,0.0
0.0,0.0
0.0,0.0
-7.783441066741943,22.208707809448242
-8.61019229888916,32.1049690246582
0.0,0.0
0.0,0.0
-7.7777180671691895,22.222211837768555
0.0,0.0
0.0,0.0
0.0,0.0
-7.787021160125732,22.011201858520508
-2.0,0.0
0.0,0.0
0.0,0.0
-7.4937944412231445,22.222211837768555
0.0,0.0
0.0,0.0
0.0,0.0
0.0,0.0
0.0,0.0
0.0,0.0
0.0,0.0
0.0,0.0
0.0,0.0
0.0,0.0
0.0,0.0
0.0,0.0
0.0,0.0
0.0,0.0
0.0,0.0
0.0,0.0
0.0,0.0
0.0,0.0
0.0,0.0
-7.777783393859863,22.222211837768555
-16.346088409423828,33.33262634277344
0.0,0.0
0.0,0.0
-7.004031181335449,22.221952438354492
0.0,17.658248901367188
0.0,0.0
0.0,0.0
-7.833747863769531,21.58995819091797
16.388870239257812,145.12847900390625
0.0,0.0
0.0,0.0
-7.729619026184082,22.113101959228516
32.595314025878906,573.8858032226562
0.0,0.0
0.0,0.0
0.0,0.0
0.0,0.0
0.0,0.0
0.0,0.0
0.0,0.0
0.0,0.0
0.0,0.0
0.0,0.0
0.0,0.0
0.0,0.0
0.0,0.0
0.0,0.0
0.0,0.0
0.0,0.0
0.0,0.0
0.0,0.0
-7.194803237915039,20.35011863708496
-12.125777244567871,33.29585266113281
0.0,0.0
0.0,0.0
-3.9721293449401855,21.028039932250977
-10.490488052368164,31.703271865844727
0.0,0.0
0.0,0.0
-7.777761936187744,22.222211837768555
11.832103729248047,349.6860656738281
0.0,0.0
0.0,0.0
-7.7801666259765625,22.219907760620117
-1.1808534860610962,56.063262939453125
0.0,0.0
0.0,0.0
0.0,0.0
0.0,0.0
0.0,0.0
0.0,0.0
0.0,0.0
0.0,0.0
0.0,0.0
0.0,0.0
0.0,0.0
0.0,0.0
0.0,0.0
0.0,0.0
0.0,0.0
0.0,0.0
0.0,0.0
0.0,0.0
-7.553281784057617,22.33316993713379
-11.655774116516113,63.670345306396484
0.0,0.0
0.0,0.0
0.0,0.0
0.0,0.0
0.0,0.0
0.0,0.0
-7.276547431945801,22.391523361206055
-16.666648864746094,33.33331298828125
0.0,0.0
0.0,0.0
-5.792733192443848,22.144725799560547
0.0,0.0
0.0,0.0
0.0,0.0
0.0,0.0
0.0,0.0
0.0,0.0
0.0,0.0
0.0,0.0
0.0,0.0
0.0,0.0
0.0,0.0
0.0,0.0
0.0,0.0
0.0,0.0
0.0,0.0
0.0,0.0
0.0,0.0
0.0,0.0
0.0,0.0
0.0,0.0
0.0,0.0
0.0,0.0
0.0,0.0
0.0,0.0
0.0,0.0
0.0,0.0
0.0,0.0
0.0,0.0
0.0,0.0
0.0,0.0
0.0,0.0
0.0,0.0
0.0,0.0
0.0,0.0
0.0,0.0
0.0,0.0
0.0,0.0
0.0,0.0
0.0,0.0
0.0,0.0
0.0,0.0
0.0,0.0
0.0,0.0
0.0,0.0
0.0,0.0
0.0,0.0
0.0,0.0
0.0,0.0
0.0,0.0
0.0,0.0
0.0,0.0
-7.811441898345947,21.885269165039062
-5.087088584899902,450.6396789550781
0.0,0.0
0.0,0.0
0.0,0.0
0.0,0.0
0.0,0.0
0.0,0.0
-7.829320907592773,21.706417083740234
67.62747955322266,197.44471740722656
0.0,0.0
0.0,0.0
-8.32741928100586,12.485881805419922
601.0825805664062,37.25352096557617
0.0,0.0
0.0,0.0
0.0,0.0
0.0,0.0
0.0,0.0
0.0,0.0
0.0,0.0
0.0,0.0
0.0,0.0
0.0,0.0
0.0,0.0
0.0,0.0
0.0,0.0
0.0,0.0
0.0,0.0
0.0,0.0
0.0,0.0
0.0,0.0
-7.82370662689209,22.20722198486328
-3.799999952316284,16.10796546936035
0.0,0.0
0.0,0.0
0.0,0.0
0.0,0.0
0.0,0.0
0.0,0.0
-7.865572929382324,20.702342987060547
512.2959594726562,41.578636169433594
0.0,0.0
0.0,0.0
-8.127460479736328,17.836015701293945
-2.0,500.0
0.0,0.0
0.0,0.0
0.0,0.0
0.0,0.0
0.0,0.0
0.0,0.0
0.0,0.0
0.0,0.0
0.0,0.0
0.0,0.0
0.0,0.0
0.0,0.0
0.0,0.0
0.0,0.0
0.0,0.0
0.0,0.0
0.0,0.0
0.0,0.0
0.0,0.0
0.0,0.0
0.0,0.0
0.0,0.0
0.0,0.0
0.0,0.0
0.0,0.0
0.0,0.0
0.0,0.0
0.0,0.0
0.0,0.0
0.0,0.0
0.0,0.0
0.0,0.0
0.0,0.0
0.0,0.0
0.0,0.0
0.0,0.0
0.0,0.0
0.0,0.0
0.0,0.0
0.0,0.0
0.0,0.0
0.0,0.0
0.0,0.0
0.0,0.0
0.0,0.0
0.0,0.0
0.0,0.0
0.0,0.0
0.0,0.0
0.0,0.0
0.0,0.0
0.0,0.0
0.0,0.0
0.0,0.0
0.0,0.0
0.0,0.0
0.0,0.0
0.0,0.0
0.0,0.0
0.0,0.0
0.0,0.0
0.0,0.0
0.0,0.0
0.0,0.0
-9.383151054382324,4.869968414306641
-20.54501724243164,13.952568054199219
11.111105918884277,-8.408970832824707
0.0,0.0
0.0,0.0
0.0,0.0
5.369321823120117,-0.9463067650794983
0.0,0.0
-9.561552047729492,4.370882511138916
-19.732404708862305,14.966552734375
11.111105918884277,-7.071288108825684
0.0,0.0
0.0,0.0
0.0,0.0
8.143978118896484,-2.642139196395874
0.0,0.0
0.0,0.0
0.0,0.0
11.104016304016113,-3.5021779537200928
0.0,0.0
0.0,0.0
0.0,0.0
7.850525379180908,-2.6497931480407715
0.0,0.0
0.0,0.0
0.0,0.0
11.111105918884277,-8.408731460571289
91.56195068359375,8.75057315826416
0.0,0.0
0.0,0.0
10.45496654510498,-0.472297728061676
0.0,0.0
-93.61772918701172,77.6192626953125
-117.63796997070312,-117.5531997680664
-94.14344787597656,62.30418395996094
-20.509445190429688,38.6503791809082
-105.418701171875,9.221203804016113
-84.43196105957031,-74.49251556396484
-10.0,34.916709899902344
-11.0,10.099100112915039
-96.38750457763672,38.24746322631836
-113.43916320800781,55.044795989990234
-92.04251861572266,91.8158950805664
-44.38970184326172,14.366557121276855
-96.89610290527344,99.48087310791016
-105.99372863769531,16.493764877319336
-45.09222412109375,82.1668930053711
-37.32040786743164,36.23741912841797
0.0,0.0
0.0,0.0
-39.367916107177734,69.97828674316406
-20.790000915527344,45.951629638671875
0.0,0.0
0.0,0.0
-10.0,41.77420425415039
-11.0,30.11910057067871
0.0,0.0
0.0,0.0
-87.9914321899414,106.97894287109375
-20.524595260620117,72.19364929199219
0.0,0.0
0.0,0.0
-39.109107971191406,90.89997863769531
-20.59880828857422,31.826526641845703
0.0,0.0
0.0,0.0
0.0,0.0
0.0,0.0
0.0,0.0
0.0,0.0
0.0,0.0
0.0,0.0
0.0,0.0
0.0,0.0
0.0,0.0
0.0,0.0
0.0,0.0
0.0,0.0
0.0,0.0
0.0,0.0
0.0,0.0
0.0,0.0
0.0,0.0
0.0,0.0
0.0,0.0
0.0,0.0
0.0,0.0
0.0,0.0
0.0,0.0
0.0,0.0
0.0,0.0
0.0,0.0
0.0,0.0
0.0,0.0
0.0,0.0
0.0,0.0
0.0,0.0
0.0,0.0
0.0,0.0
0.0,0.0
0.0,0.0
0.0,0.0
0.0,0.0
0.0,0.0
0.0,0.0
0.0,0.0
0.0,0.0
0.0,0.0
0.0,0.0
0.0,0.0
0.0,0.0
0.0,0.0
0.0,0.0
0.0,0.0
0.0,0.0
0.0,0.0
0.0,0.0
0.0,0.0
0.0,0.0
0.0,0.0
0.0,0.0
0.0,0.0
0.0,0.0
0.0,0.0
0.0,0.0
0.0,0.0
0.0,0.0
0.0,0.0
0.0,0.0
0.0,0.0
-8.901775360107422,10.7658109664917
0.0,0.0
0.0,0.0
0.0,0.0
0.0,0.0
0.0,0.0
11.111163139343262,7.110572338104248
0.0,0.0
11.111105918884277,7.286047458648682
0.0,0.0
0.0,0.0
0.0,0.0
10.390082359313965,1.0099999904632568
0.0,0.0
0.0,0.0
0.0,0.0
-10.18480396270752,-1.8484464883804321
0.0,0.0
0.0,0.0
0.0,0.0
0.0,0.0
0.0,0.0
10.154282569885254,-3.7718515396118164
0.0,0.0
11.111105918884277,-5.9548211097717285
0.0,0.0
0.0,0.0
0.0,0.0
11.111105918884277,-2.6084330081939697
0.0,0.0
0.0,0.0
0.0,0.0
-5.219350337982178,4.720119953155518
0.0,0.0
0.0,0.0
0.0,0.0
0.0,0.0
0.0,0.0
11.111105918884277,4.513078212738037
0.0,0.0
11.111105918884277,8.003107070922852
0.0,0.0
0.0,0.0
0.0,0.0
7.528049945831299,1.063563346862793
0.0,0.0
0.0,0.0
0.0,0.0
-9.091533660888672,6.510928153991699
0.0,0.0
0.0,0.0
0.0,0.0
0.0,0.0
0.0,0.0
5.369321823120117,-0.03358294442296028
0.0,0.0
11.111105918884277,-4.952334880828857
0.0,0.0
0.0,0.0
0.0,0.0
11.111105918884277,4.930671691894531
0.0,0.0
0.0,0.0
0.0,0.0
0.0,0.0
0.0,0.0
0.0,0.0
0.0,0.0
0.0,0.0
0.0,0.0
0.0,0.0
0.0,0.0
0.0,0.0
0.0,0.0
0.0,0.0
0.0,0.0
0.0,0.0
0.0,0.0
0.0,0.0
0.0,0.0
10.964364051818848,113.89469909667969
-9.50052547454834,73.13893127441406
0.0,0.0
0.0,0.0
0.0,0.0
0.0,0.0
0.0,0.0
0.0,0.0
24.795106887817383,115.50125885009766
-12.593588829040527,66.66780090332031
0.0,0.0
0.0,0.0
0.0,0.0
0.0,0.0
0.0,0.0
0.0,0.0
0.0,0.0
0.0,0.0
0.0,0.0
0.0,0.0
0.0,0.0
0.0,0.0
0.0,0.0
0.0,0.0
0.0,0.0
0.0,0.0
0.0,0.0
0.0,0.0
0.0,0.0
0.0,0.0
0.0,0.0
0.0,0.0
7.834186553955078,273.2672119140625
4.073580741882324,135.11611938476562
0.0,0.0
0.0,0.0
1833.87158203125,553.9841918945312
500.0,0.0
0.0,0.0
0.0,0.0
4.549065113067627,146.66091918945312
1.1364949941635132,208.33213806152344
0.0,0.0
0.0,0.0
58.72184753417969,2678.748291015625
0.0,0.0
0.0,0.0
0.0,0.0
0.0,0.0
0.0,0.0
0.0,0.0
0.0,0.0
0.0,0.0
0.0,0.0
0.0,0.0
0.0,0.0
0.0,0.0
0.0,0.0
0.0,0.0
0.0,0.0
0.0,0.0
0.0,0.0
0.0,0.0
0.0,0.0
0.0,0.0
0.0,0.0
0.0,0.0
0.0,0.0
0.0,0.0
0.0,0.0
0.0,0.0
0.0,0.0
0.0,0.0
0.0,0.0
0.0,0.0
0.0,0.0
0.0,0.0
0.0,0.0
0.0,0.0
0.0,0.0
0.0,0.0
0.0,0.0
0.0,0.0
0.0,0.0
0.0,0.0
0.0,0.0
0.0,0.0
0.0,0.0
0.0,0.0
0.0,0.0
0.0,0.0
0.0,0.0
0.0,0.0
0.0,0.0
0.0,0.0
0.0,0.0
0.0,0.0
0.0,0.0
0.0,0.0
0.0,0.0
0.0,0.0
0.0,0.0
0.0,0.0
0.0,0.0
0.0,0.0
0.0,0.0
0.0,0.0
0.0,0.0
0.0,0.0
0.0,0.0
0.0,0.0
0.0,0.0
0.0,0.0
0.0,0.0
0.0,0.0
0.0,0.0
0.0,0.0
0.0,0.0
0.0,0.0
0.0,0.0
0.0,0.0
0.0,0.0
0.0,0.0
0.0,0.0
0.0,0.0
0.0,0.0
0.0,0.0
0.0,0.0
-4.44444465637207,55.55553436279297
-9.711169242858887,105.37857818603516
0.0,0.0
0.0,0.0
0.0,0.0
0.0,0.0
0.0,0.0
0.0,0.0
-4.44444465637207,55.55553436279297
-13.273542404174805,66.66670227050781
0.0,0.0
0.0,0.0
0.0,0.0
0.0,0.0
0.0,0.0
0.0,0.0
0.0,0.0
0.0,0.0
0.0,0.0
0.0,0.0
0.0,0.0
0.0,0.0
0.0,0.0
0.0,0.0
0.0,0.0
0.0,0.0
0.0,0.0
0.0,0.0
0.0,0.0
0.0,0.0
0.0,0.0
0.0,0.0
-4.443095684051514,55.55557632446289
-13.270315170288086,66.6666259765625
0.0,0.0
0.0,0.0
0.0,0.0
0.0,0.0
0.0,0.0
0.0,0.0
-4.444282054901123,55.5571403503418
-13.333091735839844,66.6666259765625
0.0,0.0
0.0,0.0
0.0,0.0
0.0,0.0
0.0,0.0
0.0,0.0
0.0,0.0
0.0,0.0
0.0,0.0
0.0,0.0
0.0,0.0
0.0,0.0
0.0,0.0
0.0,0.0
0.0,0.0
0.0,0.0
0.0,0.0
0.0,0.0
0.0,0.0
0.0,0.0
0.0,0.0
0.0,0.0
0.0,0.0
0.0,0.0
0.0,0.0
0.0,0.0
0.0,0.0
0.0,0.0
0.0,0.0
0.0,0.0
0.0,0.0
0.0,0.0
0.0,0.0
0.0,0.0
0.0,0.0
0.0,0.0
0.0,0.0
0.0,0.0
0.0,0.0
0.0,0.0
0.0,0.0
0.0,0.0
0.0,0.0
0.0,0.0
0.0,0.0
0.0,0.0
0.0,0.0
0.0,0.0
0.0,0.0
0.0,0.0
0.0,0.0
0.0,0.0
0.0,0.0
0.0,0.0
0.0,0.0
0.0,0.0
0.0,0.0
0.0,0.0
0.0,0.0
0.0,0.0
0.0,0.0
0.0,0.0
0.0,0.0
0.0,0.0
0.0,0.0
0.0,0.0
0.0,0.0
0.0,0.0
-8.879030227661133,11.111105918884277
-2.0,9.6029052734375
11.111071586608887,-5.897221565246582
0.0,0.0
0.0,0.0
0.0,0.0
0.0,0.0
0.0,0.0
-8.878700256347656,11.111116409301758
-7.683835506439209,18.85233497619629
10.966012954711914,-3.719651222229004
0.0,0.0
0.0,0.0
0.0,0.0
0.0,0.0
0.0,0.0
-8.803046226501465,11.111105918884277
-5.381800174713135,9.6029052734375
11.11156177520752,-8.878776550292969
0.0,0.0
0.0,0.0
0.0,0.0
0.0,0.0
0.0,0.0
-8.882670402526855,11.111116409301758
-6.389594078063965,19.91132164001465
11.111116409301758,-8.888883590698242
0.0,0.0
0.0,0.0
0.0,0.0
0.0,0.0
0.0,0.0
-88.40522003173828,111.11115264892578
-10.61591625213623,45.951629638671875
-87.56461334228516,111.11106872558594
0.0,45.951629638671875
-18.519855499267578,63.5633544921875
0.0,0.0
0.0,0.0
0.0,0.0
-88.88201141357422,111.11106872558594
-44.041908264160156,101.85478210449219
-64.9345932006836,111.07774353027344
0.0,0.0
-18.582258224487305,53.69321823120117
0.0,0.0
0.0,0.0
0.0,0.0
-88.3082504272461,111.11106872558594
-10.540483474731445,64.74691772460938
-84.94570922851562,125.37615966796875
-83.49388885498047,122.26258850097656
-26.909000396728516,41.77420425415039
0.0,0.0
22.81853485107422,109.09492492675781
0.0,0.0
-88.88226318359375,111.11106872558594
-35.22126770019531,109.51228332519531
-88.8623046875,111.1111831665039
-89.67127227783203,122.22119903564453
0.0,78.50525665283203
0.0,0.0
-27.77594566345215,141.4781951904297
0.0,0.0
0.0,0.0
0.0,0.0
0.0,0.0
0.0,0.0
0.0,0.0
0.0,0.0
0.0,0.0
0.0,0.0
0.0,0.0
0.0,0.0
0.0,0.0
0.0,0.0
0.0,0.0
0.0,0.0
0.0,0.0
0.0,0.0
0.0,0.0
0.0,0.0
0.0,0.0
0.0,0.0
0.0,0.0
0.0,0.0
0.0,0.0
0.0,0.0
0.0,0.0
0.0,0.0
0.0,0.0
0.0,0.0
0.0,0.0
0.0,0.0
0.0,0.0
0.0,0.0
0.0,0.0
0.0,0.0
0.0,0.0
0.0,0.0
0.0,0.0
0.0,0.0
0.0,0.0
0.0,0.0
0.0,0.0
0.0,0.0
0.0,0.0
0.0,0.0
0.0,0.0
0.0,0.0
0.0,0.0
0.0,0.0
0.0,0.0
0.0,0.0
0.0,0.0
0.0,0.0
0.0,0.0
0.0,0.0
0.0,0.0
0.0,0.0
0.0,0.0
0.0,0.0
0.0,0.0
0.0,0.0
0.0,0.0
0.0,0.0
0.0,0.0
0.0,0.0
0.0,0.0
0.0,0.0
-1.8809000253677368,2.738100051879883
0.0,0.0
0.0,0.0
0.0,0.0
0.0,0.0
0.0,0.0
11.104655265808105,-5.556136608123779
0.0,0.0
5.886082649230957,-2.596531391143799
0.0,0.0
0.0,0.0
0.0,0.0
0.0,0.0
0.0,0.0
0.0,0.0
0.0,0.0
-8.888901710510254,11.111041069030762
0.0,0.0
0.0,0.0
0.0,0.0
0.0,0.0
0.0,0.0
11.107444763183594,-7.723981857299805
0.0,0.0
11.111105918884277,-8.888883590698242
0.0,0.0
0.0,0.0
0.0,0.0
0.0,0.0
0.0,0.0
0.0,0.0
0.0,0.0
0.0,0.0
0.0,0.0
0.0,0.0
0.0,0.0
0.0,0.0
0.0,0.0
0.0,0.0
0.0,0.0
1.909999966621399,0.0
0.0,0.0
0.0,0.0
0.0,0.0
0.0,0.0
0.0,0.0
0.0,0.0
0.0,0.0
0.0,7.528049945831299
0.0,0.0
0.0,0.0
0.0,0.0
0.0,0.0
0.0,0.0
0.0,-1.0
0.0,0.0
11.111105918884277,-8.83690357208252
0.0,0.0
0.0,0.0
0.0,0.0
0.0,0.0
0.0,0.0
0.0,0.0
0.0,0.0
0.0,0.0
0.0,0.0
0.0,0.0
0.0,0.0
0.0,0.0
0.0,0.0
0.0,0.0
0.0,0.0
0.0,0.0
0.0,0.0
0.0,0.0
0.0,0.0
0.0,0.0
0.0,0.0
0.0,0.0
0.0,0.0
0.0,0.0
0.0,0.0
0.0,0.0
0.0,0.0
0.0,0.0
0.0,0.0
0.0,0.0
0.0,0.0
0.0,0.0
0.0,0.0
0.0,0.0
0.0,0.0
0.0,0.0
0.0,0.0
0.0,0.0
0.0,0.0
0.0,0.0
0.0,0.0
0.0,0.0
0.0,0.0
0.0,0.0
0.0,0.0
0.0,0.0
0.0,0.0
0.0,0.0
0.0,0.0
0.0,0.0
0.0,0.0
0.0,0.0
0.0,0.0
0.0,0.0
0.0,0.0
0.0,0.0
0.0,0.0
0.0,0.0
0.0,0.0
0.0,0.0
0.0,0.0
0.0,0.0
0.0,0.0
0.0,0.0
0.0,0.0
0.0,0.0
0.0,0.0
0.0,0.0
0.0,0.0
