-11.365074157714844,20.88927459716797
0.0,0.0
0.0,0.0
0.0,0.0
0.0,0.0
0.0,0.0
0.0,0.0
0.0,0.0
0.0,0.0
0.0,0.0
0.0,0.0
0.0,0.0
0.0,0.0
0.0,0.0
0.0,0.0
0.0,0.0
0.0,0.0
0.0,0.0
-5.712632179260254,22.532421112060547
-15.479438781738281,33.32904815673828
0.0,0.0
0.0,0.0
0.0,0.0
0.0,0.0
0.0,0.0
0.0,0.0
-7.739011287689209,22.57594871520996
-11.738750457763672,33.317291259765625
0.0,0.0
0.0,0.0
0.0,0.0
0.0,0.0
0.0,0.0
0.0,0.0
0.0,0.0
0.0,0.0
0.0,0.0
0.0,0.0
0.0,0.0
0.0,0.0
0.0,0.0
0.0,0.0
0.0,0.0
0.0,0.0
0.0,0.0
0.0,0.0
0.0,0.0
0.0,0.0
0.0,0.0
0.0,0.0
-7.778927326202393,22.2105712890625
-12.723520278930664,32.937217712402344
0.0,0.0
0.0,0.0
-7.708534240722656,22.22203826904297
0.0,0.0
0.0,0.0
0.0,0.0
-7.8259429931640625,22.215253829956055
-7.589991569519043,28.278501510620117
0.0,0.0
0.0,0.0
-7.284765720367432,22.214645385742188
0.0,0.0
0.0,0.0
0.0,0.0
0.0,0.0
0.0,0.0
0.0,0.0
0.0,0.0
0.0,0.0
0.0,0.0
0.0,0.0
0.0,0.0
0.0,0.0
0.0,0.0
0.0,0.0
0.0,0.0
0.0,0.0
0.0,0.0
0.0,0.0
0.0,0.0
-7.704843997955322,19.222211837768555
-7.287083148956299,30.72119140625
0.0,0.0
0.0,0.0
-7.21937894821167,22.220439910888672
-2.0,5.730000019073486
0.0,0.0
0.0,0.0
-7.777926921844482,22.222211837768555
-15.443771362304688,530.333251953125
0.0,0.0
0.0,0.0
-7.029697418212891,22.221864700317383
0.16663052141666412,602.22021484375
0.0,0.0
0.0,0.0
0.0,0.0
0.0,0.0
0.0,0.0
0.0,0.0
0.0,0.0
0.0,0.0
0.0,0.0
0.0,0.0
0.0,0.0
0.0,0.0
0.0,0.0
0.0,0.0
0.0,0.0
0.0,0.0
0.0,0.0
0.0,0.0
-7.843801975250244,20.927085876464844
-12.585591316223145,33.179080963134766
0.0,0.0
0.0,0.0
-1.8799999952316284,2.0
-9.1561279296875,32.316123962402344
0.0,0.0
0.0,0.0
-7.798975467681885,22.221744537353516
-4.41979455947876,41.57294845581055
0.0,0.0
0.0,0.0
-7.169405460357666,20.350107192993164
-3.629338026046753,373.2251892089844
0.0,0.0
0.0,0.0
0.0,0.0
0.0,0.0
0.0,0.0
0.0,0.0
0.0,0.0
0.0,0.0
0.0,0.0
0.0,0.0
0.0,0.0
0.0,0.0
0.0,0.0
0.0,0.0
0.0,0.0
0.0,0.0
0.0,0.0
0.0,0.0
-7.564077854156494,22.33379554748535
-13.58726978302002,51.750999450683594
0.0,0.0
0.0,0.0
0.0,0.0
0.0,0.0
0.0,0.0
0.0,0.0
-7.748196125030518,22.492177963256836
-16.594654083251953,33.33331298828125
0.0,0.0
0.0,0.0
-5.402156829833984,21.932025909423828
0.0,0.0
0.0,0.0
0.0,0.0
0.0,0.0
0.0,0.0
0.0,0.0
0.0,0.0
0.0,0.0
0.0,0.0
0.0,0.0
0.0,0.0
0.0,0.0
0.0,0.0
0.0,0.0
0.0,0.0
0.0,0.0
0.0,0.0
0.0,0.0
0.0,0.0
-7.781782627105713,24.30551528930664
0.0,0.0
0.0,0.0
0.0,0.0
0.0,0.0
0.0,0.0
0.0,0.0
0.0,0.0
-7.889895915985107,22.21819496154785
-9.279047966003418,32.49098205566406
0.0,0.0
0.0,0.0
0.0,0.0
0.0,0.0
0.0,0.0
0.0,0.0
0.0,0.0
0.0,0.0
0.0,0.0
0.0,0.0
0.0,0.0
0.0,0.0
0.0,0.0
0.0,0.0
0.0,0.0
0.0,0.0
0.0,0.0
0.0,0.0
0.0,0.0
0.0,0.0
0.0,0.0
0.0,0.0
-7.808923244476318,21.910451889038086
-16.003999710083008,33.333351135253906
0.0,0.0
0.0,0.0
0.0,0.0
0.0,0.0
0.0,0.0
0.0,0.0
-7.855162620544434,21.432846069335938
4.801496505737305,66.35025787353516
0.0,0.0
0.0,0.0
-8.162349700927734,14.069462776184082
-3.5092811584472656,17.658248901367188
0.0,0.0
0.0,0.0
0.0,0.0
0.0,0.0
0.0,0.0
0.0,0.0
0.0,0.0
0.0,0.0
0.0,0.0
0.0,0.0
0.0,0.0
0.0,0.0
0.0,0.0
0.0,0.0
0.0,0.0
0.0,0.0
0.0,0.0
0.0,0.0
-7.7827839851379395,22.222209930419922
0.0,0.0
0.0,0.0
0.0,0.0
0.0,0.0
0.0,0.0
0.0,0.0
0.0,0.0
-7.888236999511719,21.119848251342773
41.64008331298828,405.0038146972656
0.0,0.0
0.0,0.0
-7.894439697265625,19.54865837097168
0.0,0.0
0.0,0.0
0.0,0.0
0.0,0.0
0.0,0.0
0.0,0.0
0.0,0.0
0.0,0.0
0.0,0.0
0.0,0.0
0.0,0.0
0.0,0.0
0.0,0.0
0.0,0.0
0.0,0.0
0.0,0.0
0.0,0.0
0.0,0.0
0.0,0.0
0.0,0.0
0.0,0.0
0.0,0.0
0.0,0.0
0.0,0.0
0.0,0.0
0.0,0.0
0.0,0.0
0.0,0.0
0.0,0.0
0.0,0.0
0.0,0.0
0.0,0.0
0.0,0.0
0.0,0.0
0.0,0.0
0.0,0.0
0.0,0.0
0.0,0.0
0.0,0.0
0.0,0.0
0.0,0.0
0.0,0.0
0.0,0.0
0.0,0.0
0.0,0.0
0.0,0.0
0.0,0.0
0.0,0.0
0.0,0.0
0.0,0.0
0.0,0.0
0.0,0.0
0.0,0.0
0.0,0.0
0.0,0.0
0.0,0.0
0.0,0.0
0.0,0.0
0.0,0.0
0.0,0.0
0.0,0.0
0.0,0.0
0.0,0.0
0.0,0.0
0.0,0.0
-9.777961730957031,7.971917629241943
0.0,0.0
11.111105918884277,-0.2521180510520935
0.0,0.0
-1.0,1.0
0.0,0.0
4.177420616149902,-0.98089998960495
0.0,0.0
-9.861056327819824,-0.42534348368644714
0.0,0.0
11.111105918884277,-3.616405963897705
0.0,0.0
0.0,0.0
0.0,0.0
4.80145263671875,-1.0809999704360962
0.0,0.0
0.0,0.0
0.0,0.0
9.426167488098145,-1.7428416013717651
0.0,0.0
0.0,0.0
0.0,0.0
4.80145263671875,0.14801453053951263
0.0,0.0
0.0,0.0
0.0,0.0
11.111105918884277,-8.137994766235352
0.0,0.0
0.0,0.0
0.0,0.0
9.426167488098145,-0.49568477272987366
414.04998779296875,5.0
-96.56485748291016,62.21346664428711
394.0721740722656,-97.49240112304688
-93.49049377441406,68.50708770751953
-45.60686111450195,47.81156539916992
-91.39533233642578,99.49551391601562
-88.95267486572266,-68.13026428222656
0.0,19.100000381469727
-11.0,38.408382415771484
-97.6397705078125,21.045339584350586
-108.09097290039062,-25.20826530456543
-92.2209701538086,81.1661605834961
-37.42197036743164,66.81283569335938
-91.08662414550781,15.171623229980469
-85.37164306640625,-41.999202728271484
-38.997215270996094,73.77497863769531
-11.0,21.010000228881836
0.0,0.0
0.0,0.0
-38.31058120727539,59.55818557739258
-10.789899826049805,45.951629638671875
0.0,0.0
0.0,0.0
-10.0,0.0
-20.790000915527344,21.010000228881836
0.0,0.0
0.0,0.0
-88.84517669677734,108.90674591064453
-44.35252380371094,59.052486419677734
0.0,0.0
0.0,0.0
-33.926387786865234,76.139892578125
-11.0,30.11910057067871
0.0,0.0
0.0,0.0
0.0,0.0
0.0,0.0
0.0,0.0
0.0,0.0
0.0,0.0
0.0,0.0
0.0,0.0
0.0,0.0
0.0,0.0
0.0,0.0
0.0,0.0
0.0,0.0
0.0,0.0
0.0,0.0
0.0,0.0
0.0,0.0
0.0,0.0
0.0,0.0
0.0,0.0
0.0,0.0
0.0,0.0
0.0,0.0
0.0,0.0
0.0,0.0
0.0,0.0
0.0,0.0
0.0,0.0
0.0,0.0
0.0,0.0
0.0,0.0
0.0,0.0
0.0,0.0
0.0,0.0
0.0,0.0
0.0,0.0
0.0,0.0
0.0,0.0
0.0,0.0
0.0,0.0
0.0,0.0
0.0,0.0
0.0,0.0
0.0,0.0
0.0,0.0
0.0,0.0
0.0,0.0
0.0,0.0
0.0,0.0
0.0,0.0
0.0,0.0
0.0,0.0
0.0,0.0
0.0,0.0
0.0,0.0
0.0,0.0
0.0,0.0
0.0,0.0
0.0,0.0
0.0,0.0
0.0,0.0
0.0,0.0
0.0,0.0
0.0,0.0
0.0,0.0
-6.599243640899658,4.834071159362793
0.0,0.0
0.0,0.0
0.0,0.0
0.0,0.0
0.0,0.0
11.111105918884277,6.305540561676025
0.0,0.0
11.111105918884277,7.904470920562744
0.0,0.0
0.0,0.0
0.0,0.0
5.470694065093994,7.177575588226318
0.0,0.0
0.0,0.0
0.0,0.0
-10.206381797790527,-2.064173936843872
0.0,0.0
0.0,0.0
0.0,0.0
0.0,0.0
0.0,0.0
3.491671085357666,-1.0536190271377563
0.0,0.0
11.111105918884277,-6.786531925201416
0.0,0.0
0.0,0.0
0.0,0.0
11.111105918884277,1.4343039989471436
0.0,0.0
0.0,0.0
0.0,0.0
-3.931941032409668,4.881280422210693
0.0,0.0
0.0,0.0
0.0,0.0
0.0,0.0
0.0,0.0
11.111105918884277,6.567484378814697
0.0,0.0
11.111105918884277,7.4666547775268555
0.0,0.0
0.0,0.0
0.0,0.0
1.0,2.7463810443878174
0.0,0.0
0.0,0.0
0.0,0.0
-9.59459400177002,0.017306922003626823
0.0,0.0
0.0,0.0
0.0,0.0
0.0,0.0
0.0,0.0
4.80145263671875,-0.04797615110874176
0.0,0.0
11.111105918884277,-6.869842529296875
0.0,0.0
0.0,0.0
0.0,0.0
11.096022605895996,2.8675084114074707
0.0,0.0
0.0,0.0
0.0,0.0
0.0,0.0
0.0,0.0
0.0,0.0
0.0,0.0
0.0,0.0
0.0,0.0
0.0,0.0
0.0,0.0
0.0,0.0
0.0,0.0
0.0,0.0
0.0,0.0
0.0,0.0
0.0,0.0
0.0,0.0
0.0,0.0
-4.314653396606445,55.67294692993164
13.63329029083252,66.66845703125
0.0,0.0
0.0,0.0
0.0,0.0
0.0,0.0
0.0,0.0
0.0,0.0
-1.8640087842941284,60.31784439086914
-6.337827205657959,67.64493560791016
0.0,0.0
0.0,0.0
0.0,0.0
0.0,0.0
0.0,0.0
0.0,0.0
0.0,0.0
0.0,0.0
0.0,0.0
0.0,0.0
0.0,0.0
0.0,0.0
0.0,0.0
0.0,0.0
0.0,0.0
0.0,0.0
0.0,0.0
0.0,0.0
0.0,0.0
0.0,0.0
0.0,0.0
0.0,0.0
44.81473159790039,82.0905990600586
-11.848404884338379,69.64900970458984
0.0,0.0
0.0,0.0
1008.8950805664062,561.1741333007812
0.0,0.0
0.0,0.0
0.0,0.0
3.3511180877685547,138.29319763183594
-10.969403266906738,67.51439666748047
0.0,0.0
0.0,0.0
1926.222412109375,0.0
0.0,0.0
0.0,0.0
0.0,0.0
0.0,0.0
0.0,0.0
0.0,0.0
0.0,0.0
0.0,0.0
0.0,0.0
0.0,0.0
0.0,0.0
0.0,0.0
0.0,0.0
0.0,0.0
0.0,0.0
0.0,0.0
0.0,0.0
0.0,0.0
0.0,0.0
0.0,0.0
0.0,0.0
0.0,0.0
0.0,0.0
0.0,0.0
0.0,0.0
0.0,0.0
0.0,0.0
0.0,0.0
0.0,0.0
0.0,0.0
0.0,0.0
0.0,0.0
0.0,0.0
0.0,0.0
0.0,0.0
0.0,0.0
0.0,0.0
0.0,0.0
0.0,0.0
0.0,0.0
0.0,0.0
0.0,0.0
0.0,0.0
0.0,0.0
0.0,0.0
0.0,0.0
0.0,0.0
0.0,0.0
0.0,0.0
0.0,0.0
0.0,0.0
0.0,0.0
0.0,0.0
0.0,0.0
0.0,0.0
0.0,0.0
0.0,0.0
0.0,0.0
0.0,0.0
0.0,0.0
0.0,0.0
0.0,0.0
0.0,0.0
0.0,0.0
0.0,0.0
0.0,0.0
0.0,0.0
0.0,0.0
0.0,0.0
0.0,0.0
0.0,0.0
0.0,0.0
0.0,0.0
0.0,0.0
0.0,0.0
0.0,0.0
0.0,0.0
0.0,0.0
0.0,0.0
0.0,0.0
0.0,0.0
0.0,0.0
0.0,0.0
-4.44444465637207,55.55553436279297
-12.731350898742676,66.6666259765625
0.0,0.0
0.0,0.0
0.0,0.0
0.0,0.0
0.0,0.0
0.0,0.0
-4.44444465637207,55.55553436279297
-11.346819877624512,66.6678695678711
0.0,0.0
0.0,0.0
0.0,0.0
0.0,0.0
0.0,0.0
0.0,0.0
0.0,0.0
0.0,0.0
0.0,0.0
0.0,0.0
0.0,0.0
0.0,0.0
0.0,0.0
0.0,0.0
0.0,0.0
0.0,0.0
0.0,0.0
0.0,0.0
0.0,0.0
0.0,0.0
0.0,0.0
0.0,0.0
-4.442020893096924,55.55557632446289
-13.124763488769531,66.6666259765625
0.0,0.0
0.0,0.0
0.0,0.0
0.0,0.0
0.0,0.0
0.0,0.0
-4.401676654815674,55.97264862060547
-13.327099800109863,66.6666259765625
0.0,0.0
0.0,0.0
0.0,0.0
0.0,0.0
0.0,0.0
0.0,0.0
0.0,0.0
0.0,0.0
0.0,0.0
0.0,0.0
0.0,0.0
0.0,0.0
0.0,0.0
0.0,0.0
0.0,0.0
0.0,0.0
0.0,0.0
0.0,0.0
0.0,0.0
0.0,0.0
0.0,0.0
0.0,0.0
0.0,0.0
0.0,0.0
0.0,0.0
0.0,0.0
0.0,0.0
0.0,0.0
0.0,0.0
0.0,0.0
0.0,0.0
0.0,0.0
0.0,0.0
0.0,0.0
0.0,0.0
0.0,0.0
0.0,0.0
0.0,0.0
0.0,0.0
0.0,0.0
0.0,0.0
0.0,0.0
0.0,0.0
0.0,0.0
0.0,0.0
0.0,0.0
0.0,0.0
0.0,0.0
0.0,0.0
0.0,0.0
0.0,0.0
0.0,0.0
0.0,0.0
0.0,0.0
0.0,0.0
0.0,0.0
0.0,0.0
0.0,0.0
0.0,0.0
0.0,0.0
0.0,0.0
0.0,0.0
0.0,0.0
0.0,0.0
0.0,0.0
0.0,0.0
0.0,0.0
0.0,0.0
-4.473195552825928,8.403664588928223
0.0,0.0
8.143978118896484,-0.9282631874084473
0.0,0.0
0.0,0.0
0.0,0.0
0.0,0.0
0.0,0.0
-1.8015861511230469,10.059651374816895
0.0,0.0
2.738100051879883,-0.9900000095367432
0.0,0.0
0.0,0.0
0.0,0.0
0.0,0.0
0.0,0.0
-4.996284008026123,7.377498149871826
0.0,0.0
11.111105918884277,-8.838685989379883
0.0,0.0
0.0,0.0
0.0,0.0
0.0,0.0
0.0,0.0
-3.289992094039917,9.955660820007324
0.0,0.0
11.111105918884277,-8.814366340637207
0.0,0.0
0.0,0.0
0.0,0.0
0.0,0.0
0.0,0.0
-83.38904571533203,115.93217468261719
-37.345916748046875,52.815982818603516
-87.62185668945312,111.11106872558594
-11.0,38.408382415771484
-10.0,58.8608283996582
0.0,0.0
0.0,0.0
0.0,0.0
-89.15631866455078,110.87334442138672
-42.57160568237305,101.85478210449219
-76.38797760009766,111.05764770507812
0.0,0.0
-19.0,67.8426513671875
0.0,0.0
0.0,0.0
0.0,0.0
-87.5877914428711,111.11072540283203
-29.092750549316406,59.06254577636719
-88.88893127441406,111.1110610961914
-81.61779022216797,122.20325469970703
-9.899999618530273,389.71051025390625
0.0,0.0
35.206825256347656,12.646256446838379
0.0,0.0
-86.04048156738281,110.69234466552734
-35.92757034301758,106.87390899658203
-88.91905975341797,111.1109390258789
-86.26689147949219,122.21984100341797
-26.36800765991211,553.5633544921875
0.0,0.0
-32.79076385498047,813.0189819335938
0.0,0.0
0.0,0.0
0.0,0.0
0.0,0.0
0.0,0.0
0.0,0.0
0.0,0.0
0.0,0.0
0.0,0.0
0.0,0.0
0.0,0.0
0.0,0.0
0.0,0.0
0.0,0.0
0.0,0.0
0.0,0.0
0.0,0.0
0.0,0.0
0.0,0.0
0.0,0.0
0.0,0.0
0.0,0.0
0.0,0.0
0.0,0.0
0.0,0.0
0.0,0.0
0.0,0.0
0.0,0.0
0.0,0.0
0.0,0.0
0.0,0.0
0.0,0.0
0.0,0.0
0.0,0.0
0.0,0.0
0.0,0.0
0.0,0.0
0.0,0.0
0.0,0.0
0.0,0.0
0.0,0.0
0.0,0.0
0.0,0.0
0.0,0.0
0.0,0.0
0.0,0.0
0.0,0.0
0.0,0.0
0.0,0.0
0.0,0.0
0.0,0.0
0.0,0.0
0.0,0.0
0.0,0.0
0.0,0.0
0.0,0.0
0.0,0.0
0.0,0.0
0.0,0.0
0.0,0.0
0.0,0.0
0.0,0.0
0.0,0.0
0.0,0.0
0.0,0.0
0.0,0.0
0.0,0.0
-1.0,0.0
0.0,0.0
0.0,0.0
0.0,0.0
0.0,0.0
0.0,0.0
10.3900728225708,-3.228159189224243
0.0,0.0
4.177420616149902,-1.88100004196167
0.0,0.0
0.0,0.0
0.0,0.0
0.0,0.0
0.0,0.0
0.0,0.0
0.0,0.0
-8.888885498046875,11.111105918884277
0.0,0.0
0.0,0.0
0.0,0.0
0.0,0.0
0.0,0.0
10.3900728225708,-5.180391788482666
0.0,0.0
11.111105918884277,-8.888885498046875
0.0,0.0
0.0,0.0
0.0,0.0
0.0,0.0
0.0,0.0
0.0,0.0
0.0,0.0
0.0,0.0
0.0,0.0
0.0,0.0
0.0,0.0
0.0,0.0
0.0,0.0
7.528049945831299,-0.9650833010673523
0.0,0.0
1.0,0.0
0.0,0.0
0.0,0.0
0.0,0.0
0.0,0.0
0.0,0.0
0.0,0.0
0.0,0.0
-5.6058197021484375,11.104016304016113
0.0,0.0
0.0,0.0
0.0,0.0
0.0,0.0
0.0,0.0
7.850525379180908,-1.783833384513855
0.0,0.0
11.111105918884277,-8.888885498046875
0.0,0.0
0.0,0.0
0.0,0.0
0.0,0.0
0.0,0.0
0.0,0.0
0.0,0.0
0.0,0.0
0.0,0.0
0.0,0.0
0.0,0.0
0.0,0.0
0.0,0.0
0.0,0.0
0.0,0.0
0.0,0.0
0.0,0.0
0.0,0.0
0.0,0.0
0.0,0.0
0.0,0.0
0.0,0.0
0.0,0.0
0.0,0.0
0.0,0.0
0.0,0.0
0.0,0.0
0.0,0.0
0.0,0.0
0.0,0.0
0.0,0.0
0.0,0.0
0.0,0.0
0.0,0.0
0.0,0.0
0.0,0.0
0.0,0.0
0.0,0.0
0.0,0.0
0.0,0.0
0.0,0.0
0.0,0.0
0.0,0.0
0.0,0.0
0.0,0.0
0.0,0.0
0.0,0.0
0.0,0.0
0.0,0.0
0.0,0.0
0.0,0.0
0.0,0.0
0.0,0.0
0.0,0.0
0.0,0.0
0.0,0.0
0.0,0.0
0.0,0.0
0.0,0.0
0.0,0.0
0.0,0.0
0.0,0.0
0.0,0.0
0.0,0.0
0.0,0.0
0.0,0.0
0.0,0.0
0.0,0.0
0.0,0.0
