-10.372550010681152,20.97658920288086
0.0,0.0
0.0,0.0
0.0,0.0
0.0,0.0
0.0,0.0
0.0,0.0
0.0,0.0
0.0,0.0
0.0,0.0
0.0,0.0
0.0,0.0
0.0,0.0
0.0,0.0
0.0,0.0
0.0,0.0
0.0,0.0
0.0,0.0
-6.277344226837158,22.55500602722168
-16.29414176940918,33.33331298828125
0.0,0.0
0.0,0.0
0.0,0.0
0.0,0.0
0.0,0.0
0.0,0.0
-7.596615791320801,22.586994171142578
-10.060661315917969,95.74517822265625
0.0,0.0
0.0,0.0
0.0,0.0
0.0,0.0
0.0,0.0
0.0,0.0
0.0,0.0
0.0,0.0
0.0,0.0
0.0,0.0
0.0,0.0
0.0,0.0
0.0,0.0
0.0,0.0
0.0,0.0
0.0,0.0
0.0,0.0
0.0,0.0
0.0,0.0
0.0,0.0
0.0,0.0
0.0,0.0
-7.784364700317383,22.203981399536133
-14.081930160522461,33.31873321533203
0.0,0.0
0.0,0.0
-7.776449680328369,22.018369674682617
0.0,0.0
0.0,0.0
0.0,0.0
-7.818783760070801,22.208070755004883
-12.836499214172363,33.128639221191406
0.0,0.0
0.0,0.0
-7.6678948402404785,22.157007217407227
0.0,0.0
0.0,0.0
0.0,0.0
0.0,0.0
0.0,0.0
0.0,0.0
0.0,0.0
0.0,0.0
0.0,0.0
0.0,0.0
0.0,0.0
0.0,0.0
0.0,0.0
0.0,0.0
0.0,0.0
0.0,0.0
0.0,0.0
0.0,0.0
0.0,0.0
-7.8260498046875,19.737913131713867
-8.23621940612793,32.316123962402344
0.0,0.0
0.0,0.0
-7.599637031555176,21.845483779907227
-2.0,5.730000019073486
0.0,0.0
0.0,0.0
-7.816699504852295,17.898584365844727
-6.540611267089844,85.94544982910156
0.0,0.0
0.0,0.0
-7.532376289367676,22.210725784301758
13.916569709777832,327.5533447265625
0.0,0.0
0.0,0.0
0.0,0.0
0.0,0.0
0.0,0.0
0.0,0.0
0.0,0.0
0.0,0.0
0.0,0.0
0.0,0.0
0.0,0.0
0.0,0.0
0.0,0.0
0.0,0.0
0.0,0.0
0.0,0.0
0.0,0.0
0.0,0.0
-7.808355331420898,20.69207000732422
-13.990870475769043,33.330657958984375
0.0,0.0
0.0,0.0
-2.556314706802368,15.056099891662598
-11.762799263000488,33.06169891357422
0.0,0.0
0.0,0.0
-7.780601978302002,22.222209930419922
-8.086848258972168,34.22972106933594
0.0,0.0
0.0,0.0
-7.525492191314697,22.22195816040039
-2.1184263229370117,612.9298706054688
0.0,0.0
0.0,0.0
0.0,0.0
0.0,0.0
0.0,0.0
0.0,0.0
0.0,0.0
0.0,0.0
0.0,0.0
0.0,0.0
0.0,0.0
0.0,0.0
0.0,0.0
0.0,0.0
0.0,0.0
0.0,0.0
0.0,0.0
0.0,0.0
-7.563025951385498,22.33379554748535
-14.775895118713379,49.30839920043945
0.0,0.0
0.0,0.0
0.0,0.0
0.0,0.0
0.0,0.0
0.0,0.0
-6.780303478240967,22.508878707885742
-16.660287857055664,33.33331298828125
0.0,0.0
0.0,0.0
-5.402156829833984,22.04113006591797
0.0,0.0
0.0,0.0
0.0,0.0
0.0,0.0
0.0,0.0
0.0,0.0
0.0,0.0
0.0,0.0
0.0,0.0
0.0,0.0
0.0,0.0
0.0,0.0
0.0,0.0
0.0,0.0
0.0,0.0
0.0,0.0
0.0,0.0
0.0,0.0
0.0,0.0
-7.778909206390381,22.222209930419922
0.0,0.0
0.0,0.0
0.0,0.0
0.0,0.0
0.0,0.0
0.0,0.0
0.0,0.0
-7.77781343460083,22.22284698486328
-11.283831596374512,33.320045471191406
0.0,0.0
0.0,0.0
0.0,0.0
0.0,0.0
0.0,0.0
0.0,0.0
0.0,0.0
0.0,0.0
0.0,0.0
0.0,0.0
0.0,0.0
0.0,0.0
0.0,0.0
0.0,0.0
0.0,0.0
0.0,0.0
0.0,0.0
0.0,0.0
0.0,0.0
0.0,0.0
0.0,0.0
0.0,0.0
-7.808923244476318,21.910451889038086
-8.195756912231445,487.9468078613281
0.0,0.0
0.0,0.0
0.0,0.0
0.0,0.0
0.0,0.0
0.0,0.0
-7.855167388916016,21.449329376220703
7.101386547088623,348.12677001953125
0.0,0.0
0.0,0.0
-8.205609321594238,18.783748626708984
-4.9817705154418945,20.352794647216797
0.0,0.0
0.0,0.0
0.0,0.0
0.0,0.0
0.0,0.0
0.0,0.0
0.0,0.0
0.0,0.0
0.0,0.0
0.0,0.0
0.0,0.0
0.0,0.0
0.0,0.0
0.0,0.0
0.0,0.0
0.0,0.0
0.0,0.0
0.0,0.0
-7.7802252769470215,22.222204208374023
-2.0,3.0
0.0,0.0
0.0,0.0
0.0,0.0
0.0,0.0
0.0,0.0
0.0,0.0
-7.849234580993652,21.548049926757812
27.303247451782227,153.37484741210938
0.0,0.0
0.0,0.0
-8.157180786132812,19.309160232543945
0.0,0.0
0.0,0.0
0.0,0.0
0.0,0.0
0.0,0.0
0.0,0.0
0.0,0.0
0.0,0.0
0.0,0.0
0.0,0.0
0.0,0.0
0.0,0.0
0.0,0.0
0.0,0.0
0.0,0.0
0.0,0.0
0.0,0.0
0.0,0.0
0.0,0.0
0.0,0.0
0.0,0.0
0.0,0.0
0.0,0.0
0.0,0.0
0.0,0.0
0.0,0.0
0.0,0.0
0.0,0.0
0.0,0.0
0.0,0.0
0.0,0.0
0.0,0.0
0.0,0.0
0.0,0.0
0.0,0.0
0.0,0.0
0.0,0.0
0.0,0.0
0.0,0.0
0.0,0.0
0.0,0.0
0.0,0.0
0.0,0.0
0.0,0.0
0.0,0.0
0.0,0.0
0.0,0.0
0.0,0.0
0.0,0.0
0.0,0.0
0.0,0.0
0.0,0.0
0.0,0.0
0.0,0.0
0.0,0.0
0.0,0.0
0.0,0.0
0.0,0.0
0.0,0.0
0.0,0.0
0.0,0.0
0.0,0.0
0.0,0.0
0.0,0.0
0.0,0.0
-9.44211196899414,5.865797996520996
0.0,0.0
11.111105918884277,-1.3277610540390015
0.0,0.0
-1.0,1.0
0.0,0.0
5.886082649230957,-0.98089998960495
0.0,0.0
-9.413614273071289,7.1573710441589355
0.0,0.0
11.111105918884277,-6.718048095703125
0.0,0.0
0.0,0.0
0.0,0.0
6.356335163116455,-1.0809999704360962
0.0,0.0
0.0,0.0
0.0,0.0
10.240397453308105,0.6784135699272156
0.0,0.0
0.0,0.0
0.0,0.0
7.173681259155273,-0.8187723755836487
0.0,0.0
0.0,0.0
0.0,0.0
11.111105918884277,-8.410555839538574
0.0,0.0
0.0,0.0
0.0,0.0
10.318761825561523,-1.3429286479949951
342.8747863769531,10.564620971679688
-96.32215118408203,42.29351806640625
-114.41624450683594,-6.254973411560059
-95.06864929199219,54.70968246459961
-45.60686111450195,71.99154663085938
-98.50603485107422,-94.66785430908203
-98.7244873046875,-93.27985382080078
0.0,19.100000381469727
-11.0,52.815982818603516
-96.60536193847656,33.92033004760742
-114.9449462890625,71.11572265625
-95.65756225585938,54.479148864746094
-43.96177673339844,60.20455551147461
-93.11075592041016,20.325393676757812
-108.94304656982422,-110.05680847167969
-38.997215270996094,91.81725311279297
-11.0,-14.286572456359863
0.0,0.0
0.0,0.0
-38.31058120727539,80.7823257446289
-20.245622634887695,46.528717041015625
0.0,0.0
0.0,0.0
-10.0,10.0
-20.790000915527344,38.408382415771484
0.0,0.0
0.0,0.0
-89.59236145019531,95.06056213378906
-55.76456832885742,59.594905853271484
0.0,0.0
0.0,0.0
-44.653602600097656,99.83374786376953
-11.0,52.815982818603516
0.0,0.0
0.0,0.0
0.0,0.0
0.0,0.0
0.0,0.0
0.0,0.0
0.0,0.0
0.0,0.0
0.0,0.0
0.0,0.0
0.0,0.0
0.0,0.0
0.0,0.0
0.0,0.0
0.0,0.0
0.0,0.0
0.0,0.0
0.0,0.0
0.0,0.0
0.0,0.0
0.0,0.0
0.0,0.0
0.0,0.0
0.0,0.0
0.0,0.0
0.0,0.0
0.0,0.0
0.0,0.0
0.0,0.0
0.0,0.0
0.0,0.0
0.0,0.0
0.0,0.0
0.0,0.0
0.0,0.0
0.0,0.0
0.0,0.0
0.0,0.0
0.0,0.0
0.0,0.0
0.0,0.0
0.0,0.0
0.0,0.0
0.0,0.0
0.0,0.0
0.0,0.0
0.0,0.0
0.0,0.0
0.0,0.0
0.0,0.0
0.0,0.0
0.0,0.0
0.0,0.0
0.0,0.0
0.0,0.0
0.0,0.0
0.0,0.0
0.0,0.0
0.0,0.0
0.0,0.0
0.0,0.0
0.0,0.0
0.0,0.0
0.0,0.0
0.0,0.0
0.0,0.0
-6.860645294189453,6.372528076171875
0.0,0.0
0.0,0.0
0.0,0.0
0.0,0.0
0.0,0.0
11.111105918884277,8.897750854492188
0.0,0.0
11.111105918884277,6.409633636474609
0.0,0.0
0.0,0.0
0.0,0.0
6.007761478424072,10.241259574890137
0.0,0.0
0.0,0.0
0.0,0.0
-10.206533432006836,-2.0654234886169434
0.0,0.0
0.0,0.0
0.0,0.0
0.0,0.0
0.0,0.0
3.491671085357666,-1.913340449333191
0.0,0.0
11.111105918884277,-6.275406360626221
0.0,0.0
0.0,0.0
0.0,0.0
11.111105918884277,2.629383087158203
0.0,0.0
0.0,0.0
0.0,0.0
-6.223940372467041,5.790398120880127
0.0,0.0
0.0,0.0
0.0,0.0
0.0,0.0
0.0,0.0
11.111105918884277,7.503331661224365
0.0,0.0
11.111105918884277,8.047541618347168
0.0,0.0
0.0,0.0
0.0,0.0
1.9349920749664307,4.1842780113220215
0.0,0.0
0.0,0.0
0.0,0.0
-9.347782135009766,9.563575744628906
0.0,0.0
0.0,0.0
0.0,0.0
0.0,0.0
0.0,0.0
4.80145263671875,-0.04797615110874176
0.0,0.0
11.111105918884277,-6.583754539489746
0.0,0.0
0.0,0.0
0.0,0.0
11.111098289489746,-0.7551925182342529
0.0,0.0
0.0,0.0
0.0,0.0
0.0,0.0
0.0,0.0
0.0,0.0
0.0,0.0
0.0,0.0
0.0,0.0
0.0,0.0
0.0,0.0
0.0,0.0
0.0,0.0
0.0,0.0
0.0,0.0
0.0,0.0
0.0,0.0
0.0,0.0
0.0,0.0
-2.079833984375,67.34467315673828
-6.1606574058532715,123.11862182617188
0.0,0.0
0.0,0.0
0.0,0.0
0.0,0.0
0.0,0.0
0.0,0.0
-2.1006689071655273,56.391231536865234
-13.160395622253418,66.66670227050781
0.0,0.0
0.0,0.0
0.0,0.0
0.0,0.0
0.0,0.0
0.0,0.0
0.0,0.0
0.0,0.0
0.0,0.0
0.0,0.0
0.0,0.0
0.0,0.0
0.0,0.0
0.0,0.0
0.0,0.0
0.0,0.0
0.0,0.0
0.0,0.0
0.0,0.0
0.0,0.0
0.0,0.0
0.0,0.0
16.611989974975586,112.73445129394531
42.60141372680664,66.80229187011719
0.0,0.0
0.0,0.0
660.9764404296875,654.759521484375
0.0,0.0
0.0,0.0
0.0,0.0
7.836278915405273,121.87936401367188
42.30400466918945,66.71210479736328
0.0,0.0
0.0,0.0
1732.292724609375,0.0
500.0,0.0
0.0,0.0
0.0,0.0
0.0,0.0
0.0,0.0
0.0,0.0
0.0,0.0
0.0,0.0
0.0,0.0
0.0,0.0
0.0,0.0
0.0,0.0
0.0,0.0
0.0,0.0
0.0,0.0
0.0,0.0
0.0,0.0
0.0,0.0
0.0,0.0
0.0,0.0
0.0,0.0
0.0,0.0
0.0,0.0
0.0,0.0
0.0,0.0
0.0,0.0
0.0,0.0
0.0,0.0
0.0,0.0
0.0,0.0
0.0,0.0
0.0,0.0
0.0,0.0
0.0,0.0
0.0,0.0
0.0,0.0
0.0,0.0
0.0,0.0
0.0,0.0
0.0,0.0
0.0,0.0
0.0,0.0
0.0,0.0
0.0,0.0
0.0,0.0
0.0,0.0
0.0,0.0
0.0,0.0
0.0,0.0
0.0,0.0
0.0,0.0
0.0,0.0
0.0,0.0
0.0,0.0
0.0,0.0
0.0,0.0
0.0,0.0
0.0,0.0
0.0,0.0
0.0,0.0
0.0,0.0
0.0,0.0
0.0,0.0
0.0,0.0
0.0,0.0
0.0,0.0
0.0,0.0
0.0,0.0
0.0,0.0
0.0,0.0
0.0,0.0
0.0,0.0
0.0,0.0
0.0,0.0
0.0,0.0
0.0,0.0
0.0,0.0
0.0,0.0
0.0,0.0
0.0,0.0
0.0,0.0
0.0,0.0
0.0,0.0
-4.44444465637207,55.55553436279297
-13.2520170211792,66.6666259765625
0.0,0.0
0.0,0.0
0.0,0.0
0.0,0.0
0.0,0.0
0.0,0.0
-4.44444465637207,55.55553436279297
-4.85968542098999,66.66688537597656
0.0,0.0
0.0,0.0
0.0,0.0
0.0,0.0
0.0,0.0
0.0,0.0
0.0,0.0
0.0,0.0
0.0,0.0
0.0,0.0
0.0,0.0
0.0,0.0
0.0,0.0
0.0,0.0
0.0,0.0
0.0,0.0
0.0,0.0
0.0,0.0
0.0,0.0
0.0,0.0
0.0,0.0
0.0,0.0
-4.4393415451049805,55.555580139160156
-13.196492195129395,66.6666259765625
0.0,0.0
0.0,0.0
0.0,0.0
0.0,0.0
0.0,0.0
0.0,0.0
-4.407082557678223,55.931427001953125
-13.333209991455078,66.6666259765625
0.0,0.0
0.0,0.0
0.0,0.0
0.0,0.0
0.0,0.0
0.0,0.0
0.0,0.0
0.0,0.0
0.0,0.0
0.0,0.0
0.0,0.0
0.0,0.0
0.0,0.0
0.0,0.0
0.0,0.0
0.0,0.0
0.0,0.0
0.0,0.0
0.0,0.0
0.0,0.0
0.0,0.0
0.0,0.0
0.0,0.0
0.0,0.0
0.0,0.0
0.0,0.0
0.0,0.0
0.0,0.0
0.0,0.0
0.0,0.0
0.0,0.0
0.0,0.0
0.0,0.0
0.0,0.0
0.0,0.0
0.0,0.0
0.0,0.0
0.0,0.0
0.0,0.0
0.0,0.0
0.0,0.0
0.0,0.0
0.0,0.0
0.0,0.0
0.0,0.0
0.0,0.0
0.0,0.0
0.0,0.0
0.0,0.0
0.0,0.0
0.0,0.0
0.0,0.0
0.0,0.0
0.0,0.0
0.0,0.0
0.0,0.0
0.0,0.0
0.0,0.0
0.0,0.0
0.0,0.0
0.0,0.0
0.0,0.0
0.0,0.0
0.0,0.0
0.0,0.0
0.0,0.0
0.0,0.0
0.0,0.0
-5.687332630157471,10.965617179870605
0.0,0.0
10.059651374816895,-0.9282631874084473
0.0,0.0
0.0,0.0
0.0,0.0
0.0,0.0
0.0,0.0
-1.8015861511230469,10.878594398498535
0.0,0.0
4.80145263671875,-0.9900000095367432
0.0,0.0
0.0,0.0
0.0,0.0
0.0,0.0
0.0,0.0
-6.085312366485596,10.868824005126953
0.0,0.0
11.111105918884277,-8.885970115661621
0.0,0.0
0.0,0.0
0.0,0.0
0.0,0.0
0.0,0.0
-4.367907524108887,10.855598449707031
0.0,0.0
11.111105918884277,-8.882946014404297
0.0,0.0
0.0,0.0
0.0,0.0
0.0,0.0
0.0,0.0
-88.99003601074219,111.10511016845703
-43.91212844848633,78.9104995727539
-88.79881286621094,111.11099243164062
-20.44048309326172,69.91969299316406
-10.0,63.5633544921875
0.0,0.0
0.0,0.0
0.0,0.0
-88.88243103027344,111.11106872558594
-48.2958984375,113.50639343261719
-81.50802612304688,111.11100006103516
-11.0,0.0
-26.421573638916016,86.540283203125
0.0,0.0
0.0,0.0
0.0,0.0
-88.96754455566406,111.1038589477539
-36.394371032714844,82.80855560302734
-88.88973236083984,111.11101531982422
-91.51720428466797,122.22218322753906
-9.899999618530273,341.81927490234375
0.0,0.0
22.038211822509766,935.613525390625
0.0,0.0
-88.89956665039062,111.11106872558594
-35.92757034301758,116.78326416015625
-88.88870239257812,111.1112060546875
-94.33705139160156,110.6812515258789
-29.859050750732422,339.7532043457031
0.0,0.0
-18.48105239868164,1060.4288330078125
0.0,0.0
0.0,0.0
0.0,0.0
0.0,0.0
0.0,0.0
0.0,0.0
0.0,0.0
0.0,0.0
0.0,0.0
0.0,0.0
0.0,0.0
0.0,0.0
0.0,0.0
0.0,0.0
0.0,0.0
0.0,0.0
0.0,0.0
0.0,0.0
0.0,0.0
0.0,0.0
0.0,0.0
0.0,0.0
0.0,0.0
0.0,0.0
0.0,0.0
0.0,0.0
0.0,0.0
0.0,0.0
0.0,0.0
0.0,0.0
0.0,0.0
0.0,0.0
0.0,0.0
0.0,0.0
0.0,0.0
0.0,0.0
0.0,0.0
0.0,0.0
0.0,0.0
0.0,0.0
0.0,0.0
0.0,0.0
0.0,0.0
0.0,0.0
0.0,0.0
0.0,0.0
0.0,0.0
0.0,0.0
0.0,0.0
0.0,0.0
0.0,0.0
0.0,0.0
0.0,0.0
0.0,0.0
0.0,0.0
0.0,0.0
0.0,0.0
0.0,0.0
0.0,0.0
0.0,0.0
0.0,0.0
0.0,0.0
0.0,0.0
0.0,0.0
0.0,0.0
0.0,0.0
0.0,0.0
-1.0,1.909999966621399
0.0,0.0
0.0,0.0
0.0,0.0
0.0,0.0
0.0,0.0
10.990955352783203,-3.228159189224243
0.0,0.0
6.784265041351318,-1.88100004196167
0.0,0.0
0.0,0.0
0.0,0.0
0.0,0.0
0.0,0.0
0.0,0.0
0.0,0.0
-8.888885498046875,11.111105918884277
0.0,0.0
0.0,0.0
0.0,0.0
0.0,0.0
0.0,0.0
11.001769065856934,-5.180391788482666
0.0,0.0
11.111105918884277,-8.888885498046875
0.0,0.0
0.0,0.0
0.0,0.0
0.0,0.0
0.0,0.0
0.0,0.0
0.0,0.0
0.0,1.0
0.0,0.0
0.0,0.0
0.0,0.0
0.0,0.0
0.0,0.0
8.65402889251709,-2.5354597568511963
0.0,0.0
1.0,0.0
0.0,0.0
0.0,0.0
0.0,0.0
0.0,0.0
0.0,0.0
0.0,0.0
0.0,0.0
-7.318758010864258,11.11087417602539
0.0,0.0
0.0,0.0
0.0,0.0
0.0,0.0
0.0,0.0
9.076400756835938,-3.1834864616394043
0.0,0.0
11.111105918884277,-8.888885498046875
0.0,0.0
0.0,0.0
0.0,0.0
0.0,0.0
0.0,0.0
0.0,0.0
0.0,0.0
0.0,0.0
0.0,0.0
0.0,0.0
0.0,0.0
0.0,0.0
0.0,0.0
0.0,0.0
0.0,0.0
0.0,0.0
0.0,0.0
0.0,0.0
0.0,0.0
0.0,0.0
0.0,0.0
0.0,0.0
0.0,0.0
0.0,0.0
0.0,0.0
0.0,0.0
0.0,0.0
0.0,0.0
0.0,0.0
0.0,0.0
0.0,0.0
0.0,0.0
0.0,0.0
0.0,0.0
0.0,0.0
0.0,0.0
0.0,0.0
0.0,0.0
0.0,0.0
0.0,0.0
0.0,0.0
0.0,0.0
0.0,0.0
0.0,0.0
0.0,0.0
0.0,0.0
0.0,0.0
0.0,0.0
0.0,0.0
0.0,0.0
0.0,0.0
0.0,0.0
0.0,0.0
0.0,0.0
0.0,0.0
0.0,0.0
0.0,0.0
0.0,0.0
0.0,0.0
0.0,0.0
0.0,0.0
0.0,0.0
0.0,0.0
0.0,0.0
0.0,0.0
0.0,0.0
0.0,0.0
0.0,0.0
0.0,0.0
