-11.121654510498047,20.80172348022461
0.0,0.0
0.0,0.0
0.0,0.0
0.0,0.0
0.0,0.0
0.0,0.0
0.0,0.0
0.0,0.0
0.0,0.0
0.0,0.0
0.0,0.0
0.0,0.0
0.0,0.0
0.0,0.0
0.0,0.0
0.0,0.0
0.0,0.0
-7.628063678741455,22.452678680419922
-15.71718978881836,530.3333740234375
0.0,0.0
0.0,0.0
0.0,0.0
0.0,0.0
0.0,0.0
0.0,0.0
-7.451015949249268,22.42734146118164
-16.57562828063965,33.947513580322266
0.0,0.0
0.0,0.0
0.0,0.0
0.0,0.0
0.0,0.0
0.0,0.0
0.0,0.0
0.0,0.0
0.0,0.0
0.0,0.0
0.0,0.0
0.0,0.0
0.0,0.0
0.0,0.0
0.0,0.0
0.0,0.0
0.0,0.0
0.0,0.0
0.0,0.0
0.0,0.0
0.0,0.0
0.0,0.0
-7.776954174041748,22.20692253112793
-9.421095848083496,32.85498809814453
0.0,0.0
0.0,0.0
-7.780248165130615,22.222211837768555
-2.0,17.658248901367188
0.0,0.0
0.0,0.0
-7.958940505981445,22.222129821777344
-2.0,0.0
0.0,0.0
0.0,0.0
-7.626857757568359,22.222211837768555
0.0,0.0
0.0,0.0
0.0,0.0
0.0,0.0
0.0,0.0
0.0,0.0
0.0,0.0
0.0,0.0
0.0,0.0
0.0,0.0
0.0,0.0
0.0,0.0
0.0,0.0
0.0,0.0
0.0,0.0
0.0,0.0
0.0,0.0
0.0,0.0
0.0,0.0
-7.777781009674072,22.222211837768555
-16.51333999633789,33.33331298828125
0.0,0.0
0.0,0.0
-7.004031181335449,22.222192764282227
0.0,17.658248901367188
0.0,0.0
0.0,0.0
-7.782745361328125,22.222204208374023
-4.551825523376465,537.0569458007812
0.0,0.0
0.0,0.0
-7.735183238983154,22.221961975097656
30.462480545043945,594.3814697265625
0.0,0.0
0.0,0.0
0.0,0.0
0.0,0.0
0.0,0.0
0.0,0.0
0.0,0.0
0.0,0.0
0.0,0.0
0.0,0.0
0.0,0.0
0.0,0.0
0.0,0.0
0.0,0.0
0.0,0.0
0.0,0.0
0.0,0.0
0.0,0.0
-7.259734630584717,21.987131118774414
-12.125777244567871,33.29585266113281
0.0,0.0
0.0,0.0
-3.9721293449401855,21.932025909423828
-10.490488052368164,31.98348045349121
0.0,0.0
0.0,0.0
-7.778728008270264,22.222211837768555
6.939522743225098,534.5211791992188
0.0,0.0
0.0,0.0
-7.804559230804443,18.038249969482422
-3.933851480484009,33.475257873535156
0.0,0.0
0.0,0.0
0.0,0.0
0.0,0.0
0.0,0.0
0.0,0.0
0.0,0.0
0.0,0.0
0.0,0.0
0.0,0.0
0.0,0.0
0.0,0.0
0.0,0.0
0.0,0.0
0.0,0.0
0.0,0.0
0.0,0.0
0.0,0.0
-7.553281784057617,22.33316993713379
33.24759292602539,65.37828826904297
0.0,0.0
0.0,0.0
0.0,0.0
0.0,0.0
0.0,0.0
0.0,0.0
-7.523029804229736,22.391523361206055
-16.204442977905273,33.37557601928711
0.0,0.0
0.0,0.0
-5.991879463195801,22.16908073425293
0.0,0.0
0.0,0.0
0.0,0.0
0.0,0.0
0.0,0.0
0.0,0.0
0.0,0.0
0.0,0.0
0.0,0.0
0.0,0.0
0.0,0.0
0.0,0.0
0.0,0.0
0.0,0.0
0.0,0.0
0.0,0.0
0.0,0.0
0.0,0.0
0.0,0.0
0.0,0.0
0.0,0.0
0.0,0.0
0.0,0.0
0.0,0.0
0.0,0.0
0.0,0.0
0.0,0.0
0.0,0.0
0.0,0.0
0.0,0.0
0.0,0.0
0.0,0.0
0.0,0.0
0.0,0.0
0.0,0.0
0.0,0.0
0.0,0.0
0.0,0.0
0.0,0.0
0.0,0.0
0.0,0.0
0.0,0.0
0.0,0.0
0.0,0.0
0.0,0.0
0.0,0.0
0.0,0.0
0.0,0.0
0.0,0.0
0.0,0.0
0.0,0.0
-7.811441898345947,21.885269165039062
-13.2464017868042,312.8975524902344
0.0,0.0
0.0,0.0
0.0,0.0
0.0,0.0
0.0,0.0
0.0,0.0
-7.829437255859375,21.705495834350586
28.69978141784668,211.03663635253906
0.0,0.0
0.0,0.0
-8.366495132446289,19.678020477294922
863.1884155273438,46.03573226928711
0.0,0.0
0.0,0.0
0.0,0.0
0.0,0.0
0.0,0.0
0.0,0.0
0.0,0.0
0.0,0.0
0.0,0.0
0.0,0.0
0.0,0.0
0.0,0.0
0.0,0.0
0.0,0.0
0.0,0.0
0.0,0.0
0.0,0.0
0.0,0.0
-7.788948059082031,22.172195434570312
-3.799999952316284,16.10796546936035
0.0,0.0
0.0,0.0
0.0,0.0
0.0,0.0
0.0,0.0
0.0,0.0
-7.876395225524902,21.21038246154785
22.760881423950195,104.92859649658203
0.0,0.0
0.0,0.0
-8.176254272460938,19.496810913085938
-2.0,500.0
0.0,0.0
0.0,0.0
0.0,0.0
0.0,0.0
0.0,0.0
0.0,0.0
0.0,0.0
0.0,0.0
0.0,0.0
0.0,0.0
0.0,0.0
0.0,0.0
0.0,0.0
0.0,0.0
0.0,0.0
0.0,0.0
0.0,0.0
0.0,0.0
0.0,0.0
0.0,0.0
0.0,0.0
0.0,0.0
0.0,0.0
0.0,0.0
0.0,0.0
0.0,0.0
0.0,0.0
0.0,0.0
0.0,0.0
0.0,0.0
0.0,0.0
0.0,0.0
0.0,0.0
0.0,0.0
0.0,0.0
0.0,0.0
0.0,0.0
0.0,0.0
0.0,0.0
0.0,0.0
0.0,0.0
0.0,0.0
0.0,0.0
0.0,0.0
0.0,0.0
0.0,0.0
0.0,0.0
0.0,0.0
0.0,0.0
0.0,0.0
0.0,0.0
0.0,0.0
0.0,0.0
0.0,0.0
0.0,0.0
0.0,0.0
0.0,0.0
0.0,0.0
0.0,0.0
0.0,0.0
0.0,0.0
0.0,0.0
0.0,0.0
0.0,0.0
-9.398371696472168,6.465357303619385
-20.728513717651367,-9.728828430175781
11.111105918884277,-7.480195999145508
0.0,0.0
0.0,0.0
0.0,0.0
7.173681259155273,-0.9463067650794983
0.0,0.0
-9.551192283630371,4.491467475891113
-21.108951568603516,18.863780975341797
11.111105918884277,-6.9282073974609375
455.0,0.0
0.0,0.0
0.0,0.0
8.875165939331055,-2.642139196395874
0.0,0.0
0.0,0.0
0.0,0.0
11.109216690063477,-4.0409135818481445
0.0,0.0
0.0,0.0
0.0,0.0
9.076400756835938,-2.6497931480407715
0.0,0.0
0.0,0.0
0.0,0.0
11.111105918884277,-8.830513000488281
32.446685791015625,8.75057315826416
0.0,0.0
0.0,0.0
10.802557945251465,-0.472297728061676
0.0,0.0
-93.21240997314453,63.803199768066406
-121.57288360595703,-121.63931274414062
-92.99758911132812,83.70157623291016
-20.509445190429688,25.710861206054688
-102.82215118408203,82.82905578613281
-108.8018798828125,-108.18357849121094
-10.0,34.916709899902344
-11.0,29.373065948486328
-95.41744232177734,45.86585998535156
-121.0628433227539,-48.30379104614258
-91.20592498779297,77.82463836669922
-44.38970184326172,1.4006983041763306
-96.82898712158203,10.323010444641113
-108.78340911865234,-108.3119125366211
-45.09222412109375,54.70062255859375
-37.32040786743164,68.56494140625
0.0,0.0
0.0,0.0
-44.69432067871094,80.11460876464844
-20.790000915527344,45.951629638671875
0.0,0.0
0.0,0.0
-10.0,41.77420425415039
-11.0,38.408382415771484
0.0,0.0
0.0,0.0
-88.96052551269531,87.89762878417969
-20.524595260620117,49.336585998535156
0.0,0.0
0.0,0.0
-39.109107971191406,31.790061950683594
-29.046588897705078,49.23384094238281
0.0,0.0
0.0,0.0
0.0,0.0
0.0,0.0
0.0,0.0
0.0,0.0
0.0,0.0
0.0,0.0
0.0,0.0
0.0,0.0
0.0,0.0
0.0,0.0
0.0,0.0
0.0,0.0
0.0,0.0
0.0,0.0
0.0,0.0
0.0,0.0
0.0,0.0
0.0,0.0
0.0,0.0
0.0,0.0
0.0,0.0
0.0,0.0
0.0,0.0
0.0,0.0
0.0,0.0
0.0,0.0
0.0,0.0
0.0,0.0
0.0,0.0
0.0,0.0
0.0,0.0
0.0,0.0
0.0,0.0
0.0,0.0
0.0,0.0
0.0,0.0
0.0,0.0
0.0,0.0
0.0,0.0
0.0,0.0
0.0,0.0
0.0,0.0
0.0,0.0
0.0,0.0
0.0,0.0
0.0,0.0
0.0,0.0
0.0,0.0
0.0,0.0
0.0,0.0
0.0,0.0
0.0,0.0
0.0,0.0
0.0,0.0
0.0,0.0
0.0,0.0
0.0,0.0
0.0,0.0
0.0,0.0
0.0,0.0
0.0,0.0
0.0,0.0
0.0,0.0
0.0,0.0
-8.918610572814941,11.110552787780762
0.0,0.0
0.0,0.0
0.0,0.0
0.0,0.0
0.0,0.0
11.111163139343262,6.902821063995361
0.0,0.0
11.111105918884277,7.596374034881592
0.0,0.0
0.0,0.0
0.0,0.0
10.935895919799805,1.0099999904632568
0.0,0.0
0.0,0.0
0.0,0.0
-10.18480396270752,-1.8484464883804321
0.0,0.0
0.0,0.0
0.0,0.0
0.0,0.0
0.0,0.0
10.616660118103027,-2.2895262241363525
0.0,0.0
11.111105918884277,-5.976115703582764
0.0,0.0
0.0,0.0
0.0,0.0
11.111105918884277,0.1097179651260376
0.0,0.0
0.0,0.0
0.0,0.0
-5.219350337982178,6.233798980712891
0.0,0.0
0.0,0.0
0.0,0.0
0.0,0.0
0.0,0.0
11.111105918884277,2.6662020683288574
0.0,0.0
11.111105918884277,6.074129104614258
0.0,0.0
0.0,0.0
0.0,0.0
8.411020278930664,1.063563346862793
0.0,0.0
0.0,0.0
0.0,0.0
-9.091533660888672,6.82902717590332
0.0,0.0
0.0,0.0
0.0,0.0
0.0,0.0
0.0,0.0
5.369321823120117,-0.03358294442296028
0.0,0.0
11.111105918884277,-5.741682529449463
0.0,0.0
0.0,0.0
0.0,0.0
11.111105918884277,7.056124687194824
0.0,0.0
0.0,0.0
0.0,0.0
0.0,0.0
0.0,0.0
0.0,0.0
0.0,0.0
0.0,0.0
0.0,0.0
0.0,0.0
0.0,0.0
0.0,0.0
0.0,0.0
0.0,0.0
0.0,0.0
0.0,0.0
0.0,0.0
0.0,0.0
0.0,0.0
12.53502368927002,113.32499694824219
-6.080435276031494,352.32049560546875
0.0,0.0
0.0,0.0
0.0,0.0
0.0,0.0
0.0,0.0
0.0,0.0
68.9428939819336,117.08788299560547
-7.887762546539307,66.6676254272461
0.0,0.0
0.0,0.0
0.0,0.0
0.0,0.0
0.0,0.0
0.0,0.0
0.0,0.0
0.0,0.0
0.0,0.0
0.0,0.0
0.0,0.0
0.0,0.0
0.0,0.0
0.0,0.0
0.0,0.0
0.0,0.0
0.0,0.0
0.0,0.0
0.0,0.0
0.0,0.0
0.0,0.0
0.0,0.0
12.289175033569336,118.44354248046875
-9.193415641784668,346.7633056640625
0.0,0.0
0.0,0.0
2011.5850830078125,513.197509765625
500.0,0.0
0.0,0.0
0.0,0.0
9.791390419006348,146.7207489013672
-6.332828998565674,69.7093505859375
0.0,0.0
0.0,0.0
919.1306762695312,2955.8037109375
0.0,0.0
0.0,0.0
0.0,0.0
0.0,0.0
0.0,0.0
0.0,0.0
0.0,0.0
0.0,0.0
0.0,0.0
0.0,0.0
0.0,0.0
0.0,0.0
0.0,0.0
0.0,0.0
0.0,0.0
0.0,0.0
0.0,0.0
0.0,0.0
0.0,0.0
0.0,0.0
0.0,0.0
0.0,0.0
0.0,0.0
0.0,0.0
0.0,0.0
0.0,0.0
0.0,0.0
0.0,0.0
0.0,0.0
0.0,0.0
0.0,0.0
0.0,0.0
0.0,0.0
0.0,0.0
0.0,0.0
0.0,0.0
0.0,0.0
0.0,0.0
0.0,0.0
0.0,0.0
0.0,0.0
0.0,0.0
0.0,0.0
0.0,0.0
0.0,0.0
0.0,0.0
0.0,0.0
0.0,0.0
0.0,0.0
0.0,0.0
0.0,0.0
0.0,0.0
0.0,0.0
0.0,0.0
0.0,0.0
0.0,0.0
0.0,0.0
0.0,0.0
0.0,0.0
0.0,0.0
0.0,0.0
0.0,0.0
0.0,0.0
0.0,0.0
0.0,0.0
0.0,0.0
0.0,0.0
0.0,0.0
0.0,0.0
0.0,0.0
0.0,0.0
0.0,0.0
0.0,0.0
0.0,0.0
0.0,0.0
0.0,0.0
0.0,0.0
0.0,0.0
0.0,0.0
0.0,0.0
0.0,0.0
0.0,0.0
0.0,0.0
-4.44444465637207,55.55553436279297
-12.131061553955078,66.66670227050781
0.0,0.0
0.0,0.0
0.0,0.0
0.0,0.0
0.0,0.0
0.0,0.0
-4.44444465637207,55.55553436279297
-13.33148193359375,66.66670227050781
0.0,0.0
0.0,0.0
0.0,0.0
0.0,0.0
0.0,0.0
0.0,0.0
0.0,0.0
0.0,0.0
0.0,0.0
0.0,0.0
0.0,0.0
0.0,0.0
0.0,0.0
0.0,0.0
0.0,0.0
0.0,0.0
0.0,0.0
0.0,0.0
0.0,0.0
0.0,0.0
0.0,0.0
0.0,0.0
0.6634607911109924,181.75901794433594
-13.276617050170898,66.6666259765625
0.0,0.0
0.0,0.0
0.0,0.0
0.0,0.0
0.0,0.0
0.0,0.0
-4.444282054901123,55.5571403503418
-13.333268165588379,66.6666259765625
0.0,0.0
0.0,0.0
0.0,0.0
0.0,0.0
0.0,0.0
0.0,0.0
0.0,0.0
0.0,0.0
0.0,0.0
0.0,0.0
0.0,0.0
0.0,0.0
0.0,0.0
0.0,0.0
0.0,0.0
0.0,0.0
0.0,0.0
0.0,0.0
0.0,0.0
0.0,0.0
0.0,0.0
0.0,0.0
0.0,0.0
0.0,0.0
0.0,0.0
0.0,0.0
0.0,0.0
0.0,0.0
0.0,0.0
0.0,0.0
0.0,0.0
0.0,0.0
0.0,0.0
0.0,0.0
0.0,0.0
0.0,0.0
0.0,0.0
0.0,0.0
0.0,0.0
0.0,0.0
0.0,0.0
0.0,0.0
0.0,0.0
0.0,0.0
0.0,0.0
0.0,0.0
0.0,0.0
0.0,0.0
0.0,0.0
0.0,0.0
0.0,0.0
0.0,0.0
0.0,0.0
0.0,0.0
0.0,0.0
0.0,0.0
0.0,0.0
0.0,0.0
0.0,0.0
0.0,0.0
0.0,0.0
0.0,0.0
0.0,0.0
0.0,0.0
0.0,0.0
0.0,0.0
0.0,0.0
0.0,0.0
-8.885452270507812,11.111105918884277
-2.0,15.701050758361816
11.111105918884277,-6.465638160705566
0.0,0.0
0.0,0.0
0.0,0.0
0.0,0.0
0.0,0.0
-8.887001037597656,11.111116409301758
-7.683835506439209,20.48079490661621
11.042878150939941,-4.7042059898376465
0.0,0.0
0.0,0.0
0.0,0.0
0.0,0.0
0.0,0.0
-8.87457275390625,11.111105918884277
-5.381800174713135,15.056099891662598
11.111140251159668,-8.888526916503906
0.0,0.0
0.0,0.0
0.0,0.0
0.0,0.0
0.0,0.0
-8.886937141418457,11.111116409301758
-6.389594078063965,21.477014541625977
11.111132621765137,-8.849865913391113
0.0,0.0
0.0,0.0
0.0,0.0
0.0,0.0
0.0,0.0
-88.57154846191406,111.11115264892578
-10.61591625213623,59.06254577636719
-88.4271469116211,111.11106872558594
0.0,64.74691772460938
-18.519855499267578,88.75165557861328
0.0,0.0
0.0,0.0
0.0,0.0
-88.88761901855469,111.11106872558594
-49.56897735595703,113.50639343261719
-69.48605346679688,111.11067962646484
0.0,0.0
-18.582258224487305,75.28050231933594
0.0,0.0
0.0,0.0
0.0,0.0
-88.68643188476562,111.11106872558594
-10.540483474731445,74.62692260742188
-88.88541412353516,111.1112060546875
-87.36444091796875,122.22538757324219
-26.909000396728516,75.28050231933594
0.0,0.0
22.81853485107422,110.80535888671875
0.0,0.0
-88.88752746582031,111.11106872558594
-35.22126770019531,117.71822357177734
-87.67886352539062,111.45037841796875
-90.48192596435547,122.22218322753906
0.0,90.76400756835938
0.0,0.0
-30.7623291015625,388.9225769042969
0.0,0.0
0.0,0.0
0.0,0.0
0.0,0.0
0.0,0.0
0.0,0.0
0.0,0.0
0.0,0.0
0.0,0.0
0.0,0.0
0.0,0.0
0.0,0.0
0.0,0.0
0.0,0.0
0.0,0.0
0.0,0.0
0.0,0.0
0.0,0.0
0.0,0.0
0.0,0.0
0.0,0.0
0.0,0.0
0.0,0.0
0.0,0.0
0.0,0.0
0.0,0.0
0.0,0.0
0.0,0.0
0.0,0.0
0.0,0.0
0.0,0.0
0.0,0.0
0.0,0.0
0.0,0.0
0.0,0.0
0.0,0.0
0.0,0.0
0.0,0.0
0.0,0.0
0.0,0.0
0.0,0.0
0.0,0.0
0.0,0.0
0.0,0.0
0.0,0.0
0.0,0.0
0.0,0.0
0.0,0.0
0.0,0.0
0.0,0.0
0.0,0.0
0.0,0.0
0.0,0.0
0.0,0.0
0.0,0.0
0.0,0.0
0.0,0.0
0.0,0.0
0.0,0.0
0.0,0.0
0.0,0.0
0.0,0.0
0.0,0.0
0.0,0.0
0.0,0.0
0.0,0.0
0.0,0.0
-3.357111930847168,4.80145263671875
0.0,0.0
0.0,0.0
0.0,0.0
0.0,0.0
0.0,0.0
11.110132217407227,-5.889427661895752
0.0,0.0
7.173681259155273,-2.596531391143799
0.0,0.0
0.0,0.0
0.0,0.0
0.0,0.0
0.0,0.0
0.0,0.0
0.0,0.0
-8.888901710510254,11.111041069030762
0.0,0.0
0.0,0.0
0.0,0.0
0.0,0.0
0.0,0.0
11.110824584960938,-7.840476036071777
0.0,0.0
11.111105918884277,-8.888883590698242
0.0,0.0
0.0,0.0
0.0,0.0
0.0,0.0
0.0,0.0
0.0,0.0
0.0,0.0
0.0,0.0
0.0,0.0
0.0,0.0
0.0,0.0
0.0,0.0
0.0,0.0
0.0,0.0
0.0,0.0
1.909999966621399,0.0
0.0,0.0
0.0,0.0
0.0,0.0
0.0,0.0
0.0,0.0
0.0,0.0
0.0,0.0
0.0,8.875165939331055
0.0,0.0
0.0,0.0
0.0,0.0
0.0,0.0
0.0,0.0
0.0,-1.0
0.0,0.0
11.111105918884277,-8.858192443847656
0.0,0.0
0.0,0.0
0.0,0.0
0.0,0.0
0.0,0.0
0.0,0.0
0.0,0.0
0.0,0.0
0.0,0.0
0.0,0.0
0.0,0.0
0.0,0.0
0.0,0.0
0.0,0.0
0.0,0.0
0.0,0.0
0.0,0.0
0.0,0.0
0.0,0.0
0.0,0.0
0.0,0.0
0.0,0.0
0.0,0.0
0.0,0.0
0.0,0.0
0.0,0.0
0.0,0.0
0.0,0.0
0.0,0.0
0.0,0.0
0.0,0.0
0.0,0.0
0.0,0.0
0.0,0.0
0.0,0.0
0.0,0.0
0.0,0.0
0.0,0.0
0.0,0.0
0.0,0.0
0.0,0.0
0.0,0.0
0.0,0.0
0.0,0.0
0.0,0.0
0.0,0.0
0.0,0.0
0.0,0.0
0.0,0.0
0.0,0.0
0.0,0.0
0.0,0.0
0.0,0.0
0.0,0.0
0.0,0.0
0.0,0.0
0.0,0.0
0.0,0.0
0.0,0.0
0.0,0.0
0.0,0.0
0.0,0.0
0.0,0.0
0.0,0.0
0.0,0.0
0.0,0.0
0.0,0.0
0.0,0.0
0.0,0.0
