-11.613871574401855,20.767192840576172
0.0,0.0
0.0,0.0
0.0,0.0
0.0,0.0
0.0,0.0
0.0,0.0
0.0,0.0
0.0,0.0
0.0,0.0
0.0,0.0
0.0,0.0
0.0,0.0
0.0,0.0
0.0,0.0
0.0,0.0
0.0,0.0
0.0,0.0
-7.183719158172607,22.555479049682617
-14.932526588439941,33.34214782714844
0.0,0.0
0.0,0.0
0.0,0.0
0.0,0.0
0.0,0.0
0.0,0.0
-4.29691219329834,22.589611053466797
-13.037089347839355,76.13287353515625
0.0,0.0
0.0,0.0
0.0,0.0
0.0,0.0
0.0,0.0
0.0,0.0
0.0,0.0
0.0,0.0
0.0,0.0
0.0,0.0
0.0,0.0
0.0,0.0
0.0,0.0
0.0,0.0
0.0,0.0
0.0,0.0
0.0,0.0
0.0,0.0
0.0,0.0
0.0,0.0
0.0,0.0
0.0,0.0
-7.7796502113342285,22.203628540039062
-16.009700775146484,33.33331298828125
0.0,0.0
0.0,0.0
-7.8359270095825195,22.22162437438965
-2.0,17.658248901367188
0.0,0.0
0.0,0.0
-7.832140922546387,22.205659866333008
-13.56506061553955,33.33320236206055
0.0,0.0
0.0,0.0
-7.731562614440918,22.22213363647461
0.0,0.0
0.0,0.0
0.0,0.0
0.0,0.0
0.0,0.0
0.0,0.0
0.0,0.0
0.0,0.0
0.0,0.0
0.0,0.0
0.0,0.0
0.0,0.0
0.0,0.0
0.0,0.0
0.0,0.0
0.0,0.0
0.0,0.0
0.0,0.0
0.0,0.0
-7.843451023101807,22.22220230102539
-10.531570434570312,33.33039474487305
0.0,0.0
0.0,0.0
-7.636570930480957,22.179168701171875
-3.638920307159424,23.551576614379883
0.0,0.0
0.0,0.0
-7.793720722198486,22.222211837768555
-11.460679054260254,33.35443115234375
0.0,0.0
0.0,0.0
-7.661813735961914,22.17023277282715
7.81589412689209,51.037044525146484
0.0,0.0
0.0,0.0
0.0,0.0
0.0,0.0
0.0,0.0
0.0,0.0
0.0,0.0
0.0,0.0
0.0,0.0
0.0,0.0
0.0,0.0
0.0,0.0
0.0,0.0
0.0,0.0
0.0,0.0
0.0,0.0
0.0,0.0
0.0,0.0
-7.811069965362549,22.160173416137695
-14.258452415466309,33.33331298828125
0.0,0.0
0.0,0.0
-2.556314706802368,19.431617736816406
-12.254148483276367,33.30508804321289
0.0,0.0
0.0,0.0
-7.781346797943115,22.222204208374023
17.11634063720703,33.33799743652344
0.0,0.0
0.0,0.0
-7.822712421417236,21.358081817626953
-1.926265835762024,84.04135131835938
0.0,0.0
0.0,0.0
0.0,0.0
0.0,0.0
0.0,0.0
0.0,0.0
0.0,0.0
0.0,0.0
0.0,0.0
0.0,0.0
0.0,0.0
0.0,0.0
0.0,0.0
0.0,0.0
0.0,0.0
0.0,0.0
0.0,0.0
0.0,0.0
-7.563020706176758,22.33379554748535
-13.571948051452637,64.3303451538086
0.0,0.0
0.0,0.0
0.0,0.0
0.0,0.0
0.0,0.0
0.0,0.0
-7.465822696685791,22.50922966003418
-16.665605545043945,33.33331298828125
0.0,0.0
0.0,0.0
-5.640654563903809,22.158048629760742
0.0,0.0
0.0,0.0
0.0,0.0
0.0,0.0
0.0,0.0
0.0,0.0
0.0,0.0
0.0,0.0
0.0,0.0
0.0,0.0
0.0,0.0
0.0,0.0
0.0,0.0
0.0,0.0
0.0,0.0
0.0,0.0
0.0,0.0
0.0,0.0
0.0,0.0
-7.779231548309326,22.214038848876953
-2.0,3.0
0.0,0.0
0.0,0.0
0.0,0.0
0.0,0.0
0.0,0.0
0.0,0.0
-7.780819416046143,22.211801528930664
-13.135008811950684,33.33331298828125
0.0,0.0
0.0,0.0
0.0,0.0
0.0,0.0
0.0,0.0
0.0,0.0
0.0,0.0
0.0,0.0
0.0,0.0
0.0,0.0
0.0,0.0
0.0,0.0
0.0,0.0
0.0,0.0
0.0,0.0
0.0,0.0
0.0,0.0
0.0,0.0
0.0,0.0
0.0,0.0
0.0,0.0
0.0,0.0
-7.808923244476318,21.910451889038086
-10.190973281860352,49.70271301269531
0.0,0.0
0.0,0.0
0.0,0.0
0.0,0.0
0.0,0.0
0.0,0.0
-7.8543572425842285,21.456134796142578
34.27422332763672,169.48667907714844
0.0,0.0
0.0,0.0
-8.327220916748047,12.477779388427734
-4.9817705154418945,243.4022979736328
0.0,0.0
0.0,0.0
0.0,0.0
0.0,0.0
0.0,0.0
0.0,0.0
0.0,0.0
0.0,0.0
0.0,0.0
0.0,0.0
0.0,0.0
0.0,0.0
0.0,0.0
0.0,0.0
0.0,0.0
0.0,0.0
0.0,0.0
0.0,0.0
-7.7992095947265625,22.174924850463867
-2.0,21.52104377746582
0.0,0.0
0.0,0.0
0.0,0.0
0.0,0.0
0.0,0.0
0.0,0.0
-7.871134281158447,21.285236358642578
158.39816284179688,343.925048828125
0.0,0.0
0.0,0.0
-8.270014762878418,21.055871963500977
-2.0,10.47501277923584
0.0,0.0
0.0,0.0
0.0,0.0
0.0,0.0
0.0,0.0
0.0,0.0
0.0,0.0
0.0,0.0
0.0,0.0
0.0,0.0
0.0,0.0
0.0,0.0
0.0,0.0
0.0,0.0
0.0,0.0
0.0,0.0
0.0,0.0
0.0,0.0
0.0,0.0
0.0,0.0
0.0,0.0
0.0,0.0
0.0,0.0
0.0,0.0
0.0,0.0
0.0,0.0
0.0,0.0
0.0,0.0
0.0,0.0
0.0,0.0
0.0,0.0
0.0,0.0
0.0,0.0
0.0,0.0
0.0,0.0
0.0,0.0
0.0,0.0
0.0,0.0
0.0,0.0
0.0,0.0
0.0,0.0
0.0,0.0
0.0,0.0
0.0,0.0
0.0,0.0
0.0,0.0
0.0,0.0
0.0,0.0
0.0,0.0
0.0,0.0
0.0,0.0
0.0,0.0
0.0,0.0
0.0,0.0
0.0,0.0
0.0,0.0
0.0,0.0
0.0,0.0
0.0,0.0
0.0,0.0
0.0,0.0
0.0,0.0
0.0,0.0
0.0,0.0
-9.291763305664062,6.87722110748291
0.0,0.0
11.111105918884277,-6.562398910522461
0.0,0.0
-1.0,1.0
0.0,0.0
5.886082649230957,-0.98089998960495
0.0,0.0
-9.464924812316895,5.239929676055908
0.0,0.0
11.111105918884277,-1.9928771257400513
0.0,0.0
0.0,0.0
0.0,0.0
7.850525379180908,-1.9050573110580444
0.0,0.0
0.0,0.0
0.0,0.0
10.830327987670898,-0.28326117992401123
0.0,0.0
0.0,0.0
0.0,0.0
8.143978118896484,-0.8187723755836487
0.0,0.0
0.0,0.0
0.0,0.0
11.111105918884277,-8.874107360839844
376.7854919433594,0.0
0.0,0.0
0.0,0.0
10.878594398498535,-2.1029582023620605
177.184326171875,11.859421730041504
-94.36325073242188,57.41958999633789
-114.85520935058594,-109.54461669921875
-91.09062957763672,91.72622680664062
-51.28105163574219,82.64158630371094
-98.28315734863281,88.63727569580078
-102.71420288085938,-82.16124725341797
0.0,27.381000518798828
-11.0,64.74691772460938
-96.58746337890625,34.12574768066406
-109.47921752929688,18.434314727783203
-92.5785140991211,61.868045806884766
-53.14195251464844,105.69898986816406
-93.6026611328125,3.2618136405944824
-113.8558120727539,-66.32861328125
-44.223236083984375,93.2625503540039
-21.010000228881836,44.70307540893555
0.0,0.0
0.0,0.0
-38.31058120727539,83.90699768066406
-20.245622634887695,59.54043197631836
0.0,0.0
0.0,0.0
-10.0,19.100000381469727
-20.790000915527344,59.06254577636719
0.0,0.0
0.0,0.0
-90.12983703613281,96.25238037109375
-55.76456832885742,449.76214599609375
0.0,0.0
0.0,0.0
-44.653602600097656,42.83740234375
-11.0,86.35578918457031
0.0,0.0
0.0,0.0
0.0,0.0
0.0,0.0
0.0,0.0
0.0,0.0
0.0,0.0
0.0,0.0
0.0,0.0
0.0,0.0
0.0,0.0
0.0,0.0
0.0,0.0
0.0,0.0
0.0,0.0
0.0,0.0
0.0,0.0
0.0,0.0
0.0,0.0
0.0,0.0
0.0,0.0
0.0,0.0
0.0,0.0
0.0,0.0
0.0,0.0
0.0,0.0
0.0,0.0
0.0,0.0
0.0,0.0
0.0,0.0
0.0,0.0
0.0,0.0
0.0,0.0
0.0,0.0
0.0,0.0
0.0,0.0
0.0,0.0
0.0,0.0
0.0,0.0
0.0,0.0
0.0,0.0
0.0,0.0
0.0,0.0
0.0,0.0
0.0,0.0
0.0,0.0
0.0,0.0
0.0,0.0
0.0,0.0
0.0,0.0
0.0,0.0
0.0,0.0
0.0,0.0
0.0,0.0
0.0,0.0
0.0,0.0
0.0,0.0
0.0,0.0
0.0,0.0
0.0,0.0
0.0,0.0
0.0,0.0
0.0,0.0
0.0,0.0
0.0,0.0
0.0,0.0
-7.333341121673584,6.27785587310791
0.0,0.0
0.0,0.0
0.0,0.0
0.0,0.0
0.0,0.0
11.111105918884277,6.69457483291626
0.0,0.0
11.111105918884277,6.443326473236084
0.0,0.0
0.0,0.0
0.0,0.0
6.007761478424072,10.95181941986084
0.0,0.0
0.0,0.0
0.0,0.0
-10.206533432006836,-2.0654234886169434
0.0,0.0
0.0,0.0
0.0,0.0
0.0,0.0
0.0,0.0
4.80145263671875,-1.913340449333191
0.0,0.0
11.111105918884277,-4.329451560974121
0.0,0.0
0.0,0.0
0.0,0.0
11.111105918884277,-2.5909271240234375
0.0,0.0
0.0,0.0
0.0,0.0
-6.573915004730225,5.556138038635254
0.0,0.0
0.0,0.0
0.0,0.0
0.0,0.0
0.0,0.0
11.111105918884277,4.34638786315918
0.0,0.0
11.111105918884277,9.214953422546387
0.0,0.0
0.0,0.0
0.0,0.0
1.9349920749664307,6.788544654846191
0.0,0.0
0.0,0.0
0.0,0.0
-9.305766105651855,7.360942840576172
0.0,0.0
0.0,0.0
0.0,0.0
0.0,0.0
0.0,0.0
7.173681259155273,-1.8419544696807861
0.0,0.0
11.111105918884277,-6.846741676330566
0.0,0.0
0.0,0.0
0.0,0.0
11.111105918884277,0.12223745882511139
0.0,0.0
0.0,0.0
0.0,0.0
0.0,0.0
0.0,0.0
0.0,0.0
0.0,0.0
0.0,0.0
0.0,0.0
0.0,0.0
0.0,0.0
0.0,0.0
0.0,0.0
0.0,0.0
0.0,0.0
0.0,0.0
0.0,0.0
0.0,0.0
0.0,0.0
16.40064239501953,77.33760833740234
-12.818524360656738,66.6668930053711
0.0,0.0
0.0,0.0
0.0,0.0
0.0,0.0
0.0,0.0
0.0,0.0
-2.683547019958496,72.23373413085938
-11.884232521057129,66.66671752929688
0.0,0.0
0.0,0.0
0.0,0.0
0.0,0.0
0.0,0.0
0.0,0.0
0.0,0.0
0.0,0.0
0.0,0.0
0.0,0.0
0.0,0.0
0.0,0.0
0.0,0.0
0.0,0.0
0.0,0.0
0.0,0.0
0.0,0.0
0.0,0.0
0.0,0.0
0.0,0.0
0.0,0.0
0.0,0.0
48.278839111328125,123.25367736816406
-1.5108332633972168,129.07357788085938
0.0,0.0
0.0,0.0
2346.30322265625,1095.0272216796875
0.0,0.0
0.0,0.0
0.0,0.0
79.43560791015625,123.23524475097656
-7.937461853027344,265.99127197265625
0.0,0.0
0.0,0.0
3277.99658203125,0.0
500.0,0.0
0.0,0.0
0.0,0.0
0.0,0.0
0.0,0.0
0.0,0.0
0.0,0.0
0.0,0.0
0.0,0.0
0.0,0.0
0.0,0.0
0.0,0.0
0.0,0.0
0.0,0.0
0.0,0.0
0.0,0.0
0.0,0.0
0.0,0.0
0.0,0.0
0.0,0.0
0.0,0.0
0.0,0.0
0.0,0.0
0.0,0.0
0.0,0.0
0.0,0.0
0.0,0.0
0.0,0.0
0.0,0.0
0.0,0.0
0.0,0.0
0.0,0.0
0.0,0.0
0.0,0.0
0.0,0.0
0.0,0.0
0.0,0.0
0.0,0.0
0.0,0.0
0.0,0.0
0.0,0.0
0.0,0.0
0.0,0.0
0.0,0.0
0.0,0.0
0.0,0.0
0.0,0.0
0.0,0.0
0.0,0.0
0.0,0.0
0.0,0.0
0.0,0.0
0.0,0.0
0.0,0.0
0.0,0.0
0.0,0.0
0.0,0.0
0.0,0.0
0.0,0.0
0.0,0.0
0.0,0.0
0.0,0.0
0.0,0.0
0.0,0.0
0.0,0.0
0.0,0.0
0.0,0.0
0.0,0.0
0.0,0.0
0.0,0.0
0.0,0.0
0.0,0.0
0.0,0.0
0.0,0.0
0.0,0.0
0.0,0.0
0.0,0.0
0.0,0.0
0.0,0.0
0.0,0.0
0.0,0.0
0.0,0.0
0.0,0.0
-4.44444465637207,55.55553436279297
-13.328083992004395,66.6666259765625
0.0,0.0
0.0,0.0
0.0,0.0
0.0,0.0
0.0,0.0
0.0,0.0
-4.44444465637207,55.55553436279297
-13.14243221282959,66.66670227050781
0.0,0.0
0.0,0.0
0.0,0.0
0.0,0.0
0.0,0.0
0.0,0.0
0.0,0.0
0.0,0.0
0.0,0.0
0.0,0.0
0.0,0.0
0.0,0.0
0.0,0.0
0.0,0.0
0.0,0.0
0.0,0.0
0.0,0.0
0.0,0.0
0.0,0.0
0.0,0.0
0.0,0.0
0.0,0.0
-4.444014072418213,55.55559158325195
-13.310515403747559,66.6666259765625
0.0,0.0
0.0,0.0
0.0,0.0
0.0,0.0
0.0,0.0
0.0,0.0
-4.406869888305664,55.93147659301758
-13.333333015441895,66.6666259765625
0.0,0.0
0.0,0.0
0.0,0.0
0.0,0.0
0.0,0.0
0.0,0.0
0.0,0.0
0.0,0.0
0.0,0.0
0.0,0.0
0.0,0.0
0.0,0.0
0.0,0.0
0.0,0.0
0.0,0.0
0.0,0.0
0.0,0.0
0.0,0.0
0.0,0.0
0.0,0.0
0.0,0.0
0.0,0.0
0.0,0.0
0.0,0.0
0.0,0.0
0.0,0.0
0.0,0.0
0.0,0.0
0.0,0.0
0.0,0.0
0.0,0.0
0.0,0.0
0.0,0.0
0.0,0.0
0.0,0.0
0.0,0.0
0.0,0.0
0.0,0.0
0.0,0.0
0.0,0.0
0.0,0.0
0.0,0.0
0.0,0.0
0.0,0.0
0.0,0.0
0.0,0.0
0.0,0.0
0.0,0.0
0.0,0.0
0.0,0.0
0.0,0.0
0.0,0.0
0.0,0.0
0.0,0.0
0.0,0.0
0.0,0.0
0.0,0.0
0.0,0.0
0.0,0.0
0.0,0.0
0.0,0.0
0.0,0.0
0.0,0.0
0.0,0.0
0.0,0.0
0.0,0.0
0.0,0.0
0.0,0.0
-6.007495880126953,11.110795974731445
0.0,0.0
10.772041320800781,-0.9282631874084473
0.0,0.0
0.0,0.0
0.0,0.0
0.0,0.0
0.0,0.0
-4.240436553955078,11.105764389038086
0.0,0.0
6.356335163116455,-0.9900000095367432
0.0,0.0
0.0,0.0
0.0,0.0
0.0,0.0
0.0,0.0
-6.3659467697143555,11.110091209411621
0.0,0.0
11.111105918884277,-8.888222694396973
0.0,0.0
0.0,0.0
0.0,0.0
0.0,0.0
0.0,0.0
-4.367907524108887,11.106683731079102
0.0,0.0
11.111105918884277,-8.8879976272583
0.0,0.0
0.0,0.0
0.0,0.0
0.0,0.0
0.0,0.0
-88.89170837402344,111.11106872558594
-49.544647216796875,109.51228332519531
-88.88418579101562,111.11106872558594
-20.44048309326172,89.58377075195312
-18.36436653137207,88.75165557861328
0.0,0.0
0.0,0.0
0.0,0.0
-88.88885498046875,111.11106872558594
-53.316261291503906,121.31585693359375
-85.71167755126953,111.11106872558594
-11.0,0.0
-32.83679962158203,103.1876220703125
0.0,0.0
0.0,0.0
0.0,0.0
-88.89846801757812,111.11106872558594
-36.394371032714844,112.6443862915039
-88.82392883300781,111.1114273071289
-94.78337097167969,122.22218322753906
-11.900195121765137,555.6195068359375
0.0,0.0
19.19052505493164,327.9205322265625
0.0,0.0
-88.88894653320312,111.11106872558594
-57.280826568603516,121.53921508789062
-88.06566619873047,111.18205261230469
-95.97611999511719,122.22151947021484
-29.859050750732422,166.67298889160156
0.0,0.0
201.66763305664062,566.2994995117188
0.0,0.0
0.0,0.0
0.0,0.0
0.0,0.0
0.0,0.0
0.0,0.0
0.0,0.0
0.0,0.0
0.0,0.0
0.0,0.0
0.0,0.0
0.0,0.0
0.0,0.0
0.0,0.0
0.0,0.0
0.0,0.0
0.0,0.0
0.0,0.0
0.0,0.0
0.0,0.0
0.0,0.0
0.0,0.0
0.0,0.0
0.0,0.0
0.0,0.0
0.0,0.0
0.0,0.0
0.0,0.0
0.0,0.0
0.0,0.0
0.0,0.0
0.0,0.0
0.0,0.0
0.0,0.0
0.0,0.0
0.0,0.0
0.0,0.0
0.0,0.0
0.0,0.0
0.0,0.0
0.0,0.0
0.0,0.0
0.0,0.0
0.0,0.0
0.0,0.0
0.0,0.0
0.0,0.0
0.0,0.0
0.0,0.0
0.0,0.0
0.0,0.0
0.0,0.0
0.0,0.0
0.0,0.0
0.0,0.0
0.0,0.0
0.0,0.0
0.0,0.0
0.0,0.0
0.0,0.0
0.0,0.0
0.0,0.0
0.0,0.0
0.0,0.0
0.0,0.0
0.0,0.0
0.0,0.0
-1.0,3.491671085357666
0.0,0.0
0.0,0.0
0.0,0.0
0.0,0.0
0.0,0.0
11.098616600036621,-3.228159189224243
0.0,0.0
8.143978118896484,-1.88100004196167
0.0,0.0
0.0,0.0
0.0,0.0
0.0,0.0
0.0,0.0
0.0,0.0
0.0,0.0
-8.888885498046875,11.111105918884277
0.0,0.0
0.0,0.0
0.0,0.0
0.0,0.0
0.0,0.0
11.098616600036621,-5.552146911621094
0.0,0.0
11.111105918884277,-8.888885498046875
0.0,0.0
0.0,0.0
0.0,0.0
0.0,0.0
0.0,0.0
0.0,0.0
0.0,0.0
0.0,2.738100051879883
0.0,0.0
0.0,0.0
0.0,0.0
0.0,0.0
0.0,0.0
10.240397453308105,-3.187652111053467
0.0,0.0
1.0,-0.9900000095367432
0.0,0.0
0.0,0.0
0.0,0.0
0.0,0.0
0.0,0.0
0.0,0.0
0.0,0.0
-7.475772857666016,11.111100196838379
0.0,0.0
0.0,0.0
0.0,0.0
0.0,0.0
0.0,0.0
10.567758560180664,-3.1834864616394043
0.0,0.0
11.111105918884277,-8.888885498046875
0.0,0.0
0.0,0.0
0.0,0.0
0.0,0.0
0.0,0.0
0.0,0.0
0.0,0.0
0.0,0.0
0.0,0.0
0.0,0.0
0.0,0.0
0.0,0.0
0.0,0.0
0.0,0.0
0.0,0.0
0.0,0.0
0.0,0.0
0.0,0.0
0.0,0.0
0.0,0.0
0.0,0.0
0.0,0.0
0.0,0.0
0.0,0.0
0.0,0.0
0.0,0.0
0.0,0.0
0.0,0.0
0.0,0.0
0.0,0.0
0.0,0.0
0.0,0.0
0.0,0.0
0.0,0.0
0.0,0.0
0.0,0.0
0.0,0.0
0.0,0.0
0.0,0.0
0.0,0.0
0.0,0.0
0.0,0.0
0.0,0.0
0.0,0.0
0.0,0.0
0.0,0.0
0.0,0.0
0.0,0.0
0.0,0.0
0.0,0.0
0.0,0.0
0.0,0.0
0.0,0.0
0.0,0.0
0.0,0.0
0.0,0.0
0.0,0.0
0.0,0.0
0.0,0.0
0.0,0.0
0.0,0.0
0.0,0.0
0.0,0.0
0.0,0.0
0.0,0.0
0.0,0.0
0.0,0.0
0.0,0.0
0.0,0.0
