-10.502744674682617,8.865679740905762
0.0,0.0
0.0,0.0
0.0,0.0
0.0,0.0
0.0,0.0
0.0,0.0
0.0,0.0
0.0,0.0
0.0,0.0
0.0,0.0
0.0,0.0
0.0,0.0
0.0,0.0
0.0,0.0
0.0,0.0
0.0,0.0
0.0,0.0
-6.024709701538086,15.817402839660645
-19.991777420043945,0.0
0.0,0.0
0.0,0.0
0.0,0.0
0.0,0.0
0.0,0.0
0.0,0.0
-8.28221607208252,15.311413764953613
-19.057973861694336,0.0
0.0,0.0
0.0,0.0
0.0,0.0
0.0,0.0
0.0,0.0
0.0,0.0
0.0,0.0
0.0,0.0
0.0,0.0
0.0,0.0
0.0,0.0
0.0,0.0
0.0,0.0
0.0,0.0
0.0,0.0
0.0,0.0
0.0,0.0
0.0,0.0
0.0,0.0
0.0,0.0
0.0,0.0
0.0,0.0
-8.917226791381836,11.111099243164062
-5.420000076293945,0.0
0.0,0.0
0.0,0.0
-8.888757705688477,11.110685348510742
0.0,0.0
0.0,0.0
0.0,0.0
-8.891453742980957,11.062050819396973
0.0,0.0
0.0,0.0
0.0,0.0
-8.293133735656738,11.109790802001953
0.0,0.0
0.0,0.0
0.0,0.0
0.0,0.0
0.0,0.0
0.0,0.0
0.0,0.0
0.0,0.0
0.0,0.0
0.0,0.0
0.0,0.0
0.0,0.0
0.0,0.0
0.0,0.0
0.0,0.0
0.0,0.0
0.0,0.0
0.0,0.0
0.0,0.0
-8.904260635375977,11.108165740966797
-18.441282272338867,-0.011164193041622639
0.0,0.0
0.0,0.0
-8.176179885864258,11.110219955444336
-5.420000076293945,0.0
0.0,0.0
0.0,0.0
-8.933363914489746,11.110992431640625
-0.7190918326377869,265.08038330078125
0.0,0.0
0.0,0.0
-8.56826114654541,11.111105918884277
-14.315922737121582,0.7606537938117981
0.0,0.0
0.0,0.0
0.0,0.0
0.0,0.0
0.0,0.0
0.0,0.0
0.0,0.0
0.0,0.0
0.0,0.0
0.0,0.0
0.0,0.0
0.0,0.0
0.0,0.0
0.0,0.0
0.0,0.0
0.0,0.0
0.0,0.0
0.0,0.0
-8.658652305603027,11.10863971710205
-9.371179580688477,0.0
0.0,0.0
0.0,0.0
-3.359628915786743,5.802182197570801
-8.190199851989746,0.0
0.0,0.0
0.0,0.0
-8.91124153137207,11.106758117675781
-10.94681167602539,20.67996597290039
0.0,0.0
0.0,0.0
-8.751145362854004,11.111105918884277
-14.137835502624512,-0.04891105741262436
0.0,0.0
0.0,0.0
0.0,0.0
0.0,0.0
0.0,0.0
0.0,0.0
0.0,0.0
0.0,0.0
0.0,0.0
0.0,0.0
0.0,0.0
0.0,0.0
0.0,0.0
0.0,0.0
0.0,0.0
0.0,0.0
0.0,0.0
0.0,0.0
-6.678540229797363,13.843428611755371
-18.07781219482422,10.765975952148438
0.0,0.0
0.0,0.0
0.0,0.0
0.0,0.0
0.0,0.0
0.0,0.0
-2.0824267864227295,14.4282865524292
-19.989849090576172,0.0
0.0,0.0
0.0,0.0
-4.852662086486816,10.772041320800781
0.0,0.0
0.0,0.0
0.0,0.0
0.0,0.0
0.0,0.0
0.0,0.0
0.0,0.0
0.0,0.0
0.0,0.0
0.0,0.0
0.0,0.0
0.0,0.0
0.0,0.0
0.0,0.0
0.0,0.0
0.0,0.0
0.0,0.0
0.0,0.0
0.0,0.0
0.0,0.0
0.0,0.0
0.0,0.0
0.0,0.0
0.0,0.0
0.0,0.0
0.0,0.0
0.0,0.0
0.0,0.0
0.0,0.0
0.0,0.0
0.0,0.0
0.0,0.0
0.0,0.0
0.0,0.0
0.0,0.0
0.0,0.0
0.0,0.0
0.0,0.0
0.0,0.0
0.0,0.0
0.0,0.0
0.0,0.0
0.0,0.0
0.0,0.0
0.0,0.0
0.0,0.0
0.0,0.0
0.0,0.0
0.0,0.0
0.0,0.0
0.0,0.0
-8.912102699279785,10.87841796875
-18.456632614135742,0.0975518673658371
0.0,0.0
0.0,0.0
0.0,0.0
0.0,0.0
0.0,0.0
0.0,0.0
-8.935410499572754,10.647242546081543
138.3466033935547,76.47254943847656
0.0,0.0
0.0,0.0
-9.373607635498047,8.558276176452637
-3.799999952316284,365.6199951171875
0.0,0.0
0.0,0.0
0.0,0.0
0.0,0.0
0.0,0.0
0.0,0.0
0.0,0.0
0.0,0.0
0.0,0.0
0.0,0.0
0.0,0.0
0.0,0.0
0.0,0.0
0.0,0.0
0.0,0.0
0.0,0.0
0.0,0.0
0.0,0.0
-8.928396224975586,10.876043319702148
-2.0,200.0
0.0,0.0
0.0,0.0
0.0,0.0
0.0,0.0
0.0,0.0
0.0,0.0
-8.943733215332031,10.836302757263184
-4.134941101074219,249.38246154785156
0.0,0.0
0.0,0.0
-9.089520454406738,10.462089538574219
-2.0,200.0
0.0,0.0
0.0,0.0
0.0,0.0
0.0,0.0
0.0,0.0
0.0,0.0
0.0,0.0
0.0,0.0
0.0,0.0
0.0,0.0
0.0,0.0
0.0,0.0
0.0,0.0
0.0,0.0
0.0,0.0
0.0,0.0
0.0,0.0
0.0,0.0
0.0,0.0
0.0,0.0
0.0,0.0
0.0,0.0
0.0,0.0
0.0,0.0
0.0,0.0
0.0,0.0
0.0,0.0
0.0,0.0
0.0,0.0
0.0,0.0
0.0,0.0
0.0,0.0
0.0,0.0
0.0,0.0
0.0,0.0
0.0,0.0
0.0,0.0
0.0,0.0
0.0,0.0
0.0,0.0
0.0,0.0
0.0,0.0
0.0,0.0
0.0,0.0
0.0,0.0
0.0,0.0
0.0,0.0
0.0,0.0
0.0,0.0
0.0,0.0
0.0,0.0
0.0,0.0
0.0,0.0
0.0,0.0
0.0,0.0
0.0,0.0
0.0,0.0
0.0,0.0
0.0,0.0
0.0,0.0
0.0,0.0
0.0,0.0
0.0,0.0
0.0,0.0
-9.88959789276123,-1.7091648578643799
-16.451066970825195,9.584667205810547
33.33331298828125,-16.014205932617188
15.701050758361816,-3.9618000984191895
0.0,0.0
0.0,0.0
12.532261848449707,-2.8746774196624756
2.0,0.0
-9.647316932678223,3.66611647605896
-21.688661575317383,-3.868544816970825
33.33331298828125,-8.150747299194336
20.308565139770508,-4.565644264221191
0.0,0.0
0.0,0.0
21.52104377746582,0.0
2.0,0.0
0.0,0.0
0.0,0.0
32.972869873046875,-13.068663597106934
11.772165298461914,0.32135239243507385
0.0,0.0
0.0,0.0
19.069005966186523,-2.809309959411621
2.0,0.0
0.0,0.0
0.0,0.0
33.33331298828125,-22.399791717529297
240.50534057617188,-6.565239429473877
0.0,0.0
0.0,0.0
29.14742660522461,0.0
8.354841232299805,-5.907238006591797
-1.4270025491714478,97.39613342285156
-16.190658569335938,21.95417022705078
33.33331298828125,-21.297685623168945
6.983342170715332,0.7492486834526062
-4.875442981719971,109.40088653564453
-6.947150230407715,35.64554214477539
8.214300155639648,-3.0
3.819999933242798,0.0
-2.725421190261841,72.09690856933594
-16.357885360717773,66.8689956665039
33.33331298828125,-26.289060592651367
18.5190486907959,-6.035910129547119
-3.9802849292755127,76.75507354736328
-15.27109146118164,35.64698028564453
30.72119140625,-2.8746774196624756
11.772165298461914,0.0
0.0,0.0
0.0,0.0
26.625497817993164,-5.361368179321289
2.0,0.0
0.0,0.0
0.0,0.0
14.40435791015625,0.0
0.0,0.0
0.0,0.0
0.0,0.0
33.33331298828125,-18.954517364501953
16.822040557861328,-10.531793594360352
0.0,0.0
0.0,0.0
32.40767288208008,-7.536273956298828
9.6029052734375,-4.735786437988281
0.0,0.0
0.0,0.0
0.0,0.0
0.0,0.0
0.0,0.0
0.0,0.0
0.0,0.0
0.0,0.0
0.0,0.0
0.0,0.0
0.0,0.0
0.0,0.0
0.0,0.0
0.0,0.0
0.0,0.0
0.0,0.0
0.0,0.0
0.0,0.0
0.0,0.0
0.0,0.0
0.0,0.0
0.0,0.0
0.0,0.0
0.0,0.0
0.0,0.0
0.0,0.0
0.0,0.0
0.0,0.0
0.0,0.0
0.0,0.0
0.0,0.0
0.0,0.0
0.0,0.0
0.0,0.0
0.0,0.0
0.0,0.0
0.0,0.0
0.0,0.0
0.0,0.0
0.0,0.0
0.0,0.0
0.0,0.0
0.0,0.0
0.0,0.0
0.0,0.0
0.0,0.0
0.0,0.0
0.0,0.0
0.0,0.0
0.0,0.0
0.0,0.0
0.0,0.0
0.0,0.0
0.0,0.0
0.0,0.0
0.0,0.0
0.0,0.0
0.0,0.0
0.0,0.0
0.0,0.0
0.0,0.0
0.0,0.0
0.0,0.0
0.0,0.0
0.0,0.0
0.0,0.0
-9.13412857055664,10.269632339477539
0.0,0.0
0.0,0.0
0.0,0.0
0.0,0.0
0.0,0.0
33.33331298828125,12.758452415466309
0.0,0.0
33.33331298828125,13.521112442016602
0.0,0.0
0.0,0.0
0.0,0.0
6.065120697021484,28.733436584472656
0.0,0.0
0.0,0.0
0.0,0.0
-10.16712474822998,-1.6717019081115723
0.0,0.0
0.0,0.0
0.0,0.0
0.0,0.0
0.0,0.0
20.352794647216797,-3.0
0.0,0.0
33.33331298828125,-15.013832092285156
0.0,0.0
0.0,0.0
0.0,0.0
33.33331298828125,11.30385684967041
0.0,0.0
0.0,0.0
0.0,0.0
-7.603384494781494,9.144320487976074
0.0,0.0
0.0,0.0
0.0,0.0
0.0,0.0
0.0,0.0
33.33331298828125,22.76020050048828
0.0,0.0
33.33331298828125,11.504280090332031
0.0,0.0
0.0,0.0
0.0,0.0
0.0,14.40435791015625
0.0,0.0
0.0,0.0
0.0,0.0
-9.082606315612793,8.150650978088379
0.0,0.0
0.0,0.0
0.0,0.0
0.0,0.0
0.0,0.0
12.532261848449707,-5.6427001953125
0.0,0.0
33.33331298828125,-12.8028564453125
0.0,0.0
0.0,0.0
0.0,0.0
33.333160400390625,-5.499346733093262
0.0,0.0
0.0,0.0
0.0,0.0
0.0,0.0
0.0,0.0
0.0,0.0
0.0,0.0
0.0,0.0
0.0,0.0
0.0,0.0
0.0,0.0
0.0,0.0
0.0,0.0
0.0,0.0
0.0,0.0
0.0,0.0
0.0,0.0
0.0,0.0
0.0,0.0
-5.0659637451171875,48.71303176879883
-9.958955764770508,22.54811668395996
0.0,0.0
0.0,0.0
0.0,0.0
0.0,0.0
0.0,0.0
0.0,0.0
32.56132507324219,58.826820373535156
-13.361886978149414,96.47599029541016
0.0,0.0
0.0,0.0
0.0,0.0
0.0,0.0
0.0,0.0
0.0,0.0
0.0,0.0
0.0,0.0
0.0,0.0
0.0,0.0
0.0,0.0
0.0,0.0
0.0,0.0
0.0,0.0
0.0,0.0
0.0,0.0
0.0,0.0
0.0,0.0
0.0,0.0
0.0,0.0
0.0,0.0
0.0,0.0
-2.582526445388794,149.76913452148438
10.180814743041992,171.1202850341797
0.0,0.0
0.0,0.0
363.7066955566406,555.4856567382812
0.0,0.0
0.0,0.0
0.0,0.0
1.2501146793365479,92.82329559326172
-13.797688484191895,23.46744728088379
0.0,0.0
0.0,0.0
759.8155517578125,211.30068969726562
0.0,0.0
0.0,0.0
0.0,0.0
0.0,0.0
0.0,0.0
0.0,0.0
0.0,0.0
0.0,0.0
0.0,0.0
0.0,0.0
0.0,0.0
0.0,0.0
0.0,0.0
0.0,0.0
0.0,0.0
0.0,0.0
0.0,0.0
0.0,0.0
0.0,0.0
0.0,0.0
0.0,0.0
0.0,0.0
0.0,0.0
0.0,0.0
0.0,0.0
0.0,0.0
0.0,0.0
0.0,0.0
0.0,0.0
0.0,0.0
0.0,0.0
0.0,0.0
0.0,0.0
0.0,0.0
0.0,0.0
0.0,0.0
0.0,0.0
0.0,0.0
0.0,0.0
0.0,0.0
0.0,0.0
0.0,0.0
0.0,0.0
0.0,0.0
0.0,0.0
0.0,0.0
0.0,0.0
0.0,0.0
0.0,0.0
0.0,0.0
0.0,0.0
0.0,0.0
0.0,0.0
0.0,0.0
0.0,0.0
0.0,0.0
0.0,0.0
0.0,0.0
0.0,0.0
0.0,0.0
0.0,0.0
0.0,0.0
0.0,0.0
0.0,0.0
0.0,0.0
0.0,0.0
0.0,0.0
0.0,0.0
0.0,0.0
0.0,0.0
0.0,0.0
0.0,0.0
0.0,0.0
0.0,0.0
0.0,0.0
0.0,0.0
0.0,0.0
0.0,0.0
0.0,0.0
0.0,0.0
0.0,0.0
0.0,0.0
0.0,0.0
-6.525754451751709,33.333396911621094
-16.1933536529541,22.225128173828125
0.0,0.0
0.0,0.0
0.0,0.0
0.0,0.0
0.0,0.0
0.0,0.0
-6.6666483879089355,33.33351516723633
-16.26328468322754,58.480987548828125
0.0,0.0
0.0,0.0
0.0,0.0
0.0,0.0
0.0,0.0
0.0,0.0
0.0,0.0
0.0,0.0
0.0,0.0
0.0,0.0
0.0,0.0
0.0,0.0
0.0,0.0
0.0,0.0
0.0,0.0
0.0,0.0
0.0,0.0
0.0,0.0
0.0,0.0
0.0,0.0
0.0,0.0
0.0,0.0
-6.433542251586914,33.333351135253906
-16.578044891357422,22.222211837768555
0.0,0.0
0.0,0.0
0.0,0.0
0.0,0.0
0.0,0.0
0.0,0.0
-6.666614055633545,33.333831787109375
-17.775985717773438,22.222211837768555
0.0,0.0
0.0,0.0
0.0,0.0
0.0,0.0
0.0,0.0
0.0,0.0
0.0,0.0
0.0,0.0
0.0,0.0
0.0,0.0
0.0,0.0
0.0,0.0
0.0,0.0
0.0,0.0
0.0,0.0
0.0,0.0
0.0,0.0
0.0,0.0
0.0,0.0
0.0,0.0
0.0,0.0
0.0,0.0
0.0,0.0
0.0,0.0
0.0,0.0
0.0,0.0
0.0,0.0
0.0,0.0
0.0,0.0
0.0,0.0
0.0,0.0
0.0,0.0
0.0,0.0
0.0,0.0
0.0,0.0
0.0,0.0
0.0,0.0
0.0,0.0
0.0,0.0
0.0,0.0
0.0,0.0
0.0,0.0
0.0,0.0
0.0,0.0
0.0,0.0
0.0,0.0
0.0,0.0
0.0,0.0
0.0,0.0
0.0,0.0
0.0,0.0
0.0,0.0
0.0,0.0
0.0,0.0
0.0,0.0
0.0,0.0
0.0,0.0
0.0,0.0
0.0,0.0
0.0,0.0
0.0,0.0
0.0,0.0
0.0,0.0
0.0,0.0
0.0,0.0
0.0,0.0
0.0,0.0
0.0,0.0
-6.546195983886719,33.33331298828125
-3.799999952316284,5.476200103759766
-5.823182106018066,33.3276481628418
-2.0,0.0
0.0,0.0
0.0,0.0
0.0,0.0
0.0,0.0
-6.666850566864014,33.33331298828125
-6.629714012145996,19.155624389648438
-3.1264517307281494,30.956283569335938
0.0,0.0
0.0,0.0
0.0,0.0
0.0,0.0
0.0,0.0
-6.570248603820801,33.33331298828125
-3.7618000507354736,8.354841232299805
-6.666666507720947,33.33331298828125
-13.575883865356445,22.016820907592773
0.0,0.0
0.0,0.0
0.0,0.0
0.0,0.0
-6.660208225250244,33.33331298828125
-7.955385684967041,19.155624389648438
-3.468134880065918,35.7255973815918
-12.972593307495117,22.222055435180664
0.0,0.0
0.0,0.0
0.0,0.0
0.0,0.0
-6.629364490509033,33.33331298828125
-5.33216667175293,11.772165298461914
-5.450610160827637,33.33111572265625
-2.0,0.0
-1.8427000045776367,12.532261848449707
0.0,0.0
0.0,0.0
0.0,0.0
-6.516932010650635,30.020946502685547
-5.27652645111084,14.347362518310547
-3.449697494506836,29.86698341369629
0.0,0.0
-2.510974645614624,22.584150314331055
0.0,0.0
0.0,0.0
0.0,0.0
-6.64387845993042,33.33331298828125
-6.823237895965576,10.738643646240234
-6.526164531707764,33.33335876464844
-13.10867691040039,22.1782169342041
-2.6008570194244385,8.214300155639648
0.0,0.0
-2.3242504596710205,31.364898681640625
0.0,0.0
-6.585693359375,29.693347930908203
-3.6728732585906982,16.822040557861328
-5.4794206619262695,24.240318298339844
-12.37389850616455,22.208032608032227
-0.5519202947616577,145.51849365234375
0.0,0.0
72.11046600341797,78.17266082763672
0.0,0.0
0.0,0.0
0.0,0.0
0.0,0.0
0.0,0.0
0.0,0.0
0.0,0.0
0.0,0.0
0.0,0.0
0.0,0.0
0.0,0.0
0.0,0.0
0.0,0.0
0.0,0.0
0.0,0.0
0.0,0.0
0.0,0.0
0.0,0.0
0.0,0.0
0.0,0.0
0.0,0.0
0.0,0.0
0.0,0.0
0.0,0.0
0.0,0.0
0.0,0.0
0.0,0.0
0.0,0.0
0.0,0.0
0.0,0.0
0.0,0.0
0.0,0.0
0.0,0.0
0.0,0.0
0.0,0.0
0.0,0.0
0.0,0.0
0.0,0.0
0.0,0.0
0.0,0.0
0.0,0.0
0.0,0.0
0.0,0.0
0.0,0.0
0.0,0.0
0.0,0.0
0.0,0.0
0.0,0.0
0.0,0.0
0.0,0.0
0.0,0.0
0.0,0.0
0.0,0.0
0.0,0.0
0.0,0.0
0.0,0.0
0.0,0.0
0.0,0.0
0.0,0.0
0.0,0.0
0.0,0.0
0.0,0.0
0.0,0.0
0.0,0.0
0.0,0.0
0.0,0.0
0.0,0.0
0.0,14.40435791015625
0.0,0.0
0.0,0.0
0.0,0.0
0.0,0.0
0.0,0.0
-4.859496593475342,33.3076286315918
0.0,0.0
-0.8559564352035522,14.40435791015625
0.0,0.0
0.0,0.0
0.0,0.0
0.0,0.0
0.0,0.0
0.0,0.0
0.0,0.0
-6.666681289672852,33.33321762084961
0.0,0.0
0.0,0.0
0.0,0.0
0.0,0.0
0.0,0.0
-5.196743011474609,33.324222564697266
0.0,0.0
-6.666666507720947,33.33331298828125
0.0,0.0
0.0,0.0
0.0,0.0
0.0,0.0
0.0,0.0
0.0,0.0
0.0,0.0
0.0,0.0
0.0,0.0
0.0,0.0
0.0,0.0
0.0,0.0
0.0,0.0
-1.0,0.0
0.0,0.0
-1.0,0.0
0.0,0.0
0.0,0.0
0.0,0.0
0.0,0.0
0.0,0.0
0.0,0.0
0.0,0.0
-1.0,8.214300155639648
0.0,0.0
0.0,0.0
0.0,0.0
0.0,0.0
0.0,0.0
0.0,0.0
0.0,0.0
-4.9582929611206055,33.32815933227539
0.0,0.0
0.0,0.0
0.0,0.0
0.0,0.0
0.0,0.0
0.0,0.0
0.0,0.0
0.0,0.0
0.0,0.0
0.0,0.0
0.0,0.0
0.0,0.0
0.0,0.0
0.0,0.0
0.0,0.0
0.0,0.0
0.0,0.0
0.0,0.0
0.0,0.0
0.0,0.0
0.0,0.0
0.0,0.0
0.0,0.0
0.0,0.0
0.0,0.0
0.0,0.0
0.0,0.0
0.0,0.0
0.0,0.0
0.0,0.0
0.0,0.0
0.0,0.0
0.0,0.0
0.0,0.0
0.0,0.0
0.0,0.0
0.0,0.0
0.0,0.0
0.0,0.0
0.0,0.0
0.0,0.0
0.0,0.0
0.0,0.0
0.0,0.0
0.0,0.0
0.0,0.0
0.0,0.0
0.0,0.0
0.0,0.0
0.0,0.0
0.0,0.0
0.0,0.0
0.0,0.0
0.0,0.0
0.0,0.0
0.0,0.0
0.0,0.0
0.0,0.0
0.0,0.0
0.0,0.0
0.0,0.0
0.0,0.0
0.0,0.0
0.0,0.0
0.0,0.0
0.0,0.0
0.0,0.0
0.0,0.0
0.0,0.0
