-11.988189697265625,20.509220123291016
0.0,0.0
0.0,0.0
0.0,0.0
0.0,0.0
0.0,0.0
0.0,0.0
0.0,0.0
0.0,0.0
0.0,0.0
0.0,0.0
0.0,0.0
0.0,0.0
0.0,0.0
0.0,0.0
0.0,0.0
0.0,0.0
0.0,0.0
-6.416400909423828,22.555147171020508
-16.29414176940918,33.33331298828125
0.0,0.0
0.0,0.0
0.0,0.0
0.0,0.0
0.0,0.0
0.0,0.0
-6.832186222076416,22.58696174621582
-10.060661315917969,95.74517822265625
0.0,0.0
0.0,0.0
0.0,0.0
0.0,0.0
0.0,0.0
0.0,0.0
0.0,0.0
0.0,0.0
0.0,0.0
0.0,0.0
0.0,0.0
0.0,0.0
0.0,0.0
0.0,0.0
0.0,0.0
0.0,0.0
0.0,0.0
0.0,0.0
0.0,0.0
0.0,0.0
0.0,0.0
0.0,0.0
-7.781470775604248,22.204076766967773
-14.081930160522461,33.31873321533203
0.0,0.0
0.0,0.0
-7.778270721435547,22.134986877441406
0.0,0.0
0.0,0.0
0.0,0.0
-7.924439907073975,22.20774269104004
-12.836499214172363,33.128639221191406
0.0,0.0
0.0,0.0
-7.6678948402404785,22.157007217407227
0.0,0.0
0.0,0.0
0.0,0.0
0.0,0.0
0.0,0.0
0.0,0.0
0.0,0.0
0.0,0.0
0.0,0.0
0.0,0.0
0.0,0.0
0.0,0.0
0.0,0.0
0.0,0.0
0.0,0.0
0.0,0.0
0.0,0.0
0.0,0.0
0.0,0.0
-7.8260498046875,19.737913131713867
-8.23621940612793,32.316123962402344
0.0,0.0
0.0,0.0
-7.599637031555176,21.845483779907227
-2.0,5.730000019073486
0.0,0.0
0.0,0.0
-7.848611354827881,20.189022064208984
-6.540611267089844,85.94544982910156
0.0,0.0
0.0,0.0
-7.532376289367676,22.210725784301758
13.916569709777832,327.5533447265625
0.0,0.0
0.0,0.0
0.0,0.0
0.0,0.0
0.0,0.0
0.0,0.0
0.0,0.0
0.0,0.0
0.0,0.0
0.0,0.0
0.0,0.0
0.0,0.0
0.0,0.0
0.0,0.0
0.0,0.0
0.0,0.0
0.0,0.0
0.0,0.0
-7.822854995727539,22.147396087646484
-13.990870475769043,33.330657958984375
0.0,0.0
0.0,0.0
-2.556314706802368,15.056099891662598
-11.762799263000488,33.06169891357422
0.0,0.0
0.0,0.0
-7.778993606567383,22.222209930419922
-8.086848258972168,34.008827209472656
0.0,0.0
0.0,0.0
-7.525492191314697,22.22195816040039
-2.1184263229370117,612.9298706054688
0.0,0.0
0.0,0.0
0.0,0.0
0.0,0.0
0.0,0.0
0.0,0.0
0.0,0.0
0.0,0.0
0.0,0.0
0.0,0.0
0.0,0.0
0.0,0.0
0.0,0.0
0.0,0.0
0.0,0.0
0.0,0.0
0.0,0.0
0.0,0.0
-7.563024044036865,22.33379554748535
-14.9536771774292,48.76042938232422
0.0,0.0
0.0,0.0
0.0,0.0
0.0,0.0
0.0,0.0
0.0,0.0
-6.9203314781188965,22.50892448425293
-16.660287857055664,33.33331298828125
0.0,0.0
0.0,0.0
-5.402156829833984,22.04113006591797
0.0,0.0
0.0,0.0
0.0,0.0
0.0,0.0
0.0,0.0
0.0,0.0
0.0,0.0
0.0,0.0
0.0,0.0
0.0,0.0
0.0,0.0
0.0,0.0
0.0,0.0
0.0,0.0
0.0,0.0
0.0,0.0
0.0,0.0
0.0,0.0
0.0,0.0
-7.7786946296691895,22.222209930419922
0.0,0.0
0.0,0.0
0.0,0.0
0.0,0.0
0.0,0.0
0.0,0.0
0.0,0.0
-7.800392150878906,22.221906661987305
-11.283831596374512,33.320045471191406
0.0,0.0
0.0,0.0
0.0,0.0
0.0,0.0
0.0,0.0
0.0,0.0
0.0,0.0
0.0,0.0
0.0,0.0
0.0,0.0
0.0,0.0
0.0,0.0
0.0,0.0
0.0,0.0
0.0,0.0
0.0,0.0
0.0,0.0
0.0,0.0
0.0,0.0
0.0,0.0
0.0,0.0
0.0,0.0
-7.808923244476318,21.910451889038086
-5.94635009765625,161.48118591308594
0.0,0.0
0.0,0.0
0.0,0.0
0.0,0.0
0.0,0.0
0.0,0.0
-7.855265140533447,21.4453125
373.6611633300781,121.56541442871094
0.0,0.0
0.0,0.0
-8.311050415039062,15.797447204589844
-4.9817705154418945,20.352794647216797
0.0,0.0
0.0,0.0
0.0,0.0
0.0,0.0
0.0,0.0
0.0,0.0
0.0,0.0
0.0,0.0
0.0,0.0
0.0,0.0
0.0,0.0
0.0,0.0
0.0,0.0
0.0,0.0
0.0,0.0
0.0,0.0
0.0,0.0
0.0,0.0
-7.779078960418701,20.778240203857422
-2.0,3.0
0.0,0.0
0.0,0.0
0.0,0.0
0.0,0.0
0.0,0.0
0.0,0.0
-7.852656841278076,21.466312408447266
9.896492958068848,151.50601196289062
0.0,0.0
0.0,0.0
-8.157180786132812,19.80991554260254
0.0,0.0
0.0,0.0
0.0,0.0
0.0,0.0
0.0,0.0
0.0,0.0
0.0,0.0
0.0,0.0
0.0,0.0
0.0,0.0
0.0,0.0
0.0,0.0
0.0,0.0
0.0,0.0
0.0,0.0
0.0,0.0
0.0,0.0
0.0,0.0
0.0,0.0
0.0,0.0
0.0,0.0
0.0,0.0
0.0,0.0
0.0,0.0
0.0,0.0
0.0,0.0
0.0,0.0
0.0,0.0
0.0,0.0
0.0,0.0
0.0,0.0
0.0,0.0
0.0,0.0
0.0,0.0
0.0,0.0
0.0,0.0
0.0,0.0
0.0,0.0
0.0,0.0
0.0,0.0
0.0,0.0
0.0,0.0
0.0,0.0
0.0,0.0
0.0,0.0
0.0,0.0
0.0,0.0
0.0,0.0
0.0,0.0
0.0,0.0
0.0,0.0
0.0,0.0
0.0,0.0
0.0,0.0
0.0,0.0
0.0,0.0
0.0,0.0
0.0,0.0
0.0,0.0
0.0,0.0
0.0,0.0
0.0,0.0
0.0,0.0
0.0,0.0
0.0,0.0
-9.529796600341797,1.060988187789917
0.0,0.0
11.111105918884277,-5.272424697875977
0.0,0.0
-1.0,1.0
0.0,0.0
5.886082649230957,-0.98089998960495
0.0,0.0
-9.493315696716309,4.491709232330322
0.0,0.0
11.111105918884277,-4.83682918548584
0.0,0.0
0.0,0.0
0.0,0.0
6.356335163116455,-1.0809999704360962
0.0,0.0
0.0,0.0
0.0,0.0
10.240397453308105,0.6784135699272156
0.0,0.0
0.0,0.0
0.0,0.0
7.173681259155273,-0.8187723755836487
0.0,0.0
0.0,0.0
0.0,0.0
11.111105918884277,-8.410555839538574
0.0,0.0
0.0,0.0
0.0,0.0
10.318761825561523,-1.3429286479949951
342.8747863769531,10.564620971679688
-95.94505310058594,43.800743103027344
-110.60075378417969,-75.50543975830078
-94.91523742675781,67.25233459472656
-45.60686111450195,71.99154663085938
-98.50603485107422,-76.14775085449219
-98.7244873046875,-93.27985382080078
0.0,19.100000381469727
-11.0,52.815982818603516
-96.59473419189453,34.091243743896484
-113.40003967285156,-9.712892532348633
-96.20877075195312,64.93199157714844
-43.96177673339844,65.78614807128906
-93.55259704589844,68.41889953613281
-108.94304656982422,-110.05680847167969
-38.997215270996094,91.81725311279297
-11.0,-14.286572456359863
0.0,0.0
0.0,0.0
-38.31058120727539,85.99584197998047
-20.245622634887695,46.528717041015625
0.0,0.0
0.0,0.0
-10.0,10.0
-20.790000915527344,38.408382415771484
0.0,0.0
0.0,0.0
-89.59236145019531,89.37319946289062
-55.76456832885742,65.23136138916016
0.0,0.0
0.0,0.0
-44.653602600097656,99.83374786376953
-11.0,52.815982818603516
0.0,0.0
0.0,0.0
0.0,0.0
0.0,0.0
0.0,0.0
0.0,0.0
0.0,0.0
0.0,0.0
0.0,0.0
0.0,0.0
0.0,0.0
0.0,0.0
0.0,0.0
0.0,0.0
0.0,0.0
0.0,0.0
0.0,0.0
0.0,0.0
0.0,0.0
0.0,0.0
0.0,0.0
0.0,0.0
0.0,0.0
0.0,0.0
0.0,0.0
0.0,0.0
0.0,0.0
0.0,0.0
0.0,0.0
0.0,0.0
0.0,0.0
0.0,0.0
0.0,0.0
0.0,0.0
0.0,0.0
0.0,0.0
0.0,0.0
0.0,0.0
0.0,0.0
0.0,0.0
0.0,0.0
0.0,0.0
0.0,0.0
0.0,0.0
0.0,0.0
0.0,0.0
0.0,0.0
0.0,0.0
0.0,0.0
0.0,0.0
0.0,0.0
0.0,0.0
0.0,0.0
0.0,0.0
0.0,0.0
0.0,0.0
0.0,0.0
0.0,0.0
0.0,0.0
0.0,0.0
0.0,0.0
0.0,0.0
0.0,0.0
0.0,0.0
0.0,0.0
0.0,0.0
-7.126590728759766,4.7990007400512695
0.0,0.0
0.0,0.0
0.0,0.0
0.0,0.0
0.0,0.0
11.111105918884277,8.066001892089844
0.0,0.0
11.111105918884277,6.220263481140137
0.0,0.0
0.0,0.0
0.0,0.0
6.007761478424072,10.241259574890137
0.0,0.0
0.0,0.0
0.0,0.0
-10.206533432006836,-2.0654234886169434
0.0,0.0
0.0,0.0
0.0,0.0
0.0,0.0
0.0,0.0
3.491671085357666,-1.913340449333191
0.0,0.0
11.111105918884277,-5.206177711486816
0.0,0.0
0.0,0.0
0.0,0.0
11.111105918884277,1.4775558710098267
0.0,0.0
0.0,0.0
0.0,0.0
-6.223940372467041,5.790398120880127
0.0,0.0
0.0,0.0
0.0,0.0
0.0,0.0
0.0,0.0
11.111105918884277,7.605544090270996
0.0,0.0
11.111105918884277,4.11708402633667
0.0,0.0
0.0,0.0
0.0,0.0
1.9349920749664307,4.1842780113220215
0.0,0.0
0.0,0.0
0.0,0.0
-9.347782135009766,9.563575744628906
0.0,0.0
0.0,0.0
0.0,0.0
0.0,0.0
0.0,0.0
4.80145263671875,-0.04797615110874176
0.0,0.0
11.111105918884277,-7.766291618347168
0.0,0.0
0.0,0.0
0.0,0.0
11.111100196838379,-0.7551925182342529
0.0,0.0
0.0,0.0
0.0,0.0
0.0,0.0
0.0,0.0
0.0,0.0
0.0,0.0
0.0,0.0
0.0,0.0
0.0,0.0
0.0,0.0
0.0,0.0
0.0,0.0
0.0,0.0
0.0,0.0
0.0,0.0
0.0,0.0
0.0,0.0
0.0,0.0
-3.84660267829895,57.369930267333984
-10.73358154296875,67.47676849365234
0.0,0.0
0.0,0.0
0.0,0.0
0.0,0.0
0.0,0.0
0.0,0.0
47.03095245361328,55.88084411621094
-13.177688598632812,66.66670227050781
0.0,0.0
0.0,0.0
0.0,0.0
0.0,0.0
0.0,0.0
0.0,0.0
0.0,0.0
0.0,0.0
0.0,0.0
0.0,0.0
0.0,0.0
0.0,0.0
0.0,0.0
0.0,0.0
0.0,0.0
0.0,0.0
0.0,0.0
0.0,0.0
0.0,0.0
0.0,0.0
0.0,0.0
0.0,0.0
42.03623580932617,111.52049255371094
34.883880615234375,164.99534606933594
0.0,0.0
0.0,0.0
1452.7584228515625,654.759521484375
0.0,0.0
0.0,0.0
0.0,0.0
116.98506164550781,122.8582763671875
31.733360290527344,66.67367553710938
0.0,0.0
0.0,0.0
1732.292724609375,0.0
500.0,0.0
0.0,0.0
0.0,0.0
0.0,0.0
0.0,0.0
0.0,0.0
0.0,0.0
0.0,0.0
0.0,0.0
0.0,0.0
0.0,0.0
0.0,0.0
0.0,0.0
0.0,0.0
0.0,0.0
0.0,0.0
0.0,0.0
0.0,0.0
0.0,0.0
0.0,0.0
0.0,0.0
0.0,0.0
0.0,0.0
0.0,0.0
0.0,0.0
0.0,0.0
0.0,0.0
0.0,0.0
0.0,0.0
0.0,0.0
0.0,0.0
0.0,0.0
0.0,0.0
0.0,0.0
0.0,0.0
0.0,0.0
0.0,0.0
0.0,0.0
0.0,0.0
0.0,0.0
0.0,0.0
0.0,0.0
0.0,0.0
0.0,0.0
0.0,0.0
0.0,0.0
0.0,0.0
0.0,0.0
0.0,0.0
0.0,0.0
0.0,0.0
0.0,0.0
0.0,0.0
0.0,0.0
0.0,0.0
0.0,0.0
0.0,0.0
0.0,0.0
0.0,0.0
0.0,0.0
0.0,0.0
0.0,0.0
0.0,0.0
0.0,0.0
0.0,0.0
0.0,0.0
0.0,0.0
0.0,0.0
0.0,0.0
0.0,0.0
0.0,0.0
0.0,0.0
0.0,0.0
0.0,0.0
0.0,0.0
0.0,0.0
0.0,0.0
0.0,0.0
0.0,0.0
0.0,0.0
0.0,0.0
0.0,0.0
0.0,0.0
-4.44444465637207,55.55553436279297
-13.2520170211792,66.6666259765625
0.0,0.0
0.0,0.0
0.0,0.0
0.0,0.0
0.0,0.0
0.0,0.0
-4.44444465637207,55.55553436279297
-4.85968542098999,66.66688537597656
0.0,0.0
0.0,0.0
0.0,0.0
0.0,0.0
0.0,0.0
0.0,0.0
0.0,0.0
0.0,0.0
0.0,0.0
0.0,0.0
0.0,0.0
0.0,0.0
0.0,0.0
0.0,0.0
0.0,0.0
0.0,0.0
0.0,0.0
0.0,0.0
0.0,0.0
0.0,0.0
0.0,0.0
0.0,0.0
-4.439851760864258,333.9930725097656
-13.196492195129395,66.6666259765625
0.0,0.0
0.0,0.0
0.0,0.0
0.0,0.0
0.0,0.0
0.0,0.0
-4.406971454620361,55.931427001953125
-13.333209991455078,66.6666259765625
0.0,0.0
0.0,0.0
0.0,0.0
0.0,0.0
0.0,0.0
0.0,0.0
0.0,0.0
0.0,0.0
0.0,0.0
0.0,0.0
0.0,0.0
0.0,0.0
0.0,0.0
0.0,0.0
0.0,0.0
0.0,0.0
0.0,0.0
0.0,0.0
0.0,0.0
0.0,0.0
0.0,0.0
0.0,0.0
0.0,0.0
0.0,0.0
0.0,0.0
0.0,0.0
0.0,0.0
0.0,0.0
0.0,0.0
0.0,0.0
0.0,0.0
0.0,0.0
0.0,0.0
0.0,0.0
0.0,0.0
0.0,0.0
0.0,0.0
0.0,0.0
0.0,0.0
0.0,0.0
0.0,0.0
0.0,0.0
0.0,0.0
0.0,0.0
0.0,0.0
0.0,0.0
0.0,0.0
0.0,0.0
0.0,0.0
0.0,0.0
0.0,0.0
0.0,0.0
0.0,0.0
0.0,0.0
0.0,0.0
0.0,0.0
0.0,0.0
0.0,0.0
0.0,0.0
0.0,0.0
0.0,0.0
0.0,0.0
0.0,0.0
0.0,0.0
0.0,0.0
0.0,0.0
0.0,0.0
0.0,0.0
-5.687332630157471,10.965617179870605
0.0,0.0
10.154282569885254,-0.9282631874084473
0.0,0.0
0.0,0.0
0.0,0.0
0.0,0.0
0.0,0.0
-1.8015861511230469,10.878594398498535
0.0,0.0
4.80145263671875,-0.9900000095367432
0.0,0.0
0.0,0.0
0.0,0.0
0.0,0.0
0.0,0.0
-6.085312366485596,10.868824005126953
0.0,0.0
11.111105918884277,-8.885970115661621
0.0,0.0
0.0,0.0
0.0,0.0
0.0,0.0
0.0,0.0
-4.367907524108887,10.855598449707031
0.0,0.0
11.111105918884277,-8.882946014404297
0.0,0.0
0.0,0.0
0.0,0.0
0.0,0.0
0.0,0.0
-88.97998046875,111.1085433959961
-43.91212844848633,82.80855560302734
-88.82322692871094,111.11105346679688
-20.44048309326172,69.91969299316406
-18.36436653137207,63.5633544921875
0.0,0.0
0.0,0.0
0.0,0.0
-88.8830795288086,111.11106872558594
-48.2958984375,113.50639343261719
-82.2461166381836,111.11101531982422
-11.0,0.0
-26.421573638916016,88.75165557861328
0.0,0.0
0.0,0.0
0.0,0.0
-88.959716796875,111.1080093383789
-36.394371032714844,86.35578918457031
-88.88934326171875,111.11101531982422
-92.14326477050781,122.22218322753906
-9.899999618530273,321.0555419921875
0.0,0.0
19.19052505493164,676.5133666992188
0.0,0.0
-88.89753723144531,111.11106872558594
-35.92757034301758,116.78326416015625
-88.8887939453125,111.1112060546875
-94.33705139160156,110.6812515258789
-29.859050750732422,319.1754150390625
0.0,0.0
-16.028657913208008,826.4893798828125
0.0,0.0
0.0,0.0
0.0,0.0
0.0,0.0
0.0,0.0
0.0,0.0
0.0,0.0
0.0,0.0
0.0,0.0
0.0,0.0
0.0,0.0
0.0,0.0
0.0,0.0
0.0,0.0
0.0,0.0
0.0,0.0
0.0,0.0
0.0,0.0
0.0,0.0
0.0,0.0
0.0,0.0
0.0,0.0
0.0,0.0
0.0,0.0
0.0,0.0
0.0,0.0
0.0,0.0
0.0,0.0
0.0,0.0
0.0,0.0
0.0,0.0
0.0,0.0
0.0,0.0
0.0,0.0
0.0,0.0
0.0,0.0
0.0,0.0
0.0,0.0
0.0,0.0
0.0,0.0
0.0,0.0
0.0,0.0
0.0,0.0
0.0,0.0
0.0,0.0
0.0,0.0
0.0,0.0
0.0,0.0
0.0,0.0
0.0,0.0
0.0,0.0
0.0,0.0
0.0,0.0
0.0,0.0
0.0,0.0
0.0,0.0
0.0,0.0
0.0,0.0
0.0,0.0
0.0,0.0
0.0,0.0
0.0,0.0
0.0,0.0
0.0,0.0
0.0,0.0
0.0,0.0
0.0,0.0
-1.0,1.909999966621399
0.0,0.0
0.0,0.0
0.0,0.0
0.0,0.0
0.0,0.0
10.990955352783203,-3.228159189224243
0.0,0.0
6.784265041351318,-1.88100004196167
0.0,0.0
0.0,0.0
0.0,0.0
0.0,0.0
0.0,0.0
0.0,0.0
0.0,0.0
-8.888885498046875,11.111105918884277
0.0,0.0
0.0,0.0
0.0,0.0
0.0,0.0
0.0,0.0
11.001769065856934,-5.180391788482666
0.0,0.0
11.111105918884277,-8.888885498046875
0.0,0.0
0.0,0.0
0.0,0.0
0.0,0.0
0.0,0.0
0.0,0.0
0.0,0.0
0.0,1.0
0.0,0.0
0.0,0.0
0.0,0.0
0.0,0.0
0.0,0.0
8.65402889251709,-2.5354597568511963
0.0,0.0
1.0,0.0
0.0,0.0
0.0,0.0
0.0,0.0
0.0,0.0
0.0,0.0
0.0,0.0
0.0,0.0
-7.318758010864258,11.11087417602539
0.0,0.0
0.0,0.0
0.0,0.0
0.0,0.0
0.0,0.0
9.076400756835938,-3.1834864616394043
0.0,0.0
11.111105918884277,-8.888885498046875
0.0,0.0
0.0,0.0
0.0,0.0
0.0,0.0
0.0,0.0
0.0,0.0
0.0,0.0
0.0,0.0
0.0,0.0
0.0,0.0
0.0,0.0
0.0,0.0
0.0,0.0
0.0,0.0
0.0,0.0
0.0,0.0
0.0,0.0
0.0,0.0
0.0,0.0
0.0,0.0
0.0,0.0
0.0,0.0
0.0,0.0
0.0,0.0
0.0,0.0
0.0,0.0
0.0,0.0
0.0,0.0
0.0,0.0
0.0,0.0
0.0,0.0
0.0,0.0
0.0,0.0
0.0,0.0
0.0,0.0
0.0,0.0
0.0,0.0
0.0,0.0
0.0,0.0
0.0,0.0
0.0,0.0
0.0,0.0
0.0,0.0
0.0,0.0
0.0,0.0
0.0,0.0
0.0,0.0
0.0,0.0
0.0,0.0
0.0,0.0
0.0,0.0
0.0,0.0
0.0,0.0
0.0,0.0
0.0,0.0
0.0,0.0
0.0,0.0
0.0,0.0
0.0,0.0
0.0,0.0
0.0,0.0
0.0,0.0
0.0,0.0
0.0,0.0
0.0,0.0
0.0,0.0
0.0,0.0
0.0,0.0
0.0,0.0
