-10.548606872558594,8.39151668548584
0.0,0.0
0.0,0.0
0.0,0.0
0.0,0.0
0.0,0.0
0.0,0.0
0.0,0.0
0.0,0.0
0.0,0.0
0.0,0.0
0.0,0.0
0.0,0.0
0.0,0.0
0.0,0.0
0.0,0.0
0.0,0.0
0.0,0.0
-8.286528587341309,15.816438674926758
-19.989849090576172,0.0
0.0,0.0
0.0,0.0
0.0,0.0
0.0,0.0
0.0,0.0
0.0,0.0
-8.471152305603027,15.310213088989258
-15.424642562866211,0.0
0.0,0.0
0.0,0.0
0.0,0.0
0.0,0.0
0.0,0.0
0.0,0.0
0.0,0.0
0.0,0.0
0.0,0.0
0.0,0.0
0.0,0.0
0.0,0.0
0.0,0.0
0.0,0.0
0.0,0.0
0.0,0.0
0.0,0.0
0.0,0.0
0.0,0.0
0.0,0.0
0.0,0.0
0.0,0.0
-8.889894485473633,11.110444068908691
-5.420000076293945,0.0
0.0,0.0
0.0,0.0
-8.873291969299316,11.030345916748047
0.0,0.0
0.0,0.0
0.0,0.0
-8.88994026184082,11.106363296508789
0.0,0.0
0.0,0.0
0.0,0.0
-8.153122901916504,11.086539268493652
0.0,0.0
0.0,0.0
0.0,0.0
0.0,0.0
0.0,0.0
0.0,0.0
0.0,0.0
0.0,0.0
0.0,0.0
0.0,0.0
0.0,0.0
0.0,0.0
0.0,0.0
0.0,0.0
0.0,0.0
0.0,0.0
0.0,0.0
0.0,0.0
0.0,0.0
-8.962890625,11.10960865020752
-17.62184715270996,-0.20775151252746582
0.0,0.0
0.0,0.0
-7.911083221435547,11.102542877197266
-5.420000076293945,0.0
0.0,0.0
0.0,0.0
-8.957033157348633,10.193385124206543
-4.054714202880859,0.17216746509075165
0.0,0.0
0.0,0.0
-8.061285972595215,11.111024856567383
-14.315922737121582,0.7606537938117981
0.0,0.0
0.0,0.0
0.0,0.0
0.0,0.0
0.0,0.0
0.0,0.0
0.0,0.0
0.0,0.0
0.0,0.0
0.0,0.0
0.0,0.0
0.0,0.0
0.0,0.0
0.0,0.0
0.0,0.0
0.0,0.0
0.0,0.0
0.0,0.0
-8.496933937072754,11.022107124328613
-9.371179580688477,0.0
0.0,0.0
0.0,0.0
-3.359628915786743,4.700135707855225
-6.878000259399414,0.0
0.0,0.0
0.0,0.0
-8.908061027526855,9.110315322875977
-12.254424095153809,150.332275390625
0.0,0.0
0.0,0.0
-8.493844985961914,11.111105918884277
-13.48532772064209,-0.2670927047729492
0.0,0.0
0.0,0.0
0.0,0.0
0.0,0.0
0.0,0.0
0.0,0.0
0.0,0.0
0.0,0.0
0.0,0.0
0.0,0.0
0.0,0.0
0.0,0.0
0.0,0.0
0.0,0.0
0.0,0.0
0.0,0.0
0.0,0.0
0.0,0.0
-6.677803993225098,13.843428611755371
-19.78986167907715,1.029187560081482
0.0,0.0
0.0,0.0
0.0,0.0
0.0,0.0
0.0,0.0
0.0,0.0
-2.989452362060547,14.42640209197998
-19.964061737060547,0.0
0.0,0.0
0.0,0.0
-4.852662086486816,10.240397453308105
0.0,0.0
0.0,0.0
0.0,0.0
0.0,0.0
0.0,0.0
0.0,0.0
0.0,0.0
0.0,0.0
0.0,0.0
0.0,0.0
0.0,0.0
0.0,0.0
0.0,0.0
0.0,0.0
0.0,0.0
0.0,0.0
0.0,0.0
0.0,0.0
0.0,0.0
0.0,0.0
0.0,0.0
0.0,0.0
0.0,0.0
0.0,0.0
0.0,0.0
0.0,0.0
0.0,0.0
0.0,0.0
0.0,0.0
0.0,0.0
0.0,0.0
0.0,0.0
0.0,0.0
0.0,0.0
0.0,0.0
0.0,0.0
0.0,0.0
0.0,0.0
0.0,0.0
0.0,0.0
0.0,0.0
0.0,0.0
0.0,0.0
0.0,0.0
0.0,0.0
0.0,0.0
0.0,0.0
0.0,0.0
0.0,0.0
0.0,0.0
0.0,0.0
-8.912102699279785,10.87841796875
-19.917285919189453,2.075637405007935e-11
0.0,0.0
0.0,0.0
0.0,0.0
0.0,0.0
0.0,0.0
0.0,0.0
-8.936807632446289,10.63344955444336
-6.446325302124023,97.1788558959961
0.0,0.0
0.0,0.0
-9.403375625610352,9.40529727935791
-3.799999952316284,200.0
0.0,0.0
0.0,0.0
0.0,0.0
0.0,0.0
0.0,0.0
0.0,0.0
0.0,0.0
0.0,0.0
0.0,0.0
0.0,0.0
0.0,0.0
0.0,0.0
0.0,0.0
0.0,0.0
0.0,0.0
0.0,0.0
0.0,0.0
0.0,0.0
-8.890931129455566,11.111104965209961
-2.0,0.0
0.0,0.0
0.0,0.0
0.0,0.0
0.0,0.0
0.0,0.0
0.0,0.0
-8.934524536132812,10.062840461730957
-10.541090965270996,204.80543518066406
0.0,0.0
0.0,0.0
-9.227370262145996,6.903375625610352
-2.0,200.0
0.0,0.0
0.0,0.0
0.0,0.0
0.0,0.0
0.0,0.0
0.0,0.0
0.0,0.0
0.0,0.0
0.0,0.0
0.0,0.0
0.0,0.0
0.0,0.0
0.0,0.0
0.0,0.0
0.0,0.0
0.0,0.0
0.0,0.0
0.0,0.0
0.0,0.0
0.0,0.0
0.0,0.0
0.0,0.0
0.0,0.0
0.0,0.0
0.0,0.0
0.0,0.0
0.0,0.0
0.0,0.0
0.0,0.0
0.0,0.0
0.0,0.0
0.0,0.0
0.0,0.0
0.0,0.0
0.0,0.0
0.0,0.0
0.0,0.0
0.0,0.0
0.0,0.0
0.0,0.0
0.0,0.0
0.0,0.0
0.0,0.0
0.0,0.0
0.0,0.0
0.0,0.0
0.0,0.0
0.0,0.0
0.0,0.0
0.0,0.0
0.0,0.0
0.0,0.0
0.0,0.0
0.0,0.0
0.0,0.0
0.0,0.0
0.0,0.0
0.0,0.0
0.0,0.0
0.0,0.0
0.0,0.0
0.0,0.0
0.0,0.0
0.0,0.0
-9.671871185302734,5.180635452270508
-16.451066970825195,9.584667205810547
33.33331298828125,-13.31105899810791
15.701050758361816,-3.9618000984191895
0.0,0.0
0.0,0.0
8.214300155639648,0.0
2.0,0.0
-9.606300354003906,3.223846435546875
-20.735427856445312,-18.51231575012207
33.33331298828125,-24.43332290649414
18.5190486907959,-4.565644264221191
0.0,0.0
0.0,0.0
14.40435791015625,0.0
2.0,0.0
0.0,0.0
0.0,0.0
31.364898681640625,-9.856037139892578
11.772165298461914,-1.995965838432312
0.0,0.0
0.0,0.0
14.40435791015625,0.0
2.0,0.0
0.0,0.0
0.0,0.0
33.33331298828125,-21.698678970336914
103.24915313720703,-3.9164516925811768
0.0,0.0
0.0,0.0
25.233060836791992,0.0
8.354841232299805,-5.907238006591797
-5.810962200164795,52.92121124267578
-3.4658560752868652,6.587110996246338
33.33331298828125,-26.666624069213867
6.983342170715332,-1.4673163890838623
-7.019955158233643,77.56768035888672
-6.947150230407715,35.64554214477539
5.730000019073486,-3.0
3.819999933242798,0.0
-3.1328299045562744,65.29916381835938
-16.84130096435547,-14.545162200927734
33.33331298828125,-25.412731170654297
16.822040557861328,-6.035910129547119
-2.897282123565674,49.18601989746094
-13.902568817138672,26.022422790527344
27.229202270507812,-2.8746774196624756
8.354841232299805,0.0
0.0,0.0
0.0,0.0
23.551576614379883,-5.361368179321289
2.0,0.0
0.0,0.0
0.0,0.0
12.532261848449707,0.0
0.0,0.0
0.0,0.0
0.0,0.0
33.32978439331055,-21.295391082763672
15.056099891662598,-7.438526153564453
0.0,0.0
0.0,0.0
30.72119140625,-7.536273956298828
6.983342170715332,-4.735786437988281
0.0,0.0
0.0,0.0
0.0,0.0
0.0,0.0
0.0,0.0
0.0,0.0
0.0,0.0
0.0,0.0
0.0,0.0
0.0,0.0
0.0,0.0
0.0,0.0
0.0,0.0
0.0,0.0
0.0,0.0
0.0,0.0
0.0,0.0
0.0,0.0
0.0,0.0
0.0,0.0
0.0,0.0
0.0,0.0
0.0,0.0
0.0,0.0
0.0,0.0
0.0,0.0
0.0,0.0
0.0,0.0
0.0,0.0
0.0,0.0
0.0,0.0
0.0,0.0
0.0,0.0
0.0,0.0
0.0,0.0
0.0,0.0
0.0,0.0
0.0,0.0
0.0,0.0
0.0,0.0
0.0,0.0
0.0,0.0
0.0,0.0
0.0,0.0
0.0,0.0
0.0,0.0
0.0,0.0
0.0,0.0
0.0,0.0
0.0,0.0
0.0,0.0
0.0,0.0
0.0,0.0
0.0,0.0
0.0,0.0
0.0,0.0
0.0,0.0
0.0,0.0
0.0,0.0
0.0,0.0
0.0,0.0
0.0,0.0
0.0,0.0
0.0,0.0
0.0,0.0
0.0,0.0
-8.880656242370605,7.771728515625
0.0,0.0
0.0,0.0
0.0,0.0
0.0,0.0
0.0,0.0
33.33331298828125,22.278911590576172
0.0,0.0
33.33331298828125,21.92643928527832
0.0,0.0
0.0,0.0
0.0,0.0
3.1253225803375244,23.551576614379883
0.0,0.0
0.0,0.0
0.0,0.0
-10.167123794555664,-1.6716411113739014
0.0,0.0
0.0,0.0
0.0,0.0
0.0,0.0
0.0,0.0
14.40435791015625,-3.0
0.0,0.0
33.33331298828125,-22.052568435668945
0.0,0.0
0.0,0.0
0.0,0.0
33.33331298828125,7.7635626792907715
0.0,0.0
0.0,0.0
0.0,0.0
-7.44743537902832,10.485467910766602
0.0,0.0
0.0,0.0
0.0,0.0
0.0,0.0
0.0,0.0
33.33331298828125,21.463638305664062
0.0,0.0
33.33331298828125,31.95406723022461
0.0,0.0
0.0,0.0
0.0,0.0
0.0,12.532261848449707
0.0,0.0
0.0,0.0
0.0,0.0
-8.740873336791992,11.106757164001465
0.0,0.0
0.0,0.0
0.0,0.0
0.0,0.0
0.0,0.0
8.214300155639648,-5.6427001953125
0.0,0.0
33.33331298828125,-16.910879135131836
0.0,0.0
0.0,0.0
0.0,0.0
33.33039474487305,-3.147416353225708
0.0,0.0
0.0,0.0
0.0,0.0
0.0,0.0
0.0,0.0
0.0,0.0
0.0,0.0
0.0,0.0
0.0,0.0
0.0,0.0
0.0,0.0
0.0,0.0
0.0,0.0
0.0,0.0
0.0,0.0
0.0,0.0
0.0,0.0
0.0,0.0
0.0,0.0
-3.9643547534942627,69.07707214355469
-15.388702392578125,32.862388610839844
0.0,0.0
0.0,0.0
0.0,0.0
0.0,0.0
0.0,0.0
0.0,0.0
27.202707290649414,44.70182800292969
-16.204078674316406,170.72222900390625
0.0,0.0
0.0,0.0
0.0,0.0
0.0,0.0
0.0,0.0
0.0,0.0
0.0,0.0
0.0,0.0
0.0,0.0
0.0,0.0
0.0,0.0
0.0,0.0
0.0,0.0
0.0,0.0
0.0,0.0
0.0,0.0
0.0,0.0
0.0,0.0
0.0,0.0
0.0,0.0
0.0,0.0
0.0,0.0
-5.316558837890625,33.488582611083984
-11.244680404663086,25.063650131225586
0.0,0.0
0.0,0.0
175.72425842285156,675.9430541992188
0.0,0.0
0.0,0.0
0.0,0.0
3.28676438331604,110.48904418945312
-14.766340255737305,54.137672424316406
0.0,0.0
0.0,0.0
524.31103515625,5.7209672927856445
0.0,0.0
0.0,0.0
0.0,0.0
0.0,0.0
0.0,0.0
0.0,0.0
0.0,0.0
0.0,0.0
0.0,0.0
0.0,0.0
0.0,0.0
0.0,0.0
0.0,0.0
0.0,0.0
0.0,0.0
0.0,0.0
0.0,0.0
0.0,0.0
0.0,0.0
0.0,0.0
0.0,0.0
0.0,0.0
0.0,0.0
0.0,0.0
0.0,0.0
0.0,0.0
0.0,0.0
0.0,0.0
0.0,0.0
0.0,0.0
0.0,0.0
0.0,0.0
0.0,0.0
0.0,0.0
0.0,0.0
0.0,0.0
0.0,0.0
0.0,0.0
0.0,0.0
0.0,0.0
0.0,0.0
0.0,0.0
0.0,0.0
0.0,0.0
0.0,0.0
0.0,0.0
0.0,0.0
0.0,0.0
0.0,0.0
0.0,0.0
0.0,0.0
0.0,0.0
0.0,0.0
0.0,0.0
0.0,0.0
0.0,0.0
0.0,0.0
0.0,0.0
0.0,0.0
0.0,0.0
0.0,0.0
0.0,0.0
0.0,0.0
0.0,0.0
0.0,0.0
0.0,0.0
0.0,0.0
0.0,0.0
0.0,0.0
0.0,0.0
0.0,0.0
0.0,0.0
0.0,0.0
0.0,0.0
0.0,0.0
0.0,0.0
0.0,0.0
0.0,0.0
0.0,0.0
0.0,0.0
0.0,0.0
0.0,0.0
0.0,0.0
-6.666658401489258,33.333396911621094
-17.005535125732422,22.222427368164062
0.0,0.0
0.0,0.0
0.0,0.0
0.0,0.0
0.0,0.0
0.0,0.0
-6.6666483879089355,33.33348846435547
-17.739429473876953,220.22222900390625
0.0,0.0
0.0,0.0
0.0,0.0
0.0,0.0
0.0,0.0
0.0,0.0
0.0,0.0
0.0,0.0
0.0,0.0
0.0,0.0
0.0,0.0
0.0,0.0
0.0,0.0
0.0,0.0
0.0,0.0
0.0,0.0
0.0,0.0
0.0,0.0
0.0,0.0
0.0,0.0
0.0,0.0
0.0,0.0
-4.77948522567749,38.31162643432617
-13.5298433303833,22.221302032470703
0.0,0.0
0.0,0.0
0.0,0.0
0.0,0.0
0.0,0.0
0.0,0.0
-6.66665506362915,33.33341979980469
-17.759580612182617,22.222211837768555
0.0,0.0
0.0,0.0
0.0,0.0
0.0,0.0
0.0,0.0
0.0,0.0
0.0,0.0
0.0,0.0
0.0,0.0
0.0,0.0
0.0,0.0
0.0,0.0
0.0,0.0
0.0,0.0
0.0,0.0
0.0,0.0
0.0,0.0
0.0,0.0
0.0,0.0
0.0,0.0
0.0,0.0
0.0,0.0
0.0,0.0
0.0,0.0
0.0,0.0
0.0,0.0
0.0,0.0
0.0,0.0
0.0,0.0
0.0,0.0
0.0,0.0
0.0,0.0
0.0,0.0
0.0,0.0
0.0,0.0
0.0,0.0
0.0,0.0
0.0,0.0
0.0,0.0
0.0,0.0
0.0,0.0
0.0,0.0
0.0,0.0
0.0,0.0
0.0,0.0
0.0,0.0
0.0,0.0
0.0,0.0
0.0,0.0
0.0,0.0
0.0,0.0
0.0,0.0
0.0,0.0
0.0,0.0
0.0,0.0
0.0,0.0
0.0,0.0
0.0,0.0
0.0,0.0
0.0,0.0
0.0,0.0
0.0,0.0
0.0,0.0
0.0,0.0
0.0,0.0
0.0,0.0
0.0,0.0
0.0,0.0
-6.414790630340576,33.33331298828125
-3.799999952316284,3.819999933242798
-5.623985290527344,33.2457389831543
-2.0,0.0
0.0,0.0
0.0,0.0
0.0,0.0
0.0,0.0
-6.668948650360107,33.333282470703125
-6.629714012145996,17.30805778503418
-2.2281696796417236,28.278501510620117
0.0,0.0
0.0,0.0
0.0,0.0
0.0,0.0
0.0,0.0
-6.4650774002075195,33.33331298828125
-3.7618000507354736,6.983342170715332
-6.666666507720947,33.33331298828125
-13.575883865356445,21.949649810791016
0.0,0.0
0.0,0.0
0.0,0.0
0.0,0.0
-6.63529109954834,33.33331298828125
-7.955385684967041,16.822040557861328
-6.383192539215088,33.33443069458008
-12.438682556152344,22.220600128173828
0.0,0.0
0.0,0.0
0.0,0.0
0.0,0.0
-6.547760963439941,33.331520080566406
-5.33216667175293,9.6029052734375
-5.315113544464111,33.26732635498047
-2.0,0.0
-1.8427000045776367,8.214300155639648
0.0,0.0
0.0,0.0
0.0,0.0
-5.858619689941406,33.333351135253906
-3.799999952316284,13.568530082702637
-3.449697494506836,25.233060836791992
0.0,0.0
-2.510974645614624,17.658248901367188
0.0,0.0
0.0,0.0
0.0,0.0
-6.607829570770264,33.33116912841797
-6.823237895965576,8.354841232299805
-6.666670799255371,33.33331298828125
-12.589239120483398,21.837127685546875
-1.8700000047683716,8.214300155639648
0.0,0.0
-2.3242504596710205,29.14742660522461
0.0,0.0
-6.190784931182861,33.33651351928711
-3.6728732585906982,15.701050758361816
-6.224899768829346,33.333351135253906
-11.773214340209961,22.151700973510742
-0.5519202947616577,196.92825317382812
0.0,0.0
122.05006408691406,128.6849365234375
0.0,0.0
0.0,0.0
0.0,0.0
0.0,0.0
0.0,0.0
0.0,0.0
0.0,0.0
0.0,0.0
0.0,0.0
0.0,0.0
0.0,0.0
0.0,0.0
0.0,0.0
0.0,0.0
0.0,0.0
0.0,0.0
0.0,0.0
0.0,0.0
0.0,0.0
0.0,0.0
0.0,0.0
0.0,0.0
0.0,0.0
0.0,0.0
0.0,0.0
0.0,0.0
0.0,0.0
0.0,0.0
0.0,0.0
0.0,0.0
0.0,0.0
0.0,0.0
0.0,0.0
0.0,0.0
0.0,0.0
0.0,0.0
0.0,0.0
0.0,0.0
0.0,0.0
0.0,0.0
0.0,0.0
0.0,0.0
0.0,0.0
0.0,0.0
0.0,0.0
0.0,0.0
0.0,0.0
0.0,0.0
0.0,0.0
0.0,0.0
0.0,0.0
0.0,0.0
0.0,0.0
0.0,0.0
0.0,0.0
0.0,0.0
0.0,0.0
0.0,0.0
0.0,0.0
0.0,0.0
0.0,0.0
0.0,0.0
0.0,0.0
0.0,0.0
0.0,0.0
0.0,0.0
0.0,0.0
0.0,8.214300155639648
0.0,0.0
0.0,0.0
0.0,0.0
0.0,0.0
0.0,0.0
-4.434323787689209,33.179080963134766
0.0,0.0
-0.8559564352035522,14.40435791015625
0.0,0.0
0.0,0.0
0.0,0.0
0.0,0.0
0.0,0.0
0.0,0.0
0.0,0.0
-6.8081889152526855,33.09162139892578
0.0,0.0
0.0,0.0
0.0,0.0
0.0,0.0
0.0,0.0
-4.851257801055908,33.26732635498047
0.0,0.0
-6.666666507720947,33.33331298828125
0.0,0.0
0.0,0.0
0.0,0.0
0.0,0.0
0.0,0.0
0.0,0.0
0.0,0.0
0.0,0.0
0.0,0.0
0.0,0.0
0.0,0.0
0.0,0.0
0.0,0.0
0.0,0.0
0.0,0.0
0.0,0.0
0.0,0.0
0.0,0.0
0.0,0.0
0.0,0.0
0.0,0.0
0.0,0.0
0.0,0.0
-1.0,5.730000019073486
0.0,0.0
0.0,0.0
0.0,0.0
0.0,0.0
0.0,0.0
0.0,0.0
0.0,0.0
-4.322502136230469,33.14706039428711
0.0,0.0
0.0,0.0
0.0,0.0
0.0,0.0
0.0,0.0
0.0,0.0
0.0,0.0
0.0,0.0
0.0,0.0
0.0,0.0
0.0,0.0
0.0,0.0
0.0,0.0
0.0,0.0
0.0,0.0
0.0,0.0
0.0,0.0
0.0,0.0
0.0,0.0
0.0,0.0
0.0,0.0
0.0,0.0
0.0,0.0
0.0,0.0
0.0,0.0
0.0,0.0
0.0,0.0
0.0,0.0
0.0,0.0
0.0,0.0
0.0,0.0
0.0,0.0
0.0,0.0
0.0,0.0
0.0,0.0
0.0,0.0
0.0,0.0
0.0,0.0
0.0,0.0
0.0,0.0
0.0,0.0
0.0,0.0
0.0,0.0
0.0,0.0
0.0,0.0
0.0,0.0
0.0,0.0
0.0,0.0
0.0,0.0
0.0,0.0
0.0,0.0
0.0,0.0
0.0,0.0
0.0,0.0
0.0,0.0
0.0,0.0
0.0,0.0
0.0,0.0
0.0,0.0
0.0,0.0
0.0,0.0
0.0,0.0
0.0,0.0
0.0,0.0
0.0,0.0
0.0,0.0
0.0,0.0
0.0,0.0
0.0,0.0
