-10.618544578552246,9.425678253173828
0.0,0.0
0.0,0.0
0.0,0.0
0.0,0.0
0.0,0.0
0.0,0.0
0.0,0.0
0.0,0.0
0.0,0.0
0.0,0.0
0.0,0.0
0.0,0.0
0.0,0.0
0.0,0.0
0.0,0.0
0.0,0.0
0.0,0.0
-6.264899730682373,15.816962242126465
-19.989849090576172,0.0
0.0,0.0
0.0,0.0
0.0,0.0
0.0,0.0
0.0,0.0
0.0,0.0
-8.419923782348633,15.310362815856934
-15.424642562866211,0.0
0.0,0.0
0.0,0.0
0.0,0.0
0.0,0.0
0.0,0.0
0.0,0.0
0.0,0.0
0.0,0.0
0.0,0.0
0.0,0.0
0.0,0.0
0.0,0.0
0.0,0.0
0.0,0.0
0.0,0.0
0.0,0.0
0.0,0.0
0.0,0.0
0.0,0.0
0.0,0.0
0.0,0.0
0.0,0.0
-8.882893562316895,11.111120223999023
-5.420000076293945,0.0
0.0,0.0
0.0,0.0
-8.883726119995117,11.10439395904541
0.0,0.0
0.0,0.0
0.0,0.0
-8.88900089263916,11.111104965209961
0.0,0.0
0.0,0.0
0.0,0.0
-8.226922988891602,11.107385635375977
0.0,0.0
0.0,0.0
0.0,0.0
0.0,0.0
0.0,0.0
0.0,0.0
0.0,0.0
0.0,0.0
0.0,0.0
0.0,0.0
0.0,0.0
0.0,0.0
0.0,0.0
0.0,0.0
0.0,0.0
0.0,0.0
0.0,0.0
0.0,0.0
0.0,0.0
-8.909796714782715,11.111105918884277
-18.441282272338867,-0.017890414223074913
0.0,0.0
0.0,0.0
-8.096978187561035,11.108075141906738
-5.420000076293945,0.0
0.0,0.0
0.0,0.0
-9.054967880249023,9.507017135620117
-12.371383666992188,0.0007250230992212892
0.0,0.0
0.0,0.0
-8.532635688781738,11.111105918884277
-14.315922737121582,0.7606537938117981
0.0,0.0
0.0,0.0
0.0,0.0
0.0,0.0
0.0,0.0
0.0,0.0
0.0,0.0
0.0,0.0
0.0,0.0
0.0,0.0
0.0,0.0
0.0,0.0
0.0,0.0
0.0,0.0
0.0,0.0
0.0,0.0
0.0,0.0
0.0,0.0
-8.658652305603027,11.108126640319824
-9.371179580688477,0.0
0.0,0.0
0.0,0.0
-3.359628915786743,5.802182197570801
-8.190199851989746,0.0
0.0,0.0
0.0,0.0
-8.899811744689941,11.111054420471191
-9.417488098144531,112.92880249023438
0.0,0.0
0.0,0.0
-8.568902969360352,11.111105918884277
-14.137835502624512,-0.05374841392040253
0.0,0.0
0.0,0.0
0.0,0.0
0.0,0.0
0.0,0.0
0.0,0.0
0.0,0.0
0.0,0.0
0.0,0.0
0.0,0.0
0.0,0.0
0.0,0.0
0.0,0.0
0.0,0.0
0.0,0.0
0.0,0.0
0.0,0.0
0.0,0.0
-6.679065227508545,13.843428611755371
-19.25151252746582,8.010581970214844
0.0,0.0
0.0,0.0
0.0,0.0
0.0,0.0
0.0,0.0
0.0,0.0
-4.290432929992676,14.427628517150879
-19.970890045166016,0.0
0.0,0.0
0.0,0.0
-4.852662086486816,10.240397453308105
0.0,0.0
0.0,0.0
0.0,0.0
0.0,0.0
0.0,0.0
0.0,0.0
0.0,0.0
0.0,0.0
0.0,0.0
0.0,0.0
0.0,0.0
0.0,0.0
0.0,0.0
0.0,0.0
0.0,0.0
0.0,0.0
0.0,0.0
0.0,0.0
0.0,0.0
0.0,0.0
0.0,0.0
0.0,0.0
0.0,0.0
0.0,0.0
0.0,0.0
0.0,0.0
0.0,0.0
0.0,0.0
0.0,0.0
0.0,0.0
0.0,0.0
0.0,0.0
0.0,0.0
0.0,0.0
0.0,0.0
0.0,0.0
0.0,0.0
0.0,0.0
0.0,0.0
0.0,0.0
0.0,0.0
0.0,0.0
0.0,0.0
0.0,0.0
0.0,0.0
0.0,0.0
0.0,0.0
0.0,0.0
0.0,0.0
0.0,0.0
0.0,0.0
-8.912102699279785,10.87841796875
-19.995189666748047,1.2388878421650645e-18
0.0,0.0
0.0,0.0
0.0,0.0
0.0,0.0
0.0,0.0
0.0,0.0
-8.934224128723145,10.65404224395752
31.94872283935547,67.210693359375
0.0,0.0
0.0,0.0
-9.161717414855957,11.09620475769043
-3.799999952316284,365.6199951171875
0.0,0.0
0.0,0.0
0.0,0.0
0.0,0.0
0.0,0.0
0.0,0.0
0.0,0.0
0.0,0.0
0.0,0.0
0.0,0.0
0.0,0.0
0.0,0.0
0.0,0.0
0.0,0.0
0.0,0.0
0.0,0.0
0.0,0.0
0.0,0.0
-8.895358085632324,11.111102104187012
-2.0,0.0
0.0,0.0
0.0,0.0
0.0,0.0
0.0,0.0
0.0,0.0
0.0,0.0
-8.994339942932129,9.91557502746582
-8.189266204833984,283.5006103515625
0.0,0.0
0.0,0.0
-9.125497817993164,10.283482551574707
-2.0,200.0
0.0,0.0
0.0,0.0
0.0,0.0
0.0,0.0
0.0,0.0
0.0,0.0
0.0,0.0
0.0,0.0
0.0,0.0
0.0,0.0
0.0,0.0
0.0,0.0
0.0,0.0
0.0,0.0
0.0,0.0
0.0,0.0
0.0,0.0
0.0,0.0
0.0,0.0
0.0,0.0
0.0,0.0
0.0,0.0
0.0,0.0
0.0,0.0
0.0,0.0
0.0,0.0
0.0,0.0
0.0,0.0
0.0,0.0
0.0,0.0
0.0,0.0
0.0,0.0
0.0,0.0
0.0,0.0
0.0,0.0
0.0,0.0
0.0,0.0
0.0,0.0
0.0,0.0
0.0,0.0
0.0,0.0
0.0,0.0
0.0,0.0
0.0,0.0
0.0,0.0
0.0,0.0
0.0,0.0
0.0,0.0
0.0,0.0
0.0,0.0
0.0,0.0
0.0,0.0
0.0,0.0
0.0,0.0
0.0,0.0
0.0,0.0
0.0,0.0
0.0,0.0
0.0,0.0
0.0,0.0
0.0,0.0
0.0,0.0
0.0,0.0
0.0,0.0
-9.496752738952637,2.281135320663452
-16.451066970825195,9.584667205810547
33.33331298828125,-25.988676071166992
15.701050758361816,-3.9618000984191895
0.0,0.0
0.0,0.0
12.532261848449707,0.0
2.0,0.0
-9.699925422668457,3.2565438747406006
-20.735427856445312,-5.432487487792969
33.33331298828125,-19.122241973876953
19.155624389648438,-4.565644264221191
0.0,0.0
0.0,0.0
20.352794647216797,0.0
2.0,0.0
0.0,0.0
0.0,0.0
32.316123962402344,-11.551933288574219
11.772165298461914,0.32135239243507385
0.0,0.0
0.0,0.0
17.658248901367188,0.0
2.0,0.0
0.0,0.0
0.0,0.0
33.33331298828125,-16.54693603515625
95.95672607421875,-6.565239429473877
0.0,0.0
0.0,0.0
28.278501510620117,0.0
8.354841232299805,-5.907238006591797
-2.2010645866394043,94.03672790527344
-12.250442504882812,47.80036926269531
33.33331298828125,-26.05291175842285
6.983342170715332,0.7492486834526062
-6.139545440673828,55.067813873291016
-6.947150230407715,35.64554214477539
8.214300155639648,-3.0
3.819999933242798,0.0
-2.2813196182250977,77.12969970703125
-16.64302635192871,43.02101135253906
33.33331298828125,-21.224905014038086
17.30805778503418,-6.035910129547119
-4.938586235046387,67.18257141113281
-14.428497314453125,5.627145290374756
28.278501510620117,-2.8746774196624756
10.738643646240234,0.0
0.0,0.0
0.0,0.0
26.625497817993164,-5.361368179321289
2.0,0.0
0.0,0.0
0.0,0.0
14.40435791015625,0.0
0.0,0.0
0.0,0.0
0.0,0.0
33.333030700683594,-22.315940856933594
15.701050758361816,-7.438526153564453
0.0,0.0
0.0,0.0
31.170217514038086,-7.536273956298828
9.6029052734375,-4.735786437988281
0.0,0.0
0.0,0.0
0.0,0.0
0.0,0.0
0.0,0.0
0.0,0.0
0.0,0.0
0.0,0.0
0.0,0.0
0.0,0.0
0.0,0.0
0.0,0.0
0.0,0.0
0.0,0.0
0.0,0.0
0.0,0.0
0.0,0.0
0.0,0.0
0.0,0.0
0.0,0.0
0.0,0.0
0.0,0.0
0.0,0.0
0.0,0.0
0.0,0.0
0.0,0.0
0.0,0.0
0.0,0.0
0.0,0.0
0.0,0.0
0.0,0.0
0.0,0.0
0.0,0.0
0.0,0.0
0.0,0.0
0.0,0.0
0.0,0.0
0.0,0.0
0.0,0.0
0.0,0.0
0.0,0.0
0.0,0.0
0.0,0.0
0.0,0.0
0.0,0.0
0.0,0.0
0.0,0.0
0.0,0.0
0.0,0.0
0.0,0.0
0.0,0.0
0.0,0.0
0.0,0.0
0.0,0.0
0.0,0.0
0.0,0.0
0.0,0.0
0.0,0.0
0.0,0.0
0.0,0.0
0.0,0.0
0.0,0.0
0.0,0.0
0.0,0.0
0.0,0.0
0.0,0.0
-9.143590927124023,7.497980117797852
0.0,0.0
0.0,0.0
0.0,0.0
0.0,0.0
0.0,0.0
33.33331298828125,8.86776065826416
0.0,0.0
33.33331298828125,13.687005996704102
0.0,0.0
0.0,0.0
0.0,0.0
3.1253225803375244,25.233060836791992
0.0,0.0
0.0,0.0
0.0,0.0
-10.16712474822998,-1.6717276573181152
0.0,0.0
0.0,0.0
0.0,0.0
0.0,0.0
0.0,0.0
17.658248901367188,-3.0
0.0,0.0
33.33331298828125,-10.95481014251709
0.0,0.0
0.0,0.0
0.0,0.0
33.33331298828125,9.978433609008789
0.0,0.0
0.0,0.0
0.0,0.0
-7.44743537902832,10.959074020385742
0.0,0.0
0.0,0.0
0.0,0.0
0.0,0.0
0.0,0.0
33.33331298828125,20.82884979248047
0.0,0.0
33.33331298828125,15.586894035339355
0.0,0.0
0.0,0.0
0.0,0.0
0.0,14.40435791015625
0.0,0.0
0.0,0.0
0.0,0.0
-8.898802757263184,10.777750015258789
0.0,0.0
0.0,0.0
0.0,0.0
0.0,0.0
0.0,0.0
10.47501277923584,-5.6427001953125
0.0,0.0
33.33331298828125,-24.081457138061523
0.0,0.0
0.0,0.0
0.0,0.0
33.33292770385742,-5.499346733093262
0.0,0.0
0.0,0.0
0.0,0.0
0.0,0.0
0.0,0.0
0.0,0.0
0.0,0.0
0.0,0.0
0.0,0.0
0.0,0.0
0.0,0.0
0.0,0.0
0.0,0.0
0.0,0.0
0.0,0.0
0.0,0.0
0.0,0.0
0.0,0.0
0.0,0.0
4.5595221519470215,65.35234832763672
-6.81975793838501,29.28148078918457
0.0,0.0
0.0,0.0
0.0,0.0
0.0,0.0
0.0,0.0
0.0,0.0
53.215614318847656,61.10343551635742
-9.983799934387207,189.26760864257812
0.0,0.0
0.0,0.0
0.0,0.0
0.0,0.0
0.0,0.0
0.0,0.0
0.0,0.0
0.0,0.0
0.0,0.0
0.0,0.0
0.0,0.0
0.0,0.0
0.0,0.0
0.0,0.0
0.0,0.0
0.0,0.0
0.0,0.0
0.0,0.0
0.0,0.0
0.0,0.0
0.0,0.0
0.0,0.0
-1.4896962642669678,117.15259552001953
-13.206904411315918,100.04751586914062
0.0,0.0
0.0,0.0
175.72425842285156,447.3923645019531
0.0,0.0
0.0,0.0
0.0,0.0
44.77448272705078,51.17732238769531
-16.921274185180664,22.22454833984375
0.0,0.0
0.0,0.0
615.1819458007812,211.30068969726562
0.0,0.0
0.0,0.0
0.0,0.0
0.0,0.0
0.0,0.0
0.0,0.0
0.0,0.0
0.0,0.0
0.0,0.0
0.0,0.0
0.0,0.0
0.0,0.0
0.0,0.0
0.0,0.0
0.0,0.0
0.0,0.0
0.0,0.0
0.0,0.0
0.0,0.0
0.0,0.0
0.0,0.0
0.0,0.0
0.0,0.0
0.0,0.0
0.0,0.0
0.0,0.0
0.0,0.0
0.0,0.0
0.0,0.0
0.0,0.0
0.0,0.0
0.0,0.0
0.0,0.0
0.0,0.0
0.0,0.0
0.0,0.0
0.0,0.0
0.0,0.0
0.0,0.0
0.0,0.0
0.0,0.0
0.0,0.0
0.0,0.0
0.0,0.0
0.0,0.0
0.0,0.0
0.0,0.0
0.0,0.0
0.0,0.0
0.0,0.0
0.0,0.0
0.0,0.0
0.0,0.0
0.0,0.0
0.0,0.0
0.0,0.0
0.0,0.0
0.0,0.0
0.0,0.0
0.0,0.0
0.0,0.0
0.0,0.0
0.0,0.0
0.0,0.0
0.0,0.0
0.0,0.0
0.0,0.0
0.0,0.0
0.0,0.0
0.0,0.0
0.0,0.0
0.0,0.0
0.0,0.0
0.0,0.0
0.0,0.0
0.0,0.0
0.0,0.0
0.0,0.0
0.0,0.0
0.0,0.0
0.0,0.0
0.0,0.0
0.0,0.0
-6.222769737243652,33.333396911621094
-15.82243824005127,22.29402732849121
0.0,0.0
0.0,0.0
0.0,0.0
0.0,0.0
0.0,0.0
0.0,0.0
-6.6666483879089355,33.33351516723633
-16.683887481689453,31.033344268798828
0.0,0.0
0.0,0.0
0.0,0.0
0.0,0.0
0.0,0.0
0.0,0.0
0.0,0.0
0.0,0.0
0.0,0.0
0.0,0.0
0.0,0.0
0.0,0.0
0.0,0.0
0.0,0.0
0.0,0.0
0.0,0.0
0.0,0.0
0.0,0.0
0.0,0.0
0.0,0.0
0.0,0.0
0.0,0.0
-6.271870136260986,33.333351135253906
-14.681049346923828,22.222070693969727
0.0,0.0
0.0,0.0
0.0,0.0
0.0,0.0
0.0,0.0
0.0,0.0
-6.638392925262451,33.468814849853516
-17.774744033813477,22.222211837768555
0.0,0.0
0.0,0.0
0.0,0.0
0.0,0.0
0.0,0.0
0.0,0.0
0.0,0.0
0.0,0.0
0.0,0.0
0.0,0.0
0.0,0.0
0.0,0.0
0.0,0.0
0.0,0.0
0.0,0.0
0.0,0.0
0.0,0.0
0.0,0.0
0.0,0.0
0.0,0.0
0.0,0.0
0.0,0.0
0.0,0.0
0.0,0.0
0.0,0.0
0.0,0.0
0.0,0.0
0.0,0.0
0.0,0.0
0.0,0.0
0.0,0.0
0.0,0.0
0.0,0.0
0.0,0.0
0.0,0.0
0.0,0.0
0.0,0.0
0.0,0.0
0.0,0.0
0.0,0.0
0.0,0.0
0.0,0.0
0.0,0.0
0.0,0.0
0.0,0.0
0.0,0.0
0.0,0.0
0.0,0.0
0.0,0.0
0.0,0.0
0.0,0.0
0.0,0.0
0.0,0.0
0.0,0.0
0.0,0.0
0.0,0.0
0.0,0.0
0.0,0.0
0.0,0.0
0.0,0.0
0.0,0.0
0.0,0.0
0.0,0.0
0.0,0.0
0.0,0.0
0.0,0.0
0.0,0.0
0.0,0.0
-6.483049392700195,33.33331298828125
-3.799999952316284,3.819999933242798
-5.823182106018066,33.30508804321289
-2.0,0.0
0.0,0.0
0.0,0.0
0.0,0.0
0.0,0.0
-6.667248249053955,33.33331298828125
-6.629714012145996,18.5190486907959
-2.7066829204559326,30.178955078125
0.0,0.0
0.0,0.0
0.0,0.0
0.0,0.0
0.0,0.0
-6.485236644744873,33.33331298828125
-3.7618000507354736,6.983342170715332
-6.666666507720947,33.33331298828125
-13.575883865356445,21.996505737304688
0.0,0.0
0.0,0.0
0.0,0.0
0.0,0.0
-6.655727386474609,33.33331298828125
-7.955385684967041,18.152801513671875
-6.600310325622559,33.33335876464844
-12.438682556152344,22.221649169921875
0.0,0.0
0.0,0.0
0.0,0.0
0.0,0.0
-6.609811305999756,33.333213806152344
-5.33216667175293,11.772165298461914
-5.450610160827637,33.32124328613281
-2.0,0.0
-1.8427000045776367,10.47501277923584
0.0,0.0
0.0,0.0
0.0,0.0
-6.3188276290893555,33.333351135253906
-3.799999952316284,14.347362518310547
-3.449697494506836,28.733436584472656
0.0,0.0
-2.510974645614624,17.658248901367188
0.0,0.0
0.0,0.0
0.0,0.0
-6.628072738647461,33.33322525024414
-6.823237895965576,10.738643646240234
-6.666670799255371,33.33331298828125
-13.10867691040039,22.1782169342041
-1.8700000047683716,8.214300155639648
0.0,0.0
-2.3242504596710205,30.178955078125
0.0,0.0
-6.238341331481934,33.333351135253906
-3.6728732585906982,16.28795623779297
-6.660135269165039,33.333351135253906
-11.773214340209961,22.1782169342041
-0.5519202947616577,196.92825317382812
0.0,0.0
122.05006408691406,128.6849365234375
0.0,0.0
0.0,0.0
0.0,0.0
0.0,0.0
0.0,0.0
0.0,0.0
0.0,0.0
0.0,0.0
0.0,0.0
0.0,0.0
0.0,0.0
0.0,0.0
0.0,0.0
0.0,0.0
0.0,0.0
0.0,0.0
0.0,0.0
0.0,0.0
0.0,0.0
0.0,0.0
0.0,0.0
0.0,0.0
0.0,0.0
0.0,0.0
0.0,0.0
0.0,0.0
0.0,0.0
0.0,0.0
0.0,0.0
0.0,0.0
0.0,0.0
0.0,0.0
0.0,0.0
0.0,0.0
0.0,0.0
0.0,0.0
0.0,0.0
0.0,0.0
0.0,0.0
0.0,0.0
0.0,0.0
0.0,0.0
0.0,0.0
0.0,0.0
0.0,0.0
0.0,0.0
0.0,0.0
0.0,0.0
0.0,0.0
0.0,0.0
0.0,0.0
0.0,0.0
0.0,0.0
0.0,0.0
0.0,0.0
0.0,0.0
0.0,0.0
0.0,0.0
0.0,0.0
0.0,0.0
0.0,0.0
0.0,0.0
0.0,0.0
0.0,0.0
0.0,0.0
0.0,0.0
0.0,0.0
0.0,12.532261848449707
0.0,0.0
0.0,0.0
0.0,0.0
0.0,0.0
0.0,0.0
-4.658355236053467,33.26732635498047
0.0,0.0
-0.8559564352035522,14.40435791015625
0.0,0.0
0.0,0.0
0.0,0.0
0.0,0.0
0.0,0.0
0.0,0.0
0.0,0.0
-6.666682243347168,33.33321762084961
0.0,0.0
0.0,0.0
0.0,0.0
0.0,0.0
0.0,0.0
-5.03329610824585,33.309940338134766
0.0,0.0
-6.666666507720947,33.33331298828125
0.0,0.0
0.0,0.0
0.0,0.0
0.0,0.0
0.0,0.0
0.0,0.0
0.0,0.0
0.0,0.0
0.0,0.0
0.0,0.0
0.0,0.0
0.0,0.0
0.0,0.0
0.0,0.0
0.0,0.0
0.0,0.0
0.0,0.0
0.0,0.0
0.0,0.0
0.0,0.0
0.0,0.0
0.0,0.0
0.0,0.0
-1.0,8.214300155639648
0.0,0.0
0.0,0.0
0.0,0.0
0.0,0.0
0.0,0.0
0.0,0.0
0.0,0.0
-4.55733060836792,33.30229568481445
0.0,0.0
0.0,0.0
0.0,0.0
0.0,0.0
0.0,0.0
0.0,0.0
0.0,0.0
0.0,0.0
0.0,0.0
0.0,0.0
0.0,0.0
0.0,0.0
0.0,0.0
0.0,0.0
0.0,0.0
0.0,0.0
0.0,0.0
0.0,0.0
0.0,0.0
0.0,0.0
0.0,0.0
0.0,0.0
0.0,0.0
0.0,0.0
0.0,0.0
0.0,0.0
0.0,0.0
0.0,0.0
0.0,0.0
0.0,0.0
0.0,0.0
0.0,0.0
0.0,0.0
0.0,0.0
0.0,0.0
0.0,0.0
0.0,0.0
0.0,0.0
0.0,0.0
0.0,0.0
0.0,0.0
0.0,0.0
0.0,0.0
0.0,0.0
0.0,0.0
0.0,0.0
0.0,0.0
0.0,0.0
0.0,0.0
0.0,0.0
0.0,0.0
0.0,0.0
0.0,0.0
0.0,0.0
0.0,0.0
0.0,0.0
0.0,0.0
0.0,0.0
0.0,0.0
0.0,0.0
0.0,0.0
0.0,0.0
0.0,0.0
0.0,0.0
0.0,0.0
0.0,0.0
0.0,0.0
0.0,0.0
0.0,0.0
