-11.139972686767578,8.940619468688965
0.0,0.0
0.0,0.0
0.0,0.0
0.0,0.0
0.0,0.0
0.0,0.0
0.0,0.0
0.0,0.0
0.0,0.0
0.0,0.0
0.0,0.0
0.0,0.0
0.0,0.0
0.0,0.0
0.0,0.0
0.0,0.0
0.0,0.0
-5.614259243011475,15.817423820495605
-19.9964599609375,0.0
0.0,0.0
0.0,0.0
0.0,0.0
0.0,0.0
0.0,0.0
0.0,0.0
-5.389997482299805,15.31157112121582
-19.236957550048828,0.0
0.0,0.0
0.0,0.0
0.0,0.0
0.0,0.0
0.0,0.0
0.0,0.0
0.0,0.0
0.0,0.0
0.0,0.0
0.0,0.0
0.0,0.0
0.0,0.0
0.0,0.0
0.0,0.0
0.0,0.0
0.0,0.0
0.0,0.0
0.0,0.0
0.0,0.0
0.0,0.0
0.0,0.0
0.0,0.0
-8.88917350769043,11.11109447479248
-5.420000076293945,0.0
0.0,0.0
0.0,0.0
-8.888824462890625,11.111105918884277
0.0,0.0
0.0,0.0
0.0,0.0
-8.889324188232422,11.108038902282715
0.0,0.0
0.0,0.0
0.0,0.0
-8.659663200378418,11.086539268493652
0.0,0.0
0.0,0.0
0.0,0.0
0.0,0.0
0.0,0.0
0.0,0.0
0.0,0.0
0.0,0.0
0.0,0.0
0.0,0.0
0.0,0.0
0.0,0.0
0.0,0.0
0.0,0.0
0.0,0.0
0.0,0.0
0.0,0.0
0.0,0.0
0.0,0.0
-8.895515441894531,11.111099243164062
-18.89371109008789,-0.09782562404870987
0.0,0.0
0.0,0.0
-8.247457504272461,11.110824584960938
-5.420000076293945,0.0
0.0,0.0
0.0,0.0
-8.9238862991333,10.93204402923584
-15.849930763244629,0.023452945053577423
0.0,0.0
0.0,0.0
-8.629179954528809,10.332276344299316
-14.315922737121582,200.2452850341797
0.0,0.0
0.0,0.0
0.0,0.0
0.0,0.0
0.0,0.0
0.0,0.0
0.0,0.0
0.0,0.0
0.0,0.0
0.0,0.0
0.0,0.0
0.0,0.0
0.0,0.0
0.0,0.0
0.0,0.0
0.0,0.0
0.0,0.0
0.0,0.0
-8.702417373657227,11.110451698303223
-10.434062004089355,0.0
0.0,0.0
0.0,0.0
-3.359628915786743,5.802182197570801
-9.371179580688477,0.0
0.0,0.0
0.0,0.0
-8.895219802856445,11.111105918884277
-13.28764820098877,5.548495769500732
0.0,0.0
0.0,0.0
-8.853877067565918,11.111105918884277
-14.137835502624512,-0.04050324484705925
0.0,0.0
0.0,0.0
0.0,0.0
0.0,0.0
0.0,0.0
0.0,0.0
0.0,0.0
0.0,0.0
0.0,0.0
0.0,0.0
0.0,0.0
0.0,0.0
0.0,0.0
0.0,0.0
0.0,0.0
0.0,0.0
0.0,0.0
0.0,0.0
-6.678357124328613,13.843428611755371
-19.35736656188965,7.139683723449707
0.0,0.0
0.0,0.0
0.0,0.0
0.0,0.0
0.0,0.0
0.0,0.0
-3.1965487003326416,14.428338050842285
-11.797599792480469,0.00029898248612880707
0.0,0.0
0.0,0.0
-4.852662086486816,10.979071617126465
0.0,0.0
0.0,0.0
0.0,0.0
0.0,0.0
0.0,0.0
0.0,0.0
0.0,0.0
0.0,0.0
0.0,0.0
0.0,0.0
0.0,0.0
0.0,0.0
0.0,0.0
0.0,0.0
0.0,0.0
0.0,0.0
0.0,0.0
0.0,0.0
0.0,0.0
0.0,0.0
0.0,0.0
0.0,0.0
0.0,0.0
0.0,0.0
0.0,0.0
0.0,0.0
0.0,0.0
0.0,0.0
0.0,0.0
0.0,0.0
0.0,0.0
0.0,0.0
0.0,0.0
0.0,0.0
0.0,0.0
0.0,0.0
0.0,0.0
0.0,0.0
0.0,0.0
0.0,0.0
0.0,0.0
0.0,0.0
0.0,0.0
0.0,0.0
0.0,0.0
0.0,0.0
0.0,0.0
0.0,0.0
0.0,0.0
0.0,0.0
0.0,0.0
-8.912102699279785,10.87841796875
-12.95163631439209,22.631298065185547
0.0,0.0
0.0,0.0
0.0,0.0
0.0,0.0
0.0,0.0
0.0,0.0
-8.935263633728027,10.64732551574707
-16.65560531616211,61.13701248168945
0.0,0.0
0.0,0.0
-9.1878662109375,2.2800800800323486
-3.799999952316284,365.6199951171875
0.0,0.0
0.0,0.0
0.0,0.0
0.0,0.0
0.0,0.0
0.0,0.0
0.0,0.0
0.0,0.0
0.0,0.0
0.0,0.0
0.0,0.0
0.0,0.0
0.0,0.0
0.0,0.0
0.0,0.0
0.0,0.0
0.0,0.0
0.0,0.0
-8.889128684997559,11.111102104187012
-2.0,200.0
0.0,0.0
0.0,0.0
0.0,0.0
0.0,0.0
0.0,0.0
0.0,0.0
-8.920679092407227,10.875456809997559
42.852298736572266,10.166757583618164
0.0,0.0
0.0,0.0
-9.135595321655273,4.668617248535156
-2.0,200.0
0.0,0.0
0.0,0.0
0.0,0.0
0.0,0.0
0.0,0.0
0.0,0.0
0.0,0.0
0.0,0.0
0.0,0.0
0.0,0.0
0.0,0.0
0.0,0.0
0.0,0.0
0.0,0.0
0.0,0.0
0.0,0.0
0.0,0.0
0.0,0.0
0.0,0.0
0.0,0.0
0.0,0.0
0.0,0.0
0.0,0.0
0.0,0.0
0.0,0.0
0.0,0.0
0.0,0.0
0.0,0.0
0.0,0.0
0.0,0.0
0.0,0.0
0.0,0.0
0.0,0.0
0.0,0.0
0.0,0.0
0.0,0.0
0.0,0.0
0.0,0.0
0.0,0.0
0.0,0.0
0.0,0.0
0.0,0.0
0.0,0.0
0.0,0.0
0.0,0.0
0.0,0.0
0.0,0.0
0.0,0.0
0.0,0.0
0.0,0.0
0.0,0.0
0.0,0.0
0.0,0.0
0.0,0.0
0.0,0.0
0.0,0.0
0.0,0.0
0.0,0.0
0.0,0.0
0.0,0.0
0.0,0.0
0.0,0.0
0.0,0.0
0.0,0.0
-9.798895835876465,1.658744215965271
-17.859413146972656,-13.29903793334961
33.33331298828125,-26.54799461364746
17.30805778503418,-7.39739990234375
0.0,0.0
0.0,0.0
14.40435791015625,-2.8746774196624756
2.0,0.0
-9.624149322509766,3.8248794078826904
-19.6516056060791,1.112839698791504
33.33331298828125,-20.405838012695312
21.477014541625977,-4.565644264221191
0.0,0.0
0.0,0.0
23.551576614379883,0.0
3.819999933242798,0.0
0.0,0.0
0.0,0.0
33.21709442138672,-13.068663597106934
14.347362518310547,-3.5673091411590576
0.0,0.0
0.0,0.0
20.352794647216797,-2.809309959411621
2.0,0.0
0.0,0.0
0.0,0.0
33.33331298828125,-21.64548683166504
107.2251968383789,-6.565239429473877
0.0,0.0
0.0,0.0
31.170217514038086,0.0
9.6029052734375,-5.907238006591797
-3.0004632472991943,65.82199096679688
-16.253318786621094,-15.179402351379395
33.33331298828125,-26.60588836669922
15.701050758361816,0.7492486834526062
-4.867250919342041,79.60346221923828
-5.863382339477539,128.7176971435547
8.214300155639648,-3.0
5.476200103759766,0.0
-2.94543719291687,71.15996551513672
-21.38146209716797,-21.335140228271484
33.33331298828125,-12.725245475769043
20.308565139770508,-6.035910129547119
-2.0296993255615234,12.435871124267578
-15.704185485839844,0.6671577095985413
31.703271865844727,-2.8746774196624756
13.568530082702637,0.0
0.0,0.0
0.0,0.0
28.278501510620117,-5.361368179321289
5.476200103759766,0.0
0.0,0.0
0.0,0.0
14.40435791015625,0.0
2.0,0.0
0.0,0.0
0.0,0.0
33.33331298828125,-23.678823471069336
19.91132164001465,-10.531793594360352
0.0,0.0
0.0,0.0
32.75569152832031,-11.183109283447266
9.6029052734375,-4.735786437988281
0.0,0.0
0.0,0.0
0.0,0.0
0.0,0.0
0.0,0.0
0.0,0.0
0.0,0.0
0.0,0.0
0.0,0.0
0.0,0.0
0.0,0.0
0.0,0.0
0.0,0.0
0.0,0.0
0.0,0.0
0.0,0.0
0.0,0.0
0.0,0.0
0.0,0.0
0.0,0.0
0.0,0.0
0.0,0.0
0.0,0.0
0.0,0.0
0.0,0.0
0.0,0.0
0.0,0.0
0.0,0.0
0.0,0.0
0.0,0.0
0.0,0.0
0.0,0.0
0.0,0.0
0.0,0.0
0.0,0.0
0.0,0.0
0.0,0.0
0.0,0.0
0.0,0.0
0.0,0.0
0.0,0.0
0.0,0.0
0.0,0.0
0.0,0.0
0.0,0.0
0.0,0.0
0.0,0.0
0.0,0.0
0.0,0.0
0.0,0.0
0.0,0.0
0.0,0.0
0.0,0.0
0.0,0.0
0.0,0.0
0.0,0.0
0.0,0.0
0.0,0.0
0.0,0.0
0.0,0.0
0.0,0.0
0.0,0.0
0.0,0.0
0.0,0.0
0.0,0.0
0.0,0.0
-9.103421211242676,10.623223304748535
0.0,0.0
0.0,0.0
0.0,0.0
0.0,0.0
0.0,0.0
33.33331298828125,10.105706214904785
0.0,0.0
33.33331298828125,19.128019332885742
0.0,0.0
0.0,0.0
0.0,0.0
6.065120697021484,30.72119140625
0.0,0.0
0.0,0.0
0.0,0.0
-10.16712474822998,-1.6717019081115723
0.0,0.0
0.0,0.0
0.0,0.0
0.0,0.0
0.0,0.0
27.229202270507812,-3.0
0.0,0.0
33.33331298828125,-14.81839370727539
0.0,0.0
0.0,0.0
0.0,0.0
33.33331298828125,4.988547325134277
0.0,0.0
0.0,0.0
0.0,0.0
-8.099700927734375,10.776867866516113
0.0,0.0
0.0,0.0
0.0,0.0
0.0,0.0
0.0,0.0
33.33331298828125,22.091228485107422
0.0,0.0
33.33331298828125,23.402883529663086
0.0,0.0
0.0,0.0
0.0,0.0
0.0,16.10796546936035
0.0,0.0
0.0,0.0
0.0,0.0
-9.00901985168457,10.251535415649414
0.0,0.0
0.0,0.0
0.0,0.0
0.0,0.0
0.0,0.0
12.532261848449707,-5.6427001953125
0.0,0.0
33.33331298828125,-14.531904220581055
0.0,0.0
0.0,0.0
0.0,0.0
33.33331298828125,-3.5211379528045654
0.0,0.0
0.0,0.0
0.0,0.0
0.0,0.0
0.0,0.0
0.0,0.0
0.0,0.0
0.0,0.0
0.0,0.0
0.0,0.0
0.0,0.0
0.0,0.0
0.0,0.0
0.0,0.0
0.0,0.0
0.0,0.0
0.0,0.0
0.0,0.0
0.0,0.0
81.5764389038086,66.60034942626953
7.014247417449951,23.075725555419922
0.0,0.0
0.0,0.0
0.0,0.0
0.0,0.0
0.0,0.0
0.0,0.0
1.2904136180877686,56.26494216918945
-14.53117561340332,24.62668800354004
0.0,0.0
0.0,0.0
0.0,0.0
0.0,0.0
0.0,0.0
0.0,0.0
0.0,0.0
0.0,0.0
0.0,0.0
0.0,0.0
0.0,0.0
0.0,0.0
0.0,0.0
0.0,0.0
0.0,0.0
0.0,0.0
0.0,0.0
0.0,0.0
0.0,0.0
0.0,0.0
0.0,0.0
0.0,0.0
-0.6953548789024353,86.05245971679688
-14.594306945800781,160.71145629882812
0.0,0.0
0.0,0.0
442.384033203125,441.1778869628906
0.0,0.0
0.0,0.0
0.0,0.0
165.17454528808594,86.89849090576172
-11.405560493469238,73.99580383300781
0.0,0.0
0.0,0.0
636.4199829101562,554.803955078125
0.0,0.0
0.0,0.0
0.0,0.0
0.0,0.0
0.0,0.0
0.0,0.0
0.0,0.0
0.0,0.0
0.0,0.0
0.0,0.0
0.0,0.0
0.0,0.0
0.0,0.0
0.0,0.0
0.0,0.0
0.0,0.0
0.0,0.0
0.0,0.0
0.0,0.0
0.0,0.0
0.0,0.0
0.0,0.0
0.0,0.0
0.0,0.0
0.0,0.0
0.0,0.0
0.0,0.0
0.0,0.0
0.0,0.0
0.0,0.0
0.0,0.0
0.0,0.0
0.0,0.0
0.0,0.0
0.0,0.0
0.0,0.0
0.0,0.0
0.0,0.0
0.0,0.0
0.0,0.0
0.0,0.0
0.0,0.0
0.0,0.0
0.0,0.0
0.0,0.0
0.0,0.0
0.0,0.0
0.0,0.0
0.0,0.0
0.0,0.0
0.0,0.0
0.0,0.0
0.0,0.0
0.0,0.0
0.0,0.0
0.0,0.0
0.0,0.0
0.0,0.0
0.0,0.0
0.0,0.0
0.0,0.0
0.0,0.0
0.0,0.0
0.0,0.0
0.0,0.0
0.0,0.0
0.0,0.0
0.0,0.0
0.0,0.0
0.0,0.0
0.0,0.0
0.0,0.0
0.0,0.0
0.0,0.0
0.0,0.0
0.0,0.0
0.0,0.0
0.0,0.0
0.0,0.0
0.0,0.0
0.0,0.0
0.0,0.0
0.0,0.0
-6.5996012687683105,33.333396911621094
-17.651390075683594,22.222232818603516
0.0,0.0
0.0,0.0
0.0,0.0
0.0,0.0
0.0,0.0
0.0,0.0
-6.6666483879089355,33.33351516723633
-16.90394401550293,22.23213005065918
0.0,0.0
0.0,0.0
0.0,0.0
0.0,0.0
0.0,0.0
0.0,0.0
0.0,0.0
0.0,0.0
0.0,0.0
0.0,0.0
0.0,0.0
0.0,0.0
0.0,0.0
0.0,0.0
0.0,0.0
0.0,0.0
0.0,0.0
0.0,0.0
0.0,0.0
0.0,0.0
0.0,0.0
0.0,0.0
-6.477835178375244,33.333351135253906
-16.903173446655273,22.222211837768555
0.0,0.0
0.0,0.0
0.0,0.0
0.0,0.0
0.0,0.0
0.0,0.0
-6.592921733856201,35.73920440673828
-17.776721954345703,22.222211837768555
0.0,0.0
0.0,0.0
0.0,0.0
0.0,0.0
0.0,0.0
0.0,0.0
0.0,0.0
0.0,0.0
0.0,0.0
0.0,0.0
0.0,0.0
0.0,0.0
0.0,0.0
0.0,0.0
0.0,0.0
0.0,0.0
0.0,0.0
0.0,0.0
0.0,0.0
0.0,0.0
0.0,0.0
0.0,0.0
0.0,0.0
0.0,0.0
0.0,0.0
0.0,0.0
0.0,0.0
0.0,0.0
0.0,0.0
0.0,0.0
0.0,0.0
0.0,0.0
0.0,0.0
0.0,0.0
0.0,0.0
0.0,0.0
0.0,0.0
0.0,0.0
0.0,0.0
0.0,0.0
0.0,0.0
0.0,0.0
0.0,0.0
0.0,0.0
0.0,0.0
0.0,0.0
0.0,0.0
0.0,0.0
0.0,0.0
0.0,0.0
0.0,0.0
0.0,0.0
0.0,0.0
0.0,0.0
0.0,0.0
0.0,0.0
0.0,0.0
0.0,0.0
0.0,0.0
0.0,0.0
0.0,0.0
0.0,0.0
0.0,0.0
0.0,0.0
0.0,0.0
0.0,0.0
0.0,0.0
0.0,0.0
-6.57884407043457,33.33331298828125
-3.799999952316284,10.738643646240234
-5.907555103302002,33.33131408691406
-2.0,0.0
0.0,0.0
0.0,0.0
0.0,0.0
0.0,0.0
-6.6853718757629395,33.332862854003906
-6.629714012145996,20.11930274963379
-3.1264517307281494,32.1049690246582
0.0,0.0
0.0,0.0
0.0,0.0
0.0,0.0
0.0,0.0
-6.588568687438965,33.33331298828125
-5.2678985595703125,11.772165298461914
-6.666666507720947,33.33331298828125
-13.997038841247559,22.14943504333496
0.0,0.0
0.0,0.0
0.0,0.0
0.0,0.0
-6.6646409034729,33.33331298828125
-7.955385684967041,20.11930274963379
-6.402528285980225,33.333370208740234
-13.453112602233887,22.22216796875
0.0,0.0
0.0,0.0
0.0,0.0
0.0,0.0
-3.5968353748321533,60.51871871948242
-5.33216667175293,13.568530082702637
-5.681671142578125,33.33292770385742
-2.0,2.0
-2.533107280731201,12.532261848449707
0.0,0.0
0.0,0.0
0.0,0.0
-6.633342266082764,33.33331298828125
-5.27652645111084,15.056099891662598
-3.449697494506836,30.72119140625
0.0,0.0
-2.510974645614624,22.584150314331055
0.0,0.0
0.0,0.0
0.0,0.0
-6.657838821411133,33.33331298828125
-6.823237895965576,13.568530082702637
-6.664794921875,33.33335876464844
-14.374898910522461,22.210472106933594
-2.6008570194244385,10.47501277923584
0.0,0.0
-2.3242504596710205,31.542057037353516
0.0,0.0
-6.679050445556641,33.33331298828125
-3.6728732585906982,17.30805778503418
-6.665740489959717,33.33330535888672
-12.37389850616455,22.212491989135742
-0.5519202947616577,135.4218292236328
0.0,0.0
57.859840393066406,255.7962188720703
0.0,0.0
0.0,0.0
0.0,0.0
0.0,0.0
0.0,0.0
0.0,0.0
0.0,0.0
0.0,0.0
0.0,0.0
0.0,0.0
0.0,0.0
0.0,0.0
0.0,0.0
0.0,0.0
0.0,0.0
0.0,0.0
0.0,0.0
0.0,0.0
0.0,0.0
0.0,0.0
0.0,0.0
0.0,0.0
0.0,0.0
0.0,0.0
0.0,0.0
0.0,0.0
0.0,0.0
0.0,0.0
0.0,0.0
0.0,0.0
0.0,0.0
0.0,0.0
0.0,0.0
0.0,0.0
0.0,0.0
0.0,0.0
0.0,0.0
0.0,0.0
0.0,0.0
0.0,0.0
0.0,0.0
0.0,0.0
0.0,0.0
0.0,0.0
0.0,0.0
0.0,0.0
0.0,0.0
0.0,0.0
0.0,0.0
0.0,0.0
0.0,0.0
0.0,0.0
0.0,0.0
0.0,0.0
0.0,0.0
0.0,0.0
0.0,0.0
0.0,0.0
0.0,0.0
0.0,0.0
0.0,0.0
0.0,0.0
0.0,0.0
0.0,0.0
0.0,0.0
0.0,0.0
0.0,0.0
0.0,14.40435791015625
0.0,0.0
0.0,0.0
0.0,0.0
0.0,0.0
0.0,0.0
-5.203181266784668,33.324222564697266
0.0,0.0
-0.8559564352035522,17.658248901367188
0.0,0.0
0.0,0.0
0.0,0.0
0.0,0.0
0.0,0.0
0.0,0.0
0.0,0.0
-6.727713108062744,33.0276985168457
0.0,0.0
0.0,0.0
0.0,0.0
0.0,0.0
0.0,0.0
-5.371208190917969,32.26350021362305
0.0,0.0
-6.667055130004883,33.33324432373047
0.0,0.0
0.0,0.0
0.0,0.0
0.0,0.0
0.0,0.0
0.0,0.0
0.0,0.0
0.0,0.0
0.0,0.0
0.0,0.0
0.0,0.0
0.0,0.0
0.0,0.0
-1.0,0.0
0.0,0.0
-1.0,0.0
0.0,0.0
0.0,0.0
0.0,0.0
0.0,0.0
0.0,0.0
0.0,0.0
0.0,0.0
-1.0,20.352794647216797
0.0,0.0
0.0,0.0
0.0,0.0
0.0,0.0
0.0,0.0
0.0,0.0
0.0,0.0
-5.282934665679932,33.33254623413086
0.0,0.0
0.0,0.0
0.0,0.0
0.0,0.0
0.0,0.0
0.0,0.0
0.0,0.0
0.0,0.0
0.0,0.0
0.0,0.0
0.0,0.0
0.0,0.0
0.0,0.0
0.0,0.0
0.0,0.0
0.0,0.0
0.0,0.0
0.0,0.0
0.0,0.0
0.0,0.0
0.0,0.0
0.0,0.0
0.0,0.0
0.0,0.0
0.0,0.0
0.0,0.0
0.0,0.0
0.0,0.0
0.0,0.0
0.0,0.0
0.0,0.0
0.0,0.0
0.0,0.0
0.0,0.0
0.0,0.0
0.0,0.0
0.0,0.0
0.0,0.0
0.0,0.0
0.0,0.0
0.0,0.0
0.0,0.0
0.0,0.0
0.0,0.0
0.0,0.0
0.0,0.0
0.0,0.0
0.0,0.0
0.0,0.0
0.0,0.0
0.0,0.0
0.0,0.0
0.0,0.0
0.0,0.0
0.0,0.0
0.0,0.0
0.0,0.0
0.0,0.0
0.0,0.0
0.0,0.0
0.0,0.0
0.0,0.0
0.0,0.0
0.0,0.0
0.0,0.0
0.0,0.0
0.0,0.0
0.0,0.0
0.0,0.0
