-10.398043632507324,20.543048858642578
0.0,0.0
0.0,0.0
0.0,0.0
0.0,0.0
0.0,0.0
0.0,0.0
0.0,0.0
0.0,0.0
0.0,0.0
0.0,0.0
0.0,0.0
0.0,0.0
0.0,0.0
0.0,0.0
0.0,0.0
0.0,0.0
0.0,0.0
-7.554629325866699,22.55535888671875
-16.29414176940918,33.33331298828125
0.0,0.0
0.0,0.0
0.0,0.0
0.0,0.0
0.0,0.0
0.0,0.0
-6.4925312995910645,22.587474822998047
-10.060661315917969,95.74517822265625
0.0,0.0
0.0,0.0
0.0,0.0
0.0,0.0
0.0,0.0
0.0,0.0
0.0,0.0
0.0,0.0
0.0,0.0
0.0,0.0
0.0,0.0
0.0,0.0
0.0,0.0
0.0,0.0
0.0,0.0
0.0,0.0
0.0,0.0
0.0,0.0
0.0,0.0
0.0,0.0
0.0,0.0
0.0,0.0
-7.7968430519104,22.20382308959961
-14.081930160522461,33.31873321533203
0.0,0.0
0.0,0.0
-7.778648376464844,22.207683563232422
0.0,0.0
0.0,0.0
0.0,0.0
-7.782577991485596,22.206623077392578
-12.836499214172363,33.128639221191406
0.0,0.0
0.0,0.0
-7.6794233322143555,22.173076629638672
0.0,0.0
0.0,0.0
0.0,0.0
0.0,0.0
0.0,0.0
0.0,0.0
0.0,0.0
0.0,0.0
0.0,0.0
0.0,0.0
0.0,0.0
0.0,0.0
0.0,0.0
0.0,0.0
0.0,0.0
0.0,0.0
0.0,0.0
0.0,0.0
0.0,0.0
-7.876849174499512,21.558809280395508
-9.086929321289062,32.69856262207031
0.0,0.0
0.0,0.0
-7.599637031555176,21.845483779907227
-3.638920307159424,23.551576614379883
0.0,0.0
0.0,0.0
-7.848732948303223,22.183502197265625
-6.540611267089844,31.890233993530273
0.0,0.0
0.0,0.0
-7.532376289367676,22.21504783630371
13.916569709777832,255.04901123046875
0.0,0.0
0.0,0.0
0.0,0.0
0.0,0.0
0.0,0.0
0.0,0.0
0.0,0.0
0.0,0.0
0.0,0.0
0.0,0.0
0.0,0.0
0.0,0.0
0.0,0.0
0.0,0.0
0.0,0.0
0.0,0.0
0.0,0.0
0.0,0.0
-7.822854995727539,22.205677032470703
-13.990870475769043,33.33218765258789
0.0,0.0
0.0,0.0
-2.556314706802368,15.056099891662598
-11.762799263000488,33.205596923828125
0.0,0.0
0.0,0.0
-7.778496265411377,22.222209930419922
242.94007873535156,37.71601486206055
0.0,0.0
0.0,0.0
-7.593864440917969,19.492162704467773
-2.1184263229370117,477.0692443847656
0.0,0.0
0.0,0.0
0.0,0.0
0.0,0.0
0.0,0.0
0.0,0.0
0.0,0.0
0.0,0.0
0.0,0.0
0.0,0.0
0.0,0.0
0.0,0.0
0.0,0.0
0.0,0.0
0.0,0.0
0.0,0.0
0.0,0.0
0.0,0.0
-7.563020706176758,22.33379554748535
-14.83879566192627,54.37149429321289
0.0,0.0
0.0,0.0
0.0,0.0
0.0,0.0
0.0,0.0
0.0,0.0
-7.50618314743042,22.509105682373047
-16.660926818847656,33.33331298828125
0.0,0.0
0.0,0.0
-5.640654563903809,22.128639221191406
0.0,0.0
0.0,0.0
0.0,0.0
0.0,0.0
0.0,0.0
0.0,0.0
0.0,0.0
0.0,0.0
0.0,0.0
0.0,0.0
0.0,0.0
0.0,0.0
0.0,0.0
0.0,0.0
0.0,0.0
0.0,0.0
0.0,0.0
0.0,0.0
0.0,0.0
-7.7786030769348145,22.222209930419922
0.0,0.0
0.0,0.0
0.0,0.0
0.0,0.0
0.0,0.0
0.0,0.0
0.0,0.0
-7.8775410652160645,22.217588424682617
-11.283831596374512,33.320045471191406
0.0,0.0
0.0,0.0
0.0,0.0
0.0,0.0
0.0,0.0
0.0,0.0
0.0,0.0
0.0,0.0
0.0,0.0
0.0,0.0
0.0,0.0
0.0,0.0
0.0,0.0
0.0,0.0
0.0,0.0
0.0,0.0
0.0,0.0
0.0,0.0
0.0,0.0
0.0,0.0
0.0,0.0
0.0,0.0
-7.808923244476318,21.910451889038086
-12.930635452270508,33.77926254272461
0.0,0.0
0.0,0.0
0.0,0.0
0.0,0.0
0.0,0.0
0.0,0.0
-7.8542799949646,21.458026885986328
9.32576847076416,200.70358276367188
0.0,0.0
0.0,0.0
-8.34478759765625,14.302786827087402
-4.9817705154418945,20.352794647216797
0.0,0.0
0.0,0.0
0.0,0.0
0.0,0.0
0.0,0.0
0.0,0.0
0.0,0.0
0.0,0.0
0.0,0.0
0.0,0.0
0.0,0.0
0.0,0.0
0.0,0.0
0.0,0.0
0.0,0.0
0.0,0.0
0.0,0.0
0.0,0.0
-7.780604362487793,22.222204208374023
-2.0,3.0
0.0,0.0
0.0,0.0
0.0,0.0
0.0,0.0
0.0,0.0
0.0,0.0
-7.843257427215576,21.53892707824707
10.544475555419922,138.69281005859375
0.0,0.0
0.0,0.0
-8.065485954284668,19.37498664855957
-2.0,10.47501277923584
0.0,0.0
0.0,0.0
0.0,0.0
0.0,0.0
0.0,0.0
0.0,0.0
0.0,0.0
0.0,0.0
0.0,0.0
0.0,0.0
0.0,0.0
0.0,0.0
0.0,0.0
0.0,0.0
0.0,0.0
0.0,0.0
0.0,0.0
0.0,0.0
0.0,0.0
0.0,0.0
0.0,0.0
0.0,0.0
0.0,0.0
0.0,0.0
0.0,0.0
0.0,0.0
0.0,0.0
0.0,0.0
0.0,0.0
0.0,0.0
0.0,0.0
0.0,0.0
0.0,0.0
0.0,0.0
0.0,0.0
0.0,0.0
0.0,0.0
0.0,0.0
0.0,0.0
0.0,0.0
0.0,0.0
0.0,0.0
0.0,0.0
0.0,0.0
0.0,0.0
0.0,0.0
0.0,0.0
0.0,0.0
0.0,0.0
0.0,0.0
0.0,0.0
0.0,0.0
0.0,0.0
0.0,0.0
0.0,0.0
0.0,0.0
0.0,0.0
0.0,0.0
0.0,0.0
0.0,0.0
0.0,0.0
0.0,0.0
0.0,0.0
0.0,0.0
-9.545069694519043,5.910041332244873
0.0,0.0
11.111105918884277,-5.910096168518066
0.0,0.0
-1.0,1.0
0.0,0.0
5.886082649230957,-0.98089998960495
0.0,0.0
-9.625114440917969,8.622590065002441
0.0,0.0
11.111105918884277,-3.912152051925659
0.0,0.0
0.0,0.0
0.0,0.0
6.356335163116455,-1.0809999704360962
0.0,0.0
0.0,0.0
0.0,0.0
10.3900728225708,0.6784135699272156
0.0,0.0
0.0,0.0
0.0,0.0
7.173681259155273,-0.8187723755836487
0.0,0.0
0.0,0.0
0.0,0.0
11.111105918884277,-8.501439094543457
500.0,0.0
0.0,0.0
0.0,0.0
10.3900728225708,-1.3429286479949951
342.8747863769531,10.564620971679688
-96.26791381835938,41.79214096069336
-115.03740692138672,23.8604793548584
-93.96180725097656,62.666900634765625
-45.60686111450195,71.99154663085938
-99.20671081542969,31.750226974487305
-102.71420288085938,-102.375
0.0,27.381000518798828
-11.0,59.06254577636719
-96.60453796386719,33.968021392822266
-113.71517944335938,-108.64476776123047
-94.00630950927734,62.3980712890625
-43.96177673339844,39.475433349609375
-93.55259704589844,98.58296203613281
-114.68138885498047,-114.61541748046875
-38.997215270996094,95.13387298583984
-21.010000228881836,-2.0007808208465576
0.0,0.0
0.0,0.0
-38.31058120727539,88.25621795654297
-20.245622634887695,46.528717041015625
0.0,0.0
0.0,0.0
-10.0,10.0
-20.790000915527344,45.951629638671875
0.0,0.0
0.0,0.0
-90.02153778076172,92.34523010253906
-55.76456832885742,55.00809097290039
0.0,0.0
0.0,0.0
-44.653602600097656,85.87367248535156
-11.0,64.74691772460938
0.0,0.0
0.0,0.0
0.0,0.0
0.0,0.0
0.0,0.0
0.0,0.0
0.0,0.0
0.0,0.0
0.0,0.0
0.0,0.0
0.0,0.0
0.0,0.0
0.0,0.0
0.0,0.0
0.0,0.0
0.0,0.0
0.0,0.0
0.0,0.0
0.0,0.0
0.0,0.0
0.0,0.0
0.0,0.0
0.0,0.0
0.0,0.0
0.0,0.0
0.0,0.0
0.0,0.0
0.0,0.0
0.0,0.0
0.0,0.0
0.0,0.0
0.0,0.0
0.0,0.0
0.0,0.0
0.0,0.0
0.0,0.0
0.0,0.0
0.0,0.0
0.0,0.0
0.0,0.0
0.0,0.0
0.0,0.0
0.0,0.0
0.0,0.0
0.0,0.0
0.0,0.0
0.0,0.0
0.0,0.0
0.0,0.0
0.0,0.0
0.0,0.0
0.0,0.0
0.0,0.0
0.0,0.0
0.0,0.0
0.0,0.0
0.0,0.0
0.0,0.0
0.0,0.0
0.0,0.0
0.0,0.0
0.0,0.0
0.0,0.0
0.0,0.0
0.0,0.0
0.0,0.0
-7.126590728759766,6.354487895965576
0.0,0.0
0.0,0.0
0.0,0.0
0.0,0.0
0.0,0.0
11.111105918884277,7.915708541870117
0.0,0.0
11.111105918884277,4.856679439544678
0.0,0.0
0.0,0.0
0.0,0.0
6.007761478424072,10.241259574890137
0.0,0.0
0.0,0.0
0.0,0.0
-10.206533432006836,-2.0654234886169434
0.0,0.0
0.0,0.0
0.0,0.0
0.0,0.0
0.0,0.0
3.491671085357666,-1.913340449333191
0.0,0.0
11.111105918884277,-5.292351722717285
0.0,0.0
0.0,0.0
0.0,0.0
11.111105918884277,1.4775558710098267
0.0,0.0
0.0,0.0
0.0,0.0
-6.223940372467041,4.1352925300598145
0.0,0.0
0.0,0.0
0.0,0.0
0.0,0.0
0.0,0.0
11.111105918884277,6.0777974128723145
0.0,0.0
11.111105918884277,9.761194229125977
0.0,0.0
0.0,0.0
0.0,0.0
1.9349920749664307,4.1842780113220215
0.0,0.0
0.0,0.0
0.0,0.0
-9.349221229553223,7.544544696807861
0.0,0.0
0.0,0.0
0.0,0.0
0.0,0.0
0.0,0.0
4.80145263671875,-0.9951640367507935
0.0,0.0
11.111105918884277,-5.395084857940674
0.0,0.0
0.0,0.0
0.0,0.0
11.111105918884277,-0.7551925182342529
0.0,0.0
0.0,0.0
0.0,0.0
0.0,0.0
0.0,0.0
0.0,0.0
0.0,0.0
0.0,0.0
0.0,0.0
0.0,0.0
0.0,0.0
0.0,0.0
0.0,0.0
0.0,0.0
0.0,0.0
0.0,0.0
0.0,0.0
0.0,0.0
0.0,0.0
-3.318833827972412,75.05101013183594
-11.945850372314453,66.66693115234375
0.0,0.0
0.0,0.0
0.0,0.0
0.0,0.0
0.0,0.0
0.0,0.0
0.7627620697021484,127.14765167236328
-13.219866752624512,66.66670227050781
0.0,0.0
0.0,0.0
0.0,0.0
0.0,0.0
0.0,0.0
0.0,0.0
0.0,0.0
0.0,0.0
0.0,0.0
0.0,0.0
0.0,0.0
0.0,0.0
0.0,0.0
0.0,0.0
0.0,0.0
0.0,0.0
0.0,0.0
0.0,0.0
0.0,0.0
0.0,0.0
0.0,0.0
0.0,0.0
14.234657287597656,117.45709991455078
-11.82026195526123,66.6739730834961
0.0,0.0
0.0,0.0
1452.7584228515625,654.759521484375
0.0,0.0
0.0,0.0
0.0,0.0
100.28115844726562,122.24442291259766
-1.8603516817092896,68.82304382324219
0.0,0.0
0.0,0.0
2076.386474609375,0.0
500.0,0.0
0.0,0.0
0.0,0.0
0.0,0.0
0.0,0.0
0.0,0.0
0.0,0.0
0.0,0.0
0.0,0.0
0.0,0.0
0.0,0.0
0.0,0.0
0.0,0.0
0.0,0.0
0.0,0.0
0.0,0.0
0.0,0.0
0.0,0.0
0.0,0.0
0.0,0.0
0.0,0.0
0.0,0.0
0.0,0.0
0.0,0.0
0.0,0.0
0.0,0.0
0.0,0.0
0.0,0.0
0.0,0.0
0.0,0.0
0.0,0.0
0.0,0.0
0.0,0.0
0.0,0.0
0.0,0.0
0.0,0.0
0.0,0.0
0.0,0.0
0.0,0.0
0.0,0.0
0.0,0.0
0.0,0.0
0.0,0.0
0.0,0.0
0.0,0.0
0.0,0.0
0.0,0.0
0.0,0.0
0.0,0.0
0.0,0.0
0.0,0.0
0.0,0.0
0.0,0.0
0.0,0.0
0.0,0.0
0.0,0.0
0.0,0.0
0.0,0.0
0.0,0.0
0.0,0.0
0.0,0.0
0.0,0.0
0.0,0.0
0.0,0.0
0.0,0.0
0.0,0.0
0.0,0.0
0.0,0.0
0.0,0.0
0.0,0.0
0.0,0.0
0.0,0.0
0.0,0.0
0.0,0.0
0.0,0.0
0.0,0.0
0.0,0.0
0.0,0.0
0.0,0.0
0.0,0.0
0.0,0.0
0.0,0.0
0.0,0.0
-4.44444465637207,55.55553436279297
-13.279982566833496,66.6666259765625
0.0,0.0
0.0,0.0
0.0,0.0
0.0,0.0
0.0,0.0
0.0,0.0
-4.44444465637207,55.55553436279297
-8.830087661743164,66.66670227050781
0.0,0.0
0.0,0.0
0.0,0.0
0.0,0.0
0.0,0.0
0.0,0.0
0.0,0.0
0.0,0.0
0.0,0.0
0.0,0.0
0.0,0.0
0.0,0.0
0.0,0.0
0.0,0.0
0.0,0.0
0.0,0.0
0.0,0.0
0.0,0.0
0.0,0.0
0.0,0.0
0.0,0.0
0.0,0.0
-3.5325212478637695,55.72087478637695
-13.233576774597168,66.6666259765625
0.0,0.0
0.0,0.0
0.0,0.0
0.0,0.0
0.0,0.0
0.0,0.0
-4.406870365142822,55.931427001953125
-13.333282470703125,66.6666259765625
0.0,0.0
0.0,0.0
0.0,0.0
0.0,0.0
0.0,0.0
0.0,0.0
0.0,0.0
0.0,0.0
0.0,0.0
0.0,0.0
0.0,0.0
0.0,0.0
0.0,0.0
0.0,0.0
0.0,0.0
0.0,0.0
0.0,0.0
0.0,0.0
0.0,0.0
0.0,0.0
0.0,0.0
0.0,0.0
0.0,0.0
0.0,0.0
0.0,0.0
0.0,0.0
0.0,0.0
0.0,0.0
0.0,0.0
0.0,0.0
0.0,0.0
0.0,0.0
0.0,0.0
0.0,0.0
0.0,0.0
0.0,0.0
0.0,0.0
0.0,0.0
0.0,0.0
0.0,0.0
0.0,0.0
0.0,0.0
0.0,0.0
0.0,0.0
0.0,0.0
0.0,0.0
0.0,0.0
0.0,0.0
0.0,0.0
0.0,0.0
0.0,0.0
0.0,0.0
0.0,0.0
0.0,0.0
0.0,0.0
0.0,0.0
0.0,0.0
0.0,0.0
0.0,0.0
0.0,0.0
0.0,0.0
0.0,0.0
0.0,0.0
0.0,0.0
0.0,0.0
0.0,0.0
0.0,0.0
0.0,0.0
-5.687332630157471,11.001471519470215
0.0,0.0
10.240397453308105,-0.9282631874084473
0.0,0.0
0.0,0.0
0.0,0.0
0.0,0.0
0.0,0.0
-1.8015861511230469,10.935893058776855
0.0,0.0
4.80145263671875,-0.9900000095367432
0.0,0.0
0.0,0.0
0.0,0.0
0.0,0.0
0.0,0.0
-6.085312366485596,10.944962501525879
0.0,0.0
11.111105918884277,-8.885970115661621
0.0,0.0
0.0,0.0
0.0,0.0
0.0,0.0
0.0,0.0
-4.367907524108887,10.918563842773438
0.0,0.0
11.111105918884277,-8.884075164794922
0.0,0.0
0.0,0.0
0.0,0.0
0.0,0.0
0.0,0.0
-88.96268463134766,111.1109619140625
-43.91212844848633,95.19432067871094
-88.8501205444336,111.11106872558594
-20.44048309326172,69.91969299316406
-18.36436653137207,71.73681640625
0.0,0.0
0.0,0.0
0.0,0.0
-88.88546752929688,111.11106872558594
-48.2958984375,115.00464630126953
-82.2461166381836,111.11106872558594
-11.0,0.0
-26.421573638916016,88.75165557861328
0.0,0.0
0.0,0.0
0.0,0.0
-88.94628143310547,111.11093139648438
-36.394371032714844,97.6268310546875
-89.3749771118164,111.05738067626953
-92.70671844482422,122.22218322753906
-9.899999618530273,284.9660949707031
0.0,0.0
19.19052505493164,625.6271362304688
0.0,0.0
-88.89348602294922,111.11106872558594
-35.92757034301758,117.27277374267578
-85.21637725830078,111.56281280517578
-94.33705139160156,118.50054168701172
-29.859050750732422,319.1754150390625
0.0,0.0
-16.028657913208008,826.4893798828125
0.0,0.0
0.0,0.0
0.0,0.0
0.0,0.0
0.0,0.0
0.0,0.0
0.0,0.0
0.0,0.0
0.0,0.0
0.0,0.0
0.0,0.0
0.0,0.0
0.0,0.0
0.0,0.0
0.0,0.0
0.0,0.0
0.0,0.0
0.0,0.0
0.0,0.0
0.0,0.0
0.0,0.0
0.0,0.0
0.0,0.0
0.0,0.0
0.0,0.0
0.0,0.0
0.0,0.0
0.0,0.0
0.0,0.0
0.0,0.0
0.0,0.0
0.0,0.0
0.0,0.0
0.0,0.0
0.0,0.0
0.0,0.0
0.0,0.0
0.0,0.0
0.0,0.0
0.0,0.0
0.0,0.0
0.0,0.0
0.0,0.0
0.0,0.0
0.0,0.0
0.0,0.0
0.0,0.0
0.0,0.0
0.0,0.0
0.0,0.0
0.0,0.0
0.0,0.0
0.0,0.0
0.0,0.0
0.0,0.0
0.0,0.0
0.0,0.0
0.0,0.0
0.0,0.0
0.0,0.0
0.0,0.0
0.0,0.0
0.0,0.0
0.0,0.0
0.0,0.0
0.0,0.0
0.0,0.0
-1.0,1.909999966621399
0.0,0.0
0.0,0.0
0.0,0.0
0.0,0.0
0.0,0.0
11.020565032958984,-3.228159189224243
0.0,0.0
6.784265041351318,-1.88100004196167
0.0,0.0
0.0,0.0
0.0,0.0
0.0,0.0
0.0,0.0
0.0,0.0
0.0,0.0
-8.888885498046875,11.111105918884277
0.0,0.0
0.0,0.0
0.0,0.0
0.0,0.0
0.0,0.0
11.028714179992676,-5.552146911621094
0.0,0.0
11.111105918884277,-8.888885498046875
0.0,0.0
0.0,0.0
0.0,0.0
0.0,0.0
0.0,0.0
0.0,0.0
0.0,0.0
0.0,1.0
0.0,0.0
0.0,0.0
0.0,0.0
0.0,0.0
0.0,0.0
8.875165939331055,-2.5354597568511963
0.0,0.0
1.0,0.0
0.0,0.0
0.0,0.0
0.0,0.0
0.0,0.0
0.0,0.0
0.0,0.0
0.0,0.0
-7.475772857666016,11.11094856262207
0.0,0.0
0.0,0.0
0.0,0.0
0.0,0.0
0.0,0.0
9.25952434539795,-3.1834864616394043
0.0,0.0
11.111105918884277,-8.888885498046875
0.0,0.0
0.0,0.0
0.0,0.0
0.0,0.0
0.0,0.0
0.0,0.0
0.0,0.0
0.0,0.0
0.0,0.0
0.0,0.0
0.0,0.0
0.0,0.0
0.0,0.0
0.0,0.0
0.0,0.0
0.0,0.0
0.0,0.0
0.0,0.0
0.0,0.0
0.0,0.0
0.0,0.0
0.0,0.0
0.0,0.0
0.0,0.0
0.0,0.0
0.0,0.0
0.0,0.0
0.0,0.0
0.0,0.0
0.0,0.0
0.0,0.0
0.0,0.0
0.0,0.0
0.0,0.0
0.0,0.0
0.0,0.0
0.0,0.0
0.0,0.0
0.0,0.0
0.0,0.0
0.0,0.0
0.0,0.0
0.0,0.0
0.0,0.0
0.0,0.0
0.0,0.0
0.0,0.0
0.0,0.0
0.0,0.0
0.0,0.0
0.0,0.0
0.0,0.0
0.0,0.0
0.0,0.0
0.0,0.0
0.0,0.0
0.0,0.0
0.0,0.0
0.0,0.0
0.0,0.0
0.0,0.0
0.0,0.0
0.0,0.0
0.0,0.0
0.0,0.0
0.0,0.0
0.0,0.0
0.0,0.0
0.0,0.0
