-11.00186824798584,7.891881942749023
0.0,0.0
0.0,0.0
0.0,0.0
0.0,0.0
0.0,0.0
0.0,0.0
0.0,0.0
0.0,0.0
0.0,0.0
0.0,0.0
0.0,0.0
0.0,0.0
0.0,0.0
0.0,0.0
0.0,0.0
0.0,0.0
0.0,0.0
-3.846649408340454,16.51430892944336
-19.85860824584961,0.0
0.0,0.0
0.0,0.0
0.0,0.0
0.0,0.0
0.0,0.0
0.0,0.0
-8.45471477508545,15.075359344482422
-11.390655517578125,0.0
0.0,0.0
0.0,0.0
0.0,0.0
0.0,0.0
0.0,0.0
0.0,0.0
0.0,0.0
0.0,0.0
0.0,0.0
0.0,0.0
0.0,0.0
0.0,0.0
0.0,0.0
0.0,0.0
0.0,0.0
0.0,0.0
0.0,0.0
0.0,0.0
0.0,0.0
0.0,0.0
0.0,0.0
0.0,0.0
-8.89134407043457,11.106609344482422
-5.420000076293945,0.0
0.0,0.0
0.0,0.0
-7.221314430236816,11.110824584960938
0.0,0.0
0.0,0.0
0.0,0.0
-8.89013957977295,11.110668182373047
0.0,0.0
0.0,0.0
0.0,0.0
-6.282049179077148,10.990955352783203
0.0,0.0
0.0,0.0
0.0,0.0
0.0,0.0
0.0,0.0
0.0,0.0
0.0,0.0
0.0,0.0
0.0,0.0
0.0,0.0
0.0,0.0
0.0,0.0
0.0,0.0
0.0,0.0
0.0,0.0
0.0,0.0
0.0,0.0
0.0,0.0
0.0,0.0
-8.798593521118164,9.111099243164062
-11.439708709716797,-0.5340839624404907
0.0,0.0
0.0,0.0
-3.957690715789795,4.80145263671875
0.0,0.0
0.0,0.0
0.0,0.0
-8.900191307067871,11.111105918884277
-10.44328784942627,26.057758331298828
0.0,0.0
0.0,0.0
-4.804214000701904,9.676155090332031
-2.0,-2.0
0.0,0.0
0.0,0.0
0.0,0.0
0.0,0.0
0.0,0.0
0.0,0.0
0.0,0.0
0.0,0.0
0.0,0.0
0.0,0.0
0.0,0.0
0.0,0.0
0.0,0.0
0.0,0.0
0.0,0.0
0.0,0.0
0.0,0.0
0.0,0.0
-8.203638076782227,11.110932350158691
-9.371179580688477,0.0
0.0,0.0
0.0,0.0
-3.359628915786743,3.369321823120117
-2.0,0.0
0.0,0.0
0.0,0.0
-8.727189064025879,11.111105918884277
-12.022351264953613,5.511778831481934
0.0,0.0
0.0,0.0
-6.253225326538086,10.846627235412598
-7.859080791473389,9.780353546142578
0.0,0.0
0.0,0.0
0.0,0.0
0.0,0.0
0.0,0.0
0.0,0.0
0.0,0.0
0.0,0.0
0.0,0.0
0.0,0.0
0.0,0.0
0.0,0.0
0.0,0.0
0.0,0.0
0.0,0.0
0.0,0.0
0.0,0.0
0.0,0.0
-7.248802661895752,13.843428611755371
-18.707035064697266,149.0436553955078
0.0,0.0
0.0,0.0
0.0,0.0
0.0,0.0
0.0,0.0
0.0,0.0
-8.532679557800293,18.165796279907227
-19.236957550048828,0.0
0.0,0.0
0.0,0.0
-2.6187100410461426,5.886082649230957
0.0,0.0
0.0,0.0
0.0,0.0
0.0,0.0
0.0,0.0
0.0,0.0
0.0,0.0
0.0,0.0
0.0,0.0
0.0,0.0
0.0,0.0
0.0,0.0
0.0,0.0
0.0,0.0
0.0,0.0
0.0,0.0
0.0,0.0
0.0,0.0
0.0,0.0
0.0,0.0
0.0,0.0
0.0,0.0
0.0,0.0
0.0,0.0
0.0,0.0
0.0,0.0
0.0,0.0
0.0,0.0
0.0,0.0
0.0,0.0
0.0,0.0
0.0,0.0
0.0,0.0
0.0,0.0
0.0,0.0
0.0,0.0
0.0,0.0
0.0,0.0
0.0,0.0
0.0,0.0
0.0,0.0
0.0,0.0
0.0,0.0
0.0,0.0
0.0,0.0
0.0,0.0
0.0,0.0
0.0,0.0
0.0,0.0
0.0,0.0
0.0,0.0
-8.913200378417969,10.873679161071777
-19.381250381469727,0.004707056563347578
0.0,0.0
0.0,0.0
0.0,0.0
0.0,0.0
0.0,0.0
0.0,0.0
-8.902961730957031,10.373539924621582
-11.719361305236816,157.5770263671875
0.0,0.0
0.0,0.0
-8.588287353515625,9.685027122497559
0.0,0.0
0.0,0.0
0.0,0.0
0.0,0.0
0.0,0.0
0.0,0.0
0.0,0.0
0.0,0.0
0.0,0.0
0.0,0.0
0.0,0.0
0.0,0.0
0.0,0.0
0.0,0.0
0.0,0.0
0.0,0.0
0.0,0.0
0.0,0.0
0.0,0.0
-8.888833999633789,11.111105918884277
-2.0,0.0
0.0,0.0
0.0,0.0
0.0,0.0
0.0,0.0
0.0,0.0
0.0,0.0
-8.922674179077148,10.875154495239258
-13.47220230102539,30.3337459564209
0.0,0.0
0.0,0.0
-8.606078147888184,10.185372352600098
0.0,0.0
0.0,0.0
0.0,0.0
0.0,0.0
0.0,0.0
0.0,0.0
0.0,0.0
0.0,0.0
0.0,0.0
0.0,0.0
0.0,0.0
0.0,0.0
0.0,0.0
0.0,0.0
0.0,0.0
0.0,0.0
0.0,0.0
0.0,0.0
0.0,0.0
0.0,0.0
0.0,0.0
0.0,0.0
0.0,0.0
0.0,0.0
0.0,0.0
0.0,0.0
0.0,0.0
0.0,0.0
0.0,0.0
0.0,0.0
0.0,0.0
0.0,0.0
0.0,0.0
0.0,0.0
0.0,0.0
0.0,0.0
0.0,0.0
0.0,0.0
0.0,0.0
0.0,0.0
0.0,0.0
0.0,0.0
0.0,0.0
0.0,0.0
0.0,0.0
0.0,0.0
0.0,0.0
0.0,0.0
0.0,0.0
0.0,0.0
0.0,0.0
0.0,0.0
0.0,0.0
0.0,0.0
0.0,0.0
0.0,0.0
0.0,0.0
0.0,0.0
0.0,0.0
0.0,0.0
0.0,0.0
0.0,0.0
0.0,0.0
0.0,0.0
0.0,0.0
-9.98100757598877,-1.4808391332626343
-16.06618309020996,-3.918086051940918
33.33331298828125,-26.405582427978516
12.71267032623291,-3.9618000984191895
0.0,0.0
0.0,0.0
0.0,0.0
0.0,0.0
-9.585670471191406,5.504237651824951
-21.744829177856445,-20.570911407470703
33.33331298828125,4.809138298034668
5.476200103759766,-3.9618000984191895
0.0,0.0
0.0,0.0
5.730000019073486,0.0
0.0,0.0
0.0,0.0
0.0,0.0
19.069005966186523,-9.882291793823242
5.476200103759766,0.0
0.0,0.0
0.0,0.0
3.0,0.0
0.0,0.0
0.0,0.0
0.0,0.0
33.3276481628418,-20.09105682373047
6.983342170715332,0.0
0.0,0.0
0.0,0.0
12.532261848449707,0.0
0.0,2.0
-4.8724260330200195,71.71086120605469
-16.75653076171875,93.19953918457031
33.33331298828125,-8.183037757873535
2.0,0.0
-4.44608736038208,62.89248275756836
0.0,0.0
0.0,-3.0
0.0,0.0
-3.9952800273895264,97.21963500976562
-17.778934478759766,95.51844024658203
33.33331298828125,-12.009941101074219
8.354841232299805,-2.180000066757202
-1.3352445363998413,65.59895324707031
-9.6029052734375,-8.354841232299805
12.532261848449707,0.0
5.476200103759766,0.0
0.0,0.0
0.0,0.0
16.10796546936035,-2.8746774196624756
0.0,0.0
0.0,0.0
0.0,0.0
8.214300155639648,0.0
0.0,0.0
0.0,0.0
0.0,0.0
32.566795349121094,-11.235834121704102
6.983342170715332,-3.9800000190734863
0.0,0.0
0.0,0.0
17.658248901367188,-2.8559563159942627
5.476200103759766,-7.561800003051758
0.0,0.0
0.0,0.0
0.0,0.0
0.0,0.0
0.0,0.0
0.0,0.0
0.0,0.0
0.0,0.0
0.0,0.0
0.0,0.0
0.0,0.0
0.0,0.0
0.0,0.0
0.0,0.0
0.0,0.0
0.0,0.0
0.0,0.0
0.0,0.0
0.0,0.0
0.0,0.0
0.0,0.0
0.0,0.0
0.0,0.0
0.0,0.0
0.0,0.0
0.0,0.0
0.0,0.0
0.0,0.0
0.0,0.0
0.0,0.0
0.0,0.0
0.0,0.0
0.0,0.0
0.0,0.0
0.0,0.0
0.0,0.0
0.0,0.0
0.0,0.0
0.0,0.0
0.0,0.0
0.0,0.0
0.0,0.0
0.0,0.0
0.0,0.0
0.0,0.0
0.0,0.0
0.0,0.0
0.0,0.0
0.0,0.0
0.0,0.0
0.0,0.0
0.0,0.0
0.0,0.0
0.0,0.0
0.0,0.0
0.0,0.0
0.0,0.0
0.0,0.0
0.0,0.0
0.0,0.0
0.0,0.0
0.0,0.0
0.0,0.0
0.0,0.0
0.0,0.0
0.0,0.0
-6.322561264038086,9.176995277404785
0.0,0.0
0.0,0.0
0.0,0.0
0.0,0.0
0.0,0.0
33.33331298828125,24.66023826599121
0.0,0.0
33.33331298828125,27.48096466064453
0.0,0.0
0.0,0.0
0.0,0.0
0.0,8.214300155639648
0.0,0.0
0.0,0.0
0.0,0.0
-10.199627876281738,-2.0105950832366943
0.0,0.0
0.0,0.0
0.0,0.0
0.0,0.0
0.0,0.0
0.0,0.0
0.0,0.0
33.33331298828125,-13.665163040161133
0.0,0.0
0.0,0.0
0.0,0.0
33.23707580566406,0.2743130922317505
0.0,0.0
0.0,0.0
0.0,0.0
-4.472419261932373,8.331233978271484
0.0,0.0
0.0,0.0
0.0,0.0
0.0,0.0
0.0,0.0
33.33331298828125,21.407150268554688
0.0,0.0
33.33331298828125,12.456195831298828
0.0,0.0
0.0,0.0
0.0,0.0
0.0,5.730000019073486
0.0,0.0
0.0,0.0
0.0,0.0
-5.172379970550537,8.08985710144043
0.0,0.0
0.0,0.0
0.0,0.0
0.0,0.0
0.0,0.0
0.0,-3.0
0.0,0.0
33.33331298828125,-20.497377395629883
0.0,0.0
0.0,0.0
0.0,0.0
31.849977493286133,-6.521977424621582
0.0,0.0
0.0,0.0
0.0,0.0
0.0,0.0
0.0,0.0
0.0,0.0
0.0,0.0
0.0,0.0
0.0,0.0
0.0,0.0
0.0,0.0
0.0,0.0
0.0,0.0
0.0,0.0
0.0,0.0
0.0,0.0
0.0,0.0
0.0,0.0
0.0,0.0
-4.177107334136963,35.24490737915039
108.23226928710938,106.95219421386719
0.0,0.0
0.0,0.0
0.0,0.0
0.0,0.0
0.0,0.0
0.0,0.0
-6.649096965789795,33.33380126953125
-14.455470085144043,22.222232818603516
0.0,0.0
0.0,0.0
0.0,0.0
0.0,0.0
0.0,0.0
0.0,0.0
0.0,0.0
0.0,0.0
0.0,0.0
0.0,0.0
0.0,0.0
0.0,0.0
0.0,0.0
0.0,0.0
0.0,0.0
0.0,0.0
0.0,0.0
0.0,0.0
0.0,0.0
0.0,0.0
0.0,0.0
0.0,0.0
2.2403838634490967,33.39702224731445
-15.263480186462402,22.301130294799805
0.0,0.0
0.0,0.0
8.30931282043457,261.4300537109375
0.0,0.0
0.0,0.0
0.0,0.0
-0.03718545287847519,95.94217681884766
-15.983053207397461,22.222232818603516
0.0,0.0
0.0,0.0
200.0,0.0
0.0,0.0
0.0,0.0
0.0,0.0
0.0,0.0
0.0,0.0
0.0,0.0
0.0,0.0
0.0,0.0
0.0,0.0
0.0,0.0
0.0,0.0
0.0,0.0
0.0,0.0
0.0,0.0
0.0,0.0
0.0,0.0
0.0,0.0
0.0,0.0
0.0,0.0
0.0,0.0
0.0,0.0
0.0,0.0
0.0,0.0
0.0,0.0
0.0,0.0
0.0,0.0
0.0,0.0
0.0,0.0
0.0,0.0
0.0,0.0
0.0,0.0
0.0,0.0
0.0,0.0
0.0,0.0
0.0,0.0
0.0,0.0
0.0,0.0
0.0,0.0
0.0,0.0
0.0,0.0
0.0,0.0
0.0,0.0
0.0,0.0
0.0,0.0
0.0,0.0
0.0,0.0
0.0,0.0
0.0,0.0
0.0,0.0
0.0,0.0
0.0,0.0
0.0,0.0
0.0,0.0
0.0,0.0
0.0,0.0
0.0,0.0
0.0,0.0
0.0,0.0
0.0,0.0
0.0,0.0
0.0,0.0
0.0,0.0
0.0,0.0
0.0,0.0
0.0,0.0
0.0,0.0
0.0,0.0
0.0,0.0
0.0,0.0
0.0,0.0
0.0,0.0
0.0,0.0
0.0,0.0
0.0,0.0
0.0,0.0
0.0,0.0
0.0,0.0
0.0,0.0
0.0,0.0
0.0,0.0
0.0,0.0
0.0,0.0
0.0,0.0
-6.666658401489258,33.333396911621094
-12.90815258026123,22.206628799438477
0.0,0.0
0.0,0.0
0.0,0.0
0.0,0.0
0.0,0.0
0.0,0.0
-6.6666483879089355,33.33348846435547
-14.053552627563477,22.222232818603516
0.0,0.0
0.0,0.0
0.0,0.0
0.0,0.0
0.0,0.0
0.0,0.0
0.0,0.0
0.0,0.0
0.0,0.0
0.0,0.0
0.0,0.0
0.0,0.0
0.0,0.0
0.0,0.0
0.0,0.0
0.0,0.0
0.0,0.0
0.0,0.0
0.0,0.0
0.0,0.0
0.0,0.0
0.0,0.0
-6.213712215423584,33.333282470703125
-7.817212104797363,18.5190486907959
0.0,0.0
0.0,0.0
0.0,0.0
0.0,0.0
0.0,0.0
0.0,0.0
-6.666666507720947,33.33331298828125
-14.917304039001465,22.20931053161621
0.0,0.0
0.0,0.0
0.0,0.0
0.0,0.0
0.0,0.0
0.0,0.0
0.0,0.0
0.0,0.0
0.0,0.0
0.0,0.0
0.0,0.0
0.0,0.0
0.0,0.0
0.0,0.0
0.0,0.0
0.0,0.0
0.0,0.0
0.0,0.0
0.0,0.0
0.0,0.0
0.0,0.0
0.0,0.0
0.0,0.0
0.0,0.0
0.0,0.0
0.0,0.0
0.0,0.0
0.0,0.0
0.0,0.0
0.0,0.0
0.0,0.0
0.0,0.0
0.0,0.0
0.0,0.0
0.0,0.0
0.0,0.0
0.0,0.0
0.0,0.0
0.0,0.0
0.0,0.0
0.0,0.0
0.0,0.0
0.0,0.0
0.0,0.0
0.0,0.0
0.0,0.0
0.0,0.0
0.0,0.0
0.0,0.0
0.0,0.0
0.0,0.0
0.0,0.0
0.0,0.0
0.0,0.0
0.0,0.0
0.0,0.0
0.0,0.0
0.0,0.0
0.0,0.0
0.0,0.0
0.0,0.0
0.0,0.0
0.0,0.0
0.0,0.0
0.0,0.0
0.0,0.0
0.0,0.0
0.0,0.0
-5.429346561431885,31.98348045349121
-2.0,0.0
-4.566390037536621,27.229202270507812
-2.0,0.0
0.0,0.0
0.0,0.0
0.0,0.0
0.0,0.0
-6.326406478881836,33.31987762451172
-5.331037998199463,5.476200103759766
0.0,12.532261848449707
0.0,0.0
0.0,0.0
0.0,0.0
0.0,0.0
0.0,0.0
-4.7754597663879395,32.40767288208008
-2.0,0.0
-6.666371822357178,33.33331298828125
-9.499526023864746,3.2280397415161133
0.0,0.0
0.0,0.0
0.0,0.0
0.0,0.0
-6.171597957611084,33.318580627441406
-5.381999969482422,5.476200103759766
-6.670254230499268,33.33331298828125
-7.698302745819092,19.431617736816406
0.0,0.0
0.0,0.0
0.0,0.0
0.0,0.0
-5.0622429847717285,31.80109405517578
-3.7799999713897705,5.476200103759766
-3.4512927532196045,29.86698341369629
0.0,0.0
-1.0,0.0
0.0,0.0
0.0,0.0
0.0,0.0
0.7692996263504028,160.6322021484375
-3.799999952316284,5.476200103759766
-1.8427000045776367,10.47501277923584
0.0,0.0
-1.0,10.47501277923584
0.0,0.0
0.0,0.0
0.0,0.0
-5.870598793029785,31.799558639526367
-5.420000076293945,3.819999933242798
-5.8787031173706055,63.20738220214844
-9.813575744628906,18.85233497619629
-1.0,0.0
0.0,0.0
-1.0,0.0
0.0,0.0
-5.728754043579102,33.31724166870117
-2.0,6.983342170715332
-4.166346073150635,33.632408142089844
-5.15941047668457,19.155624389648438
-1.8700000047683716,8.214300155639648
0.0,0.0
-0.9738928079605103,357.9857482910156
0.0,0.0
0.0,0.0
0.0,0.0
0.0,0.0
0.0,0.0
0.0,0.0
0.0,0.0
0.0,0.0
0.0,0.0
0.0,0.0
0.0,0.0
0.0,0.0
0.0,0.0
0.0,0.0
0.0,0.0
0.0,0.0
0.0,0.0
0.0,0.0
0.0,0.0
0.0,0.0
0.0,0.0
0.0,0.0
0.0,0.0
0.0,0.0
0.0,0.0
0.0,0.0
0.0,0.0
0.0,0.0
0.0,0.0
0.0,0.0
0.0,0.0
0.0,0.0
0.0,0.0
0.0,0.0
0.0,0.0
0.0,0.0
0.0,0.0
0.0,0.0
0.0,0.0
0.0,0.0
0.0,0.0
0.0,0.0
0.0,0.0
0.0,0.0
0.0,0.0
0.0,0.0
0.0,0.0
0.0,0.0
0.0,0.0
0.0,0.0
0.0,0.0
0.0,0.0
0.0,0.0
0.0,0.0
0.0,0.0
0.0,0.0
0.0,0.0
0.0,0.0
0.0,0.0
0.0,0.0
0.0,0.0
0.0,0.0
0.0,0.0
0.0,0.0
0.0,0.0
0.0,0.0
0.0,0.0
0.0,3.0
0.0,0.0
0.0,0.0
0.0,0.0
0.0,0.0
0.0,0.0
-2.391752004623413,25.233060836791992
0.0,0.0
0.0,10.47501277923584
0.0,0.0
0.0,0.0
0.0,0.0
0.0,0.0
0.0,0.0
0.0,0.0
0.0,0.0
-6.666675090789795,33.33330535888672
0.0,0.0
0.0,0.0
0.0,0.0
0.0,0.0
0.0,0.0
-2.263979911804199,28.733436584472656
0.0,0.0
-6.666666507720947,33.33331298828125
0.0,0.0
0.0,0.0
0.0,0.0
0.0,0.0
0.0,0.0
0.0,0.0
0.0,0.0
0.0,0.0
0.0,0.0
0.0,0.0
0.0,0.0
0.0,0.0
0.0,0.0
0.0,0.0
0.0,0.0
0.0,0.0
0.0,0.0
0.0,0.0
0.0,0.0
0.0,0.0
0.0,0.0
0.0,0.0
0.0,0.0
-1.0,5.730000019073486
0.0,0.0
0.0,0.0
0.0,0.0
0.0,0.0
0.0,0.0
0.0,0.0
0.0,0.0
-2.897709608078003,25.962085723876953
0.0,0.0
0.0,0.0
0.0,0.0
0.0,0.0
0.0,0.0
0.0,0.0
0.0,0.0
0.0,0.0
0.0,0.0
0.0,0.0
0.0,0.0
0.0,0.0
0.0,0.0
0.0,0.0
0.0,0.0
0.0,0.0
0.0,0.0
0.0,0.0
0.0,0.0
0.0,0.0
0.0,0.0
0.0,0.0
0.0,0.0
0.0,0.0
0.0,0.0
0.0,0.0
0.0,0.0
0.0,0.0
0.0,0.0
0.0,0.0
0.0,0.0
0.0,0.0
0.0,0.0
0.0,0.0
0.0,0.0
0.0,0.0
0.0,0.0
0.0,0.0
0.0,0.0
0.0,0.0
0.0,0.0
0.0,0.0
0.0,0.0
0.0,0.0
0.0,0.0
0.0,0.0
0.0,0.0
0.0,0.0
0.0,0.0
0.0,0.0
0.0,0.0
0.0,0.0
0.0,0.0
0.0,0.0
0.0,0.0
0.0,0.0
0.0,0.0
0.0,0.0
0.0,0.0
0.0,0.0
0.0,0.0
0.0,0.0
0.0,0.0
0.0,0.0
0.0,0.0
0.0,0.0
0.0,0.0
0.0,0.0
0.0,0.0
