-11.530591011047363,9.55749797821045
0.0,0.0
0.0,0.0
0.0,0.0
0.0,0.0
0.0,0.0
0.0,0.0
0.0,0.0
0.0,0.0
0.0,0.0
0.0,0.0
0.0,0.0
0.0,0.0
0.0,0.0
0.0,0.0
0.0,0.0
0.0,0.0
0.0,0.0
-3.3710670471191406,15.817423820495605
-19.998477935791016,0.0
0.0,0.0
0.0,0.0
0.0,0.0
0.0,0.0
0.0,0.0
0.0,0.0
-3.578629732131958,15.31157112121582
-19.499366760253906,0.0
0.0,0.0
0.0,0.0
0.0,0.0
0.0,0.0
0.0,0.0
0.0,0.0
0.0,0.0
0.0,0.0
0.0,0.0
0.0,0.0
0.0,0.0
0.0,0.0
0.0,0.0
0.0,0.0
0.0,0.0
0.0,0.0
0.0,0.0
0.0,0.0
0.0,0.0
0.0,0.0
0.0,0.0
0.0,0.0
-8.889979362487793,11.092780113220215
-5.420000076293945,0.0
0.0,0.0
0.0,0.0
-8.88885498046875,11.111105918884277
0.0,0.0
0.0,0.0
0.0,0.0
-8.889254570007324,11.111099243164062
0.0,0.0
0.0,0.0
0.0,0.0
-8.683798789978027,11.027928352355957
0.0,0.0
0.0,0.0
0.0,0.0
0.0,0.0
0.0,0.0
0.0,0.0
0.0,0.0
0.0,0.0
0.0,0.0
0.0,0.0
0.0,0.0
0.0,0.0
0.0,0.0
0.0,0.0
0.0,0.0
0.0,0.0
0.0,0.0
0.0,0.0
0.0,0.0
-8.889884948730469,11.111105918884277
-19.00480079650879,-2.0216329097747803
0.0,0.0
0.0,0.0
-8.311601638793945,11.111059188842773
-5.420000076293945,0.0
0.0,0.0
0.0,0.0
-8.907285690307617,11.110827445983887
-16.063352584838867,0.804166316986084
0.0,0.0
0.0,0.0
-8.717479705810547,11.00500774383545
-14.315922737121582,94.16584777832031
0.0,0.0
0.0,0.0
0.0,0.0
0.0,0.0
0.0,0.0
0.0,0.0
0.0,0.0
0.0,0.0
0.0,0.0
0.0,0.0
0.0,0.0
0.0,0.0
0.0,0.0
0.0,0.0
0.0,0.0
0.0,0.0
0.0,0.0
0.0,0.0
-8.702417373657227,11.110451698303223
-10.434062004089355,0.0
0.0,0.0
0.0,0.0
-3.359628915786743,6.2799859046936035
-9.371179580688477,0.0
0.0,0.0
0.0,0.0
-8.906535148620605,11.110386848449707
12.920243263244629,14.389876365661621
0.0,0.0
0.0,0.0
-8.878266334533691,11.09627914428711
-15.726914405822754,-0.003832874121144414
0.0,0.0
0.0,0.0
0.0,0.0
0.0,0.0
0.0,0.0
0.0,0.0
0.0,0.0
0.0,0.0
0.0,0.0
0.0,0.0
0.0,0.0
0.0,0.0
0.0,0.0
0.0,0.0
0.0,0.0
0.0,0.0
0.0,0.0
0.0,0.0
-6.6783246994018555,13.843428611755371
-18.901689529418945,10.887219429016113
0.0,0.0
0.0,0.0
0.0,0.0
0.0,0.0
0.0,0.0
0.0,0.0
-5.6938323974609375,14.428338050842285
-17.683399200439453,8.556384631852251e-14
0.0,0.0
0.0,0.0
-4.852662086486816,11.01161003112793
-3.799999952316284,0.0
0.0,0.0
0.0,0.0
0.0,0.0
0.0,0.0
0.0,0.0
0.0,0.0
0.0,0.0
0.0,0.0
0.0,0.0
0.0,0.0
0.0,0.0
0.0,0.0
0.0,0.0
0.0,0.0
0.0,0.0
0.0,0.0
0.0,0.0
0.0,0.0
0.0,0.0
0.0,0.0
0.0,0.0
0.0,0.0
0.0,0.0
0.0,0.0
0.0,0.0
0.0,0.0
0.0,0.0
0.0,0.0
0.0,0.0
0.0,0.0
0.0,0.0
0.0,0.0
0.0,0.0
0.0,0.0
0.0,0.0
0.0,0.0
0.0,0.0
0.0,0.0
0.0,0.0
0.0,0.0
0.0,0.0
0.0,0.0
0.0,0.0
0.0,0.0
0.0,0.0
0.0,0.0
0.0,0.0
0.0,0.0
0.0,0.0
0.0,0.0
-8.912102699279785,10.87841796875
-17.93459129333496,5.330294609069824
0.0,0.0
0.0,0.0
0.0,0.0
0.0,0.0
0.0,0.0
0.0,0.0
-8.935400009155273,10.645733833312988
7.640794277191162,80.72551727294922
0.0,0.0
0.0,0.0
-9.277871131896973,8.498831748962402
-3.799999952316284,502.7699279785156
0.0,0.0
0.0,0.0
0.0,0.0
0.0,0.0
0.0,0.0
0.0,0.0
0.0,0.0
0.0,0.0
0.0,0.0
0.0,0.0
0.0,0.0
0.0,0.0
0.0,0.0
0.0,0.0
0.0,0.0
0.0,0.0
0.0,0.0
0.0,0.0
-8.903345108032227,11.0009183883667
-2.4285008907318115,137.14991760253906
0.0,0.0
0.0,0.0
0.0,0.0
0.0,0.0
0.0,0.0
0.0,0.0
-8.95151138305664,10.397554397583008
1.6213133335113525,215.97618103027344
0.0,0.0
0.0,0.0
-9.091529846191406,2.3877029418945312
-2.0,165.6199951171875
0.0,0.0
0.0,0.0
0.0,0.0
0.0,0.0
0.0,0.0
0.0,0.0
0.0,0.0
0.0,0.0
0.0,0.0
0.0,0.0
0.0,0.0
0.0,0.0
0.0,0.0
0.0,0.0
0.0,0.0
0.0,0.0
0.0,0.0
0.0,0.0
0.0,0.0
0.0,0.0
0.0,0.0
0.0,0.0
0.0,0.0
0.0,0.0
0.0,0.0
0.0,0.0
0.0,0.0
0.0,0.0
0.0,0.0
0.0,0.0
0.0,0.0
0.0,0.0
0.0,0.0
0.0,0.0
0.0,0.0
0.0,0.0
0.0,0.0
0.0,0.0
0.0,0.0
0.0,0.0
0.0,0.0
0.0,0.0
0.0,0.0
0.0,0.0
0.0,0.0
0.0,0.0
0.0,0.0
0.0,0.0
0.0,0.0
0.0,0.0
0.0,0.0
0.0,0.0
0.0,0.0
0.0,0.0
0.0,0.0
0.0,0.0
0.0,0.0
0.0,0.0
0.0,0.0
0.0,0.0
0.0,0.0
0.0,0.0
0.0,0.0
0.0,0.0
-9.513002395629883,4.437894821166992
-18.934534072875977,-18.747390747070312
33.33331298828125,-22.853879928588867
19.431617736816406,-7.39739990234375
0.0,0.0
0.0,0.0
19.069005966186523,-2.8746774196624756
2.0,0.0
-9.598774909973145,4.015938758850098
-21.339080810546875,-0.09430719166994095
33.33331298828125,-22.835660934448242
21.660655975341797,-4.565644264221191
0.0,0.0
0.0,0.0
25.962085723876953,0.0
5.476200103759766,0.0
0.0,0.0
0.0,0.0
33.3076286315918,-14.429339408874512
16.822040557861328,-3.5673091411590576
0.0,0.0
0.0,0.0
22.584150314331055,-2.809309959411621
2.0,0.0
0.0,0.0
0.0,0.0
33.33331298828125,-26.056209564208984
70.49279022216797,-6.565239429473877
0.0,0.0
0.0,0.0
32.63578414916992,-2.681500196456909
10.738643646240234,-5.907238006591797
-2.096879005432129,84.26005554199219
-21.98031234741211,-21.98598289489746
33.33331298828125,-26.220916748046875
16.822040557861328,-3.168665647506714
-2.7257025241851807,28.120695114135742
-5.863382339477539,128.7176971435547
10.47501277923584,-3.0
5.476200103759766,0.0
-2.372312545776367,76.42787170410156
-21.73827362060547,72.05221557617188
33.33331298828125,-26.278722763061523
21.233320236206055,-6.035910129547119
-5.669825553894043,38.14824676513672
-15.704185485839844,74.26060485839844
31.98348045349121,-5.268710136413574
16.28795623779297,-3.8643147945404053
0.0,0.0
0.0,0.0
28.278501510620117,-7.542446136474609
5.476200103759766,0.0
0.0,0.0
0.0,0.0
14.40435791015625,-2.8559563159942627
2.0,0.0
0.0,0.0
0.0,0.0
33.33331298828125,-24.706342697143555
20.637523651123047,-10.531793594360352
0.0,0.0
0.0,0.0
32.937217712402344,-12.736248016357422
14.347362518310547,-4.735786437988281
0.0,0.0
0.0,0.0
0.0,0.0
0.0,0.0
0.0,0.0
0.0,0.0
0.0,0.0
0.0,0.0
0.0,0.0
0.0,0.0
0.0,0.0
0.0,0.0
0.0,0.0
0.0,0.0
0.0,0.0
0.0,0.0
0.0,0.0
0.0,0.0
0.0,0.0
0.0,0.0
0.0,0.0
0.0,0.0
0.0,0.0
0.0,0.0
0.0,0.0
0.0,0.0
0.0,0.0
0.0,0.0
0.0,0.0
0.0,0.0
0.0,0.0
0.0,0.0
0.0,0.0
0.0,0.0
0.0,0.0
0.0,0.0
0.0,0.0
0.0,0.0
0.0,0.0
0.0,0.0
0.0,0.0
0.0,0.0
0.0,0.0
0.0,0.0
0.0,0.0
0.0,0.0
0.0,0.0
0.0,0.0
0.0,0.0
0.0,0.0
0.0,0.0
0.0,0.0
0.0,0.0
0.0,0.0
0.0,0.0
0.0,0.0
0.0,0.0
0.0,0.0
0.0,0.0
0.0,0.0
0.0,0.0
0.0,0.0
0.0,0.0
0.0,0.0
0.0,0.0
0.0,0.0
-8.95630931854248,11.111071586608887
0.0,0.0
0.0,0.0
0.0,0.0
0.0,0.0
0.0,0.0
33.33331298828125,19.958133697509766
0.0,0.0
33.33331298828125,17.29203987121582
0.0,0.0
0.0,0.0
0.0,0.0
6.065120697021484,32.1049690246582
0.0,0.0
0.0,0.0
0.0,0.0
-10.16712474822998,-1.6717019081115723
0.0,0.0
0.0,0.0
0.0,0.0
0.0,0.0
0.0,0.0
29.86698341369629,-3.0
0.0,0.0
33.33331298828125,-17.075281143188477
0.0,0.0
0.0,0.0
0.0,0.0
33.33331298828125,7.484529972076416
0.0,0.0
0.0,0.0
0.0,0.0
-8.612056732177734,11.08919906616211
0.0,0.0
0.0,0.0
0.0,0.0
0.0,0.0
0.0,0.0
33.33331298828125,16.626787185668945
0.0,0.0
33.33331298828125,6.124255657196045
0.0,0.0
0.0,0.0
0.0,0.0
0.0,21.52104377746582
0.0,0.0
0.0,0.0
0.0,0.0
-8.930923461914062,10.782153129577637
0.0,0.0
0.0,0.0
0.0,0.0
0.0,0.0
0.0,0.0
16.10796546936035,-5.6427001953125
0.0,0.0
33.33331298828125,-17.418787002563477
0.0,0.0
0.0,0.0
0.0,0.0
33.33331298828125,-3.793576955795288
0.0,0.0
0.0,0.0
0.0,0.0
0.0,0.0
0.0,0.0
0.0,0.0
0.0,0.0
0.0,0.0
0.0,0.0
0.0,0.0
0.0,0.0
0.0,0.0
0.0,0.0
0.0,0.0
0.0,0.0
0.0,0.0
0.0,0.0
0.0,0.0
0.0,0.0
9.484749794006348,71.37133026123047
-13.886417388916016,153.0782470703125
0.0,0.0
0.0,0.0
0.0,0.0
0.0,0.0
0.0,0.0
0.0,0.0
27.21651840209961,56.15779113769531
-17.09270668029785,22.222240447998047
0.0,0.0
0.0,0.0
0.0,0.0
0.0,0.0
0.0,0.0
0.0,0.0
0.0,0.0
0.0,0.0
0.0,0.0
0.0,0.0
0.0,0.0
0.0,0.0
0.0,0.0
0.0,0.0
0.0,0.0
0.0,0.0
0.0,0.0
0.0,0.0
0.0,0.0
0.0,0.0
0.0,0.0
0.0,0.0
152.85574340820312,81.61852264404297
-8.989544868469238,24.464466094970703
0.0,0.0
0.0,0.0
364.82427978515625,1145.697509765625
0.0,0.0
0.0,0.0
0.0,0.0
1.305032730102539,68.9979019165039
-1.5396449565887451,22.222482681274414
0.0,0.0
0.0,0.0
826.2076416015625,554.803955078125
0.0,0.0
0.0,0.0
0.0,0.0
0.0,0.0
0.0,0.0
0.0,0.0
0.0,0.0
0.0,0.0
0.0,0.0
0.0,0.0
0.0,0.0
0.0,0.0
0.0,0.0
0.0,0.0
0.0,0.0
0.0,0.0
0.0,0.0
0.0,0.0
0.0,0.0
0.0,0.0
0.0,0.0
0.0,0.0
0.0,0.0
0.0,0.0
0.0,0.0
0.0,0.0
0.0,0.0
0.0,0.0
0.0,0.0
0.0,0.0
0.0,0.0
0.0,0.0
0.0,0.0
0.0,0.0
0.0,0.0
0.0,0.0
0.0,0.0
0.0,0.0
0.0,0.0
0.0,0.0
0.0,0.0
0.0,0.0
0.0,0.0
0.0,0.0
0.0,0.0
0.0,0.0
0.0,0.0
0.0,0.0
0.0,0.0
0.0,0.0
0.0,0.0
0.0,0.0
0.0,0.0
0.0,0.0
0.0,0.0
0.0,0.0
0.0,0.0
0.0,0.0
0.0,0.0
0.0,0.0
0.0,0.0
0.0,0.0
0.0,0.0
0.0,0.0
0.0,0.0
0.0,0.0
0.0,0.0
0.0,0.0
0.0,0.0
0.0,0.0
0.0,0.0
0.0,0.0
0.0,0.0
0.0,0.0
0.0,0.0
0.0,0.0
0.0,0.0
0.0,0.0
0.0,0.0
0.0,0.0
0.0,0.0
0.0,0.0
0.0,0.0
-6.616362571716309,33.333396911621094
-17.062929153442383,58.48316955566406
0.0,0.0
0.0,0.0
0.0,0.0
0.0,0.0
0.0,0.0
0.0,0.0
-6.6666483879089355,33.33351516723633
-17.28798484802246,22.22223472595215
0.0,0.0
0.0,0.0
0.0,0.0
0.0,0.0
0.0,0.0
0.0,0.0
0.0,0.0
0.0,0.0
0.0,0.0
0.0,0.0
0.0,0.0
0.0,0.0
0.0,0.0
0.0,0.0
0.0,0.0
0.0,0.0
0.0,0.0
0.0,0.0
0.0,0.0
0.0,0.0
0.0,0.0
0.0,0.0
-6.627786159515381,33.333351135253906
-17.438940048217773,22.222211837768555
0.0,0.0
0.0,0.0
0.0,0.0
0.0,0.0
0.0,0.0
0.0,0.0
-6.581166744232178,34.29819869995117
-17.77760124206543,22.222211837768555
0.0,0.0
0.0,0.0
0.0,0.0
0.0,0.0
0.0,0.0
0.0,0.0
0.0,0.0
0.0,0.0
0.0,0.0
0.0,0.0
0.0,0.0
0.0,0.0
0.0,0.0
0.0,0.0
0.0,0.0
0.0,0.0
0.0,0.0
0.0,0.0
0.0,0.0
0.0,0.0
0.0,0.0
0.0,0.0
0.0,0.0
0.0,0.0
0.0,0.0
0.0,0.0
0.0,0.0
0.0,0.0
0.0,0.0
0.0,0.0
0.0,0.0
0.0,0.0
0.0,0.0
0.0,0.0
0.0,0.0
0.0,0.0
0.0,0.0
0.0,0.0
0.0,0.0
0.0,0.0
0.0,0.0
0.0,0.0
0.0,0.0
0.0,0.0
0.0,0.0
0.0,0.0
0.0,0.0
0.0,0.0
0.0,0.0
0.0,0.0
0.0,0.0
0.0,0.0
0.0,0.0
0.0,0.0
0.0,0.0
0.0,0.0
0.0,0.0
0.0,0.0
0.0,0.0
0.0,0.0
0.0,0.0
0.0,0.0
0.0,0.0
0.0,0.0
0.0,0.0
0.0,0.0
0.0,0.0
0.0,0.0
-6.639108180999756,33.33331298828125
-3.799999952316284,12.71267032623291
-5.983486652374268,33.33314514160156
-2.0,2.0
0.0,0.0
0.0,0.0
0.0,0.0
0.0,0.0
-6.671952247619629,33.33331298828125
-6.629714012145996,21.135517120361328
-3.8161282539367676,32.75569152832031
0.0,0.0
0.0,0.0
0.0,0.0
0.0,0.0
0.0,0.0
-6.636411190032959,33.33331298828125
-5.2678985595703125,13.568530082702637
-6.569616317749023,33.333370208740234
-14.716248512268066,22.187992095947266
0.0,0.0
0.0,0.0
0.0,0.0
0.0,0.0
-6.666095733642578,33.33331298828125
-7.955385684967041,21.028039932250977
-6.666436195373535,33.333370208740234
-13.453112602233887,22.222211837768555
0.0,0.0
0.0,0.0
0.0,0.0
0.0,0.0
-5.181115627288818,33.33336639404297
-5.33216667175293,14.347362518310547
-5.8688249588012695,33.333160400390625
-2.0,2.0
-3.1187169551849365,21.52104377746582
0.0,0.0
0.0,0.0
0.0,0.0
-6.661110877990723,33.33331298828125
-5.27652645111084,16.822040557861328
-4.383774757385254,31.703271865844727
0.0,0.0
-2.510974645614624,25.233060836791992
0.0,0.0
0.0,0.0
0.0,0.0
-4.96318244934082,37.0848274230957
-6.823237895965576,15.056099891662598
-5.993304252624512,33.333370208740234
-14.374898910522461,22.217195510864258
-2.6008570194244385,21.52104377746582
0.0,0.0
-2.776404857635498,229.89804077148438
0.0,0.0
-6.670985698699951,33.33331298828125
-3.6728732585906982,18.85233497619629
-5.599361896514893,33.67414474487305
-12.914341926574707,22.221210479736328
-0.5519202947616577,110.26426696777344
0.0,0.0
52.273494720458984,119.9639663696289
0.0,0.0
0.0,0.0
0.0,0.0
0.0,0.0
0.0,0.0
0.0,0.0
0.0,0.0
0.0,0.0
0.0,0.0
0.0,0.0
0.0,0.0
0.0,0.0
0.0,0.0
0.0,0.0
0.0,0.0
0.0,0.0
0.0,0.0
0.0,0.0
0.0,0.0
0.0,0.0
0.0,0.0
0.0,0.0
0.0,0.0
0.0,0.0
0.0,0.0
0.0,0.0
0.0,0.0
0.0,0.0
0.0,0.0
0.0,0.0
0.0,0.0
0.0,0.0
0.0,0.0
0.0,0.0
0.0,0.0
0.0,0.0
0.0,0.0
0.0,0.0
0.0,0.0
0.0,0.0
0.0,0.0
0.0,0.0
0.0,0.0
0.0,0.0
0.0,0.0
0.0,0.0
0.0,0.0
0.0,0.0
0.0,0.0
0.0,0.0
0.0,0.0
0.0,0.0
0.0,0.0
0.0,0.0
0.0,0.0
0.0,0.0
0.0,0.0
0.0,0.0
0.0,0.0
0.0,0.0
0.0,0.0
0.0,0.0
0.0,0.0
0.0,0.0
0.0,0.0
0.0,0.0
0.0,0.0
0.0,17.658248901367188
0.0,0.0
0.0,0.0
0.0,0.0
0.0,0.0
0.0,0.0
-5.706624507904053,33.33089828491211
0.0,0.0
-0.8559564352035522,19.069005966186523
0.0,0.0
0.0,0.0
0.0,0.0
0.0,0.0
0.0,0.0
0.0,0.0
0.0,0.0
-6.666803359985352,33.33214569091797
0.0,0.0
0.0,0.0
0.0,0.0
0.0,0.0
0.0,0.0
-5.736640930175781,33.185699462890625
0.0,0.0
-6.666677474975586,33.33324432373047
0.0,0.0
0.0,0.0
0.0,0.0
0.0,0.0
0.0,0.0
0.0,0.0
0.0,0.0
0.0,0.0
0.0,0.0
0.0,0.0
0.0,0.0
0.0,0.0
0.0,0.0
-1.0,0.0
0.0,0.0
-1.0,0.0
0.0,0.0
0.0,0.0
0.0,0.0
0.0,0.0
0.0,0.0
0.0,0.0
0.0,0.0
-1.6741584539413452,23.551576614379883
0.0,0.0
0.0,0.0
0.0,0.0
0.0,0.0
0.0,0.0
0.0,0.0
0.0,0.0
-5.421314239501953,33.33323669433594
0.0,0.0
0.0,0.0
0.0,0.0
0.0,0.0
0.0,0.0
0.0,0.0
0.0,0.0
0.0,0.0
0.0,0.0
0.0,0.0
0.0,0.0
0.0,0.0
0.0,0.0
0.0,0.0
0.0,0.0
0.0,0.0
0.0,0.0
0.0,0.0
0.0,0.0
0.0,0.0
0.0,0.0
0.0,0.0
0.0,0.0
0.0,0.0
0.0,0.0
0.0,0.0
0.0,0.0
0.0,0.0
0.0,0.0
0.0,0.0
0.0,0.0
0.0,0.0
0.0,0.0
0.0,0.0
0.0,0.0
0.0,0.0
0.0,0.0
0.0,0.0
0.0,0.0
0.0,0.0
0.0,0.0
0.0,0.0
0.0,0.0
0.0,0.0
0.0,0.0
0.0,0.0
0.0,0.0
0.0,0.0
0.0,0.0
0.0,0.0
0.0,0.0
0.0,0.0
0.0,0.0
0.0,0.0
0.0,0.0
0.0,0.0
0.0,0.0
0.0,0.0
0.0,0.0
0.0,0.0
0.0,0.0
0.0,0.0
0.0,0.0
0.0,0.0
0.0,0.0
0.0,0.0
0.0,0.0
0.0,0.0
0.0,0.0
