-12.462918281555176,8.559469223022461
0.0,0.0
0.0,0.0
0.0,0.0
0.0,0.0
0.0,0.0
0.0,0.0
0.0,0.0
0.0,0.0
0.0,0.0
0.0,0.0
0.0,0.0
0.0,0.0
0.0,0.0
0.0,0.0
0.0,0.0
0.0,0.0
0.0,0.0
-2.8926796913146973,15.817423820495605
-19.997419357299805,0.0
0.0,0.0
0.0,0.0
0.0,0.0
0.0,0.0
0.0,0.0
0.0,0.0
-5.832095623016357,15.31157112121582
-19.443740844726562,0.0
0.0,0.0
0.0,0.0
0.0,0.0
0.0,0.0
0.0,0.0
0.0,0.0
0.0,0.0
0.0,0.0
0.0,0.0
0.0,0.0
0.0,0.0
0.0,0.0
0.0,0.0
0.0,0.0
0.0,0.0
0.0,0.0
0.0,0.0
0.0,0.0
0.0,0.0
0.0,0.0
0.0,0.0
0.0,0.0
-8.890547752380371,11.099268913269043
-5.420000076293945,0.0
0.0,0.0
0.0,0.0
-8.888842582702637,11.111105918884277
0.0,0.0
0.0,0.0
0.0,0.0
-8.89742374420166,11.109466552734375
0.0,0.0
0.0,0.0
0.0,0.0
-8.659663200378418,10.897500991821289
0.0,0.0
0.0,0.0
0.0,0.0
0.0,0.0
0.0,0.0
0.0,0.0
0.0,0.0
0.0,0.0
0.0,0.0
0.0,0.0
0.0,0.0
0.0,0.0
0.0,0.0
0.0,0.0
0.0,0.0
0.0,0.0
0.0,0.0
0.0,0.0
0.0,0.0
-8.890254974365234,11.111105918884277
-19.00480079650879,-0.03154636546969414
0.0,0.0
0.0,0.0
-8.247457504272461,11.11091423034668
-5.420000076293945,0.0
0.0,0.0
0.0,0.0
-8.910127639770508,11.065556526184082
-15.64889144897461,6.403763771057129
0.0,0.0
0.0,0.0
-8.66175365447998,9.623224258422852
-14.315922737121582,94.16584777832031
0.0,0.0
0.0,0.0
0.0,0.0
0.0,0.0
0.0,0.0
0.0,0.0
0.0,0.0
0.0,0.0
0.0,0.0
0.0,0.0
0.0,0.0
0.0,0.0
0.0,0.0
0.0,0.0
0.0,0.0
0.0,0.0
0.0,0.0
0.0,0.0
-8.702417373657227,11.110451698303223
-10.434062004089355,0.0
0.0,0.0
0.0,0.0
-3.359628915786743,5.802182197570801
-9.371179580688477,0.0
0.0,0.0
0.0,0.0
-8.891342163085938,11.111105918884277
-13.9208345413208,201.7892608642578
0.0,0.0
0.0,0.0
-8.853877067565918,9.739607810974121
-15.726914405822754,-0.0046285162679851055
0.0,0.0
0.0,0.0
0.0,0.0
0.0,0.0
0.0,0.0
0.0,0.0
0.0,0.0
0.0,0.0
0.0,0.0
0.0,0.0
0.0,0.0
0.0,0.0
0.0,0.0
0.0,0.0
0.0,0.0
0.0,0.0
0.0,0.0
0.0,0.0
-6.67832612991333,13.843428611755371
-18.923662185668945,10.883172988891602
0.0,0.0
0.0,0.0
0.0,0.0
0.0,0.0
0.0,0.0
0.0,0.0
-6.830552101135254,14.428338050842285
-17.42599868774414,4.320742721941606e-11
0.0,0.0
0.0,0.0
-4.852662086486816,11.01161003112793
-2.0,0.0
0.0,0.0
0.0,0.0
0.0,0.0
0.0,0.0
0.0,0.0
0.0,0.0
0.0,0.0
0.0,0.0
0.0,0.0
0.0,0.0
0.0,0.0
0.0,0.0
0.0,0.0
0.0,0.0
0.0,0.0
0.0,0.0
0.0,0.0
0.0,0.0
0.0,0.0
0.0,0.0
0.0,0.0
0.0,0.0
0.0,0.0
0.0,0.0
0.0,0.0
0.0,0.0
0.0,0.0
0.0,0.0
0.0,0.0
0.0,0.0
0.0,0.0
0.0,0.0
0.0,0.0
0.0,0.0
0.0,0.0
0.0,0.0
0.0,0.0
0.0,0.0
0.0,0.0
0.0,0.0
0.0,0.0
0.0,0.0
0.0,0.0
0.0,0.0
0.0,0.0
0.0,0.0
0.0,0.0
0.0,0.0
0.0,0.0
0.0,0.0
-8.912102699279785,10.87841796875
-18.303972244262695,0.5530533790588379
0.0,0.0
0.0,0.0
0.0,0.0
0.0,0.0
0.0,0.0
0.0,0.0
-8.935375213623047,10.645984649658203
-13.002779960632324,76.74822998046875
0.0,0.0
0.0,0.0
-9.31190299987793,10.755594253540039
-3.799999952316284,502.7699279785156
0.0,0.0
0.0,0.0
0.0,0.0
0.0,0.0
0.0,0.0
0.0,0.0
0.0,0.0
0.0,0.0
0.0,0.0
0.0,0.0
0.0,0.0
0.0,0.0
0.0,0.0
0.0,0.0
0.0,0.0
0.0,0.0
0.0,0.0
0.0,0.0
-8.890316009521484,11.111099243164062
-2.4285008907318115,137.14991760253906
0.0,0.0
0.0,0.0
0.0,0.0
0.0,0.0
0.0,0.0
0.0,0.0
-8.929458618164062,10.874027252197266
-0.9956020712852478,129.3930206298828
0.0,0.0
0.0,0.0
-9.054094314575195,6.341712474822998
-2.0,200.0
0.0,0.0
0.0,0.0
0.0,0.0
0.0,0.0
0.0,0.0
0.0,0.0
0.0,0.0
0.0,0.0
0.0,0.0
0.0,0.0
0.0,0.0
0.0,0.0
0.0,0.0
0.0,0.0
0.0,0.0
0.0,0.0
0.0,0.0
0.0,0.0
0.0,0.0
0.0,0.0
0.0,0.0
0.0,0.0
0.0,0.0
0.0,0.0
0.0,0.0
0.0,0.0
0.0,0.0
0.0,0.0
0.0,0.0
0.0,0.0
0.0,0.0
0.0,0.0
0.0,0.0
0.0,0.0
0.0,0.0
0.0,0.0
0.0,0.0
0.0,0.0
0.0,0.0
0.0,0.0
0.0,0.0
0.0,0.0
0.0,0.0
0.0,0.0
0.0,0.0
0.0,0.0
0.0,0.0
0.0,0.0
0.0,0.0
0.0,0.0
0.0,0.0
0.0,0.0
0.0,0.0
0.0,0.0
0.0,0.0
0.0,0.0
0.0,0.0
0.0,0.0
0.0,0.0
0.0,0.0
0.0,0.0
0.0,0.0
0.0,0.0
0.0,0.0
-9.610401153564453,4.08850622177124
-18.934534072875977,-18.747390747070312
33.33331298828125,-17.37640380859375
18.85233497619629,-7.39739990234375
0.0,0.0
0.0,0.0
17.658248901367188,-2.8746774196624756
2.0,0.0
-9.60339641571045,3.986269235610962
-21.638397216796875,-3.0112287998199463
33.33331298828125,-14.544477462768555
21.660655975341797,-4.565644264221191
0.0,0.0
0.0,0.0
24.431934356689453,0.0
5.476200103759766,0.0
0.0,0.0
0.0,0.0
33.28807067871094,-14.429339408874512
16.28795623779297,-3.5673091411590576
0.0,0.0
0.0,0.0
21.52104377746582,-2.809309959411621
2.0,0.0
0.0,0.0
0.0,0.0
33.33331298828125,-25.090967178344727
75.26679992675781,-6.565239429473877
0.0,0.0
0.0,0.0
32.316123962402344,-2.681500196456909
10.738643646240234,-5.907238006591797
-2.433149576187134,75.00198364257812
-21.601009368896484,-21.555749893188477
33.33331298828125,-20.828371047973633
16.28795623779297,-3.168665647506714
-2.7257025241851807,108.30860900878906
-5.863382339477539,128.7176971435547
8.214300155639648,-3.0
5.476200103759766,0.0
-2.428769588470459,75.91387176513672
-20.88411521911621,-20.818830490112305
33.33331298828125,-22.61509132385254
20.90993309020996,-6.035910129547119
-5.669825553894043,75.07413482666016
-15.704185485839844,74.26060485839844
31.849977493286133,-2.8746774196624756
15.701050758361816,-3.8643147945404053
0.0,0.0
0.0,0.0
28.278501510620117,-7.542446136474609
5.476200103759766,0.0
0.0,0.0
0.0,0.0
14.40435791015625,0.0
2.0,0.0
0.0,0.0
0.0,0.0
33.33331298828125,-24.706342697143555
20.308565139770508,-10.531793594360352
0.0,0.0
0.0,0.0
32.85498809814453,-12.736248016357422
13.568530082702637,-4.735786437988281
0.0,0.0
0.0,0.0
0.0,0.0
0.0,0.0
0.0,0.0
0.0,0.0
0.0,0.0
0.0,0.0
0.0,0.0
0.0,0.0
0.0,0.0
0.0,0.0
0.0,0.0
0.0,0.0
0.0,0.0
0.0,0.0
0.0,0.0
0.0,0.0
0.0,0.0
0.0,0.0
0.0,0.0
0.0,0.0
0.0,0.0
0.0,0.0
0.0,0.0
0.0,0.0
0.0,0.0
0.0,0.0
0.0,0.0
0.0,0.0
0.0,0.0
0.0,0.0
0.0,0.0
0.0,0.0
0.0,0.0
0.0,0.0
0.0,0.0
0.0,0.0
0.0,0.0
0.0,0.0
0.0,0.0
0.0,0.0
0.0,0.0
0.0,0.0
0.0,0.0
0.0,0.0
0.0,0.0
0.0,0.0
0.0,0.0
0.0,0.0
0.0,0.0
0.0,0.0
0.0,0.0
0.0,0.0
0.0,0.0
0.0,0.0
0.0,0.0
0.0,0.0
0.0,0.0
0.0,0.0
0.0,0.0
0.0,0.0
0.0,0.0
0.0,0.0
0.0,0.0
0.0,0.0
-9.003010749816895,11.108357429504395
0.0,0.0
0.0,0.0
0.0,0.0
0.0,0.0
0.0,0.0
33.33331298828125,17.06075096130371
0.0,0.0
33.33331298828125,21.247594833374023
0.0,0.0
0.0,0.0
0.0,0.0
6.065120697021484,31.849977493286133
0.0,0.0
0.0,0.0
0.0,0.0
-10.16712474822998,-1.6717019081115723
0.0,0.0
0.0,0.0
0.0,0.0
0.0,0.0
0.0,0.0
29.524158477783203,-3.0
0.0,0.0
33.33331298828125,-17.84557342529297
0.0,0.0
0.0,0.0
0.0,0.0
33.33331298828125,8.009750366210938
0.0,0.0
0.0,0.0
0.0,0.0
-8.381507873535156,9.433219909667969
0.0,0.0
0.0,0.0
0.0,0.0
0.0,0.0
0.0,0.0
33.33331298828125,20.902976989746094
0.0,0.0
33.33331298828125,17.76800537109375
0.0,0.0
0.0,0.0
0.0,0.0
0.0,19.069005966186523
0.0,0.0
0.0,0.0
0.0,0.0
-8.946547508239746,11.111088752746582
0.0,0.0
0.0,0.0
0.0,0.0
0.0,0.0
0.0,0.0
16.10796546936035,-5.6427001953125
0.0,0.0
33.33331298828125,-12.989991188049316
0.0,0.0
0.0,0.0
0.0,0.0
33.33331298828125,-3.793576955795288
0.0,0.0
0.0,0.0
0.0,0.0
0.0,0.0
0.0,0.0
0.0,0.0
0.0,0.0
0.0,0.0
0.0,0.0
0.0,0.0
0.0,0.0
0.0,0.0
0.0,0.0
0.0,0.0
0.0,0.0
0.0,0.0
0.0,0.0
0.0,0.0
0.0,0.0
-3.1105189323425293,70.25061798095703
-12.852683067321777,107.23431396484375
0.0,0.0
0.0,0.0
0.0,0.0
0.0,0.0
0.0,0.0
0.0,0.0
17.340513229370117,55.879852294921875
-15.817344665527344,22.50215721130371
0.0,0.0
0.0,0.0
0.0,0.0
0.0,0.0
0.0,0.0
0.0,0.0
0.0,0.0
0.0,0.0
0.0,0.0
0.0,0.0
0.0,0.0
0.0,0.0
0.0,0.0
0.0,0.0
0.0,0.0
0.0,0.0
0.0,0.0
0.0,0.0
0.0,0.0
0.0,0.0
0.0,0.0
0.0,0.0
-0.46981024742126465,82.65149688720703
19.443260192871094,22.65803337097168
0.0,0.0
0.0,0.0
364.82427978515625,880.078857421875
0.0,0.0
0.0,0.0
0.0,0.0
-1.9064605236053467,68.93460083007812
-13.67061996459961,24.609630584716797
0.0,0.0
0.0,0.0
909.0194091796875,554.803955078125
0.0,0.0
0.0,0.0
0.0,0.0
0.0,0.0
0.0,0.0
0.0,0.0
0.0,0.0
0.0,0.0
0.0,0.0
0.0,0.0
0.0,0.0
0.0,0.0
0.0,0.0
0.0,0.0
0.0,0.0
0.0,0.0
0.0,0.0
0.0,0.0
0.0,0.0
0.0,0.0
0.0,0.0
0.0,0.0
0.0,0.0
0.0,0.0
0.0,0.0
0.0,0.0
0.0,0.0
0.0,0.0
0.0,0.0
0.0,0.0
0.0,0.0
0.0,0.0
0.0,0.0
0.0,0.0
0.0,0.0
0.0,0.0
0.0,0.0
0.0,0.0
0.0,0.0
0.0,0.0
0.0,0.0
0.0,0.0
0.0,0.0
0.0,0.0
0.0,0.0
0.0,0.0
0.0,0.0
0.0,0.0
0.0,0.0
0.0,0.0
0.0,0.0
0.0,0.0
0.0,0.0
0.0,0.0
0.0,0.0
0.0,0.0
0.0,0.0
0.0,0.0
0.0,0.0
0.0,0.0
0.0,0.0
0.0,0.0
0.0,0.0
0.0,0.0
0.0,0.0
0.0,0.0
0.0,0.0
0.0,0.0
0.0,0.0
0.0,0.0
0.0,0.0
0.0,0.0
0.0,0.0
0.0,0.0
0.0,0.0
0.0,0.0
0.0,0.0
0.0,0.0
0.0,0.0
0.0,0.0
0.0,0.0
0.0,0.0
0.0,0.0
-6.612826824188232,33.333396911621094
-17.703147888183594,220.22222900390625
0.0,0.0
0.0,0.0
0.0,0.0
0.0,0.0
0.0,0.0
0.0,0.0
-6.6666483879089355,33.33351516723633
-16.513765335083008,22.245378494262695
0.0,0.0
0.0,0.0
0.0,0.0
0.0,0.0
0.0,0.0
0.0,0.0
0.0,0.0
0.0,0.0
0.0,0.0
0.0,0.0
0.0,0.0
0.0,0.0
0.0,0.0
0.0,0.0
0.0,0.0
0.0,0.0
0.0,0.0
0.0,0.0
0.0,0.0
0.0,0.0
0.0,0.0
0.0,0.0
-6.593508243560791,33.333351135253906
-17.359458923339844,22.222211837768555
0.0,0.0
0.0,0.0
0.0,0.0
0.0,0.0
0.0,0.0
0.0,0.0
-6.640450477600098,33.5439338684082
-17.77741050720215,22.222211837768555
0.0,0.0
0.0,0.0
0.0,0.0
0.0,0.0
0.0,0.0
0.0,0.0
0.0,0.0
0.0,0.0
0.0,0.0
0.0,0.0
0.0,0.0
0.0,0.0
0.0,0.0
0.0,0.0
0.0,0.0
0.0,0.0
0.0,0.0
0.0,0.0
0.0,0.0
0.0,0.0
0.0,0.0
0.0,0.0
0.0,0.0
0.0,0.0
0.0,0.0
0.0,0.0
0.0,0.0
0.0,0.0
0.0,0.0
0.0,0.0
0.0,0.0
0.0,0.0
0.0,0.0
0.0,0.0
0.0,0.0
0.0,0.0
0.0,0.0
0.0,0.0
0.0,0.0
0.0,0.0
0.0,0.0
0.0,0.0
0.0,0.0
0.0,0.0
0.0,0.0
0.0,0.0
0.0,0.0
0.0,0.0
0.0,0.0
0.0,0.0
0.0,0.0
0.0,0.0
0.0,0.0
0.0,0.0
0.0,0.0
0.0,0.0
0.0,0.0
0.0,0.0
0.0,0.0
0.0,0.0
0.0,0.0
0.0,0.0
0.0,0.0
0.0,0.0
0.0,0.0
0.0,0.0
0.0,0.0
0.0,0.0
-6.624662399291992,33.33331298828125
-3.799999952316284,11.772165298461914
-5.983486652374268,33.332889556884766
-2.0,0.0
0.0,0.0
0.0,0.0
0.0,0.0
0.0,0.0
-6.676610469818115,33.33331298828125
-6.629714012145996,20.48079490661621
-3.4916512966156006,32.49098205566406
0.0,0.0
0.0,0.0
0.0,0.0
0.0,0.0
0.0,0.0
-6.6251630783081055,33.33331298828125
-5.2678985595703125,12.71267032623291
-6.02040433883667,33.343475341796875
-14.37566089630127,22.17230796813965
0.0,0.0
0.0,0.0
0.0,0.0
0.0,0.0
-6.66579532623291,33.33331298828125
-7.955385684967041,20.308565139770508
-6.663501262664795,33.333370208740234
-13.453112602233887,22.22218894958496
0.0,0.0
0.0,0.0
0.0,0.0
0.0,0.0
-4.4026360511779785,33.35240936279297
-5.33216667175293,14.347362518310547
-5.8688249588012695,33.33308410644531
-2.0,2.0
-3.1187169551849365,17.658248901367188
0.0,0.0
0.0,0.0
0.0,0.0
-6.6590447425842285,33.33331298828125
-5.27652645111084,16.28795623779297
-4.383774757385254,31.170217514038086
0.0,0.0
-2.510974645614624,24.431934356689453
0.0,0.0
0.0,0.0
0.0,0.0
-6.661976337432861,33.33331298828125
-6.823237895965576,14.347362518310547
-2.6290557384490967,33.333370208740234
-14.374898910522461,22.21416473388672
-2.6008570194244385,17.658248901367188
0.0,0.0
-2.776404857635498,32.49098205566406
0.0,0.0
-6.6714653968811035,33.33331298828125
-3.6728732585906982,18.5190486907959
-6.448983192443848,33.33394241333008
-12.914341926574707,22.22088050842285
-0.5519202947616577,117.87281799316406
0.0,0.0
57.859840393066406,148.29348754882812
0.0,0.0
0.0,0.0
0.0,0.0
0.0,0.0
0.0,0.0
0.0,0.0
0.0,0.0
0.0,0.0
0.0,0.0
0.0,0.0
0.0,0.0
0.0,0.0
0.0,0.0
0.0,0.0
0.0,0.0
0.0,0.0
0.0,0.0
0.0,0.0
0.0,0.0
0.0,0.0
0.0,0.0
0.0,0.0
0.0,0.0
0.0,0.0
0.0,0.0
0.0,0.0
0.0,0.0
0.0,0.0
0.0,0.0
0.0,0.0
0.0,0.0
0.0,0.0
0.0,0.0
0.0,0.0
0.0,0.0
0.0,0.0
0.0,0.0
0.0,0.0
0.0,0.0
0.0,0.0
0.0,0.0
0.0,0.0
0.0,0.0
0.0,0.0
0.0,0.0
0.0,0.0
0.0,0.0
0.0,0.0
0.0,0.0
0.0,0.0
0.0,0.0
0.0,0.0
0.0,0.0
0.0,0.0
0.0,0.0
0.0,0.0
0.0,0.0
0.0,0.0
0.0,0.0
0.0,0.0
0.0,0.0
0.0,0.0
0.0,0.0
0.0,0.0
0.0,0.0
0.0,0.0
0.0,0.0
0.0,14.40435791015625
0.0,0.0
0.0,0.0
0.0,0.0
0.0,0.0
0.0,0.0
-5.349612712860107,33.32978439331055
0.0,0.0
-0.8559564352035522,19.069005966186523
0.0,0.0
0.0,0.0
0.0,0.0
0.0,0.0
0.0,0.0
0.0,0.0
0.0,0.0
-6.669496059417725,33.31843566894531
0.0,0.0
0.0,0.0
0.0,0.0
0.0,0.0
0.0,0.0
-5.63067626953125,32.95421600341797
0.0,0.0
-6.666677474975586,33.33324432373047
0.0,0.0
0.0,0.0
0.0,0.0
0.0,0.0
0.0,0.0
0.0,0.0
0.0,0.0
0.0,0.0
0.0,0.0
0.0,0.0
0.0,0.0
0.0,0.0
0.0,0.0
-1.0,0.0
0.0,0.0
-1.0,0.0
0.0,0.0
0.0,0.0
0.0,0.0
0.0,0.0
0.0,0.0
0.0,0.0
0.0,0.0
-1.6741584539413452,23.551576614379883
0.0,0.0
0.0,0.0
0.0,0.0
0.0,0.0
0.0,0.0
0.0,0.0
0.0,0.0
-5.421314239501953,33.33305740356445
0.0,0.0
0.0,0.0
0.0,0.0
0.0,0.0
0.0,0.0
0.0,0.0
0.0,0.0
0.0,0.0
0.0,0.0
0.0,0.0
0.0,0.0
0.0,0.0
0.0,0.0
0.0,0.0
0.0,0.0
0.0,0.0
0.0,0.0
0.0,0.0
0.0,0.0
0.0,0.0
0.0,0.0
0.0,0.0
0.0,0.0
0.0,0.0
0.0,0.0
0.0,0.0
0.0,0.0
0.0,0.0
0.0,0.0
0.0,0.0
0.0,0.0
0.0,0.0
0.0,0.0
0.0,0.0
0.0,0.0
0.0,0.0
0.0,0.0
0.0,0.0
0.0,0.0
0.0,0.0
0.0,0.0
0.0,0.0
0.0,0.0
0.0,0.0
0.0,0.0
0.0,0.0
0.0,0.0
0.0,0.0
0.0,0.0
0.0,0.0
0.0,0.0
0.0,0.0
0.0,0.0
0.0,0.0
0.0,0.0
0.0,0.0
0.0,0.0
0.0,0.0
0.0,0.0
0.0,0.0
0.0,0.0
0.0,0.0
0.0,0.0
0.0,0.0
0.0,0.0
0.0,0.0
0.0,0.0
0.0,0.0
0.0,0.0
