-10.090897560119629,20.347122192382812
0.0,0.0
0.0,0.0
0.0,0.0
0.0,0.0
0.0,0.0
0.0,0.0
0.0,0.0
0.0,0.0
0.0,0.0
0.0,0.0
0.0,0.0
0.0,0.0
0.0,0.0
0.0,0.0
0.0,0.0
0.0,0.0
0.0,0.0
-4.5220417976379395,22.553987503051758
-15.479438781738281,33.32904815673828
0.0,0.0
0.0,0.0
0.0,0.0
0.0,0.0
0.0,0.0
0.0,0.0
-7.725261688232422,22.58849334716797
-11.738750457763672,33.317291259765625
0.0,0.0
0.0,0.0
0.0,0.0
0.0,0.0
0.0,0.0
0.0,0.0
0.0,0.0
0.0,0.0
0.0,0.0
0.0,0.0
0.0,0.0
0.0,0.0
0.0,0.0
0.0,0.0
0.0,0.0
0.0,0.0
0.0,0.0
0.0,0.0
0.0,0.0
0.0,0.0
0.0,0.0
0.0,0.0
-7.779720783233643,22.20475959777832
-12.723520278930664,32.937217712402344
0.0,0.0
0.0,0.0
-7.775700092315674,22.173078536987305
0.0,0.0
0.0,0.0
0.0,0.0
-7.868886947631836,22.20857810974121
-7.589991569519043,28.278501510620117
0.0,0.0
0.0,0.0
-7.565596580505371,22.222124099731445
0.0,0.0
0.0,0.0
0.0,0.0
0.0,0.0
0.0,0.0
0.0,0.0
0.0,0.0
0.0,0.0
0.0,0.0
0.0,0.0
0.0,0.0
0.0,0.0
0.0,0.0
0.0,0.0
0.0,0.0
0.0,0.0
0.0,0.0
0.0,0.0
0.0,0.0
-7.772879123687744,22.22212791442871
-7.287083148956299,31.542057037353516
0.0,0.0
0.0,0.0
-7.448078155517578,19.22216796875
-2.0,5.730000019073486
0.0,0.0
0.0,0.0
-7.829336643218994,21.97539710998535
-5.725473880767822,110.05538940429688
0.0,0.0
0.0,0.0
-7.4737772941589355,22.14640998840332
13.916569709777832,476.3084716796875
0.0,0.0
0.0,0.0
0.0,0.0
0.0,0.0
0.0,0.0
0.0,0.0
0.0,0.0
0.0,0.0
0.0,0.0
0.0,0.0
0.0,0.0
0.0,0.0
0.0,0.0
0.0,0.0
0.0,0.0
0.0,0.0
0.0,0.0
0.0,0.0
-7.794751167297363,18.96832275390625
-13.693516731262207,33.32646942138672
0.0,0.0
0.0,0.0
-2.556314706802368,15.056099891662598
-11.762799263000488,32.898040771484375
0.0,0.0
0.0,0.0
-7.782559871673584,22.222209930419922
-6.153035640716553,60.06370162963867
0.0,0.0
0.0,0.0
-7.525492191314697,22.217302322387695
-2.1184263229370117,178.783203125
0.0,0.0
0.0,0.0
0.0,0.0
0.0,0.0
0.0,0.0
0.0,0.0
0.0,0.0
0.0,0.0
0.0,0.0
0.0,0.0
0.0,0.0
0.0,0.0
0.0,0.0
0.0,0.0
0.0,0.0
0.0,0.0
0.0,0.0
0.0,0.0
-7.563040733337402,22.33379554748535
-14.75102710723877,47.93503189086914
0.0,0.0
0.0,0.0
0.0,0.0
0.0,0.0
0.0,0.0
0.0,0.0
-6.915832996368408,22.50816535949707
-16.641559600830078,33.33331298828125
0.0,0.0
0.0,0.0
-5.402156829833984,22.04113006591797
0.0,0.0
0.0,0.0
0.0,0.0
0.0,0.0
0.0,0.0
0.0,0.0
0.0,0.0
0.0,0.0
0.0,0.0
0.0,0.0
0.0,0.0
0.0,0.0
0.0,0.0
0.0,0.0
0.0,0.0
0.0,0.0
0.0,0.0
0.0,0.0
0.0,0.0
-7.779117107391357,22.001510620117188
0.0,0.0
0.0,0.0
0.0,0.0
0.0,0.0
0.0,0.0
0.0,0.0
0.0,0.0
-7.782742500305176,22.20576286315918
-10.685235977172852,33.26732635498047
0.0,0.0
0.0,0.0
0.0,0.0
0.0,0.0
0.0,0.0
0.0,0.0
0.0,0.0
0.0,0.0
0.0,0.0
0.0,0.0
0.0,0.0
0.0,0.0
0.0,0.0
0.0,0.0
0.0,0.0
0.0,0.0
0.0,0.0
0.0,0.0
0.0,0.0
0.0,0.0
0.0,0.0
0.0,0.0
-7.808923244476318,21.910451889038086
-9.930116653442383,164.84844970703125
0.0,0.0
0.0,0.0
0.0,0.0
0.0,0.0
0.0,0.0
0.0,0.0
-7.8587775230407715,21.41231918334961
-4.147595405578613,313.8426818847656
0.0,0.0
0.0,0.0
-8.261841773986816,21.34868049621582
-4.9817705154418945,17.658248901367188
0.0,0.0
0.0,0.0
0.0,0.0
0.0,0.0
0.0,0.0
0.0,0.0
0.0,0.0
0.0,0.0
0.0,0.0
0.0,0.0
0.0,0.0
0.0,0.0
0.0,0.0
0.0,0.0
0.0,0.0
0.0,0.0
0.0,0.0
0.0,0.0
-7.786439418792725,22.22218132019043
0.0,0.0
0.0,0.0
0.0,0.0
0.0,0.0
0.0,0.0
0.0,0.0
0.0,0.0
-7.888477325439453,21.10540771484375
10.955618858337402,286.4157409667969
0.0,0.0
0.0,0.0
-8.029964447021484,21.067405700683594
0.0,0.0
0.0,0.0
0.0,0.0
0.0,0.0
0.0,0.0
0.0,0.0
0.0,0.0
0.0,0.0
0.0,0.0
0.0,0.0
0.0,0.0
0.0,0.0
0.0,0.0
0.0,0.0
0.0,0.0
0.0,0.0
0.0,0.0
0.0,0.0
0.0,0.0
0.0,0.0
0.0,0.0
0.0,0.0
0.0,0.0
0.0,0.0
0.0,0.0
0.0,0.0
0.0,0.0
0.0,0.0
0.0,0.0
0.0,0.0
0.0,0.0
0.0,0.0
0.0,0.0
0.0,0.0
0.0,0.0
0.0,0.0
0.0,0.0
0.0,0.0
0.0,0.0
0.0,0.0
0.0,0.0
0.0,0.0
0.0,0.0
0.0,0.0
0.0,0.0
0.0,0.0
0.0,0.0
0.0,0.0
0.0,0.0
0.0,0.0
0.0,0.0
0.0,0.0
0.0,0.0
0.0,0.0
0.0,0.0
0.0,0.0
0.0,0.0
0.0,0.0
0.0,0.0
0.0,0.0
0.0,0.0
0.0,0.0
0.0,0.0
0.0,0.0
0.0,0.0
-9.309928894042969,1.8511732816696167
0.0,0.0
11.111105918884277,-8.733360290527344
0.0,0.0
-1.0,1.0
0.0,0.0
5.369321823120117,-0.98089998960495
0.0,0.0
-9.217308044433594,1.4477444887161255
0.0,0.0
11.111105918884277,-6.588916301727295
0.0,0.0
0.0,0.0
0.0,0.0
5.369321823120117,-1.0809999704360962
0.0,0.0
0.0,0.0
0.0,0.0
10.154282569885254,-0.470143586397171
0.0,0.0
0.0,0.0
0.0,0.0
6.784265041351318,-0.8187723755836487
0.0,0.0
0.0,0.0
0.0,0.0
11.111105918884277,-7.654226779937744
0.0,0.0
0.0,0.0
0.0,0.0
10.059651374816895,-0.49568477272987366
342.8747863769531,7.928747653961182
-96.69104766845703,36.042808532714844
-114.41624450683594,70.77933502197266
-95.46858215332031,57.9725341796875
-45.60686111450195,61.56448745727539
-95.09005737304688,8.04565715789795
-96.46701049804688,-78.76457977294922
0.0,19.100000381469727
-11.0,45.951629638671875
-96.60894012451172,34.2064323425293
-115.49102783203125,-104.95697784423828
-91.83135986328125,92.92244720458984
-43.96177673339844,84.66149139404297
-92.54855346679688,71.15060424804688
-104.60187530517578,-104.4819107055664
-38.997215270996094,89.90907287597656
-11.0,-3.6116185188293457
0.0,0.0
0.0,0.0
-38.31058120727539,74.48656463623047
-20.245622634887695,46.528717041015625
0.0,0.0
0.0,0.0
-10.0,10.0
-20.790000915527344,30.11910057067871
0.0,0.0
0.0,0.0
-89.65568542480469,111.04792022705078
-55.76456832885742,77.57682037353516
0.0,0.0
0.0,0.0
-44.653602600097656,97.49275207519531
-11.0,38.408382415771484
0.0,0.0
0.0,0.0
0.0,0.0
0.0,0.0
0.0,0.0
0.0,0.0
0.0,0.0
0.0,0.0
0.0,0.0
0.0,0.0
0.0,0.0
0.0,0.0
0.0,0.0
0.0,0.0
0.0,0.0
0.0,0.0
0.0,0.0
0.0,0.0
0.0,0.0
0.0,0.0
0.0,0.0
0.0,0.0
0.0,0.0
0.0,0.0
0.0,0.0
0.0,0.0
0.0,0.0
0.0,0.0
0.0,0.0
0.0,0.0
0.0,0.0
0.0,0.0
0.0,0.0
0.0,0.0
0.0,0.0
0.0,0.0
0.0,0.0
0.0,0.0
0.0,0.0
0.0,0.0
0.0,0.0
0.0,0.0
0.0,0.0
0.0,0.0
0.0,0.0
0.0,0.0
0.0,0.0
0.0,0.0
0.0,0.0
0.0,0.0
0.0,0.0
0.0,0.0
0.0,0.0
0.0,0.0
0.0,0.0
0.0,0.0
0.0,0.0
0.0,0.0
0.0,0.0
0.0,0.0
0.0,0.0
0.0,0.0
0.0,0.0
0.0,0.0
0.0,0.0
0.0,0.0
-6.860645294189453,4.822939872741699
0.0,0.0
0.0,0.0
0.0,0.0
0.0,0.0
0.0,0.0
11.111105918884277,2.401149272918701
0.0,0.0
11.111105918884277,10.851469039916992
0.0,0.0
0.0,0.0
0.0,0.0
6.007761478424072,9.842642784118652
0.0,0.0
0.0,0.0
0.0,0.0
-10.206533432006836,-2.0654234886169434
0.0,0.0
0.0,0.0
0.0,0.0
0.0,0.0
0.0,0.0
3.491671085357666,-1.913340449333191
0.0,0.0
11.111105918884277,-5.695887565612793
0.0,0.0
0.0,0.0
0.0,0.0
11.111105918884277,5.7409162521362305
0.0,0.0
0.0,0.0
0.0,0.0
-5.876218318939209,4.946465015411377
0.0,0.0
0.0,0.0
0.0,0.0
0.0,0.0
0.0,0.0
11.111105918884277,1.7171294689178467
0.0,0.0
11.111105918884277,5.988296031951904
0.0,0.0
0.0,0.0
0.0,0.0
1.9349920749664307,3.499206781387329
0.0,0.0
0.0,0.0
0.0,0.0
-9.489012718200684,10.347359657287598
0.0,0.0
0.0,0.0
0.0,0.0
0.0,0.0
0.0,0.0
4.80145263671875,-0.04797615110874176
0.0,0.0
11.111105918884277,-6.71854829788208
0.0,0.0
0.0,0.0
0.0,0.0
11.111035346984863,1.1527124643325806
0.0,0.0
0.0,0.0
0.0,0.0
0.0,0.0
0.0,0.0
0.0,0.0
0.0,0.0
0.0,0.0
0.0,0.0
0.0,0.0
0.0,0.0
0.0,0.0
0.0,0.0
0.0,0.0
0.0,0.0
0.0,0.0
0.0,0.0
0.0,0.0
0.0,0.0
-2.4419546127319336,73.5411148071289
-12.241653442382812,66.66670227050781
0.0,0.0
0.0,0.0
0.0,0.0
0.0,0.0
0.0,0.0
0.0,0.0
35.04810333251953,57.043235778808594
-12.721024513244629,66.66670227050781
0.0,0.0
0.0,0.0
0.0,0.0
0.0,0.0
0.0,0.0
0.0,0.0
0.0,0.0
0.0,0.0
0.0,0.0
0.0,0.0
0.0,0.0
0.0,0.0
0.0,0.0
0.0,0.0
0.0,0.0
0.0,0.0
0.0,0.0
0.0,0.0
0.0,0.0
0.0,0.0
0.0,0.0
0.0,0.0
68.50304412841797,116.8223648071289
-7.007676124572754,367.9752502441406
0.0,0.0
0.0,0.0
800.4908447265625,778.9805297851562
0.0,0.0
0.0,0.0
0.0,0.0
25.763986587524414,119.14641571044922
-9.218252182006836,75.38610076904297
0.0,0.0
0.0,0.0
2094.19482421875,0.0
500.0,0.0
0.0,0.0
0.0,0.0
0.0,0.0
0.0,0.0
0.0,0.0
0.0,0.0
0.0,0.0
0.0,0.0
0.0,0.0
0.0,0.0
0.0,0.0
0.0,0.0
0.0,0.0
0.0,0.0
0.0,0.0
0.0,0.0
0.0,0.0
0.0,0.0
0.0,0.0
0.0,0.0
0.0,0.0
0.0,0.0
0.0,0.0
0.0,0.0
0.0,0.0
0.0,0.0
0.0,0.0
0.0,0.0
0.0,0.0
0.0,0.0
0.0,0.0
0.0,0.0
0.0,0.0
0.0,0.0
0.0,0.0
0.0,0.0
0.0,0.0
0.0,0.0
0.0,0.0
0.0,0.0
0.0,0.0
0.0,0.0
0.0,0.0
0.0,0.0
0.0,0.0
0.0,0.0
0.0,0.0
0.0,0.0
0.0,0.0
0.0,0.0
0.0,0.0
0.0,0.0
0.0,0.0
0.0,0.0
0.0,0.0
0.0,0.0
0.0,0.0
0.0,0.0
0.0,0.0
0.0,0.0
0.0,0.0
0.0,0.0
0.0,0.0
0.0,0.0
0.0,0.0
0.0,0.0
0.0,0.0
0.0,0.0
0.0,0.0
0.0,0.0
0.0,0.0
0.0,0.0
0.0,0.0
0.0,0.0
0.0,0.0
0.0,0.0
0.0,0.0
0.0,0.0
0.0,0.0
0.0,0.0
0.0,0.0
0.0,0.0
-4.44444465637207,55.55553436279297
-13.221787452697754,66.6666259765625
0.0,0.0
0.0,0.0
0.0,0.0
0.0,0.0
0.0,0.0
0.0,0.0
-4.44444465637207,55.55553436279297
5.567336559295654,173.75677490234375
0.0,0.0
0.0,0.0
0.0,0.0
0.0,0.0
0.0,0.0
0.0,0.0
0.0,0.0
0.0,0.0
0.0,0.0
0.0,0.0
0.0,0.0
0.0,0.0
0.0,0.0
0.0,0.0
0.0,0.0
0.0,0.0
0.0,0.0
0.0,0.0
0.0,0.0
0.0,0.0
0.0,0.0
0.0,0.0
-4.356727123260498,55.555580139160156
-13.196492195129395,66.6666259765625
0.0,0.0
0.0,0.0
0.0,0.0
0.0,0.0
0.0,0.0
0.0,0.0
-4.407345294952393,55.926448822021484
-13.333099365234375,66.6666259765625
0.0,0.0
0.0,0.0
0.0,0.0
0.0,0.0
0.0,0.0
0.0,0.0
0.0,0.0
0.0,0.0
0.0,0.0
0.0,0.0
0.0,0.0
0.0,0.0
0.0,0.0
0.0,0.0
0.0,0.0
0.0,0.0
0.0,0.0
0.0,0.0
0.0,0.0
0.0,0.0
0.0,0.0
0.0,0.0
0.0,0.0
0.0,0.0
0.0,0.0
0.0,0.0
0.0,0.0
0.0,0.0
0.0,0.0
0.0,0.0
0.0,0.0
0.0,0.0
0.0,0.0
0.0,0.0
0.0,0.0
0.0,0.0
0.0,0.0
0.0,0.0
0.0,0.0
0.0,0.0
0.0,0.0
0.0,0.0
0.0,0.0
0.0,0.0
0.0,0.0
0.0,0.0
0.0,0.0
0.0,0.0
0.0,0.0
0.0,0.0
0.0,0.0
0.0,0.0
0.0,0.0
0.0,0.0
0.0,0.0
0.0,0.0
0.0,0.0
0.0,0.0
0.0,0.0
0.0,0.0
0.0,0.0
0.0,0.0
0.0,0.0
0.0,0.0
0.0,0.0
0.0,0.0
0.0,0.0
0.0,0.0
-5.328757286071777,10.829561233520508
0.0,0.0
9.955660820007324,-0.9282631874084473
0.0,0.0
0.0,0.0
0.0,0.0
0.0,0.0
0.0,0.0
-1.8015861511230469,10.738507270812988
0.0,0.0
4.80145263671875,-0.9900000095367432
0.0,0.0
0.0,0.0
0.0,0.0
0.0,0.0
0.0,0.0
-5.769877910614014,10.642253875732422
0.0,0.0
11.111105918884277,-8.885285377502441
0.0,0.0
0.0,0.0
0.0,0.0
0.0,0.0
0.0,0.0
-3.861436367034912,10.738507270812988
0.0,0.0
11.111105918884277,-8.878823280334473
0.0,0.0
0.0,0.0
0.0,0.0
0.0,0.0
0.0,0.0
-89.01840209960938,110.60569763183594
-43.91212844848633,78.9104995727539
-88.78874206542969,111.09248352050781
-20.44048309326172,52.815982818603516
-10.0,63.5633544921875
0.0,0.0
0.0,0.0
0.0,0.0
-88.86603546142578,111.1110610961914
-48.2958984375,111.69712829589844
-79.77670288085938,111.11058807373047
0.0,0.0
-26.421573638916016,81.43978118896484
0.0,0.0
0.0,0.0
0.0,0.0
-88.98773956298828,110.50077819824219
-36.394371032714844,82.80855560302734
-88.95174407958984,111.11092376708984
-90.82158660888672,122.22209930419922
-9.899999618530273,341.81927490234375
0.0,0.0
22.038211822509766,935.613525390625
0.0,0.0
-88.952880859375,111.11101531982422
-35.92757034301758,115.00464630126953
-88.8303451538086,111.1112060546875
-92.49675750732422,52.96651077270508
-29.859050750732422,387.2155456542969
0.0,0.0
-18.48105239868164,1257.4915771484375
0.0,0.0
0.0,0.0
0.0,0.0
0.0,0.0
0.0,0.0
0.0,0.0
0.0,0.0
0.0,0.0
0.0,0.0
0.0,0.0
0.0,0.0
0.0,0.0
0.0,0.0
0.0,0.0
0.0,0.0
0.0,0.0
0.0,0.0
0.0,0.0
0.0,0.0
0.0,0.0
0.0,0.0
0.0,0.0
0.0,0.0
0.0,0.0
0.0,0.0
0.0,0.0
0.0,0.0
0.0,0.0
0.0,0.0
0.0,0.0
0.0,0.0
0.0,0.0
0.0,0.0
0.0,0.0
0.0,0.0
0.0,0.0
0.0,0.0
0.0,0.0
0.0,0.0
0.0,0.0
0.0,0.0
0.0,0.0
0.0,0.0
0.0,0.0
0.0,0.0
0.0,0.0
0.0,0.0
0.0,0.0
0.0,0.0
0.0,0.0
0.0,0.0
0.0,0.0
0.0,0.0
0.0,0.0
0.0,0.0
0.0,0.0
0.0,0.0
0.0,0.0
0.0,0.0
0.0,0.0
0.0,0.0
0.0,0.0
0.0,0.0
0.0,0.0
0.0,0.0
0.0,0.0
0.0,0.0
-1.0,1.909999966621399
0.0,0.0
0.0,0.0
0.0,0.0
0.0,0.0
0.0,0.0
10.95166301727295,-3.228159189224243
0.0,0.0
6.356335163116455,-1.88100004196167
0.0,0.0
0.0,0.0
0.0,0.0
0.0,0.0
0.0,0.0
0.0,0.0
0.0,0.0
-8.888885498046875,11.111105918884277
0.0,0.0
0.0,0.0
0.0,0.0
0.0,0.0
0.0,0.0
10.966012954711914,-5.180391788482666
0.0,0.0
11.111105918884277,-8.888885498046875
0.0,0.0
0.0,0.0
0.0,0.0
0.0,0.0
0.0,0.0
0.0,0.0
0.0,0.0
0.0,1.0
0.0,0.0
0.0,0.0
0.0,0.0
0.0,0.0
0.0,0.0
8.411020278930664,-2.5354597568511963
0.0,0.0
1.0,0.0
0.0,0.0
0.0,0.0
0.0,0.0
0.0,0.0
0.0,0.0
0.0,0.0
0.0,0.0
-7.318758010864258,11.110730171203613
0.0,0.0
0.0,0.0
0.0,0.0
0.0,0.0
0.0,0.0
8.875165939331055,-2.526944875717163
0.0,0.0
11.111105918884277,-8.888885498046875
0.0,0.0
0.0,0.0
0.0,0.0
0.0,0.0
0.0,0.0
0.0,0.0
0.0,0.0
0.0,0.0
0.0,0.0
0.0,0.0
0.0,0.0
0.0,0.0
0.0,0.0
0.0,0.0
0.0,0.0
0.0,0.0
0.0,0.0
0.0,0.0
0.0,0.0
0.0,0.0
0.0,0.0
0.0,0.0
0.0,0.0
0.0,0.0
0.0,0.0
0.0,0.0
0.0,0.0
0.0,0.0
0.0,0.0
0.0,0.0
0.0,0.0
0.0,0.0
0.0,0.0
0.0,0.0
0.0,0.0
0.0,0.0
0.0,0.0
0.0,0.0
0.0,0.0
0.0,0.0
0.0,0.0
0.0,0.0
0.0,0.0
0.0,0.0
0.0,0.0
0.0,0.0
0.0,0.0
0.0,0.0
0.0,0.0
0.0,0.0
0.0,0.0
0.0,0.0
0.0,0.0
0.0,0.0
0.0,0.0
0.0,0.0
0.0,0.0
0.0,0.0
0.0,0.0
0.0,0.0
0.0,0.0
0.0,0.0
0.0,0.0
0.0,0.0
0.0,0.0
0.0,0.0
0.0,0.0
0.0,0.0
0.0,0.0
