-10.036270141601562,20.41615104675293
0.0,0.0
0.0,0.0
0.0,0.0
0.0,0.0
0.0,0.0
0.0,0.0
0.0,0.0
0.0,0.0
0.0,0.0
0.0,0.0
0.0,0.0
0.0,0.0
0.0,0.0
0.0,0.0
0.0,0.0
0.0,0.0
0.0,0.0
-7.756716728210449,22.450387954711914
-16.23436737060547,33.33331298828125
0.0,0.0
0.0,0.0
0.0,0.0
0.0,0.0
0.0,0.0
0.0,0.0
-7.594239234924316,22.42890167236328
-15.742186546325684,33.33330154418945
0.0,0.0
0.0,0.0
0.0,0.0
0.0,0.0
0.0,0.0
0.0,0.0
0.0,0.0
0.0,0.0
0.0,0.0
0.0,0.0
0.0,0.0
0.0,0.0
0.0,0.0
0.0,0.0
0.0,0.0
0.0,0.0
0.0,0.0
0.0,0.0
0.0,0.0
0.0,0.0
0.0,0.0
0.0,0.0
-7.777798652648926,22.222209930419922
-8.61019229888916,30.178955078125
0.0,0.0
0.0,0.0
-7.660585880279541,22.222196578979492
0.0,0.0
0.0,0.0
0.0,0.0
-7.779079914093018,22.222211837768555
-2.0,0.0
0.0,0.0
0.0,0.0
-3.3794357776641846,22.128639221191406
0.0,0.0
0.0,0.0
0.0,0.0
0.0,0.0
0.0,0.0
0.0,0.0
0.0,0.0
0.0,0.0
0.0,0.0
0.0,0.0
0.0,0.0
0.0,0.0
0.0,0.0
0.0,0.0
0.0,0.0
0.0,0.0
0.0,0.0
0.0,0.0
0.0,0.0
-7.7927398681640625,22.222211837768555
-15.132817268371582,33.33328628540039
0.0,0.0
0.0,0.0
-5.308221340179443,22.128639221191406
0.0,0.0
0.0,0.0
0.0,0.0
-7.777781009674072,22.222211837768555
38.15842819213867,45.213287353515625
0.0,0.0
0.0,0.0
-7.207830905914307,22.204200744628906
218.20265197753906,51.38502502441406
0.0,0.0
0.0,0.0
0.0,0.0
0.0,0.0
0.0,0.0
0.0,0.0
0.0,0.0
0.0,0.0
0.0,0.0
0.0,0.0
0.0,0.0
0.0,0.0
0.0,0.0
0.0,0.0
0.0,0.0
0.0,0.0
0.0,0.0
0.0,0.0
-6.313858509063721,22.217195510864258
-11.620680809020996,32.316123962402344
0.0,0.0
0.0,0.0
-2.4521124362945557,18.5190486907959
-10.490488052368164,28.278501510620117
0.0,0.0
0.0,0.0
-7.775871276855469,22.222211837768555
-10.436717987060547,144.54470825195312
0.0,0.0
0.0,0.0
-7.229708671569824,22.174789428710938
-1.1808534860610962,286.2010498046875
0.0,0.0
0.0,0.0
0.0,0.0
0.0,0.0
0.0,0.0
0.0,0.0
0.0,0.0
0.0,0.0
0.0,0.0
0.0,0.0
0.0,0.0
0.0,0.0
0.0,0.0
0.0,0.0
0.0,0.0
0.0,0.0
0.0,0.0
0.0,0.0
-7.5601372718811035,22.33316993713379
-16.64626693725586,83.11504364013672
0.0,0.0
0.0,0.0
0.0,0.0
0.0,0.0
0.0,0.0
0.0,0.0
-7.277720928192139,22.38973045349121
-16.6546573638916,33.33331298828125
0.0,0.0
0.0,0.0
-5.023626327514648,20.11930274963379
0.0,0.0
0.0,0.0
0.0,0.0
0.0,0.0
0.0,0.0
0.0,0.0
0.0,0.0
0.0,0.0
0.0,0.0
0.0,0.0
0.0,0.0
0.0,0.0
0.0,0.0
0.0,0.0
0.0,0.0
0.0,0.0
0.0,0.0
0.0,0.0
0.0,0.0
0.0,0.0
0.0,0.0
0.0,0.0
0.0,0.0
0.0,0.0
0.0,0.0
0.0,0.0
0.0,0.0
0.0,0.0
0.0,0.0
0.0,0.0
0.0,0.0
0.0,0.0
0.0,0.0
0.0,0.0
0.0,0.0
0.0,0.0
0.0,0.0
0.0,0.0
0.0,0.0
0.0,0.0
0.0,0.0
0.0,0.0
0.0,0.0
0.0,0.0
0.0,0.0
0.0,0.0
0.0,0.0
0.0,0.0
0.0,0.0
0.0,0.0
0.0,0.0
-7.811441898345947,21.885269165039062
-13.160721778869629,35.86073684692383
0.0,0.0
0.0,0.0
0.0,0.0
0.0,0.0
0.0,0.0
0.0,0.0
-7.824960231781006,21.704227447509766
17.370738983154297,369.8196716308594
0.0,0.0
0.0,0.0
-8.246451377868652,19.23626136779785
500.0,0.0
0.0,0.0
0.0,0.0
0.0,0.0
0.0,0.0
0.0,0.0
0.0,0.0
0.0,0.0
0.0,0.0
0.0,0.0
0.0,0.0
0.0,0.0
0.0,0.0
0.0,0.0
0.0,0.0
0.0,0.0
0.0,0.0
0.0,0.0
0.0,0.0
-7.837544918060303,21.920063018798828
0.0,0.0
0.0,0.0
0.0,0.0
0.0,0.0
0.0,0.0
0.0,0.0
0.0,0.0
-7.818812370300293,22.169017791748047
515.7678833007812,116.69710540771484
0.0,0.0
0.0,0.0
-7.9834465980529785,16.103349685668945
0.0,0.0
0.0,0.0
0.0,0.0
0.0,0.0
0.0,0.0
0.0,0.0
0.0,0.0
0.0,0.0
0.0,0.0
0.0,0.0
0.0,0.0
0.0,0.0
0.0,0.0
0.0,0.0
0.0,0.0
0.0,0.0
0.0,0.0
0.0,0.0
0.0,0.0
0.0,0.0
0.0,0.0
0.0,0.0
0.0,0.0
0.0,0.0
0.0,0.0
0.0,0.0
0.0,0.0
0.0,0.0
0.0,0.0
0.0,0.0
0.0,0.0
0.0,0.0
0.0,0.0
0.0,0.0
0.0,0.0
0.0,0.0
0.0,0.0
0.0,0.0
0.0,0.0
0.0,0.0
0.0,0.0
0.0,0.0
0.0,0.0
0.0,0.0
0.0,0.0
0.0,0.0
0.0,0.0
0.0,0.0
0.0,0.0
0.0,0.0
0.0,0.0
0.0,0.0
0.0,0.0
0.0,0.0
0.0,0.0
0.0,0.0
0.0,0.0
0.0,0.0
0.0,0.0
0.0,0.0
0.0,0.0
0.0,0.0
0.0,0.0
0.0,0.0
0.0,0.0
-10.295920372009277,0.7965071797370911
-20.191417694091797,-17.528566360473633
11.111105918884277,-6.9984354972839355
0.0,0.0
0.0,0.0
0.0,0.0
1.909999966621399,0.0
0.0,0.0
-9.595015525817871,4.392643451690674
-19.4421329498291,9.354999542236328
11.111105918884277,-1.7032017707824707
0.0,0.0
0.0,0.0
0.0,0.0
2.738100051879883,-1.8899999856948853
0.0,0.0
0.0,0.0
0.0,0.0
10.318761825561523,-3.140834331512451
0.0,0.0
0.0,0.0
0.0,0.0
1.909999966621399,-1.871899962425232
0.0,0.0
0.0,0.0
0.0,0.0
11.111105918884277,-6.792817115783691
414.04998779296875,4.550000190734863
0.0,0.0
0.0,0.0
7.173681259155273,0.0
0.0,0.0
-98.63374328613281,33.62537384033203
-113.84649658203125,-58.40901184082031
-91.71541595458984,106.53275299072266
0.0,21.010000228881836
-90.21085357666016,-51.08146667480469
-69.53604125976562,-73.08355712890625
-10.0,10.0
-11.0,-0.9900000095367432
-99.32263946533203,40.521121978759766
-116.15945434570312,46.850467681884766
-94.46001434326172,38.55791091918945
-29.59417724609375,-2.057860851287842
-95.76811218261719,-0.4679150879383087
-74.62692260742188,-75.00401306152344
-33.5252685546875,58.437599182128906
-20.818809509277344,8.119100570678711
0.0,0.0
0.0,0.0
-33.503299713134766,41.77420425415039
-20.790000915527344,11.0
0.0,0.0
0.0,0.0
-10.0,19.100000381469727
-11.0,21.010000228881836
0.0,0.0
0.0,0.0
-79.47844696044922,104.6939697265625
-11.0,53.34113311767578
0.0,0.0
0.0,0.0
-26.696290969848633,52.7503547668457
-20.59880828857422,16.408382415771484
0.0,0.0
0.0,0.0
0.0,0.0
0.0,0.0
0.0,0.0
0.0,0.0
0.0,0.0
0.0,0.0
0.0,0.0
0.0,0.0
0.0,0.0
0.0,0.0
0.0,0.0
0.0,0.0
0.0,0.0
0.0,0.0
0.0,0.0
0.0,0.0
0.0,0.0
0.0,0.0
0.0,0.0
0.0,0.0
0.0,0.0
0.0,0.0
0.0,0.0
0.0,0.0
0.0,0.0
0.0,0.0
0.0,0.0
0.0,0.0
0.0,0.0
0.0,0.0
0.0,0.0
0.0,0.0
0.0,0.0
0.0,0.0
0.0,0.0
0.0,0.0
0.0,0.0
0.0,0.0
0.0,0.0
0.0,0.0
0.0,0.0
0.0,0.0
0.0,0.0
0.0,0.0
0.0,0.0
0.0,0.0
0.0,0.0
0.0,0.0
0.0,0.0
0.0,0.0
0.0,0.0
0.0,0.0
0.0,0.0
0.0,0.0
0.0,0.0
0.0,0.0
0.0,0.0
0.0,0.0
0.0,0.0
0.0,0.0
0.0,0.0
0.0,0.0
0.0,0.0
0.0,0.0
-7.46190071105957,6.618514060974121
0.0,0.0
0.0,0.0
0.0,0.0
0.0,0.0
0.0,0.0
11.111163139343262,4.6689300537109375
0.0,0.0
11.111105918884277,4.072028636932373
0.0,0.0
0.0,0.0
0.0,0.0
5.886139869689941,1.0099999904632568
0.0,0.0
0.0,0.0
0.0,0.0
-10.184293746948242,-1.842566967010498
0.0,0.0
0.0,0.0
0.0,0.0
0.0,0.0
0.0,0.0
5.886082649230957,-1.8205604553222656
0.0,0.0
11.111105918884277,-6.732192039489746
0.0,0.0
0.0,0.0
0.0,0.0
11.111098289489746,-4.03732967376709
0.0,0.0
0.0,0.0
0.0,0.0
-2.725942611694336,-0.060622505843639374
0.0,0.0
0.0,0.0
0.0,0.0
0.0,0.0
0.0,0.0
11.111105918884277,7.202002048492432
0.0,0.0
11.111105918884277,9.246627807617188
0.0,0.0
0.0,0.0
0.0,0.0
4.177420616149902,0.0
0.0,0.0
0.0,0.0
0.0,0.0
-7.434609413146973,-4.738369941711426
0.0,0.0
0.0,0.0
0.0,0.0
0.0,0.0
0.0,0.0
4.177420616149902,1.0273809432983398
0.0,0.0
11.111105918884277,-2.3093466758728027
0.0,0.0
0.0,0.0
0.0,0.0
11.08191204071045,4.777885913848877
0.0,0.0
0.0,0.0
0.0,0.0
0.0,0.0
0.0,0.0
0.0,0.0
0.0,0.0
0.0,0.0
0.0,0.0
0.0,0.0
0.0,0.0
0.0,0.0
0.0,0.0
0.0,0.0
0.0,0.0
0.0,0.0
0.0,0.0
0.0,0.0
0.0,0.0
8.16106128692627,186.25509643554688
-8.381176948547363,67.17237854003906
0.0,0.0
0.0,0.0
0.0,0.0
0.0,0.0
0.0,0.0
0.0,0.0
3.7928717136383057,210.4923095703125
-12.783190727233887,66.66671752929688
0.0,0.0
0.0,0.0
0.0,0.0
0.0,0.0
0.0,0.0
0.0,0.0
0.0,0.0
0.0,0.0
0.0,0.0
0.0,0.0
0.0,0.0
0.0,0.0
0.0,0.0
0.0,0.0
0.0,0.0
0.0,0.0
0.0,0.0
0.0,0.0
0.0,0.0
0.0,0.0
0.0,0.0
0.0,0.0
-3.7791993618011475,55.56389617919922
-1.9574135541915894,101.48591613769531
0.0,0.0
0.0,0.0
1189.0609130859375,980.00341796875
0.0,0.0
0.0,0.0
0.0,0.0
65.00901794433594,317.3537902832031
-8.915506362915039,67.86207580566406
0.0,0.0
0.0,0.0
28.70577621459961,1965.8555908203125
0.0,0.0
0.0,0.0
0.0,0.0
0.0,0.0
0.0,0.0
0.0,0.0
0.0,0.0
0.0,0.0
0.0,0.0
0.0,0.0
0.0,0.0
0.0,0.0
0.0,0.0
0.0,0.0
0.0,0.0
0.0,0.0
0.0,0.0
0.0,0.0
0.0,0.0
0.0,0.0
0.0,0.0
0.0,0.0
0.0,0.0
0.0,0.0
0.0,0.0
0.0,0.0
0.0,0.0
0.0,0.0
0.0,0.0
0.0,0.0
0.0,0.0
0.0,0.0
0.0,0.0
0.0,0.0
0.0,0.0
0.0,0.0
0.0,0.0
0.0,0.0
0.0,0.0
0.0,0.0
0.0,0.0
0.0,0.0
0.0,0.0
0.0,0.0
0.0,0.0
0.0,0.0
0.0,0.0
0.0,0.0
0.0,0.0
0.0,0.0
0.0,0.0
0.0,0.0
0.0,0.0
0.0,0.0
0.0,0.0
0.0,0.0
0.0,0.0
0.0,0.0
0.0,0.0
0.0,0.0
0.0,0.0
0.0,0.0
0.0,0.0
0.0,0.0
0.0,0.0
0.0,0.0
0.0,0.0
0.0,0.0
0.0,0.0
0.0,0.0
0.0,0.0
0.0,0.0
0.0,0.0
0.0,0.0
0.0,0.0
0.0,0.0
0.0,0.0
0.0,0.0
0.0,0.0
0.0,0.0
0.0,0.0
0.0,0.0
0.0,0.0
-4.44444465637207,55.55553436279297
-5.274475574493408,113.41864776611328
0.0,0.0
0.0,0.0
0.0,0.0
0.0,0.0
0.0,0.0
0.0,0.0
-4.44444465637207,55.55553436279297
-13.280074119567871,66.66670227050781
0.0,0.0
0.0,0.0
0.0,0.0
0.0,0.0
0.0,0.0
0.0,0.0
0.0,0.0
0.0,0.0
0.0,0.0
0.0,0.0
0.0,0.0
0.0,0.0
0.0,0.0
0.0,0.0
0.0,0.0
0.0,0.0
0.0,0.0
0.0,0.0
0.0,0.0
0.0,0.0
0.0,0.0
0.0,0.0
-2.7039835453033447,55.55866622924805
-11.628349304199219,65.51138305664062
0.0,0.0
0.0,0.0
0.0,0.0
0.0,0.0
0.0,0.0
0.0,0.0
-4.444437503814697,55.55560302734375
-13.305231094360352,66.6666259765625
0.0,0.0
0.0,0.0
0.0,0.0
0.0,0.0
0.0,0.0
0.0,0.0
0.0,0.0
0.0,0.0
0.0,0.0
0.0,0.0
0.0,0.0
0.0,0.0
0.0,0.0
0.0,0.0
0.0,0.0
0.0,0.0
0.0,0.0
0.0,0.0
0.0,0.0
0.0,0.0
0.0,0.0
0.0,0.0
0.0,0.0
0.0,0.0
0.0,0.0
0.0,0.0
0.0,0.0
0.0,0.0
0.0,0.0
0.0,0.0
0.0,0.0
0.0,0.0
0.0,0.0
0.0,0.0
0.0,0.0
0.0,0.0
0.0,0.0
0.0,0.0
0.0,0.0
0.0,0.0
0.0,0.0
0.0,0.0
0.0,0.0
0.0,0.0
0.0,0.0
0.0,0.0
0.0,0.0
0.0,0.0
0.0,0.0
0.0,0.0
0.0,0.0
0.0,0.0
0.0,0.0
0.0,0.0
0.0,0.0
0.0,0.0
0.0,0.0
0.0,0.0
0.0,0.0
0.0,0.0
0.0,0.0
0.0,0.0
0.0,0.0
0.0,0.0
0.0,0.0
0.0,0.0
0.0,0.0
0.0,0.0
-8.003665924072266,9.291078567504883
-2.0,3.819999933242798
11.042878150939941,-3.8218116760253906
0.0,0.0
0.0,0.0
0.0,0.0
0.0,0.0
0.0,0.0
-8.246337890625,11.111120223999023
-2.0,11.772165298461914
10.154282569885254,-0.98089998960495
0.0,0.0
0.0,0.0
0.0,0.0
0.0,0.0
0.0,0.0
-3.8791348934173584,43.49284744262695
-5.381800174713135,3.819999933242798
11.111117362976074,-7.826003551483154
0.0,0.0
0.0,0.0
0.0,0.0
0.0,0.0
0.0,0.0
-7.400083065032959,11.125290870666504
-2.0,11.772165298461914
11.111116409301758,-8.888883590698242
0.0,0.0
0.0,0.0
0.0,0.0
0.0,0.0
0.0,0.0
-76.08381652832031,381.57525634765625
0.0,30.11910057067871
-80.0455093383789,110.14714050292969
0.0,0.0
-10.0,34.916709899902344
0.0,0.0
0.0,0.0
0.0,0.0
-86.63046264648438,111.11093139648438
-37.369483947753906,59.06254577636719
-38.49162673950195,101.54283142089844
0.0,0.0
-10.0,34.916709899902344
0.0,0.0
0.0,0.0
0.0,0.0
-82.33743286132812,111.1050033569336
0.0,38.408382415771484
-89.06745910644531,111.11070251464844
-61.78624725341797,151.94558715820312
-19.0,10.0
0.0,0.0
22.81853485107422,97.81565856933594
0.0,0.0
-88.04548645019531,111.11015319824219
-20.101802825927734,78.9104995727539
-88.89105224609375,111.11106872558594
-76.84677124023438,121.65662384033203
0.0,48.0145263671875
0.0,0.0
-26.264963150024414,1213.23291015625
0.0,0.0
0.0,0.0
0.0,0.0
0.0,0.0
0.0,0.0
0.0,0.0
0.0,0.0
0.0,0.0
0.0,0.0
0.0,0.0
0.0,0.0
0.0,0.0
0.0,0.0
0.0,0.0
0.0,0.0
0.0,0.0
0.0,0.0
0.0,0.0
0.0,0.0
0.0,0.0
0.0,0.0
0.0,0.0
0.0,0.0
0.0,0.0
0.0,0.0
0.0,0.0
0.0,0.0
0.0,0.0
0.0,0.0
0.0,0.0
0.0,0.0
0.0,0.0
0.0,0.0
0.0,0.0
0.0,0.0
0.0,0.0
0.0,0.0
0.0,0.0
0.0,0.0
0.0,0.0
0.0,0.0
0.0,0.0
0.0,0.0
0.0,0.0
0.0,0.0
0.0,0.0
0.0,0.0
0.0,0.0
0.0,0.0
0.0,0.0
0.0,0.0
0.0,0.0
0.0,0.0
0.0,0.0
0.0,0.0
0.0,0.0
0.0,0.0
0.0,0.0
0.0,0.0
0.0,0.0
0.0,0.0
0.0,0.0
0.0,0.0
0.0,0.0
0.0,0.0
0.0,0.0
0.0,0.0
-1.0,1.0
0.0,0.0
0.0,0.0
0.0,0.0
0.0,0.0
0.0,0.0
10.154282569885254,-4.316650390625
0.0,0.0
4.177420616149902,-1.833582878112793
0.0,0.0
0.0,0.0
0.0,0.0
0.0,0.0
0.0,0.0
0.0,0.0
0.0,0.0
-8.888894081115723,11.111099243164062
0.0,0.0
0.0,0.0
0.0,0.0
0.0,0.0
0.0,0.0
10.616660118103027,-4.747622489929199
0.0,0.0
11.111105918884277,-8.888885498046875
0.0,0.0
0.0,0.0
0.0,0.0
0.0,0.0
0.0,0.0
0.0,0.0
0.0,0.0
0.0,0.0
0.0,0.0
0.0,0.0
0.0,0.0
0.0,0.0
0.0,0.0
0.0,0.0
0.0,0.0
0.0,0.0
0.0,0.0
0.0,0.0
0.0,0.0
0.0,0.0
0.0,0.0
0.0,0.0
0.0,0.0
0.0,2.738100051879883
0.0,0.0
0.0,0.0
0.0,0.0
0.0,0.0
0.0,0.0
0.0,0.0
0.0,0.0
10.935893058776855,-6.811073303222656
0.0,0.0
0.0,0.0
0.0,0.0
0.0,0.0
0.0,0.0
0.0,0.0
0.0,0.0
0.0,0.0
0.0,0.0
0.0,0.0
0.0,0.0
0.0,0.0
0.0,0.0
0.0,0.0
0.0,0.0
0.0,0.0
0.0,0.0
0.0,0.0
0.0,0.0
0.0,0.0
0.0,0.0
0.0,0.0
0.0,0.0
0.0,0.0
0.0,0.0
0.0,0.0
0.0,0.0
0.0,0.0
0.0,0.0
0.0,0.0
0.0,0.0
0.0,0.0
0.0,0.0
0.0,0.0
0.0,0.0
0.0,0.0
0.0,0.0
0.0,0.0
0.0,0.0
0.0,0.0
0.0,0.0
0.0,0.0
0.0,0.0
0.0,0.0
0.0,0.0
0.0,0.0
0.0,0.0
0.0,0.0
0.0,0.0
0.0,0.0
0.0,0.0
0.0,0.0
0.0,0.0
0.0,0.0
0.0,0.0
0.0,0.0
0.0,0.0
0.0,0.0
0.0,0.0
0.0,0.0
0.0,0.0
0.0,0.0
0.0,0.0
0.0,0.0
0.0,0.0
0.0,0.0
0.0,0.0
0.0,0.0
0.0,0.0
