-10.13071346282959,9.491707801818848
0.0,0.0
0.0,0.0
0.0,0.0
0.0,0.0
0.0,0.0
0.0,0.0
0.0,0.0
0.0,0.0
0.0,0.0
0.0,0.0
0.0,0.0
0.0,0.0
0.0,0.0
0.0,0.0
0.0,0.0
0.0,0.0
0.0,0.0
-7.524913787841797,15.793045997619629
-19.989849090576172,0.0
0.0,0.0
0.0,0.0
0.0,0.0
0.0,0.0
0.0,0.0
0.0,0.0
-3.590618848800659,15.33408260345459
-15.424642562866211,0.0
0.0,0.0
0.0,0.0
0.0,0.0
0.0,0.0
0.0,0.0
0.0,0.0
0.0,0.0
0.0,0.0
0.0,0.0
0.0,0.0
0.0,0.0
0.0,0.0
0.0,0.0
0.0,0.0
0.0,0.0
0.0,0.0
0.0,0.0
0.0,0.0
0.0,0.0
0.0,0.0
0.0,0.0
0.0,0.0
-8.890935897827148,11.02694320678711
-5.420000076293945,0.0
0.0,0.0
0.0,0.0
-8.842510223388672,11.111105918884277
0.0,0.0
0.0,0.0
0.0,0.0
-8.872186660766602,11.027623176574707
0.0,0.0
0.0,0.0
0.0,0.0
-7.980535984039307,11.111075401306152
0.0,0.0
0.0,0.0
0.0,0.0
0.0,0.0
0.0,0.0
0.0,0.0
0.0,0.0
0.0,0.0
0.0,0.0
0.0,0.0
0.0,0.0
0.0,0.0
0.0,0.0
0.0,0.0
0.0,0.0
0.0,0.0
0.0,0.0
0.0,0.0
0.0,0.0
-8.90634536743164,9.863042831420898
-16.725830078125,-0.4020262658596039
0.0,0.0
0.0,0.0
-7.231303691864014,11.0596923828125
-3.799999952316284,0.0
0.0,0.0
0.0,0.0
-8.888894081115723,11.111105918884277
-15.997485160827637,72.83846282958984
0.0,0.0
0.0,0.0
-7.9693284034729,11.109643936157227
-8.577558517456055,10.66664981842041
0.0,0.0
0.0,0.0
0.0,0.0
0.0,0.0
0.0,0.0
0.0,0.0
0.0,0.0
0.0,0.0
0.0,0.0
0.0,0.0
0.0,0.0
0.0,0.0
0.0,0.0
0.0,0.0
0.0,0.0
0.0,0.0
0.0,0.0
0.0,0.0
-8.272163391113281,11.111067771911621
-9.371179580688477,0.0
0.0,0.0
0.0,0.0
-3.359628915786743,4.700135707855225
-6.878000259399414,0.0
0.0,0.0
0.0,0.0
-8.903337478637695,9.111105918884277
-16.290830612182617,22.88142204284668
0.0,0.0
0.0,0.0
-8.219871520996094,11.11088752746582
-13.48532772064209,-0.2670927047729492
0.0,0.0
0.0,0.0
0.0,0.0
0.0,0.0
0.0,0.0
0.0,0.0
0.0,0.0
0.0,0.0
0.0,0.0
0.0,0.0
0.0,0.0
0.0,0.0
0.0,0.0
0.0,0.0
0.0,0.0
0.0,0.0
0.0,0.0
0.0,0.0
-6.673769950866699,13.843428611755371
-18.813364028930664,5.798408508300781
0.0,0.0
0.0,0.0
0.0,0.0
0.0,0.0
0.0,0.0
0.0,0.0
-8.239809036254883,14.43544864654541
-19.92486000061035,0.0
0.0,0.0
0.0,0.0
-3.8663899898529053,9.25952434539795
0.0,0.0
0.0,0.0
0.0,0.0
0.0,0.0
0.0,0.0
0.0,0.0
0.0,0.0
0.0,0.0
0.0,0.0
0.0,0.0
0.0,0.0
0.0,0.0
0.0,0.0
0.0,0.0
0.0,0.0
0.0,0.0
0.0,0.0
0.0,0.0
0.0,0.0
0.0,0.0
0.0,0.0
0.0,0.0
0.0,0.0
0.0,0.0
0.0,0.0
0.0,0.0
0.0,0.0
0.0,0.0
0.0,0.0
0.0,0.0
0.0,0.0
0.0,0.0
0.0,0.0
0.0,0.0
0.0,0.0
0.0,0.0
0.0,0.0
0.0,0.0
0.0,0.0
0.0,0.0
0.0,0.0
0.0,0.0
0.0,0.0
0.0,0.0
0.0,0.0
0.0,0.0
0.0,0.0
0.0,0.0
0.0,0.0
0.0,0.0
0.0,0.0
-8.912102699279785,10.87841796875
-19.63843536376953,0.0003054270928259939
0.0,0.0
0.0,0.0
0.0,0.0
0.0,0.0
0.0,0.0
0.0,0.0
-8.934222221374512,10.688823699951172
-11.095295906066895,67.79522705078125
0.0,0.0
0.0,0.0
-9.40748405456543,8.160613059997559
-2.0,0.0
0.0,0.0
0.0,0.0
0.0,0.0
0.0,0.0
0.0,0.0
0.0,0.0
0.0,0.0
0.0,0.0
0.0,0.0
0.0,0.0
0.0,0.0
0.0,0.0
0.0,0.0
0.0,0.0
0.0,0.0
0.0,0.0
0.0,0.0
0.0,0.0
-8.888894081115723,11.111105918884277
-2.0,0.0
0.0,0.0
0.0,0.0
0.0,0.0
0.0,0.0
0.0,0.0
0.0,0.0
-8.89333438873291,11.110671997070312
-13.238080978393555,88.53372192382812
0.0,0.0
0.0,0.0
-9.078695297241211,8.296560287475586
-2.0,200.0
0.0,0.0
0.0,0.0
0.0,0.0
0.0,0.0
0.0,0.0
0.0,0.0
0.0,0.0
0.0,0.0
0.0,0.0
0.0,0.0
0.0,0.0
0.0,0.0
0.0,0.0
0.0,0.0
0.0,0.0
0.0,0.0
0.0,0.0
0.0,0.0
0.0,0.0
0.0,0.0
0.0,0.0
0.0,0.0
0.0,0.0
0.0,0.0
0.0,0.0
0.0,0.0
0.0,0.0
0.0,0.0
0.0,0.0
0.0,0.0
0.0,0.0
0.0,0.0
0.0,0.0
0.0,0.0
0.0,0.0
0.0,0.0
0.0,0.0
0.0,0.0
0.0,0.0
0.0,0.0
0.0,0.0
0.0,0.0
0.0,0.0
0.0,0.0
0.0,0.0
0.0,0.0
0.0,0.0
0.0,0.0
0.0,0.0
0.0,0.0
0.0,0.0
0.0,0.0
0.0,0.0
0.0,0.0
0.0,0.0
0.0,0.0
0.0,0.0
0.0,0.0
0.0,0.0
0.0,0.0
0.0,0.0
0.0,0.0
0.0,0.0
0.0,0.0
-10.36136531829834,3.8819832801818848
-17.746841430664062,76.32493591308594
33.33331298828125,-22.974212646484375
14.347362518310547,-3.9618000984191895
0.0,0.0
0.0,0.0
5.730000019073486,0.0
0.0,0.0
-9.707928657531738,3.4069414138793945
-20.435710906982422,-9.158026695251465
33.33331298828125,-19.32436180114746
15.701050758361816,-7.482071876525879
0.0,0.0
0.0,0.0
10.47501277923584,0.0
0.0,0.0
0.0,0.0
0.0,0.0
27.778573989868164,-10.003581047058105
10.738643646240234,2.107386350631714
0.0,0.0
0.0,0.0
10.47501277923584,0.0
0.0,0.0
0.0,0.0
0.0,0.0
33.33331298828125,-26.35696029663086
152.06637573242188,-3.9164516925811768
0.0,0.0
0.0,0.0
22.584150314331055,0.0
2.0,-2.180000066757202
-2.813188314437866,80.93580627441406
6.989799499511719,9.115180015563965
33.33331298828125,-21.318458557128906
6.983342170715332,-1.4673163890838623
-6.79917049407959,67.68157196044922
-5.476200103759766,0.7542586326599121
5.730000019073486,-3.0
3.819999933242798,0.0
-3.0480968952178955,72.72276306152344
-17.887889862060547,23.14736557006836
33.33331298828125,-3.9665310382843018
13.568530082702637,-9.115700721740723
-1.7935659885406494,83.50341033935547
-12.630270004272461,8.44090461730957
24.431934356689453,-2.8746774196624756
8.354841232299805,0.0
0.0,0.0
0.0,0.0
21.52104377746582,-2.8746774196624756
2.0,0.0
0.0,0.0
0.0,0.0
12.532261848449707,0.0
0.0,0.0
0.0,0.0
0.0,0.0
33.30229568481445,-20.035165786743164
12.71267032623291,-3.9800000190734863
0.0,0.0
0.0,0.0
28.278501510620117,-9.622027397155762
6.983342170715332,-4.735786437988281
0.0,0.0
0.0,0.0
0.0,0.0
0.0,0.0
0.0,0.0
0.0,0.0
0.0,0.0
0.0,0.0
0.0,0.0
0.0,0.0
0.0,0.0
0.0,0.0
0.0,0.0
0.0,0.0
0.0,0.0
0.0,0.0
0.0,0.0
0.0,0.0
0.0,0.0
0.0,0.0
0.0,0.0
0.0,0.0
0.0,0.0
0.0,0.0
0.0,0.0
0.0,0.0
0.0,0.0
0.0,0.0
0.0,0.0
0.0,0.0
0.0,0.0
0.0,0.0
0.0,0.0
0.0,0.0
0.0,0.0
0.0,0.0
0.0,0.0
0.0,0.0
0.0,0.0
0.0,0.0
0.0,0.0
0.0,0.0
0.0,0.0
0.0,0.0
0.0,0.0
0.0,0.0
0.0,0.0
0.0,0.0
0.0,0.0
0.0,0.0
0.0,0.0
0.0,0.0
0.0,0.0
0.0,0.0
0.0,0.0
0.0,0.0
0.0,0.0
0.0,0.0
0.0,0.0
0.0,0.0
0.0,0.0
0.0,0.0
0.0,0.0
0.0,0.0
0.0,0.0
0.0,0.0
-8.823195457458496,8.118651390075684
0.0,0.0
0.0,0.0
0.0,0.0
0.0,0.0
0.0,0.0
33.33331298828125,15.491938591003418
0.0,0.0
33.33331298828125,14.223055839538574
0.0,0.0
0.0,0.0
0.0,0.0
3.1253225803375244,21.52104377746582
0.0,0.0
0.0,0.0
0.0,0.0
-10.167210578918457,-1.6714071035385132
0.0,0.0
0.0,0.0
0.0,0.0
0.0,0.0
0.0,0.0
12.532261848449707,-3.0
0.0,0.0
33.33331298828125,-20.74903678894043
0.0,0.0
0.0,0.0
0.0,0.0
33.33329391479492,-0.26779410243034363
0.0,0.0
0.0,0.0
0.0,0.0
-6.6258320808410645,8.768243789672852
0.0,0.0
0.0,0.0
0.0,0.0
0.0,0.0
0.0,0.0
33.33331298828125,12.634931564331055
0.0,0.0
33.33331298828125,23.574304580688477
0.0,0.0
0.0,0.0
0.0,0.0
0.0,10.47501277923584
0.0,0.0
0.0,0.0
0.0,0.0
-8.506338119506836,9.110417366027832
0.0,0.0
0.0,0.0
0.0,0.0
0.0,0.0
0.0,0.0
5.730000019073486,-5.6427001953125
0.0,0.0
33.33331298828125,-22.309675216674805
0.0,0.0
0.0,0.0
0.0,0.0
33.315704345703125,-1.0708271265029907
0.0,0.0
0.0,0.0
0.0,0.0
0.0,0.0
0.0,0.0
0.0,0.0
0.0,0.0
0.0,0.0
0.0,0.0
0.0,0.0
0.0,0.0
0.0,0.0
0.0,0.0
0.0,0.0
0.0,0.0
0.0,0.0
0.0,0.0
0.0,0.0
0.0,0.0
34.48613357543945,40.381248474121094
-14.67927360534668,25.3446102142334
0.0,0.0
0.0,0.0
0.0,0.0
0.0,0.0
0.0,0.0
0.0,0.0
-5.656444549560547,41.27077102661133
-17.773962020874023,22.222232818603516
0.0,0.0
0.0,0.0
0.0,0.0
0.0,0.0
0.0,0.0
0.0,0.0
0.0,0.0
0.0,0.0
0.0,0.0
0.0,0.0
0.0,0.0
0.0,0.0
0.0,0.0
0.0,0.0
0.0,0.0
0.0,0.0
0.0,0.0
0.0,0.0
0.0,0.0
0.0,0.0
0.0,0.0
0.0,0.0
-5.348563194274902,145.35345458984375
-14.823091506958008,268.33782958984375
0.0,0.0
0.0,0.0
191.824951171875,408.1805725097656
0.0,0.0
0.0,0.0
0.0,0.0
13.851727485656738,39.932342529296875
-11.697105407714844,25.618764877319336
0.0,0.0
0.0,0.0
282.0845947265625,5.7209672927856445
0.0,0.0
0.0,0.0
0.0,0.0
0.0,0.0
0.0,0.0
0.0,0.0
0.0,0.0
0.0,0.0
0.0,0.0
0.0,0.0
0.0,0.0
0.0,0.0
0.0,0.0
0.0,0.0
0.0,0.0
0.0,0.0
0.0,0.0
0.0,0.0
0.0,0.0
0.0,0.0
0.0,0.0
0.0,0.0
0.0,0.0
0.0,0.0
0.0,0.0
0.0,0.0
0.0,0.0
0.0,0.0
0.0,0.0
0.0,0.0
0.0,0.0
0.0,0.0
0.0,0.0
0.0,0.0
0.0,0.0
0.0,0.0
0.0,0.0
0.0,0.0
0.0,0.0
0.0,0.0
0.0,0.0
0.0,0.0
0.0,0.0
0.0,0.0
0.0,0.0
0.0,0.0
0.0,0.0
0.0,0.0
0.0,0.0
0.0,0.0
0.0,0.0
0.0,0.0
0.0,0.0
0.0,0.0
0.0,0.0
0.0,0.0
0.0,0.0
0.0,0.0
0.0,0.0
0.0,0.0
0.0,0.0
0.0,0.0
0.0,0.0
0.0,0.0
0.0,0.0
0.0,0.0
0.0,0.0
0.0,0.0
0.0,0.0
0.0,0.0
0.0,0.0
0.0,0.0
0.0,0.0
0.0,0.0
0.0,0.0
0.0,0.0
0.0,0.0
0.0,0.0
0.0,0.0
0.0,0.0
0.0,0.0
0.0,0.0
0.0,0.0
-6.666658401489258,33.333396911621094
-15.10877799987793,25.063465118408203
0.0,0.0
0.0,0.0
0.0,0.0
0.0,0.0
0.0,0.0
0.0,0.0
-6.6666483879089355,33.33348846435547
-17.71283531188965,22.222232818603516
0.0,0.0
0.0,0.0
0.0,0.0
0.0,0.0
0.0,0.0
0.0,0.0
0.0,0.0
0.0,0.0
0.0,0.0
0.0,0.0
0.0,0.0
0.0,0.0
0.0,0.0
0.0,0.0
0.0,0.0
0.0,0.0
0.0,0.0
0.0,0.0
0.0,0.0
0.0,0.0
0.0,0.0
0.0,0.0
-6.659973621368408,33.33331298828125
-12.533318519592285,22.199481964111328
0.0,0.0
0.0,0.0
0.0,0.0
0.0,0.0
0.0,0.0
0.0,0.0
-6.66665506362915,33.33341979980469
-17.65652847290039,22.222211837768555
0.0,0.0
0.0,0.0
0.0,0.0
0.0,0.0
0.0,0.0
0.0,0.0
0.0,0.0
0.0,0.0
0.0,0.0
0.0,0.0
0.0,0.0
0.0,0.0
0.0,0.0
0.0,0.0
0.0,0.0
0.0,0.0
0.0,0.0
0.0,0.0
0.0,0.0
0.0,0.0
0.0,0.0
0.0,0.0
0.0,0.0
0.0,0.0
0.0,0.0
0.0,0.0
0.0,0.0
0.0,0.0
0.0,0.0
0.0,0.0
0.0,0.0
0.0,0.0
0.0,0.0
0.0,0.0
0.0,0.0
0.0,0.0
0.0,0.0
0.0,0.0
0.0,0.0
0.0,0.0
0.0,0.0
0.0,0.0
0.0,0.0
0.0,0.0
0.0,0.0
0.0,0.0
0.0,0.0
0.0,0.0
0.0,0.0
0.0,0.0
0.0,0.0
0.0,0.0
0.0,0.0
0.0,0.0
0.0,0.0
0.0,0.0
0.0,0.0
0.0,0.0
0.0,0.0
0.0,0.0
0.0,0.0
0.0,0.0
0.0,0.0
0.0,0.0
0.0,0.0
0.0,0.0
0.0,0.0
0.0,0.0
-6.24009895324707,33.332794189453125
-3.799999952316284,2.0
-5.506712436676025,33.03483200073242
-2.0,0.0
0.0,0.0
0.0,0.0
0.0,0.0
0.0,0.0
-6.673586845397949,33.27025604248047
-5.331037998199463,15.056099891662598
-2.2281696796417236,25.233060836791992
0.0,0.0
0.0,0.0
0.0,0.0
0.0,0.0
0.0,0.0
-6.359402179718018,33.33254623413086
-3.7618000507354736,3.819999933242798
-6.666666507720947,33.33331298828125
-12.580936431884766,21.201509475708008
0.0,0.0
0.0,0.0
0.0,0.0
0.0,0.0
-6.585212707519531,33.297515869140625
-7.955385684967041,13.568530082702637
-6.693341255187988,33.33331298828125
-12.438682556152344,22.185781478881836
0.0,0.0
0.0,0.0
0.0,0.0
0.0,0.0
-6.464614391326904,33.29955291748047
-5.33216667175293,8.354841232299805
-4.603074073791504,33.14706039428711
-2.0,0.0
-1.0,5.730000019073486
0.0,0.0
0.0,0.0
0.0,0.0
-4.789535999298096,33.33388137817383
-3.799999952316284,11.772165298461914
-2.454902172088623,22.584150314331055
0.0,0.0
-2.510974645614624,16.10796546936035
0.0,0.0
0.0,0.0
0.0,0.0
-6.5664753913879395,33.29298782348633
-6.823237895965576,6.983342170715332
-6.666833877563477,33.33331298828125
-11.355457305908203,21.40331268310547
-1.8700000047683716,3.0
0.0,0.0
-1.7952498197555542,22.584150314331055
0.0,0.0
-5.189862251281738,34.662742614746094
-3.6728732585906982,12.71267032623291
85.49983215332031,33.333351135253906
-9.536490440368652,21.799041748046875
-0.5519202947616577,213.10797119140625
0.0,0.0
183.07225036621094,159.8663330078125
0.0,0.0
0.0,0.0
0.0,0.0
0.0,0.0
0.0,0.0
0.0,0.0
0.0,0.0
0.0,0.0
0.0,0.0
0.0,0.0
0.0,0.0
0.0,0.0
0.0,0.0
0.0,0.0
0.0,0.0
0.0,0.0
0.0,0.0
0.0,0.0
0.0,0.0
0.0,0.0
0.0,0.0
0.0,0.0
0.0,0.0
0.0,0.0
0.0,0.0
0.0,0.0
0.0,0.0
0.0,0.0
0.0,0.0
0.0,0.0
0.0,0.0
0.0,0.0
0.0,0.0
0.0,0.0
0.0,0.0
0.0,0.0
0.0,0.0
0.0,0.0
0.0,0.0
0.0,0.0
0.0,0.0
0.0,0.0
0.0,0.0
0.0,0.0
0.0,0.0
0.0,0.0
0.0,0.0
0.0,0.0
0.0,0.0
0.0,0.0
0.0,0.0
0.0,0.0
0.0,0.0
0.0,0.0
0.0,0.0
0.0,0.0
0.0,0.0
0.0,0.0
0.0,0.0
0.0,0.0
0.0,0.0
0.0,0.0
0.0,0.0
0.0,0.0
0.0,0.0
0.0,0.0
0.0,0.0
0.0,5.730000019073486
0.0,0.0
0.0,0.0
0.0,0.0
0.0,0.0
0.0,0.0
-3.588102102279663,32.49098205566406
0.0,0.0
0.0,12.532261848449707
0.0,0.0
0.0,0.0
0.0,0.0
0.0,0.0
0.0,0.0
0.0,0.0
0.0,0.0
-6.66667366027832,33.33328628540039
0.0,0.0
0.0,0.0
0.0,0.0
0.0,0.0
0.0,0.0
-4.6470465660095215,32.80767822265625
0.0,0.0
-6.666666507720947,33.33331298828125
0.0,0.0
0.0,0.0
0.0,0.0
0.0,0.0
0.0,0.0
0.0,0.0
0.0,0.0
0.0,0.0
0.0,0.0
0.0,0.0
0.0,0.0
0.0,0.0
0.0,0.0
0.0,0.0
0.0,0.0
0.0,0.0
0.0,0.0
0.0,0.0
0.0,0.0
0.0,0.0
0.0,0.0
0.0,0.0
0.0,0.0
-1.0,5.730000019073486
0.0,0.0
0.0,0.0
0.0,0.0
0.0,0.0
0.0,0.0
0.0,0.0
0.0,0.0
-4.322502136230469,32.40767288208008
0.0,0.0
0.0,0.0
0.0,0.0
0.0,0.0
0.0,0.0
0.0,0.0
0.0,0.0
0.0,0.0
0.0,0.0
0.0,0.0
0.0,0.0
0.0,0.0
0.0,0.0
0.0,0.0
0.0,0.0
0.0,0.0
0.0,0.0
0.0,0.0
0.0,0.0
0.0,0.0
0.0,0.0
0.0,0.0
0.0,0.0
0.0,0.0
0.0,0.0
0.0,0.0
0.0,0.0
0.0,0.0
0.0,0.0
0.0,0.0
0.0,0.0
0.0,0.0
0.0,0.0
0.0,0.0
0.0,0.0
0.0,0.0
0.0,0.0
0.0,0.0
0.0,0.0
0.0,0.0
0.0,0.0
0.0,0.0
0.0,0.0
0.0,0.0
0.0,0.0
0.0,0.0
0.0,0.0
0.0,0.0
0.0,0.0
0.0,0.0
0.0,0.0
0.0,0.0
0.0,0.0
0.0,0.0
0.0,0.0
0.0,0.0
0.0,0.0
0.0,0.0
0.0,0.0
0.0,0.0
0.0,0.0
0.0,0.0
0.0,0.0
0.0,0.0
0.0,0.0
0.0,0.0
0.0,0.0
0.0,0.0
0.0,0.0
