-10.369669914245605,21.364116668701172
0.0,0.0
0.0,0.0
0.0,0.0
0.0,0.0
0.0,0.0
0.0,0.0
0.0,0.0
0.0,0.0
0.0,0.0
0.0,0.0
0.0,0.0
0.0,0.0
0.0,0.0
0.0,0.0
0.0,0.0
0.0,0.0
0.0,0.0
-7.400686264038086,22.544403076171875
-15.479438781738281,33.32904815673828
0.0,0.0
0.0,0.0
0.0,0.0
0.0,0.0
0.0,0.0
0.0,0.0
-6.681266784667969,22.589649200439453
-11.738750457763672,33.317291259765625
0.0,0.0
0.0,0.0
0.0,0.0
0.0,0.0
0.0,0.0
0.0,0.0
0.0,0.0
0.0,0.0
0.0,0.0
0.0,0.0
0.0,0.0
0.0,0.0
0.0,0.0
0.0,0.0
0.0,0.0
0.0,0.0
0.0,0.0
0.0,0.0
0.0,0.0
0.0,0.0
0.0,0.0
0.0,0.0
-7.78079080581665,22.20186424255371
-12.723520278930664,32.937217712402344
0.0,0.0
0.0,0.0
-7.721690654754639,22.222211837768555
0.0,0.0
0.0,0.0
0.0,0.0
-7.780074119567871,22.22486114501953
-7.589991569519043,28.278501510620117
0.0,0.0
0.0,0.0
-7.334105968475342,22.21999740600586
0.0,0.0
0.0,0.0
0.0,0.0
0.0,0.0
0.0,0.0
0.0,0.0
0.0,0.0
0.0,0.0
0.0,0.0
0.0,0.0
0.0,0.0
0.0,0.0
0.0,0.0
0.0,0.0
0.0,0.0
0.0,0.0
0.0,0.0
0.0,0.0
0.0,0.0
-7.734744548797607,20.35011863708496
-7.287083148956299,30.72119140625
0.0,0.0
0.0,0.0
-7.21937894821167,22.220746994018555
-2.0,5.730000019073486
0.0,0.0
0.0,0.0
-7.777857780456543,22.222211837768555
-14.238862037658691,143.2386474609375
0.0,0.0
0.0,0.0
-7.194441795349121,19.961475372314453
0.16663052141666412,975.32763671875
0.0,0.0
0.0,0.0
0.0,0.0
0.0,0.0
0.0,0.0
0.0,0.0
0.0,0.0
0.0,0.0
0.0,0.0
0.0,0.0
0.0,0.0
0.0,0.0
0.0,0.0
0.0,0.0
0.0,0.0
0.0,0.0
0.0,0.0
0.0,0.0
-7.829992771148682,22.120729446411133
-12.585591316223145,33.179080963134766
0.0,0.0
0.0,0.0
-2.556314706802368,15.056099891662598
-9.1561279296875,32.316123962402344
0.0,0.0
0.0,0.0
-7.781318664550781,22.222209930419922
-10.812954902648926,31.02583885192871
0.0,0.0
0.0,0.0
-7.169405460357666,21.34185218811035
-3.629338026046753,373.2251892089844
0.0,0.0
0.0,0.0
0.0,0.0
0.0,0.0
0.0,0.0
0.0,0.0
0.0,0.0
0.0,0.0
0.0,0.0
0.0,0.0
0.0,0.0
0.0,0.0
0.0,0.0
0.0,0.0
0.0,0.0
0.0,0.0
0.0,0.0
0.0,0.0
-7.5642991065979,22.33379554748535
10.752470016479492,76.98607635498047
0.0,0.0
0.0,0.0
0.0,0.0
0.0,0.0
0.0,0.0
0.0,0.0
-5.9422221183776855,22.501617431640625
-16.601856231689453,33.33331298828125
0.0,0.0
0.0,0.0
-5.402156829833984,21.932025909423828
0.0,0.0
0.0,0.0
0.0,0.0
0.0,0.0
0.0,0.0
0.0,0.0
0.0,0.0
0.0,0.0
0.0,0.0
0.0,0.0
0.0,0.0
0.0,0.0
0.0,0.0
0.0,0.0
0.0,0.0
0.0,0.0
0.0,0.0
0.0,0.0
0.0,0.0
-7.753028392791748,22.24310874938965
0.0,0.0
0.0,0.0
0.0,0.0
0.0,0.0
0.0,0.0
0.0,0.0
0.0,0.0
-7.778965473175049,22.19983673095703
-9.279047966003418,32.49098205566406
0.0,0.0
0.0,0.0
0.0,0.0
0.0,0.0
0.0,0.0
0.0,0.0
0.0,0.0
0.0,0.0
0.0,0.0
0.0,0.0
0.0,0.0
0.0,0.0
0.0,0.0
0.0,0.0
0.0,0.0
0.0,0.0
0.0,0.0
0.0,0.0
0.0,0.0
0.0,0.0
0.0,0.0
0.0,0.0
-7.808923244476318,21.910451889038086
-16.409934997558594,33.333351135253906
0.0,0.0
0.0,0.0
0.0,0.0
0.0,0.0
0.0,0.0
0.0,0.0
-7.846133232116699,21.567533493041992
-5.626826763153076,33.363956451416016
0.0,0.0
0.0,0.0
-8.143455505371094,21.63541030883789
-4.9817705154418945,17.658248901367188
0.0,0.0
0.0,0.0
0.0,0.0
0.0,0.0
0.0,0.0
0.0,0.0
0.0,0.0
0.0,0.0
0.0,0.0
0.0,0.0
0.0,0.0
0.0,0.0
0.0,0.0
0.0,0.0
0.0,0.0
0.0,0.0
0.0,0.0
0.0,0.0
-7.778326034545898,22.222209930419922
0.0,0.0
0.0,0.0
0.0,0.0
0.0,0.0
0.0,0.0
0.0,0.0
0.0,0.0
-7.867147445678711,21.305856704711914
225.5229949951172,159.0509796142578
0.0,0.0
0.0,0.0
-7.946580410003662,18.128921508789062
0.0,0.0
0.0,0.0
0.0,0.0
0.0,0.0
0.0,0.0
0.0,0.0
0.0,0.0
0.0,0.0
0.0,0.0
0.0,0.0
0.0,0.0
0.0,0.0
0.0,0.0
0.0,0.0
0.0,0.0
0.0,0.0
0.0,0.0
0.0,0.0
0.0,0.0
0.0,0.0
0.0,0.0
0.0,0.0
0.0,0.0
0.0,0.0
0.0,0.0
0.0,0.0
0.0,0.0
0.0,0.0
0.0,0.0
0.0,0.0
0.0,0.0
0.0,0.0
0.0,0.0
0.0,0.0
0.0,0.0
0.0,0.0
0.0,0.0
0.0,0.0
0.0,0.0
0.0,0.0
0.0,0.0
0.0,0.0
0.0,0.0
0.0,0.0
0.0,0.0
0.0,0.0
0.0,0.0
0.0,0.0
0.0,0.0
0.0,0.0
0.0,0.0
0.0,0.0
0.0,0.0
0.0,0.0
0.0,0.0
0.0,0.0
0.0,0.0
0.0,0.0
0.0,0.0
0.0,0.0
0.0,0.0
0.0,0.0
0.0,0.0
0.0,0.0
0.0,0.0
-9.294654846191406,-1.9483461380004883
0.0,0.0
11.111105918884277,-3.5131213665008545
0.0,0.0
-1.0,1.0
0.0,0.0
4.80145263671875,-0.98089998960495
0.0,0.0
-9.36328125,8.952901840209961
0.0,0.0
11.111105918884277,-4.458118915557861
0.0,0.0
0.0,0.0
0.0,0.0
4.80145263671875,-1.0809999704360962
0.0,0.0
0.0,0.0
0.0,0.0
9.577812194824219,-1.7428416013717651
0.0,0.0
0.0,0.0
0.0,0.0
4.80145263671875,-0.8187723755836487
0.0,0.0
0.0,0.0
0.0,0.0
11.111105918884277,-8.280664443969727
0.0,0.0
0.0,0.0
0.0,0.0
9.715808868408203,-0.49568477272987366
414.04998779296875,5.0
-99.48360443115234,5.617152214050293
-43.26835250854492,499.9839172363281
-95.11526489257812,83.1405258178711
-45.60686111450195,66.14851379394531
-93.47891235351562,-47.1073112487793
-88.95267486572266,-68.13026428222656
0.0,19.100000381469727
-11.0,38.408382415771484
-97.83943176269531,21.985483169555664
-113.2348403930664,-54.63977813720703
-94.18428039550781,75.70663452148438
-43.96177673339844,76.33770751953125
-91.08662414550781,15.171623229980469
-88.25447082519531,-61.76848220825195
-38.997215270996094,73.77497863769531
-11.0,21.010000228881836
0.0,0.0
0.0,0.0
-38.31058120727539,68.42013549804688
-10.789899826049805,45.951629638671875
0.0,0.0
0.0,0.0
-10.0,0.0
-20.790000915527344,21.010000228881836
0.0,0.0
0.0,0.0
-89.11527252197266,106.43646240234375
-50.43815612792969,47.9113655090332
0.0,0.0
0.0,0.0
-33.926387786865234,84.7578125
-11.0,30.11910057067871
0.0,0.0
0.0,0.0
0.0,0.0
0.0,0.0
0.0,0.0
0.0,0.0
0.0,0.0
0.0,0.0
0.0,0.0
0.0,0.0
0.0,0.0
0.0,0.0
0.0,0.0
0.0,0.0
0.0,0.0
0.0,0.0
0.0,0.0
0.0,0.0
0.0,0.0
0.0,0.0
0.0,0.0
0.0,0.0
0.0,0.0
0.0,0.0
0.0,0.0
0.0,0.0
0.0,0.0
0.0,0.0
0.0,0.0
0.0,0.0
0.0,0.0
0.0,0.0
0.0,0.0
0.0,0.0
0.0,0.0
0.0,0.0
0.0,0.0
0.0,0.0
0.0,0.0
0.0,0.0
0.0,0.0
0.0,0.0
0.0,0.0
0.0,0.0
0.0,0.0
0.0,0.0
0.0,0.0
0.0,0.0
0.0,0.0
0.0,0.0
0.0,0.0
0.0,0.0
0.0,0.0
0.0,0.0
0.0,0.0
0.0,0.0
0.0,0.0
0.0,0.0
0.0,0.0
0.0,0.0
0.0,0.0
0.0,0.0
0.0,0.0
0.0,0.0
0.0,0.0
0.0,0.0
-6.599243640899658,6.380916118621826
0.0,0.0
0.0,0.0
0.0,0.0
0.0,0.0
0.0,0.0
11.111105918884277,1.2987805604934692
0.0,0.0
11.111105918884277,3.614830493927002
0.0,0.0
0.0,0.0
0.0,0.0
5.470694065093994,7.853750228881836
0.0,0.0
0.0,0.0
0.0,0.0
-10.206533432006836,-2.0655360221862793
0.0,0.0
0.0,0.0
0.0,0.0
0.0,0.0
0.0,0.0
3.491671085357666,-1.0536190271377563
0.0,0.0
11.111105918884277,-4.472518444061279
0.0,0.0
0.0,0.0
0.0,0.0
11.111105918884277,0.40198466181755066
0.0,0.0
0.0,0.0
0.0,0.0
-3.931941032409668,3.95218825340271
0.0,0.0
0.0,0.0
0.0,0.0
0.0,0.0
0.0,0.0
11.111105918884277,8.289131164550781
0.0,0.0
11.111105918884277,9.065526962280273
0.0,0.0
0.0,0.0
0.0,0.0
1.9349920749664307,3.499206781387329
0.0,0.0
0.0,0.0
0.0,0.0
-9.722146034240723,-4.16662073135376
0.0,0.0
0.0,0.0
0.0,0.0
0.0,0.0
0.0,0.0
4.80145263671875,-0.04797615110874176
0.0,0.0
11.111105918884277,-8.265335083007812
0.0,0.0
0.0,0.0
0.0,0.0
11.102542877197266,0.6336140036582947
0.0,0.0
0.0,0.0
0.0,0.0
0.0,0.0
0.0,0.0
0.0,0.0
0.0,0.0
0.0,0.0
0.0,0.0
0.0,0.0
0.0,0.0
0.0,0.0
0.0,0.0
0.0,0.0
0.0,0.0
0.0,0.0
0.0,0.0
0.0,0.0
0.0,0.0
-2.4659571647644043,59.42198944091797
1.2076482772827148,175.9085693359375
0.0,0.0
0.0,0.0
0.0,0.0
0.0,0.0
0.0,0.0
0.0,0.0
-4.377265930175781,55.55573272705078
-5.881012439727783,186.73133850097656
0.0,0.0
0.0,0.0
0.0,0.0
0.0,0.0
0.0,0.0
0.0,0.0
0.0,0.0
0.0,0.0
0.0,0.0
0.0,0.0
0.0,0.0
0.0,0.0
0.0,0.0
0.0,0.0
0.0,0.0
0.0,0.0
0.0,0.0
0.0,0.0
0.0,0.0
0.0,0.0
0.0,0.0
0.0,0.0
289.27252197265625,170.41160583496094
-13.132553100585938,66.66718292236328
0.0,0.0
0.0,0.0
1008.8950805664062,1015.1456909179688
0.0,0.0
0.0,0.0
0.0,0.0
72.36508178710938,105.9245834350586
-12.785760879516602,66.66824340820312
0.0,0.0
0.0,0.0
1926.222412109375,0.0
0.0,0.0
0.0,0.0
0.0,0.0
0.0,0.0
0.0,0.0
0.0,0.0
0.0,0.0
0.0,0.0
0.0,0.0
0.0,0.0
0.0,0.0
0.0,0.0
0.0,0.0
0.0,0.0
0.0,0.0
0.0,0.0
0.0,0.0
0.0,0.0
0.0,0.0
0.0,0.0
0.0,0.0
0.0,0.0
0.0,0.0
0.0,0.0
0.0,0.0
0.0,0.0
0.0,0.0
0.0,0.0
0.0,0.0
0.0,0.0
0.0,0.0
0.0,0.0
0.0,0.0
0.0,0.0
0.0,0.0
0.0,0.0
0.0,0.0
0.0,0.0
0.0,0.0
0.0,0.0
0.0,0.0
0.0,0.0
0.0,0.0
0.0,0.0
0.0,0.0
0.0,0.0
0.0,0.0
0.0,0.0
0.0,0.0
0.0,0.0
0.0,0.0
0.0,0.0
0.0,0.0
0.0,0.0
0.0,0.0
0.0,0.0
0.0,0.0
0.0,0.0
0.0,0.0
0.0,0.0
0.0,0.0
0.0,0.0
0.0,0.0
0.0,0.0
0.0,0.0
0.0,0.0
0.0,0.0
0.0,0.0
0.0,0.0
0.0,0.0
0.0,0.0
0.0,0.0
0.0,0.0
0.0,0.0
0.0,0.0
0.0,0.0
0.0,0.0
0.0,0.0
0.0,0.0
0.0,0.0
0.0,0.0
0.0,0.0
0.0,0.0
-4.44444465637207,55.55553436279297
-12.97787094116211,66.6666259765625
0.0,0.0
0.0,0.0
0.0,0.0
0.0,0.0
0.0,0.0
0.0,0.0
-4.44444465637207,55.55553436279297
-11.545463562011719,66.6668472290039
0.0,0.0
0.0,0.0
0.0,0.0
0.0,0.0
0.0,0.0
0.0,0.0
0.0,0.0
0.0,0.0
0.0,0.0
0.0,0.0
0.0,0.0
0.0,0.0
0.0,0.0
0.0,0.0
0.0,0.0
0.0,0.0
0.0,0.0
0.0,0.0
0.0,0.0
0.0,0.0
0.0,0.0
0.0,0.0
-4.443399906158447,55.55557632446289
-13.124763488769531,66.6666259765625
0.0,0.0
0.0,0.0
0.0,0.0
0.0,0.0
0.0,0.0
0.0,0.0
-4.409148216247559,55.90375518798828
-13.330921173095703,66.6666259765625
0.0,0.0
0.0,0.0
0.0,0.0
0.0,0.0
0.0,0.0
0.0,0.0
0.0,0.0
0.0,0.0
0.0,0.0
0.0,0.0
0.0,0.0
0.0,0.0
0.0,0.0
0.0,0.0
0.0,0.0
0.0,0.0
0.0,0.0
0.0,0.0
0.0,0.0
0.0,0.0
0.0,0.0
0.0,0.0
0.0,0.0
0.0,0.0
0.0,0.0
0.0,0.0
0.0,0.0
0.0,0.0
0.0,0.0
0.0,0.0
0.0,0.0
0.0,0.0
0.0,0.0
0.0,0.0
0.0,0.0
0.0,0.0
0.0,0.0
0.0,0.0
0.0,0.0
0.0,0.0
0.0,0.0
0.0,0.0
0.0,0.0
0.0,0.0
0.0,0.0
0.0,0.0
0.0,0.0
0.0,0.0
0.0,0.0
0.0,0.0
0.0,0.0
0.0,0.0
0.0,0.0
0.0,0.0
0.0,0.0
0.0,0.0
0.0,0.0
0.0,0.0
0.0,0.0
0.0,0.0
0.0,0.0
0.0,0.0
0.0,0.0
0.0,0.0
0.0,0.0
0.0,0.0
0.0,0.0
0.0,0.0
-4.473195552825928,9.254480361938477
0.0,0.0
8.875165939331055,-0.9282631874084473
0.0,0.0
0.0,0.0
0.0,0.0
0.0,0.0
0.0,0.0
-1.8015861511230469,10.318761825561523
0.0,0.0
2.738100051879883,-0.9900000095367432
0.0,0.0
0.0,0.0
0.0,0.0
0.0,0.0
0.0,0.0
-4.996284008026123,8.550786972045898
0.0,0.0
11.111105918884277,-8.864877700805664
0.0,0.0
0.0,0.0
0.0,0.0
0.0,0.0
0.0,0.0
-3.861436367034912,10.059651374816895
0.0,0.0
11.111105918884277,-8.82852554321289
0.0,0.0
0.0,0.0
0.0,0.0
0.0,0.0
0.0,0.0
-85.83641815185547,111.56733703613281
-37.345916748046875,52.815982818603516
-87.7485580444336,111.11106872558594
-11.0,45.951629638671875
-10.0,58.8608283996582
0.0,0.0
0.0,0.0
0.0,0.0
-89.33808135986328,110.36956787109375
-48.2958984375,101.85478210449219
-76.38797760009766,111.06684112548828
0.0,0.0
-19.0,67.8426513671875
0.0,0.0
0.0,0.0
0.0,0.0
-88.26658630371094,111.11106872558594
-29.092750549316406,59.06254577636719
-88.15624237060547,111.15135955810547
-83.23397827148438,122.21484375
-9.899999618530273,389.71051025390625
0.0,0.0
35.206825256347656,21.733699798583984
0.0,0.0
-87.37500762939453,110.43441009521484
-35.92757034301758,108.25525665283203
-89.50390625,386.6568603515625
-86.26689147949219,122.22058868408203
-26.36800765991211,553.5633544921875
0.0,0.0
-32.79076385498047,813.0189819335938
0.0,0.0
0.0,0.0
0.0,0.0
0.0,0.0
0.0,0.0
0.0,0.0
0.0,0.0
0.0,0.0
0.0,0.0
0.0,0.0
0.0,0.0
0.0,0.0
0.0,0.0
0.0,0.0
0.0,0.0
0.0,0.0
0.0,0.0
0.0,0.0
0.0,0.0
0.0,0.0
0.0,0.0
0.0,0.0
0.0,0.0
0.0,0.0
0.0,0.0
0.0,0.0
0.0,0.0
0.0,0.0
0.0,0.0
0.0,0.0
0.0,0.0
0.0,0.0
0.0,0.0
0.0,0.0
0.0,0.0
0.0,0.0
0.0,0.0
0.0,0.0
0.0,0.0
0.0,0.0
0.0,0.0
0.0,0.0
0.0,0.0
0.0,0.0
0.0,0.0
0.0,0.0
0.0,0.0
0.0,0.0
0.0,0.0
0.0,0.0
0.0,0.0
0.0,0.0
0.0,0.0
0.0,0.0
0.0,0.0
0.0,0.0
0.0,0.0
0.0,0.0
0.0,0.0
0.0,0.0
0.0,0.0
0.0,0.0
0.0,0.0
0.0,0.0
0.0,0.0
0.0,0.0
0.0,0.0
-1.0,0.0
0.0,0.0
0.0,0.0
0.0,0.0
0.0,0.0
0.0,0.0
10.738507270812988,-3.228159189224243
0.0,0.0
4.80145263671875,-1.88100004196167
0.0,0.0
0.0,0.0
0.0,0.0
0.0,0.0
0.0,0.0
0.0,0.0
0.0,0.0
-8.888885498046875,11.111105918884277
0.0,0.0
0.0,0.0
0.0,0.0
0.0,0.0
0.0,0.0
10.772041320800781,-5.180391788482666
0.0,0.0
11.111105918884277,-8.888885498046875
0.0,0.0
0.0,0.0
0.0,0.0
0.0,0.0
0.0,0.0
0.0,0.0
0.0,0.0
0.0,0.0
0.0,0.0
0.0,0.0
0.0,0.0
0.0,0.0
0.0,0.0
7.528049945831299,-0.9650833010673523
0.0,0.0
1.0,0.0
0.0,0.0
0.0,0.0
0.0,0.0
0.0,0.0
0.0,0.0
0.0,0.0
0.0,0.0
-5.6058197021484375,11.104016304016113
0.0,0.0
0.0,0.0
0.0,0.0
0.0,0.0
0.0,0.0
7.850525379180908,-1.783833384513855
0.0,0.0
11.111105918884277,-8.888885498046875
0.0,0.0
0.0,0.0
0.0,0.0
0.0,0.0
0.0,0.0
0.0,0.0
0.0,0.0
0.0,0.0
0.0,0.0
0.0,0.0
0.0,0.0
0.0,0.0
0.0,0.0
0.0,0.0
0.0,0.0
0.0,0.0
0.0,0.0
0.0,0.0
0.0,0.0
0.0,0.0
0.0,0.0
0.0,0.0
0.0,0.0
0.0,0.0
0.0,0.0
0.0,0.0
0.0,0.0
0.0,0.0
0.0,0.0
0.0,0.0
0.0,0.0
0.0,0.0
0.0,0.0
0.0,0.0
0.0,0.0
0.0,0.0
0.0,0.0
0.0,0.0
0.0,0.0
0.0,0.0
0.0,0.0
0.0,0.0
0.0,0.0
0.0,0.0
0.0,0.0
0.0,0.0
0.0,0.0
0.0,0.0
0.0,0.0
0.0,0.0
0.0,0.0
0.0,0.0
0.0,0.0
0.0,0.0
0.0,0.0
0.0,0.0
0.0,0.0
0.0,0.0
0.0,0.0
0.0,0.0
0.0,0.0
0.0,0.0
0.0,0.0
0.0,0.0
0.0,0.0
0.0,0.0
0.0,0.0
0.0,0.0
0.0,0.0
