-10.186918258666992,9.293543815612793
0.0,0.0
0.0,0.0
0.0,0.0
0.0,0.0
0.0,0.0
0.0,0.0
0.0,0.0
0.0,0.0
0.0,0.0
0.0,0.0
0.0,0.0
0.0,0.0
0.0,0.0
0.0,0.0
0.0,0.0
0.0,0.0
0.0,0.0
-5.174567699432373,15.81630802154541
-19.989849090576172,0.0
0.0,0.0
0.0,0.0
0.0,0.0
0.0,0.0
0.0,0.0
0.0,0.0
-6.883808612823486,15.310535430908203
-15.424642562866211,0.0
0.0,0.0
0.0,0.0
0.0,0.0
0.0,0.0
0.0,0.0
0.0,0.0
0.0,0.0
0.0,0.0
0.0,0.0
0.0,0.0
0.0,0.0
0.0,0.0
0.0,0.0
0.0,0.0
0.0,0.0
0.0,0.0
0.0,0.0
0.0,0.0
0.0,0.0
0.0,0.0
0.0,0.0
0.0,0.0
-8.673455238342285,11.119708061218262
-5.420000076293945,0.0
0.0,0.0
0.0,0.0
-8.880807876586914,11.052325248718262
0.0,0.0
0.0,0.0
0.0,0.0
-8.88990306854248,11.111054420471191
0.0,0.0
0.0,0.0
0.0,0.0
-8.226922988891602,11.107017517089844
0.0,0.0
0.0,0.0
0.0,0.0
0.0,0.0
0.0,0.0
0.0,0.0
0.0,0.0
0.0,0.0
0.0,0.0
0.0,0.0
0.0,0.0
0.0,0.0
0.0,0.0
0.0,0.0
0.0,0.0
0.0,0.0
0.0,0.0
0.0,0.0
0.0,0.0
-8.909796714782715,11.111105918884277
-18.441282272338867,-0.017890414223074913
0.0,0.0
0.0,0.0
-8.096978187561035,11.108075141906738
-5.420000076293945,0.0
0.0,0.0
0.0,0.0
-9.021946907043457,6.203747749328613
-9.535701751708984,0.0179037693887949
0.0,0.0
0.0,0.0
-8.285568237304688,11.111105918884277
-14.315922737121582,0.7606537938117981
0.0,0.0
0.0,0.0
0.0,0.0
0.0,0.0
0.0,0.0
0.0,0.0
0.0,0.0
0.0,0.0
0.0,0.0
0.0,0.0
0.0,0.0
0.0,0.0
0.0,0.0
0.0,0.0
0.0,0.0
0.0,0.0
0.0,0.0
0.0,0.0
-8.658652305603027,11.105854988098145
-9.371179580688477,0.0
0.0,0.0
0.0,0.0
-3.359628915786743,5.802182197570801
-8.190199851989746,0.0
0.0,0.0
0.0,0.0
-8.907371520996094,11.110236167907715
-11.784080505371094,240.14501953125
0.0,0.0
0.0,0.0
-8.568902969360352,11.111105918884277
-13.48532772064209,-0.13802309334278107
0.0,0.0
0.0,0.0
0.0,0.0
0.0,0.0
0.0,0.0
0.0,0.0
0.0,0.0
0.0,0.0
0.0,0.0
0.0,0.0
0.0,0.0
0.0,0.0
0.0,0.0
0.0,0.0
0.0,0.0
0.0,0.0
0.0,0.0
0.0,0.0
-6.67945671081543,13.843428611755371
-10.526850700378418,13.043352127075195
0.0,0.0
0.0,0.0
0.0,0.0
0.0,0.0
0.0,0.0
0.0,0.0
-6.687966823577881,14.42674732208252
-19.970890045166016,0.0
0.0,0.0
0.0,0.0
-4.852662086486816,10.240397453308105
0.0,0.0
0.0,0.0
0.0,0.0
0.0,0.0
0.0,0.0
0.0,0.0
0.0,0.0
0.0,0.0
0.0,0.0
0.0,0.0
0.0,0.0
0.0,0.0
0.0,0.0
0.0,0.0
0.0,0.0
0.0,0.0
0.0,0.0
0.0,0.0
0.0,0.0
0.0,0.0
0.0,0.0
0.0,0.0
0.0,0.0
0.0,0.0
0.0,0.0
0.0,0.0
0.0,0.0
0.0,0.0
0.0,0.0
0.0,0.0
0.0,0.0
0.0,0.0
0.0,0.0
0.0,0.0
0.0,0.0
0.0,0.0
0.0,0.0
0.0,0.0
0.0,0.0
0.0,0.0
0.0,0.0
0.0,0.0
0.0,0.0
0.0,0.0
0.0,0.0
0.0,0.0
0.0,0.0
0.0,0.0
0.0,0.0
0.0,0.0
0.0,0.0
-8.912102699279785,10.87841796875
-19.96439552307129,2.3494008862391495e-15
0.0,0.0
0.0,0.0
0.0,0.0
0.0,0.0
0.0,0.0
0.0,0.0
-8.934830665588379,10.653965950012207
-0.6798561215400696,122.81253814697266
0.0,0.0
0.0,0.0
-9.293745040893555,8.683863639831543
-3.799999952316284,365.6199951171875
0.0,0.0
0.0,0.0
0.0,0.0
0.0,0.0
0.0,0.0
0.0,0.0
0.0,0.0
0.0,0.0
0.0,0.0
0.0,0.0
0.0,0.0
0.0,0.0
0.0,0.0
0.0,0.0
0.0,0.0
0.0,0.0
0.0,0.0
0.0,0.0
-8.936370849609375,11.090821266174316
-2.0,0.0
0.0,0.0
0.0,0.0
0.0,0.0
0.0,0.0
0.0,0.0
0.0,0.0
-8.971537590026855,9.743708610534668
-10.048942565917969,226.25054931640625
0.0,0.0
0.0,0.0
-9.1395845413208,9.787332534790039
-2.0,200.0
0.0,0.0
0.0,0.0
0.0,0.0
0.0,0.0
0.0,0.0
0.0,0.0
0.0,0.0
0.0,0.0
0.0,0.0
0.0,0.0
0.0,0.0
0.0,0.0
0.0,0.0
0.0,0.0
0.0,0.0
0.0,0.0
0.0,0.0
0.0,0.0
0.0,0.0
0.0,0.0
0.0,0.0
0.0,0.0
0.0,0.0
0.0,0.0
0.0,0.0
0.0,0.0
0.0,0.0
0.0,0.0
0.0,0.0
0.0,0.0
0.0,0.0
0.0,0.0
0.0,0.0
0.0,0.0
0.0,0.0
0.0,0.0
0.0,0.0
0.0,0.0
0.0,0.0
0.0,0.0
0.0,0.0
0.0,0.0
0.0,0.0
0.0,0.0
0.0,0.0
0.0,0.0
0.0,0.0
0.0,0.0
0.0,0.0
0.0,0.0
0.0,0.0
0.0,0.0
0.0,0.0
0.0,0.0
0.0,0.0
0.0,0.0
0.0,0.0
0.0,0.0
0.0,0.0
0.0,0.0
0.0,0.0
0.0,0.0
0.0,0.0
0.0,0.0
-9.819804191589355,4.361367225646973
-16.451066970825195,9.584667205810547
33.33331298828125,-13.608772277832031
15.701050758361816,-3.9618000984191895
0.0,0.0
0.0,0.0
12.532261848449707,0.0
2.0,0.0
-9.687191009521484,3.0387017726898193
-20.735427856445312,-8.705461502075195
33.33331298828125,-14.73556900024414
18.5190486907959,-4.565644264221191
0.0,0.0
0.0,0.0
16.10796546936035,0.0
2.0,0.0
0.0,0.0
0.0,0.0
32.21552276611328,-11.551933288574219
11.772165298461914,0.32135239243507385
0.0,0.0
0.0,0.0
17.658248901367188,0.0
2.0,0.0
0.0,0.0
0.0,0.0
33.33331298828125,-16.54693603515625
103.24915313720703,-3.9164516925811768
0.0,0.0
0.0,0.0
25.962085723876953,0.0
8.354841232299805,-5.907238006591797
-3.704373598098755,48.82215118408203
-11.571059226989746,-11.003403663635254
33.33331298828125,-25.97364044189453
6.983342170715332,0.7492486834526062
-6.139545440673828,55.067813873291016
-6.947150230407715,35.64554214477539
8.214300155639648,-3.0
3.819999933242798,0.0
-3.3380467891693115,68.46993255615234
-17.468679428100586,92.66908264160156
33.33331298828125,-10.732682228088379
17.30805778503418,-6.035910129547119
-3.750082492828369,39.61789321899414
-13.902568817138672,33.25264358520508
28.278501510620117,-2.8746774196624756
9.6029052734375,0.0
0.0,0.0
0.0,0.0
25.962085723876953,-5.361368179321289
2.0,0.0
0.0,0.0
0.0,0.0
14.40435791015625,0.0
0.0,0.0
0.0,0.0
0.0,0.0
33.332794189453125,-21.295391082763672
15.701050758361816,-7.438526153564453
0.0,0.0
0.0,0.0
31.170217514038086,-7.536273956298828
8.354841232299805,-4.735786437988281
0.0,0.0
0.0,0.0
0.0,0.0
0.0,0.0
0.0,0.0
0.0,0.0
0.0,0.0
0.0,0.0
0.0,0.0
0.0,0.0
0.0,0.0
0.0,0.0
0.0,0.0
0.0,0.0
0.0,0.0
0.0,0.0
0.0,0.0
0.0,0.0
0.0,0.0
0.0,0.0
0.0,0.0
0.0,0.0
0.0,0.0
0.0,0.0
0.0,0.0
0.0,0.0
0.0,0.0
0.0,0.0
0.0,0.0
0.0,0.0
0.0,0.0
0.0,0.0
0.0,0.0
0.0,0.0
0.0,0.0
0.0,0.0
0.0,0.0
0.0,0.0
0.0,0.0
0.0,0.0
0.0,0.0
0.0,0.0
0.0,0.0
0.0,0.0
0.0,0.0
0.0,0.0
0.0,0.0
0.0,0.0
0.0,0.0
0.0,0.0
0.0,0.0
0.0,0.0
0.0,0.0
0.0,0.0
0.0,0.0
0.0,0.0
0.0,0.0
0.0,0.0
0.0,0.0
0.0,0.0
0.0,0.0
0.0,0.0
0.0,0.0
0.0,0.0
0.0,0.0
0.0,0.0
-9.127775192260742,5.703042984008789
0.0,0.0
0.0,0.0
0.0,0.0
0.0,0.0
0.0,0.0
33.33331298828125,13.287267684936523
0.0,0.0
33.33331298828125,8.059326171875
0.0,0.0
0.0,0.0
0.0,0.0
3.1253225803375244,25.233060836791992
0.0,0.0
0.0,0.0
0.0,0.0
-10.16712474822998,-1.6716989278793335
0.0,0.0
0.0,0.0
0.0,0.0
0.0,0.0
0.0,0.0
17.658248901367188,-3.0
0.0,0.0
33.33331298828125,-15.349616050720215
0.0,0.0
0.0,0.0
0.0,0.0
33.33331298828125,15.370508193969727
0.0,0.0
0.0,0.0
0.0,0.0
-7.44743537902832,10.816901206970215
0.0,0.0
0.0,0.0
0.0,0.0
0.0,0.0
0.0,0.0
33.33331298828125,18.073810577392578
0.0,0.0
33.33331298828125,2.896606206893921
0.0,0.0
0.0,0.0
0.0,0.0
0.0,14.40435791015625
0.0,0.0
0.0,0.0
0.0,0.0
-8.866185188293457,9.29069995880127
0.0,0.0
0.0,0.0
0.0,0.0
0.0,0.0
0.0,0.0
8.214300155639648,-5.6427001953125
0.0,0.0
33.33331298828125,-6.410046577453613
0.0,0.0
0.0,0.0
0.0,0.0
33.332618713378906,-3.147416353225708
0.0,0.0
0.0,0.0
0.0,0.0
0.0,0.0
0.0,0.0
0.0,0.0
0.0,0.0
0.0,0.0
0.0,0.0
0.0,0.0
0.0,0.0
0.0,0.0
0.0,0.0
0.0,0.0
0.0,0.0
0.0,0.0
0.0,0.0
0.0,0.0
0.0,0.0
-5.245699882507324,50.16829299926758
-4.719703197479248,121.21416473388672
0.0,0.0
0.0,0.0
0.0,0.0
0.0,0.0
0.0,0.0
0.0,0.0
-3.543537139892578,60.71493148803711
-15.366772651672363,170.76544189453125
0.0,0.0
0.0,0.0
0.0,0.0
0.0,0.0
0.0,0.0
0.0,0.0
0.0,0.0
0.0,0.0
0.0,0.0
0.0,0.0
0.0,0.0
0.0,0.0
0.0,0.0
0.0,0.0
0.0,0.0
0.0,0.0
0.0,0.0
0.0,0.0
0.0,0.0
0.0,0.0
0.0,0.0
0.0,0.0
-4.933014869689941,194.15130615234375
-15.37525749206543,36.34189987182617
0.0,0.0
0.0,0.0
175.72425842285156,447.3923645019531
0.0,0.0
0.0,0.0
0.0,0.0
-3.022645950317383,100.18485260009766
-12.658082008361816,22.76378059387207
0.0,0.0
0.0,0.0
615.1819458007812,211.30068969726562
0.0,0.0
0.0,0.0
0.0,0.0
0.0,0.0
0.0,0.0
0.0,0.0
0.0,0.0
0.0,0.0
0.0,0.0
0.0,0.0
0.0,0.0
0.0,0.0
0.0,0.0
0.0,0.0
0.0,0.0
0.0,0.0
0.0,0.0
0.0,0.0
0.0,0.0
0.0,0.0
0.0,0.0
0.0,0.0
0.0,0.0
0.0,0.0
0.0,0.0
0.0,0.0
0.0,0.0
0.0,0.0
0.0,0.0
0.0,0.0
0.0,0.0
0.0,0.0
0.0,0.0
0.0,0.0
0.0,0.0
0.0,0.0
0.0,0.0
0.0,0.0
0.0,0.0
0.0,0.0
0.0,0.0
0.0,0.0
0.0,0.0
0.0,0.0
0.0,0.0
0.0,0.0
0.0,0.0
0.0,0.0
0.0,0.0
0.0,0.0
0.0,0.0
0.0,0.0
0.0,0.0
0.0,0.0
0.0,0.0
0.0,0.0
0.0,0.0
0.0,0.0
0.0,0.0
0.0,0.0
0.0,0.0
0.0,0.0
0.0,0.0
0.0,0.0
0.0,0.0
0.0,0.0
0.0,0.0
0.0,0.0
0.0,0.0
0.0,0.0
0.0,0.0
0.0,0.0
0.0,0.0
0.0,0.0
0.0,0.0
0.0,0.0
0.0,0.0
0.0,0.0
0.0,0.0
0.0,0.0
0.0,0.0
0.0,0.0
0.0,0.0
-5.891714572906494,33.333396911621094
-14.130455017089844,23.328697204589844
0.0,0.0
0.0,0.0
0.0,0.0
0.0,0.0
0.0,0.0
0.0,0.0
-6.6666483879089355,33.33348846435547
-16.895963668823242,62.0667610168457
0.0,0.0
0.0,0.0
0.0,0.0
0.0,0.0
0.0,0.0
0.0,0.0
0.0,0.0
0.0,0.0
0.0,0.0
0.0,0.0
0.0,0.0
0.0,0.0
0.0,0.0
0.0,0.0
0.0,0.0
0.0,0.0
0.0,0.0
0.0,0.0
0.0,0.0
0.0,0.0
0.0,0.0
0.0,0.0
-5.841291427612305,33.340091705322266
-14.681049346923828,22.22182846069336
0.0,0.0
0.0,0.0
0.0,0.0
0.0,0.0
0.0,0.0
0.0,0.0
-6.145112037658691,40.06973648071289
-17.772069931030273,22.222211837768555
0.0,0.0
0.0,0.0
0.0,0.0
0.0,0.0
0.0,0.0
0.0,0.0
0.0,0.0
0.0,0.0
0.0,0.0
0.0,0.0
0.0,0.0
0.0,0.0
0.0,0.0
0.0,0.0
0.0,0.0
0.0,0.0
0.0,0.0
0.0,0.0
0.0,0.0
0.0,0.0
0.0,0.0
0.0,0.0
0.0,0.0
0.0,0.0
0.0,0.0
0.0,0.0
0.0,0.0
0.0,0.0
0.0,0.0
0.0,0.0
0.0,0.0
0.0,0.0
0.0,0.0
0.0,0.0
0.0,0.0
0.0,0.0
0.0,0.0
0.0,0.0
0.0,0.0
0.0,0.0
0.0,0.0
0.0,0.0
0.0,0.0
0.0,0.0
0.0,0.0
0.0,0.0
0.0,0.0
0.0,0.0
0.0,0.0
0.0,0.0
0.0,0.0
0.0,0.0
0.0,0.0
0.0,0.0
0.0,0.0
0.0,0.0
0.0,0.0
0.0,0.0
0.0,0.0
0.0,0.0
0.0,0.0
0.0,0.0
0.0,0.0
0.0,0.0
0.0,0.0
0.0,0.0
0.0,0.0
0.0,0.0
-6.462647438049316,33.33331298828125
-3.799999952316284,3.819999933242798
-5.823182106018066,33.292144775390625
-2.0,0.0
0.0,0.0
0.0,0.0
0.0,0.0
0.0,0.0
-6.6675519943237305,33.33331298828125
-6.629714012145996,18.5190486907959
-2.2281696796417236,29.86698341369629
0.0,0.0
0.0,0.0
0.0,0.0
0.0,0.0
0.0,0.0
-6.485236644744873,33.33331298828125
-3.7618000507354736,6.983342170715332
-6.666666507720947,33.33331298828125
-13.575883865356445,21.996505737304688
0.0,0.0
0.0,0.0
0.0,0.0
0.0,0.0
-6.649992942810059,33.33331298828125
-7.955385684967041,18.152801513671875
-6.527945518493652,33.33400344848633
-12.438682556152344,22.221649169921875
0.0,0.0
0.0,0.0
0.0,0.0
0.0,0.0
-6.559665203094482,33.33296585083008
-5.33216667175293,9.6029052734375
-5.450610160827637,33.31204605102539
-2.0,0.0
-1.8427000045776367,10.47501277923584
0.0,0.0
0.0,0.0
0.0,0.0
-6.189521789550781,33.333351135253906
-3.799999952316284,14.347362518310547
-3.449697494506836,27.778573989868164
0.0,0.0
-2.510974645614624,17.658248901367188
0.0,0.0
0.0,0.0
0.0,0.0
-6.607829570770264,33.33293151855469
-6.823237895965576,8.354841232299805
-6.666670799255371,33.33331298828125
-12.589239120483398,21.981910705566406
-1.8700000047683716,8.214300155639648
0.0,0.0
-2.3242504596710205,30.178955078125
0.0,0.0
-6.238341331481934,33.333351135253906
-3.6728732585906982,16.28795623779297
-6.634950160980225,33.333351135253906
-11.773214340209961,22.1782169342041
-0.5519202947616577,196.92825317382812
0.0,0.0
122.05006408691406,128.6849365234375
0.0,0.0
0.0,0.0
0.0,0.0
0.0,0.0
0.0,0.0
0.0,0.0
0.0,0.0
0.0,0.0
0.0,0.0
0.0,0.0
0.0,0.0
0.0,0.0
0.0,0.0
0.0,0.0
0.0,0.0
0.0,0.0
0.0,0.0
0.0,0.0
0.0,0.0
0.0,0.0
0.0,0.0
0.0,0.0
0.0,0.0
0.0,0.0
0.0,0.0
0.0,0.0
0.0,0.0
0.0,0.0
0.0,0.0
0.0,0.0
0.0,0.0
0.0,0.0
0.0,0.0
0.0,0.0
0.0,0.0
0.0,0.0
0.0,0.0
0.0,0.0
0.0,0.0
0.0,0.0
0.0,0.0
0.0,0.0
0.0,0.0
0.0,0.0
0.0,0.0
0.0,0.0
0.0,0.0
0.0,0.0
0.0,0.0
0.0,0.0
0.0,0.0
0.0,0.0
0.0,0.0
0.0,0.0
0.0,0.0
0.0,0.0
0.0,0.0
0.0,0.0
0.0,0.0
0.0,0.0
0.0,0.0
0.0,0.0
0.0,0.0
0.0,0.0
0.0,0.0
0.0,0.0
0.0,0.0
0.0,10.47501277923584
0.0,0.0
0.0,0.0
0.0,0.0
0.0,0.0
0.0,0.0
-4.434323787689209,33.253623962402344
0.0,0.0
-0.8559564352035522,14.40435791015625
0.0,0.0
0.0,0.0
0.0,0.0
0.0,0.0
0.0,0.0
0.0,0.0
0.0,0.0
-6.666816234588623,33.33321762084961
0.0,0.0
0.0,0.0
0.0,0.0
0.0,0.0
0.0,0.0
-5.03329610824585,33.30229568481445
0.0,0.0
-6.666666507720947,33.33331298828125
0.0,0.0
0.0,0.0
0.0,0.0
0.0,0.0
0.0,0.0
0.0,0.0
0.0,0.0
0.0,0.0
0.0,0.0
0.0,0.0
0.0,0.0
0.0,0.0
0.0,0.0
0.0,0.0
0.0,0.0
0.0,0.0
0.0,0.0
0.0,0.0
0.0,0.0
0.0,0.0
0.0,0.0
0.0,0.0
0.0,0.0
-1.0,8.214300155639648
0.0,0.0
0.0,0.0
0.0,0.0
0.0,0.0
0.0,0.0
0.0,0.0
0.0,0.0
-4.55733060836792,33.292144775390625
0.0,0.0
0.0,0.0
0.0,0.0
0.0,0.0
0.0,0.0
0.0,0.0
0.0,0.0
0.0,0.0
0.0,0.0
0.0,0.0
0.0,0.0
0.0,0.0
0.0,0.0
0.0,0.0
0.0,0.0
0.0,0.0
0.0,0.0
0.0,0.0
0.0,0.0
0.0,0.0
0.0,0.0
0.0,0.0
0.0,0.0
0.0,0.0
0.0,0.0
0.0,0.0
0.0,0.0
0.0,0.0
0.0,0.0
0.0,0.0
0.0,0.0
0.0,0.0
0.0,0.0
0.0,0.0
0.0,0.0
0.0,0.0
0.0,0.0
0.0,0.0
0.0,0.0
0.0,0.0
0.0,0.0
0.0,0.0
0.0,0.0
0.0,0.0
0.0,0.0
0.0,0.0
0.0,0.0
0.0,0.0
0.0,0.0
0.0,0.0
0.0,0.0
0.0,0.0
0.0,0.0
0.0,0.0
0.0,0.0
0.0,0.0
0.0,0.0
0.0,0.0
0.0,0.0
0.0,0.0
0.0,0.0
0.0,0.0
0.0,0.0
0.0,0.0
0.0,0.0
0.0,0.0
0.0,0.0
0.0,0.0
0.0,0.0
