-11.492982864379883,8.764205932617188
0.0,0.0
0.0,0.0
0.0,0.0
0.0,0.0
0.0,0.0
0.0,0.0
0.0,0.0
0.0,0.0
0.0,0.0
0.0,0.0
0.0,0.0
0.0,0.0
0.0,0.0
0.0,0.0
0.0,0.0
0.0,0.0
0.0,0.0
-4.705488681793213,15.817423820495605
-19.998767852783203,0.0
0.0,0.0
0.0,0.0
0.0,0.0
0.0,0.0
0.0,0.0
0.0,0.0
-3.835773229598999,15.31157112121582
-19.635040283203125,0.0
0.0,0.0
0.0,0.0
0.0,0.0
0.0,0.0
0.0,0.0
0.0,0.0
0.0,0.0
0.0,0.0
0.0,0.0
0.0,0.0
0.0,0.0
0.0,0.0
0.0,0.0
0.0,0.0
0.0,0.0
0.0,0.0
0.0,0.0
0.0,0.0
0.0,0.0
0.0,0.0
0.0,0.0
0.0,0.0
-8.89040470123291,11.10439682006836
-5.420000076293945,0.0
0.0,0.0
0.0,0.0
-8.888858795166016,11.111105918884277
0.0,0.0
0.0,0.0
0.0,0.0
-8.889185905456543,11.111099243164062
0.0,0.0
0.0,0.0
0.0,0.0
-8.70513916015625,11.027928352355957
0.0,0.0
0.0,0.0
0.0,0.0
0.0,0.0
0.0,0.0
0.0,0.0
0.0,0.0
0.0,0.0
0.0,0.0
0.0,0.0
0.0,0.0
0.0,0.0
0.0,0.0
0.0,0.0
0.0,0.0
0.0,0.0
0.0,0.0
0.0,0.0
0.0,0.0
-8.889884948730469,11.111105918884277
-19.11476707458496,-0.7164033651351929
0.0,0.0
0.0,0.0
-8.311601638793945,11.111059188842773
-5.420000076293945,0.0
0.0,0.0
0.0,0.0
-8.907285690307617,11.110846519470215
-14.045199394226074,170.91372680664062
0.0,0.0
0.0,0.0
-8.717479705810547,11.00500774383545
-14.315922737121582,94.16584777832031
0.0,0.0
0.0,0.0
0.0,0.0
0.0,0.0
0.0,0.0
0.0,0.0
0.0,0.0
0.0,0.0
0.0,0.0
0.0,0.0
0.0,0.0
0.0,0.0
0.0,0.0
0.0,0.0
0.0,0.0
0.0,0.0
0.0,0.0
0.0,0.0
-8.702417373657227,11.110451698303223
-10.434062004089355,0.0
0.0,0.0
0.0,0.0
-3.359628915786743,6.2799859046936035
-9.371179580688477,0.0
0.0,0.0
0.0,0.0
-8.906535148620605,11.1106595993042
6.879253387451172,8.171568870544434
0.0,0.0
0.0,0.0
-8.878266334533691,11.09627914428711
-15.726914405822754,-0.003832874121144414
0.0,0.0
0.0,0.0
0.0,0.0
0.0,0.0
0.0,0.0
0.0,0.0
0.0,0.0
0.0,0.0
0.0,0.0
0.0,0.0
0.0,0.0
0.0,0.0
0.0,0.0
0.0,0.0
0.0,0.0
0.0,0.0
0.0,0.0
0.0,0.0
-6.6783246994018555,13.843428611755371
2.3069355487823486,10.61761474609375
0.0,0.0
0.0,0.0
0.0,0.0
0.0,0.0
0.0,0.0
0.0,0.0
-6.695277214050293,14.428338050842285
-18.891979217529297,1.4031524287741112e-16
0.0,0.0
0.0,0.0
-4.852662086486816,11.01161003112793
-3.799999952316284,0.0
0.0,0.0
0.0,0.0
0.0,0.0
0.0,0.0
0.0,0.0
0.0,0.0
0.0,0.0
0.0,0.0
0.0,0.0
0.0,0.0
0.0,0.0
0.0,0.0
0.0,0.0
0.0,0.0
0.0,0.0
0.0,0.0
0.0,0.0
0.0,0.0
0.0,0.0
0.0,0.0
0.0,0.0
0.0,0.0
0.0,0.0
0.0,0.0
0.0,0.0
0.0,0.0
0.0,0.0
0.0,0.0
0.0,0.0
0.0,0.0
0.0,0.0
0.0,0.0
0.0,0.0
0.0,0.0
0.0,0.0
0.0,0.0
0.0,0.0
0.0,0.0
0.0,0.0
0.0,0.0
0.0,0.0
0.0,0.0
0.0,0.0
0.0,0.0
0.0,0.0
0.0,0.0
0.0,0.0
0.0,0.0
0.0,0.0
0.0,0.0
-8.912102699279785,10.87841796875
-18.5789794921875,0.5709211826324463
0.0,0.0
0.0,0.0
0.0,0.0
0.0,0.0
0.0,0.0
0.0,0.0
-8.935402870178223,10.645705223083496
-11.008316993713379,43.30175018310547
0.0,0.0
0.0,0.0
-9.277871131896973,6.524629592895508
-3.799999952316284,502.7699279785156
0.0,0.0
0.0,0.0
0.0,0.0
0.0,0.0
0.0,0.0
0.0,0.0
0.0,0.0
0.0,0.0
0.0,0.0
0.0,0.0
0.0,0.0
0.0,0.0
0.0,0.0
0.0,0.0
0.0,0.0
0.0,0.0
0.0,0.0
0.0,0.0
-8.897342681884766,11.110600471496582
-2.4285008907318115,137.14991760253906
0.0,0.0
0.0,0.0
0.0,0.0
0.0,0.0
0.0,0.0
0.0,0.0
-8.951391220092773,10.52608871459961
0.9820071458816528,220.59716796875
0.0,0.0
0.0,0.0
-9.176883697509766,8.007561683654785
-2.0,165.6199951171875
0.0,0.0
0.0,0.0
0.0,0.0
0.0,0.0
0.0,0.0
0.0,0.0
0.0,0.0
0.0,0.0
0.0,0.0
0.0,0.0
0.0,0.0
0.0,0.0
0.0,0.0
0.0,0.0
0.0,0.0
0.0,0.0
0.0,0.0
0.0,0.0
0.0,0.0
0.0,0.0
0.0,0.0
0.0,0.0
0.0,0.0
0.0,0.0
0.0,0.0
0.0,0.0
0.0,0.0
0.0,0.0
0.0,0.0
0.0,0.0
0.0,0.0
0.0,0.0
0.0,0.0
0.0,0.0
0.0,0.0
0.0,0.0
0.0,0.0
0.0,0.0
0.0,0.0
0.0,0.0
0.0,0.0
0.0,0.0
0.0,0.0
0.0,0.0
0.0,0.0
0.0,0.0
0.0,0.0
0.0,0.0
0.0,0.0
0.0,0.0
0.0,0.0
0.0,0.0
0.0,0.0
0.0,0.0
0.0,0.0
0.0,0.0
0.0,0.0
0.0,0.0
0.0,0.0
0.0,0.0
0.0,0.0
0.0,0.0
0.0,0.0
0.0,0.0
-9.525015830993652,5.2056989669799805
-18.934534072875977,-18.747390747070312
33.33331298828125,-22.426111221313477
19.431617736816406,-7.39739990234375
0.0,0.0
0.0,0.0
19.069005966186523,-2.8746774196624756
2.0,0.0
-9.598176002502441,4.020543575286865
-21.347612380981445,-10.770267486572266
33.33331298828125,-19.541109085083008
21.799041748046875,-4.565644264221191
0.0,0.0
0.0,0.0
25.962085723876953,0.0
5.476200103759766,0.0
0.0,0.0
0.0,0.0
33.3076286315918,-14.429339408874512
16.822040557861328,-3.5673091411590576
0.0,0.0
0.0,0.0
22.584150314331055,-2.809309959411621
2.0,0.0
0.0,0.0
0.0,0.0
33.33331298828125,-26.11725616455078
58.5975227355957,-6.565239429473877
0.0,0.0
0.0,0.0
32.63578414916992,-2.681500196456909
10.738643646240234,-5.907238006591797
-1.3829666376113892,88.68878936767578
-22.084850311279297,-22.08806800842285
33.33331298828125,-24.570886611938477
16.822040557861328,-3.168665647506714
-2.7257025241851807,68.22489929199219
-6.060636043548584,103.84017944335938
10.47501277923584,-3.0
6.983342170715332,0.0
-2.335785388946533,76.94832611083984
-19.190107345581055,16.970542907714844
33.33331298828125,-22.54606819152832
21.32232093811035,-9.219985961914062
-5.539723873138428,56.311920166015625
-16.03284454345703,-12.739450454711914
31.98348045349121,-5.268710136413574
16.28795623779297,-3.8643147945404053
0.0,0.0
0.0,0.0
28.733436584472656,-7.542446136474609
5.476200103759766,0.0
0.0,0.0
0.0,0.0
14.40435791015625,-2.8559563159942627
3.819999933242798,0.0
0.0,0.0
0.0,0.0
33.33331298828125,-25.078805923461914
20.90993309020996,-10.531793594360352
0.0,0.0
0.0,0.0
32.972869873046875,-12.736248016357422
14.347362518310547,-4.735786437988281
0.0,0.0
0.0,0.0
0.0,0.0
0.0,0.0
0.0,0.0
0.0,0.0
0.0,0.0
0.0,0.0
0.0,0.0
0.0,0.0
0.0,0.0
0.0,0.0
0.0,0.0
0.0,0.0
0.0,0.0
0.0,0.0
0.0,0.0
0.0,0.0
0.0,0.0
0.0,0.0
0.0,0.0
0.0,0.0
0.0,0.0
0.0,0.0
0.0,0.0
0.0,0.0
0.0,0.0
0.0,0.0
0.0,0.0
0.0,0.0
0.0,0.0
0.0,0.0
0.0,0.0
0.0,0.0
0.0,0.0
0.0,0.0
0.0,0.0
0.0,0.0
0.0,0.0
0.0,0.0
0.0,0.0
0.0,0.0
0.0,0.0
0.0,0.0
0.0,0.0
0.0,0.0
0.0,0.0
0.0,0.0
0.0,0.0
0.0,0.0
0.0,0.0
0.0,0.0
0.0,0.0
0.0,0.0
0.0,0.0
0.0,0.0
0.0,0.0
0.0,0.0
0.0,0.0
0.0,0.0
0.0,0.0
0.0,0.0
0.0,0.0
0.0,0.0
0.0,0.0
0.0,0.0
-8.949567794799805,11.111104011535645
0.0,0.0
0.0,0.0
0.0,0.0
0.0,0.0
0.0,0.0
33.33331298828125,23.13239097595215
0.0,0.0
33.33331298828125,20.855567932128906
0.0,0.0
0.0,0.0
0.0,0.0
8.779658317565918,32.21552276611328
0.0,0.0
0.0,0.0
0.0,0.0
-10.16712474822998,-1.6717019081115723
0.0,0.0
0.0,0.0
0.0,0.0
0.0,0.0
0.0,0.0
29.86698341369629,-3.0
0.0,0.0
33.33331298828125,-17.8375244140625
0.0,0.0
0.0,0.0
0.0,0.0
33.33331298828125,7.484529972076416
0.0,0.0
0.0,0.0
0.0,0.0
-8.612056732177734,11.104043960571289
0.0,0.0
0.0,0.0
0.0,0.0
0.0,0.0
0.0,0.0
33.33331298828125,19.189748764038086
0.0,0.0
33.33331298828125,5.893980026245117
0.0,0.0
0.0,0.0
0.0,0.0
0.0,22.584150314331055
0.0,0.0
0.0,0.0
0.0,0.0
-8.920199394226074,11.101975440979004
0.0,0.0
0.0,0.0
0.0,0.0
0.0,0.0
0.0,0.0
16.10796546936035,-5.6427001953125
0.0,0.0
33.33331298828125,-20.64786720275879
0.0,0.0
0.0,0.0
0.0,0.0
33.33331298828125,-3.793576955795288
0.0,0.0
0.0,0.0
0.0,0.0
0.0,0.0
0.0,0.0
0.0,0.0
0.0,0.0
0.0,0.0
0.0,0.0
0.0,0.0
0.0,0.0
0.0,0.0
0.0,0.0
0.0,0.0
0.0,0.0
0.0,0.0
0.0,0.0
0.0,0.0
0.0,0.0
0.5772998332977295,69.63370513916016
-15.811710357666016,22.267593383789062
0.0,0.0
0.0,0.0
0.0,0.0
0.0,0.0
0.0,0.0
0.0,0.0
6.650587558746338,56.15959548950195
-15.840614318847656,27.154586791992188
0.0,0.0
0.0,0.0
0.0,0.0
0.0,0.0
0.0,0.0
0.0,0.0
0.0,0.0
0.0,0.0
0.0,0.0
0.0,0.0
0.0,0.0
0.0,0.0
0.0,0.0
0.0,0.0
0.0,0.0
0.0,0.0
0.0,0.0
0.0,0.0
0.0,0.0
0.0,0.0
0.0,0.0
0.0,0.0
70.77759552001953,74.12762451171875
-9.158029556274414,309.5628356933594
0.0,0.0
0.0,0.0
364.82427978515625,954.4821166992188
0.0,0.0
0.0,0.0
0.0,0.0
-1.6716256141662598,67.95393371582031
18.258922576904297,22.225332260131836
0.0,0.0
0.0,0.0
802.7780151367188,554.803955078125
0.0,0.0
0.0,0.0
0.0,0.0
0.0,0.0
0.0,0.0
0.0,0.0
0.0,0.0
0.0,0.0
0.0,0.0
0.0,0.0
0.0,0.0
0.0,0.0
0.0,0.0
0.0,0.0
0.0,0.0
0.0,0.0
0.0,0.0
0.0,0.0
0.0,0.0
0.0,0.0
0.0,0.0
0.0,0.0
0.0,0.0
0.0,0.0
0.0,0.0
0.0,0.0
0.0,0.0
0.0,0.0
0.0,0.0
0.0,0.0
0.0,0.0
0.0,0.0
0.0,0.0
0.0,0.0
0.0,0.0
0.0,0.0
0.0,0.0
0.0,0.0
0.0,0.0
0.0,0.0
0.0,0.0
0.0,0.0
0.0,0.0
0.0,0.0
0.0,0.0
0.0,0.0
0.0,0.0
0.0,0.0
0.0,0.0
0.0,0.0
0.0,0.0
0.0,0.0
0.0,0.0
0.0,0.0
0.0,0.0
0.0,0.0
0.0,0.0
0.0,0.0
0.0,0.0
0.0,0.0
0.0,0.0
0.0,0.0
0.0,0.0
0.0,0.0
0.0,0.0
0.0,0.0
0.0,0.0
0.0,0.0
0.0,0.0
0.0,0.0
0.0,0.0
0.0,0.0
0.0,0.0
0.0,0.0
0.0,0.0
0.0,0.0
0.0,0.0
0.0,0.0
0.0,0.0
0.0,0.0
0.0,0.0
0.0,0.0
0.0,0.0
-6.6167497634887695,33.333396911621094
-17.062929153442383,196.29522705078125
0.0,0.0
0.0,0.0
0.0,0.0
0.0,0.0
0.0,0.0
0.0,0.0
-6.6666483879089355,33.33351516723633
-17.420717239379883,22.22223472595215
0.0,0.0
0.0,0.0
0.0,0.0
0.0,0.0
0.0,0.0
0.0,0.0
0.0,0.0
0.0,0.0
0.0,0.0
0.0,0.0
0.0,0.0
0.0,0.0
0.0,0.0
0.0,0.0
0.0,0.0
0.0,0.0
0.0,0.0
0.0,0.0
0.0,0.0
0.0,0.0
0.0,0.0
0.0,0.0
-6.6351728439331055,33.333351135253906
-17.438940048217773,22.222211837768555
0.0,0.0
0.0,0.0
0.0,0.0
0.0,0.0
0.0,0.0
0.0,0.0
-6.579239368438721,34.21698760986328
-17.777633666992188,22.222211837768555
0.0,0.0
0.0,0.0
0.0,0.0
0.0,0.0
0.0,0.0
0.0,0.0
0.0,0.0
0.0,0.0
0.0,0.0
0.0,0.0
0.0,0.0
0.0,0.0
0.0,0.0
0.0,0.0
0.0,0.0
0.0,0.0
0.0,0.0
0.0,0.0
0.0,0.0
0.0,0.0
0.0,0.0
0.0,0.0
0.0,0.0
0.0,0.0
0.0,0.0
0.0,0.0
0.0,0.0
0.0,0.0
0.0,0.0
0.0,0.0
0.0,0.0
0.0,0.0
0.0,0.0
0.0,0.0
0.0,0.0
0.0,0.0
0.0,0.0
0.0,0.0
0.0,0.0
0.0,0.0
0.0,0.0
0.0,0.0
0.0,0.0
0.0,0.0
0.0,0.0
0.0,0.0
0.0,0.0
0.0,0.0
0.0,0.0
0.0,0.0
0.0,0.0
0.0,0.0
0.0,0.0
0.0,0.0
0.0,0.0
0.0,0.0
0.0,0.0
0.0,0.0
0.0,0.0
0.0,0.0
0.0,0.0
0.0,0.0
0.0,0.0
0.0,0.0
0.0,0.0
0.0,0.0
0.0,0.0
0.0,0.0
-6.639108180999756,33.33331298828125
-3.799999952316284,12.71267032623291
-5.983486652374268,33.33317565917969
-2.0,2.0
0.0,0.0
0.0,0.0
0.0,0.0
0.0,0.0
-6.671952247619629,33.33331298828125
-6.629714012145996,21.32232093811035
-3.8161282539367676,32.80767822265625
0.0,0.0
0.0,0.0
0.0,0.0
0.0,0.0
0.0,0.0
-6.636411190032959,33.33331298828125
-5.2678985595703125,14.347362518310547
-6.579320907592773,33.333370208740234
-15.022685050964355,22.193876266479492
0.0,0.0
0.0,0.0
0.0,0.0
0.0,0.0
-6.6661529541015625,33.33331298828125
-7.955385684967041,21.233320236206055
-6.666565418243408,33.333370208740234
-14.274799346923828,22.222211837768555
0.0,0.0
0.0,0.0
0.0,0.0
0.0,0.0
-5.181115627288818,33.333351135253906
-5.33216667175293,14.347362518310547
-5.8688249588012695,33.33317565917969
-2.0,2.0
-3.1187169551849365,22.584150314331055
0.0,0.0
0.0,0.0
0.0,0.0
-6.662167072296143,33.33331298828125
-5.27652645111084,16.822040557861328
-4.383774757385254,31.849977493286133
0.0,0.0
-2.510974645614624,25.962085723876953
0.0,0.0
0.0,0.0
0.0,0.0
-5.10246467590332,34.02031707763672
-6.823237895965576,15.056099891662598
-6.269051551818848,33.333370208740234
-14.374898910522461,22.217195510864258
-2.6008570194244385,22.584150314331055
0.0,0.0
-2.776404857635498,196.1085662841797
0.0,0.0
-6.670554161071777,33.33331298828125
-3.6728732585906982,18.85233497619629
-6.149987697601318,33.344207763671875
-12.914341926574707,22.221210479736328
-0.5519202947616577,103.34048461914062
0.0,0.0
52.273494720458984,82.52820587158203
0.0,0.0
0.0,0.0
0.0,0.0
0.0,0.0
0.0,0.0
0.0,0.0
0.0,0.0
0.0,0.0
0.0,0.0
0.0,0.0
0.0,0.0
0.0,0.0
0.0,0.0
0.0,0.0
0.0,0.0
0.0,0.0
0.0,0.0
0.0,0.0
0.0,0.0
0.0,0.0
0.0,0.0
0.0,0.0
0.0,0.0
0.0,0.0
0.0,0.0
0.0,0.0
0.0,0.0
0.0,0.0
0.0,0.0
0.0,0.0
0.0,0.0
0.0,0.0
0.0,0.0
0.0,0.0
0.0,0.0
0.0,0.0
0.0,0.0
0.0,0.0
0.0,0.0
0.0,0.0
0.0,0.0
0.0,0.0
0.0,0.0
0.0,0.0
0.0,0.0
0.0,0.0
0.0,0.0
0.0,0.0
0.0,0.0
0.0,0.0
0.0,0.0
0.0,0.0
0.0,0.0
0.0,0.0
0.0,0.0
0.0,0.0
0.0,0.0
0.0,0.0
0.0,0.0
0.0,0.0
0.0,0.0
0.0,0.0
0.0,0.0
0.0,0.0
0.0,0.0
0.0,0.0
0.0,0.0
0.0,17.658248901367188
0.0,0.0
0.0,0.0
0.0,0.0
0.0,0.0
0.0,0.0
-5.706624507904053,33.331661224365234
0.0,0.0
-0.8559564352035522,19.069005966186523
0.0,0.0
0.0,0.0
0.0,0.0
0.0,0.0
0.0,0.0
0.0,0.0
0.0,0.0
-6.666790962219238,33.33214569091797
0.0,0.0
0.0,0.0
0.0,0.0
0.0,0.0
0.0,0.0
-5.736640930175781,33.232093811035156
0.0,0.0
-6.666677474975586,33.33324432373047
0.0,0.0
0.0,0.0
0.0,0.0
0.0,0.0
0.0,0.0
0.0,0.0
0.0,0.0
0.0,0.0
0.0,0.0
0.0,0.0
0.0,0.0
0.0,0.0
0.0,0.0
-1.0,0.0
0.0,0.0
-1.0,0.0
0.0,0.0
0.0,0.0
0.0,0.0
0.0,0.0
0.0,0.0
0.0,0.0
0.0,0.0
-1.6741584539413452,23.551576614379883
0.0,0.0
0.0,0.0
0.0,0.0
0.0,0.0
0.0,0.0
0.0,0.0
0.0,0.0
-5.421314239501953,33.33323669433594
0.0,0.0
0.0,0.0
0.0,0.0
0.0,0.0
0.0,0.0
0.0,0.0
0.0,0.0
0.0,0.0
0.0,0.0
0.0,0.0
0.0,0.0
0.0,0.0
0.0,0.0
0.0,0.0
0.0,0.0
0.0,0.0
0.0,0.0
0.0,0.0
0.0,0.0
0.0,0.0
0.0,0.0
0.0,0.0
0.0,0.0
0.0,0.0
0.0,0.0
0.0,0.0
0.0,0.0
0.0,0.0
0.0,0.0
0.0,0.0
0.0,0.0
0.0,0.0
0.0,0.0
0.0,0.0
0.0,0.0
0.0,0.0
0.0,0.0
0.0,0.0
0.0,0.0
0.0,0.0
0.0,0.0
0.0,0.0
0.0,0.0
0.0,0.0
0.0,0.0
0.0,0.0
0.0,0.0
0.0,0.0
0.0,0.0
0.0,0.0
0.0,0.0
0.0,0.0
0.0,0.0
0.0,0.0
0.0,0.0
0.0,0.0
0.0,0.0
0.0,0.0
0.0,0.0
0.0,0.0
0.0,0.0
0.0,0.0
0.0,0.0
0.0,0.0
0.0,0.0
0.0,0.0
0.0,0.0
0.0,0.0
0.0,0.0
