-11.588862419128418,9.321589469909668
0.0,0.0
0.0,0.0
0.0,0.0
0.0,0.0
0.0,0.0
0.0,0.0
0.0,0.0
0.0,0.0
0.0,0.0
0.0,0.0
0.0,0.0
0.0,0.0
0.0,0.0
0.0,0.0
0.0,0.0
0.0,0.0
0.0,0.0
1.8525748252868652,15.814836502075195
-19.989849090576172,0.0
0.0,0.0
0.0,0.0
0.0,0.0
0.0,0.0
0.0,0.0
0.0,0.0
-7.920060634613037,15.31148624420166
-15.424642562866211,0.0
0.0,0.0
0.0,0.0
0.0,0.0
0.0,0.0
0.0,0.0
0.0,0.0
0.0,0.0
0.0,0.0
0.0,0.0
0.0,0.0
0.0,0.0
0.0,0.0
0.0,0.0
0.0,0.0
0.0,0.0
0.0,0.0
0.0,0.0
0.0,0.0
0.0,0.0
0.0,0.0
0.0,0.0
0.0,0.0
-8.888894081115723,11.048604965209961
-5.420000076293945,0.0
0.0,0.0
0.0,0.0
-8.87092113494873,10.999995231628418
0.0,0.0
0.0,0.0
0.0,0.0
-8.889501571655273,11.111063003540039
0.0,0.0
0.0,0.0
0.0,0.0
-8.153122901916504,11.071735382080078
0.0,0.0
0.0,0.0
0.0,0.0
0.0,0.0
0.0,0.0
0.0,0.0
0.0,0.0
0.0,0.0
0.0,0.0
0.0,0.0
0.0,0.0
0.0,0.0
0.0,0.0
0.0,0.0
0.0,0.0
0.0,0.0
0.0,0.0
0.0,0.0
0.0,0.0
-8.90919017791748,9.086262702941895
-17.62184715270996,-0.250877320766449
0.0,0.0
0.0,0.0
-7.911083221435547,11.102542877197266
-5.420000076293945,0.0
0.0,0.0
0.0,0.0
-8.93287181854248,11.034560203552246
1.8283857107162476,4.251515865325928
0.0,0.0
0.0,0.0
-8.061285972595215,11.11095905303955
-14.315922737121582,0.7606537938117981
0.0,0.0
0.0,0.0
0.0,0.0
0.0,0.0
0.0,0.0
0.0,0.0
0.0,0.0
0.0,0.0
0.0,0.0
0.0,0.0
0.0,0.0
0.0,0.0
0.0,0.0
0.0,0.0
0.0,0.0
0.0,0.0
0.0,0.0
0.0,0.0
-8.496933937072754,11.003631591796875
-9.371179580688477,0.0
0.0,0.0
0.0,0.0
-3.359628915786743,4.700135707855225
-6.878000259399414,0.0
0.0,0.0
0.0,0.0
-8.920761108398438,11.076452255249023
-16.667959213256836,210.76004028320312
0.0,0.0
0.0,0.0
-8.449951171875,11.111105918884277
-13.48532772064209,-0.2670927047729492
0.0,0.0
0.0,0.0
0.0,0.0
0.0,0.0
0.0,0.0
0.0,0.0
0.0,0.0
0.0,0.0
0.0,0.0
0.0,0.0
0.0,0.0
0.0,0.0
0.0,0.0
0.0,0.0
0.0,0.0
0.0,0.0
0.0,0.0
0.0,0.0
-6.679502010345459,13.843428611755371
-19.1401424407959,16.766319274902344
0.0,0.0
0.0,0.0
0.0,0.0
0.0,0.0
0.0,0.0
0.0,0.0
-8.458100318908691,14.427515029907227
-19.960067749023438,0.0
0.0,0.0
0.0,0.0
-4.852662086486816,10.240397453308105
0.0,0.0
0.0,0.0
0.0,0.0
0.0,0.0
0.0,0.0
0.0,0.0
0.0,0.0
0.0,0.0
0.0,0.0
0.0,0.0
0.0,0.0
0.0,0.0
0.0,0.0
0.0,0.0
0.0,0.0
0.0,0.0
0.0,0.0
0.0,0.0
0.0,0.0
0.0,0.0
0.0,0.0
0.0,0.0
0.0,0.0
0.0,0.0
0.0,0.0
0.0,0.0
0.0,0.0
0.0,0.0
0.0,0.0
0.0,0.0
0.0,0.0
0.0,0.0
0.0,0.0
0.0,0.0
0.0,0.0
0.0,0.0
0.0,0.0
0.0,0.0
0.0,0.0
0.0,0.0
0.0,0.0
0.0,0.0
0.0,0.0
0.0,0.0
0.0,0.0
0.0,0.0
0.0,0.0
0.0,0.0
0.0,0.0
0.0,0.0
0.0,0.0
-8.912102699279785,10.87841796875
-19.807849884033203,4.2445030823401453e-10
0.0,0.0
0.0,0.0
0.0,0.0
0.0,0.0
0.0,0.0
0.0,0.0
-8.937376976013184,10.6349515914917
-15.564664840698242,4.345492362976074
0.0,0.0
0.0,0.0
-9.403627395629883,5.5827813148498535
-3.799999952316284,200.0
0.0,0.0
0.0,0.0
0.0,0.0
0.0,0.0
0.0,0.0
0.0,0.0
0.0,0.0
0.0,0.0
0.0,0.0
0.0,0.0
0.0,0.0
0.0,0.0
0.0,0.0
0.0,0.0
0.0,0.0
0.0,0.0
0.0,0.0
0.0,0.0
-8.911001205444336,11.025664329528809
-2.0,0.0
0.0,0.0
0.0,0.0
0.0,0.0
0.0,0.0
0.0,0.0
0.0,0.0
-8.968300819396973,10.666778564453125
-8.273360252380371,304.7269592285156
0.0,0.0
0.0,0.0
-9.132161140441895,6.257472991943359
-2.0,200.0
0.0,0.0
0.0,0.0
0.0,0.0
0.0,0.0
0.0,0.0
0.0,0.0
0.0,0.0
0.0,0.0
0.0,0.0
0.0,0.0
0.0,0.0
0.0,0.0
0.0,0.0
0.0,0.0
0.0,0.0
0.0,0.0
0.0,0.0
0.0,0.0
0.0,0.0
0.0,0.0
0.0,0.0
0.0,0.0
0.0,0.0
0.0,0.0
0.0,0.0
0.0,0.0
0.0,0.0
0.0,0.0
0.0,0.0
0.0,0.0
0.0,0.0
0.0,0.0
0.0,0.0
0.0,0.0
0.0,0.0
0.0,0.0
0.0,0.0
0.0,0.0
0.0,0.0
0.0,0.0
0.0,0.0
0.0,0.0
0.0,0.0
0.0,0.0
0.0,0.0
0.0,0.0
0.0,0.0
0.0,0.0
0.0,0.0
0.0,0.0
0.0,0.0
0.0,0.0
0.0,0.0
0.0,0.0
0.0,0.0
0.0,0.0
0.0,0.0
0.0,0.0
0.0,0.0
0.0,0.0
0.0,0.0
0.0,0.0
0.0,0.0
0.0,0.0
-10.034518241882324,-0.26242414116859436
-17.746841430664062,76.32493591308594
33.33331298828125,-9.890501976013184
15.056099891662598,-3.9618000984191895
0.0,0.0
0.0,0.0
8.214300155639648,0.0
2.0,0.0
-9.744683265686035,3.081552505493164
-20.575969696044922,-4.572558403015137
33.33331298828125,-25.631893157958984
18.5190486907959,-4.565644264221191
0.0,0.0
0.0,0.0
14.40435791015625,0.0
2.0,0.0
0.0,0.0
0.0,0.0
30.462848663330078,-9.856037139892578
10.738643646240234,-1.995965838432312
0.0,0.0
0.0,0.0
12.532261848449707,0.0
2.0,0.0
0.0,0.0
0.0,0.0
33.33331298828125,-26.518535614013672
103.24915313720703,-3.9164516925811768
0.0,0.0
0.0,0.0
24.431934356689453,0.0
8.354841232299805,-5.907238006591797
-5.273026943206787,76.82324981689453
-1.802613615989685,7.3072829246521
33.33331298828125,-26.664104461669922
6.983342170715332,-1.4673163890838623
-7.019955158233643,8.892939567565918
-6.280275821685791,60.86606979370117
5.730000019073486,-3.0
3.819999933242798,0.0
-3.726921319961548,61.615169525146484
-16.32874298095703,-2.558997869491577
33.33331298828125,-25.81446075439453
15.701050758361816,-9.115700721740723
-2.897282123565674,49.18601989746094
-13.902568817138672,26.022422790527344
25.962085723876953,-2.8746774196624756
8.354841232299805,0.0
0.0,0.0
0.0,0.0
22.584150314331055,-5.361368179321289
2.0,0.0
0.0,0.0
0.0,0.0
12.532261848449707,0.0
0.0,0.0
0.0,0.0
0.0,0.0
33.32579040527344,-21.295391082763672
13.568530082702637,-3.9800000190734863
0.0,0.0
0.0,0.0
29.86698341369629,-7.536273956298828
6.983342170715332,-4.735786437988281
0.0,0.0
0.0,0.0
0.0,0.0
0.0,0.0
0.0,0.0
0.0,0.0
0.0,0.0
0.0,0.0
0.0,0.0
0.0,0.0
0.0,0.0
0.0,0.0
0.0,0.0
0.0,0.0
0.0,0.0
0.0,0.0
0.0,0.0
0.0,0.0
0.0,0.0
0.0,0.0
0.0,0.0
0.0,0.0
0.0,0.0
0.0,0.0
0.0,0.0
0.0,0.0
0.0,0.0
0.0,0.0
0.0,0.0
0.0,0.0
0.0,0.0
0.0,0.0
0.0,0.0
0.0,0.0
0.0,0.0
0.0,0.0
0.0,0.0
0.0,0.0
0.0,0.0
0.0,0.0
0.0,0.0
0.0,0.0
0.0,0.0
0.0,0.0
0.0,0.0
0.0,0.0
0.0,0.0
0.0,0.0
0.0,0.0
0.0,0.0
0.0,0.0
0.0,0.0
0.0,0.0
0.0,0.0
0.0,0.0
0.0,0.0
0.0,0.0
0.0,0.0
0.0,0.0
0.0,0.0
0.0,0.0
0.0,0.0
0.0,0.0
0.0,0.0
0.0,0.0
0.0,0.0
-8.880656242370605,10.853416442871094
0.0,0.0
0.0,0.0
0.0,0.0
0.0,0.0
0.0,0.0
33.33331298828125,15.512104988098145
0.0,0.0
33.33331298828125,26.485515594482422
0.0,0.0
0.0,0.0
0.0,0.0
3.1253225803375244,23.551576614379883
0.0,0.0
0.0,0.0
0.0,0.0
-10.167095184326172,-1.6712266206741333
0.0,0.0
0.0,0.0
0.0,0.0
0.0,0.0
0.0,0.0
14.40435791015625,-3.0
0.0,0.0
33.33331298828125,-16.481088638305664
0.0,0.0
0.0,0.0
0.0,0.0
33.33331298828125,1.765715479850769
0.0,0.0
0.0,0.0
0.0,0.0
-7.27713680267334,10.198760986328125
0.0,0.0
0.0,0.0
0.0,0.0
0.0,0.0
0.0,0.0
33.33331298828125,20.4892578125
0.0,0.0
33.33331298828125,29.377639770507812
0.0,0.0
0.0,0.0
0.0,0.0
0.0,12.532261848449707
0.0,0.0
0.0,0.0
0.0,0.0
-8.685210227966309,11.07301139831543
0.0,0.0
0.0,0.0
0.0,0.0
0.0,0.0
0.0,0.0
8.214300155639648,-5.6427001953125
0.0,0.0
33.33331298828125,-14.5006103515625
0.0,0.0
0.0,0.0
0.0,0.0
33.3276481628418,2.3695321083068848
0.0,0.0
0.0,0.0
0.0,0.0
0.0,0.0
0.0,0.0
0.0,0.0
0.0,0.0
0.0,0.0
0.0,0.0
0.0,0.0
0.0,0.0
0.0,0.0
0.0,0.0
0.0,0.0
0.0,0.0
0.0,0.0
0.0,0.0
0.0,0.0
0.0,0.0
40.175411224365234,55.79203796386719
-17.431413650512695,22.222248077392578
0.0,0.0
0.0,0.0
0.0,0.0
0.0,0.0
0.0,0.0
0.0,0.0
0.8548319339752197,63.204097747802734
-7.29309606552124,22.222713470458984
0.0,0.0
0.0,0.0
0.0,0.0
0.0,0.0
0.0,0.0
0.0,0.0
0.0,0.0
0.0,0.0
0.0,0.0
0.0,0.0
0.0,0.0
0.0,0.0
0.0,0.0
0.0,0.0
0.0,0.0
0.0,0.0
0.0,0.0
0.0,0.0
0.0,0.0
0.0,0.0
0.0,0.0
0.0,0.0
6.710844039916992,85.91356658935547
7.737887859344482,22.757808685302734
0.0,0.0
0.0,0.0
175.72425842285156,571.4443359375
0.0,0.0
0.0,0.0
0.0,0.0
-5.067201137542725,129.0010528564453
-17.435155868530273,22.222232818603516
0.0,0.0
0.0,0.0
189.94773864746094,5.7209672927856445
0.0,0.0
0.0,0.0
0.0,0.0
0.0,0.0
0.0,0.0
0.0,0.0
0.0,0.0
0.0,0.0
0.0,0.0
0.0,0.0
0.0,0.0
0.0,0.0
0.0,0.0
0.0,0.0
0.0,0.0
0.0,0.0
0.0,0.0
0.0,0.0
0.0,0.0
0.0,0.0
0.0,0.0
0.0,0.0
0.0,0.0
0.0,0.0
0.0,0.0
0.0,0.0
0.0,0.0
0.0,0.0
0.0,0.0
0.0,0.0
0.0,0.0
0.0,0.0
0.0,0.0
0.0,0.0
0.0,0.0
0.0,0.0
0.0,0.0
0.0,0.0
0.0,0.0
0.0,0.0
0.0,0.0
0.0,0.0
0.0,0.0
0.0,0.0
0.0,0.0
0.0,0.0
0.0,0.0
0.0,0.0
0.0,0.0
0.0,0.0
0.0,0.0
0.0,0.0
0.0,0.0
0.0,0.0
0.0,0.0
0.0,0.0
0.0,0.0
0.0,0.0
0.0,0.0
0.0,0.0
0.0,0.0
0.0,0.0
0.0,0.0
0.0,0.0
0.0,0.0
0.0,0.0
0.0,0.0
0.0,0.0
0.0,0.0
0.0,0.0
0.0,0.0
0.0,0.0
0.0,0.0
0.0,0.0
0.0,0.0
0.0,0.0
0.0,0.0
0.0,0.0
0.0,0.0
0.0,0.0
0.0,0.0
0.0,0.0
0.0,0.0
-6.666658401489258,33.333396911621094
-16.60081672668457,22.227848052978516
0.0,0.0
0.0,0.0
0.0,0.0
0.0,0.0
0.0,0.0
0.0,0.0
-6.6666483879089355,33.33348846435547
-17.725173950195312,22.222232818603516
0.0,0.0
0.0,0.0
0.0,0.0
0.0,0.0
0.0,0.0
0.0,0.0
0.0,0.0
0.0,0.0
0.0,0.0
0.0,0.0
0.0,0.0
0.0,0.0
0.0,0.0
0.0,0.0
0.0,0.0
0.0,0.0
0.0,0.0
0.0,0.0
0.0,0.0
0.0,0.0
0.0,0.0
0.0,0.0
-6.663110733032227,230.33331298828125
-13.05783748626709,22.216150283813477
0.0,0.0
0.0,0.0
0.0,0.0
0.0,0.0
0.0,0.0
0.0,0.0
-6.66665506362915,33.33341979980469
-17.755311965942383,22.222211837768555
0.0,0.0
0.0,0.0
0.0,0.0
0.0,0.0
0.0,0.0
0.0,0.0
0.0,0.0
0.0,0.0
0.0,0.0
0.0,0.0
0.0,0.0
0.0,0.0
0.0,0.0
0.0,0.0
0.0,0.0
0.0,0.0
0.0,0.0
0.0,0.0
0.0,0.0
0.0,0.0
0.0,0.0
0.0,0.0
0.0,0.0
0.0,0.0
0.0,0.0
0.0,0.0
0.0,0.0
0.0,0.0
0.0,0.0
0.0,0.0
0.0,0.0
0.0,0.0
0.0,0.0
0.0,0.0
0.0,0.0
0.0,0.0
0.0,0.0
0.0,0.0
0.0,0.0
0.0,0.0
0.0,0.0
0.0,0.0
0.0,0.0
0.0,0.0
0.0,0.0
0.0,0.0
0.0,0.0
0.0,0.0
0.0,0.0
0.0,0.0
0.0,0.0
0.0,0.0
0.0,0.0
0.0,0.0
0.0,0.0
0.0,0.0
0.0,0.0
0.0,0.0
0.0,0.0
0.0,0.0
0.0,0.0
0.0,0.0
0.0,0.0
0.0,0.0
0.0,0.0
0.0,0.0
0.0,0.0
0.0,0.0
-6.386804103851318,33.33328628540039
-3.799999952316284,2.0
-5.506712436676025,33.205596923828125
-2.0,0.0
0.0,0.0
0.0,0.0
0.0,0.0
0.0,0.0
-6.669480323791504,33.3330078125
-6.629714012145996,17.30805778503418
-2.2281696796417236,27.778573989868164
0.0,0.0
0.0,0.0
0.0,0.0
0.0,0.0
0.0,0.0
-6.417789936065674,33.333274841308594
-3.7618000507354736,5.476200103759766
-6.666666507720947,33.33331298828125
-12.580936431884766,21.585264205932617
0.0,0.0
0.0,0.0
0.0,0.0
0.0,0.0
-6.6236252784729,33.33320617675781
-7.955385684967041,16.822040557861328
-5.295502662658691,33.88469696044922
-12.438682556152344,22.21936798095703
0.0,0.0
0.0,0.0
0.0,0.0
0.0,0.0
-6.534526824951172,33.32821273803711
-5.33216667175293,8.354841232299805
-4.810230255126953,33.253623962402344
-2.0,0.0
-1.8427000045776367,5.730000019073486
0.0,0.0
0.0,0.0
0.0,0.0
-5.5582356452941895,33.333351135253906
-3.799999952316284,13.568530082702637
-3.449697494506836,23.551576614379883
0.0,0.0
-2.510974645614624,17.658248901367188
0.0,0.0
0.0,0.0
0.0,0.0
-6.585850238800049,33.32826614379883
-6.823237895965576,6.983342170715332
-6.666677474975586,33.33331298828125
-11.355457305908203,21.40331268310547
-1.8700000047683716,5.730000019073486
0.0,0.0
-1.7952498197555542,25.233060836791992
0.0,0.0
-6.079443454742432,33.373897552490234
-3.6728732585906982,15.701050758361816
-4.928709506988525,33.333351135253906
-11.773214340209961,22.151700973510742
-0.5519202947616577,196.92825317382812
0.0,0.0
135.2198486328125,128.6849365234375
0.0,0.0
0.0,0.0
0.0,0.0
0.0,0.0
0.0,0.0
0.0,0.0
0.0,0.0
0.0,0.0
0.0,0.0
0.0,0.0
0.0,0.0
0.0,0.0
0.0,0.0
0.0,0.0
0.0,0.0
0.0,0.0
0.0,0.0
0.0,0.0
0.0,0.0
0.0,0.0
0.0,0.0
0.0,0.0
0.0,0.0
0.0,0.0
0.0,0.0
0.0,0.0
0.0,0.0
0.0,0.0
0.0,0.0
0.0,0.0
0.0,0.0
0.0,0.0
0.0,0.0
0.0,0.0
0.0,0.0
0.0,0.0
0.0,0.0
0.0,0.0
0.0,0.0
0.0,0.0
0.0,0.0
0.0,0.0
0.0,0.0
0.0,0.0
0.0,0.0
0.0,0.0
0.0,0.0
0.0,0.0
0.0,0.0
0.0,0.0
0.0,0.0
0.0,0.0
0.0,0.0
0.0,0.0
0.0,0.0
0.0,0.0
0.0,0.0
0.0,0.0
0.0,0.0
0.0,0.0
0.0,0.0
0.0,0.0
0.0,0.0
0.0,0.0
0.0,0.0
0.0,0.0
0.0,0.0
0.0,5.730000019073486
0.0,0.0
0.0,0.0
0.0,0.0
0.0,0.0
0.0,0.0
-4.184571743011475,33.08614730834961
0.0,0.0
-0.8559564352035522,14.40435791015625
0.0,0.0
0.0,0.0
0.0,0.0
0.0,0.0
0.0,0.0
0.0,0.0
0.0,0.0
-6.668354511260986,33.33287048339844
0.0,0.0
0.0,0.0
0.0,0.0
0.0,0.0
0.0,0.0
-4.851257801055908,33.21709442138672
0.0,0.0
-6.666666507720947,33.33331298828125
0.0,0.0
0.0,0.0
0.0,0.0
0.0,0.0
0.0,0.0
0.0,0.0
0.0,0.0
0.0,0.0
0.0,0.0
0.0,0.0
0.0,0.0
0.0,0.0
0.0,0.0
0.0,0.0
0.0,0.0
0.0,0.0
0.0,0.0
0.0,0.0
0.0,0.0
0.0,0.0
0.0,0.0
0.0,0.0
0.0,0.0
-1.0,5.730000019073486
0.0,0.0
0.0,0.0
0.0,0.0
0.0,0.0
0.0,0.0
0.0,0.0
0.0,0.0
-4.322502136230469,33.108394622802734
0.0,0.0
0.0,0.0
0.0,0.0
0.0,0.0
0.0,0.0
0.0,0.0
0.0,0.0
0.0,0.0
0.0,0.0
0.0,0.0
0.0,0.0
0.0,0.0
0.0,0.0
0.0,0.0
0.0,0.0
0.0,0.0
0.0,0.0
0.0,0.0
0.0,0.0
0.0,0.0
0.0,0.0
0.0,0.0
0.0,0.0
0.0,0.0
0.0,0.0
0.0,0.0
0.0,0.0
0.0,0.0
0.0,0.0
0.0,0.0
0.0,0.0
0.0,0.0
0.0,0.0
0.0,0.0
0.0,0.0
0.0,0.0
0.0,0.0
0.0,0.0
0.0,0.0
0.0,0.0
0.0,0.0
0.0,0.0
0.0,0.0
0.0,0.0
0.0,0.0
0.0,0.0
0.0,0.0
0.0,0.0
0.0,0.0
0.0,0.0
0.0,0.0
0.0,0.0
0.0,0.0
0.0,0.0
0.0,0.0
0.0,0.0
0.0,0.0
0.0,0.0
0.0,0.0
0.0,0.0
0.0,0.0
0.0,0.0
0.0,0.0
0.0,0.0
0.0,0.0
0.0,0.0
0.0,0.0
0.0,0.0
0.0,0.0
