-11.177000045776367,20.703523635864258
0.0,0.0
0.0,0.0
0.0,0.0
0.0,0.0
0.0,0.0
0.0,0.0
0.0,0.0
0.0,0.0
0.0,0.0
0.0,0.0
0.0,0.0
0.0,0.0
0.0,0.0
0.0,0.0
0.0,0.0
0.0,0.0
0.0,0.0
-7.2042765617370605,22.452678680419922
-16.628355026245117,33.33331298828125
0.0,0.0
0.0,0.0
0.0,0.0
0.0,0.0
0.0,0.0
0.0,0.0
-6.3236613273620605,22.42734146118164
-15.917838096618652,33.33331298828125
0.0,0.0
0.0,0.0
0.0,0.0
0.0,0.0
0.0,0.0
0.0,0.0
0.0,0.0
0.0,0.0
0.0,0.0
0.0,0.0
0.0,0.0
0.0,0.0
0.0,0.0
0.0,0.0
0.0,0.0
0.0,0.0
0.0,0.0
0.0,0.0
0.0,0.0
0.0,0.0
0.0,0.0
0.0,0.0
-7.778764247894287,22.22209358215332
-8.61019229888916,32.1049690246582
0.0,0.0
0.0,0.0
-7.777371883392334,22.222211837768555
0.0,0.0
0.0,0.0
0.0,0.0
-7.779454708099365,22.222068786621094
-2.0,0.0
0.0,0.0
0.0,0.0
-6.963320255279541,22.222204208374023
0.0,0.0
0.0,0.0
0.0,0.0
0.0,0.0
0.0,0.0
0.0,0.0
0.0,0.0
0.0,0.0
0.0,0.0
0.0,0.0
0.0,0.0
0.0,0.0
0.0,0.0
0.0,0.0
0.0,0.0
0.0,0.0
0.0,0.0
0.0,0.0
0.0,0.0
-7.777811527252197,22.222211837768555
-16.226816177368164,33.305389404296875
0.0,0.0
0.0,0.0
-6.822525501251221,22.221384048461914
0.0,0.0
0.0,0.0
0.0,0.0
-7.780233383178711,22.222209930419922
-3.2908928394317627,69.39086151123047
0.0,0.0
0.0,0.0
-7.655356407165527,22.221481323242188
36.25673294067383,348.93792724609375
0.0,0.0
0.0,0.0
0.0,0.0
0.0,0.0
0.0,0.0
0.0,0.0
0.0,0.0
0.0,0.0
0.0,0.0
0.0,0.0
0.0,0.0
0.0,0.0
0.0,0.0
0.0,0.0
0.0,0.0
0.0,0.0
0.0,0.0
0.0,0.0
-6.913372039794922,22.222211837768555
-12.125777244567871,33.29585266113281
0.0,0.0
0.0,0.0
-3.9721293449401855,20.90993309020996
-10.490488052368164,31.703271865844727
0.0,0.0
0.0,0.0
-7.777719974517822,22.222211837768555
584.4591064453125,43.06228256225586
0.0,0.0
0.0,0.0
-7.74050760269165,22.222211837768555
-1.1808534860610962,91.70260620117188
0.0,0.0
0.0,0.0
0.0,0.0
0.0,0.0
0.0,0.0
0.0,0.0
0.0,0.0
0.0,0.0
0.0,0.0
0.0,0.0
0.0,0.0
0.0,0.0
0.0,0.0
0.0,0.0
0.0,0.0
0.0,0.0
0.0,0.0
0.0,0.0
-7.553333282470703,22.33316993713379
17.582904815673828,68.19155883789062
0.0,0.0
0.0,0.0
0.0,0.0
0.0,0.0
0.0,0.0
0.0,0.0
-6.803343296051025,22.391523361206055
-16.666399002075195,33.33331298828125
0.0,0.0
0.0,0.0
-5.568629264831543,21.75718879699707
0.0,0.0
0.0,0.0
0.0,0.0
0.0,0.0
0.0,0.0
0.0,0.0
0.0,0.0
0.0,0.0
0.0,0.0
0.0,0.0
0.0,0.0
0.0,0.0
0.0,0.0
0.0,0.0
0.0,0.0
0.0,0.0
0.0,0.0
0.0,0.0
0.0,0.0
0.0,0.0
0.0,0.0
0.0,0.0
0.0,0.0
0.0,0.0
0.0,0.0
0.0,0.0
0.0,0.0
0.0,0.0
0.0,0.0
0.0,0.0
0.0,0.0
0.0,0.0
0.0,0.0
0.0,0.0
0.0,0.0
0.0,0.0
0.0,0.0
0.0,0.0
0.0,0.0
0.0,0.0
0.0,0.0
0.0,0.0
0.0,0.0
0.0,0.0
0.0,0.0
0.0,0.0
0.0,0.0
0.0,0.0
0.0,0.0
0.0,0.0
0.0,0.0
-7.811441898345947,21.885269165039062
34.305755615234375,99.76364135742188
0.0,0.0
0.0,0.0
0.0,0.0
0.0,0.0
0.0,0.0
0.0,0.0
-7.828468322753906,21.715744018554688
1.6917407512664795,235.05078125
0.0,0.0
0.0,0.0
-8.260031700134277,15.232034683227539
1183.953857421875,0.0
0.0,0.0
0.0,0.0
0.0,0.0
0.0,0.0
0.0,0.0
0.0,0.0
0.0,0.0
0.0,0.0
0.0,0.0
0.0,0.0
0.0,0.0
0.0,0.0
0.0,0.0
0.0,0.0
0.0,0.0
0.0,0.0
0.0,0.0
0.0,0.0
-7.778136253356934,21.164945602416992
-3.799999952316284,3.0
0.0,0.0
0.0,0.0
0.0,0.0
0.0,0.0
0.0,0.0
0.0,0.0
-7.919970512390137,20.99869155883789
45.101139068603516,542.5587768554688
0.0,0.0
0.0,0.0
-8.391786575317383,15.827338218688965
-2.0,500.0
0.0,0.0
0.0,0.0
0.0,0.0
0.0,0.0
0.0,0.0
0.0,0.0
0.0,0.0
0.0,0.0
0.0,0.0
0.0,0.0
0.0,0.0
0.0,0.0
0.0,0.0
0.0,0.0
0.0,0.0
0.0,0.0
0.0,0.0
0.0,0.0
0.0,0.0
0.0,0.0
0.0,0.0
0.0,0.0
0.0,0.0
0.0,0.0
0.0,0.0
0.0,0.0
0.0,0.0
0.0,0.0
0.0,0.0
0.0,0.0
0.0,0.0
0.0,0.0
0.0,0.0
0.0,0.0
0.0,0.0
0.0,0.0
0.0,0.0
0.0,0.0
0.0,0.0
0.0,0.0
0.0,0.0
0.0,0.0
0.0,0.0
0.0,0.0
0.0,0.0
0.0,0.0
0.0,0.0
0.0,0.0
0.0,0.0
0.0,0.0
0.0,0.0
0.0,0.0
0.0,0.0
0.0,0.0
0.0,0.0
0.0,0.0
0.0,0.0
0.0,0.0
0.0,0.0
0.0,0.0
0.0,0.0
0.0,0.0
0.0,0.0
0.0,0.0
-9.46628475189209,3.8739728927612305
-20.818050384521484,10.69973373413086
11.111105918884277,-8.863151550292969
0.0,0.0
0.0,0.0
0.0,0.0
4.80145263671875,0.0
0.0,0.0
-9.572271347045898,4.4041547775268555
-19.852235794067383,17.74943733215332
11.111105918884277,-8.391380310058594
0.0,0.0
0.0,0.0
0.0,0.0
6.356335163116455,-2.642139196395874
0.0,0.0
0.0,0.0
0.0,0.0
11.049018859863281,-5.125446319580078
0.0,0.0
0.0,0.0
0.0,0.0
6.356335163116455,-2.6497931480407715
0.0,0.0
0.0,0.0
0.0,0.0
11.111105918884277,-8.702811241149902
194.7080535888672,7.750833034515381
0.0,0.0
0.0,0.0
9.426167488098145,-1.7452350854873657
0.0,0.0
-93.23095703125,78.72369384765625
-118.66598510742188,-98.59971618652344
-94.30258178710938,41.89561080932617
-20.509445190429688,21.302230834960938
-106.92170715332031,28.015113830566406
-84.43196105957031,-74.49251556396484
-10.0,27.381000518798828
-11.0,10.099100112915039
-94.71968841552734,47.085670471191406
-109.73783874511719,-14.416250228881836
-94.99706268310547,39.95800018310547
-29.59417724609375,10.471683502197266
-97.01194763183594,-72.73672485351562
-92.52123260498047,-92.75395965576172
-45.09222412109375,55.10026550292969
-37.32040786743164,27.733427047729492
0.0,0.0
0.0,0.0
-33.503299713134766,75.28050231933594
-20.790000915527344,38.408382415771484
0.0,0.0
0.0,0.0
-10.0,34.916709899902344
-11.0,30.11910057067871
0.0,0.0
0.0,0.0
-86.29340362548828,95.21752166748047
-20.524595260620117,69.37806701660156
0.0,0.0
0.0,0.0
-33.2800178527832,86.11787414550781
-20.59880828857422,2.2657814025878906
0.0,0.0
0.0,0.0
0.0,0.0
0.0,0.0
0.0,0.0
0.0,0.0
0.0,0.0
0.0,0.0
0.0,0.0
0.0,0.0
0.0,0.0
0.0,0.0
0.0,0.0
0.0,0.0
0.0,0.0
0.0,0.0
0.0,0.0
0.0,0.0
0.0,0.0
0.0,0.0
0.0,0.0
0.0,0.0
0.0,0.0
0.0,0.0
0.0,0.0
0.0,0.0
0.0,0.0
0.0,0.0
0.0,0.0
0.0,0.0
0.0,0.0
0.0,0.0
0.0,0.0
0.0,0.0
0.0,0.0
0.0,0.0
0.0,0.0
0.0,0.0
0.0,0.0
0.0,0.0
0.0,0.0
0.0,0.0
0.0,0.0
0.0,0.0
0.0,0.0
0.0,0.0
0.0,0.0
0.0,0.0
0.0,0.0
0.0,0.0
0.0,0.0
0.0,0.0
0.0,0.0
0.0,0.0
0.0,0.0
0.0,0.0
0.0,0.0
0.0,0.0
0.0,0.0
0.0,0.0
0.0,0.0
0.0,0.0
0.0,0.0
0.0,0.0
0.0,0.0
0.0,0.0
-8.759688377380371,10.33596134185791
0.0,0.0
0.0,0.0
0.0,0.0
0.0,0.0
0.0,0.0
11.111163139343262,4.790875434875488
0.0,0.0
11.111105918884277,5.164237976074219
0.0,0.0
0.0,0.0
0.0,0.0
9.25954532623291,1.0099999904632568
0.0,0.0
0.0,0.0
0.0,0.0
-10.18480396270752,-1.8484464883804321
0.0,0.0
0.0,0.0
0.0,0.0
0.0,0.0
0.0,0.0
9.841385841369629,-3.192660331726074
0.0,0.0
11.111105918884277,-4.698795318603516
0.0,0.0
0.0,0.0
0.0,0.0
11.111105918884277,-2.559965133666992
0.0,0.0
0.0,0.0
0.0,0.0
-4.094603538513184,-0.14322446286678314
0.0,0.0
0.0,0.0
0.0,0.0
0.0,0.0
0.0,0.0
11.111105918884277,3.921146869659424
0.0,0.0
11.111105918884277,6.547197341918945
0.0,0.0
0.0,0.0
0.0,0.0
6.356335163116455,1.063563346862793
0.0,0.0
0.0,0.0
0.0,0.0
-9.041379928588867,3.0479133129119873
0.0,0.0
0.0,0.0
0.0,0.0
0.0,0.0
0.0,0.0
4.177420616149902,-0.03358294442296028
0.0,0.0
11.111105918884277,-6.133611679077148
0.0,0.0
0.0,0.0
0.0,0.0
11.111019134521484,2.6331422328948975
0.0,0.0
0.0,0.0
0.0,0.0
0.0,0.0
0.0,0.0
0.0,0.0
0.0,0.0
0.0,0.0
0.0,0.0
0.0,0.0
0.0,0.0
0.0,0.0
0.0,0.0
0.0,0.0
0.0,0.0
0.0,0.0
0.0,0.0
0.0,0.0
0.0,0.0
10.587080955505371,113.99508666992188
-12.00479507446289,66.66671752929688
0.0,0.0
0.0,0.0
0.0,0.0
0.0,0.0
0.0,0.0
0.0,0.0
42.030067443847656,112.476318359375
-11.453540802001953,66.6676025390625
0.0,0.0
0.0,0.0
0.0,0.0
0.0,0.0
0.0,0.0
0.0,0.0
0.0,0.0
0.0,0.0
0.0,0.0
0.0,0.0
0.0,0.0
0.0,0.0
0.0,0.0
0.0,0.0
0.0,0.0
0.0,0.0
0.0,0.0
0.0,0.0
0.0,0.0
0.0,0.0
0.0,0.0
0.0,0.0
43.66263961791992,210.20323181152344
-11.211261749267578,66.67704772949219
0.0,0.0
0.0,0.0
1480.9429931640625,842.2188110351562
0.0,0.0
0.0,0.0
0.0,0.0
7.424001216888428,176.20947265625
1.653457522392273,99.45263671875
0.0,0.0
0.0,0.0
42.77448272705078,2326.90234375
0.0,0.0
0.0,0.0
0.0,0.0
0.0,0.0
0.0,0.0
0.0,0.0
0.0,0.0
0.0,0.0
0.0,0.0
0.0,0.0
0.0,0.0
0.0,0.0
0.0,0.0
0.0,0.0
0.0,0.0
0.0,0.0
0.0,0.0
0.0,0.0
0.0,0.0
0.0,0.0
0.0,0.0
0.0,0.0
0.0,0.0
0.0,0.0
0.0,0.0
0.0,0.0
0.0,0.0
0.0,0.0
0.0,0.0
0.0,0.0
0.0,0.0
0.0,0.0
0.0,0.0
0.0,0.0
0.0,0.0
0.0,0.0
0.0,0.0
0.0,0.0
0.0,0.0
0.0,0.0
0.0,0.0
0.0,0.0
0.0,0.0
0.0,0.0
0.0,0.0
0.0,0.0
0.0,0.0
0.0,0.0
0.0,0.0
0.0,0.0
0.0,0.0
0.0,0.0
0.0,0.0
0.0,0.0
0.0,0.0
0.0,0.0
0.0,0.0
0.0,0.0
0.0,0.0
0.0,0.0
0.0,0.0
0.0,0.0
0.0,0.0
0.0,0.0
0.0,0.0
0.0,0.0
0.0,0.0
0.0,0.0
0.0,0.0
0.0,0.0
0.0,0.0
0.0,0.0
0.0,0.0
0.0,0.0
0.0,0.0
0.0,0.0
0.0,0.0
0.0,0.0
0.0,0.0
0.0,0.0
0.0,0.0
0.0,0.0
0.0,0.0
-4.44444465637207,55.55553436279297
-13.215007781982422,66.66670227050781
0.0,0.0
0.0,0.0
0.0,0.0
0.0,0.0
0.0,0.0
0.0,0.0
-4.44444465637207,55.55553436279297
-11.183878898620605,66.67391967773438
0.0,0.0
0.0,0.0
0.0,0.0
0.0,0.0
0.0,0.0
0.0,0.0
0.0,0.0
0.0,0.0
0.0,0.0
0.0,0.0
0.0,0.0
0.0,0.0
0.0,0.0
0.0,0.0
0.0,0.0
0.0,0.0
0.0,0.0
0.0,0.0
0.0,0.0
0.0,0.0
0.0,0.0
0.0,0.0
-4.434474945068359,55.55557632446289
-13.110197067260742,66.6666259765625
0.0,0.0
0.0,0.0
0.0,0.0
0.0,0.0
0.0,0.0
0.0,0.0
-4.379765510559082,56.023216247558594
-13.331865310668945,66.6666259765625
0.0,0.0
0.0,0.0
0.0,0.0
0.0,0.0
0.0,0.0
0.0,0.0
0.0,0.0
0.0,0.0
0.0,0.0
0.0,0.0
0.0,0.0
0.0,0.0
0.0,0.0
0.0,0.0
0.0,0.0
0.0,0.0
0.0,0.0
0.0,0.0
0.0,0.0
0.0,0.0
0.0,0.0
0.0,0.0
0.0,0.0
0.0,0.0
0.0,0.0
0.0,0.0
0.0,0.0
0.0,0.0
0.0,0.0
0.0,0.0
0.0,0.0
0.0,0.0
0.0,0.0
0.0,0.0
0.0,0.0
0.0,0.0
0.0,0.0
0.0,0.0
0.0,0.0
0.0,0.0
0.0,0.0
0.0,0.0
0.0,0.0
0.0,0.0
0.0,0.0
0.0,0.0
0.0,0.0
0.0,0.0
0.0,0.0
0.0,0.0
0.0,0.0
0.0,0.0
0.0,0.0
0.0,0.0
0.0,0.0
0.0,0.0
0.0,0.0
0.0,0.0
0.0,0.0
0.0,0.0
0.0,0.0
0.0,0.0
0.0,0.0
0.0,0.0
0.0,0.0
0.0,0.0
0.0,0.0
0.0,0.0
-8.862951278686523,11.075884819030762
-2.0,8.354841232299805
11.10981273651123,-5.195466995239258
0.0,0.0
0.0,0.0
0.0,0.0
0.0,0.0
0.0,0.0
-8.672589302062988,11.111504554748535
-6.524843215942383,14.347362518310547
10.802557945251465,-3.1429405212402344
0.0,0.0
0.0,0.0
0.0,0.0
0.0,0.0
0.0,0.0
-8.25319766998291,11.091487884521484
-5.381800174713135,8.354841232299805
11.111117362976074,-8.888883590698242
0.0,0.0
0.0,0.0
0.0,0.0
0.0,0.0
0.0,0.0
-8.832064628601074,11.111116409301758
-3.64298939704895,16.28795623779297
11.111116409301758,-8.888883590698242
0.0,0.0
0.0,0.0
0.0,0.0
0.0,0.0
0.0,0.0
-86.77486419677734,111.11956024169922
-10.61591625213623,45.951629638671875
-86.6462173461914,111.11079406738281
0.0,21.010000228881836
-18.519855499267578,53.69321823120117
0.0,0.0
0.0,0.0
0.0,0.0
-88.83235168457031,111.11106872558594
-44.041908264160156,82.80855560302734
-59.310218811035156,110.28713989257812
0.0,0.0
-18.582258224487305,48.0145263671875
0.0,0.0
0.0,0.0
0.0,0.0
-87.39014434814453,111.11106872558594
-10.540483474731445,64.74691772460938
-88.8035888671875,111.11116027832031
-78.18864440917969,122.78824615478516
-26.909000396728516,27.381000518798828
0.0,0.0
22.81853485107422,102.8143310546875
0.0,0.0
-88.8531494140625,111.11106872558594
-28.115354537963867,97.6268310546875
-88.08430480957031,111.11294555664062
-86.65752410888672,122.21038818359375
0.0,75.28050231933594
0.0,0.0
-27.77594566345215,262.0146484375
0.0,0.0
0.0,0.0
0.0,0.0
0.0,0.0
0.0,0.0
0.0,0.0
0.0,0.0
0.0,0.0
0.0,0.0
0.0,0.0
0.0,0.0
0.0,0.0
0.0,0.0
0.0,0.0
0.0,0.0
0.0,0.0
0.0,0.0
0.0,0.0
0.0,0.0
0.0,0.0
0.0,0.0
0.0,0.0
0.0,0.0
0.0,0.0
0.0,0.0
0.0,0.0
0.0,0.0
0.0,0.0
0.0,0.0
0.0,0.0
0.0,0.0
0.0,0.0
0.0,0.0
0.0,0.0
0.0,0.0
0.0,0.0
0.0,0.0
0.0,0.0
0.0,0.0
0.0,0.0
0.0,0.0
0.0,0.0
0.0,0.0
0.0,0.0
0.0,0.0
0.0,0.0
0.0,0.0
0.0,0.0
0.0,0.0
0.0,0.0
0.0,0.0
0.0,0.0
0.0,0.0
0.0,0.0
0.0,0.0
0.0,0.0
0.0,0.0
0.0,0.0
0.0,0.0
0.0,0.0
0.0,0.0
0.0,0.0
0.0,0.0
0.0,0.0
0.0,0.0
0.0,0.0
0.0,0.0
-1.8809000253677368,1.909999966621399
0.0,0.0
0.0,0.0
0.0,0.0
0.0,0.0
0.0,0.0
11.064319610595703,-4.316650390625
0.0,0.0
5.369321823120117,-2.596531391143799
0.0,0.0
0.0,0.0
0.0,0.0
0.0,0.0
0.0,0.0
0.0,0.0
0.0,0.0
-8.888896942138672,11.111089706420898
0.0,0.0
0.0,0.0
0.0,0.0
0.0,0.0
0.0,0.0
11.072362899780273,-6.451040267944336
0.0,0.0
11.111105918884277,-8.888883590698242
0.0,0.0
0.0,0.0
0.0,0.0
0.0,0.0
0.0,0.0
0.0,0.0
0.0,0.0
0.0,0.0
0.0,0.0
0.0,0.0
0.0,0.0
0.0,0.0
0.0,0.0
0.0,0.0
0.0,0.0
1.909999966621399,0.0
0.0,0.0
0.0,0.0
0.0,0.0
0.0,0.0
0.0,0.0
0.0,0.0
0.0,0.0
0.0,5.886082649230957
0.0,0.0
0.0,0.0
0.0,0.0
0.0,0.0
0.0,0.0
0.0,0.0
0.0,0.0
11.111105918884277,-8.723228454589844
0.0,0.0
0.0,0.0
0.0,0.0
0.0,0.0
0.0,0.0
0.0,0.0
0.0,0.0
0.0,0.0
0.0,0.0
0.0,0.0
0.0,0.0
0.0,0.0
0.0,0.0
0.0,0.0
0.0,0.0
0.0,0.0
0.0,0.0
0.0,0.0
0.0,0.0
0.0,0.0
0.0,0.0
0.0,0.0
0.0,0.0
0.0,0.0
0.0,0.0
0.0,0.0
0.0,0.0
0.0,0.0
0.0,0.0
0.0,0.0
0.0,0.0
0.0,0.0
0.0,0.0
0.0,0.0
0.0,0.0
0.0,0.0
0.0,0.0
0.0,0.0
0.0,0.0
0.0,0.0
0.0,0.0
0.0,0.0
0.0,0.0
0.0,0.0
0.0,0.0
0.0,0.0
0.0,0.0
0.0,0.0
0.0,0.0
0.0,0.0
0.0,0.0
0.0,0.0
0.0,0.0
0.0,0.0
0.0,0.0
0.0,0.0
0.0,0.0
0.0,0.0
0.0,0.0
0.0,0.0
0.0,0.0
0.0,0.0
0.0,0.0
0.0,0.0
0.0,0.0
0.0,0.0
0.0,0.0
0.0,0.0
0.0,0.0
