-10.734894752502441,20.792957305908203
0.0,0.0
0.0,0.0
0.0,0.0
0.0,0.0
0.0,0.0
0.0,0.0
0.0,0.0
0.0,0.0
0.0,0.0
0.0,0.0
0.0,0.0
0.0,0.0
0.0,0.0
0.0,0.0
0.0,0.0
0.0,0.0
0.0,0.0
-7.5483527183532715,22.452678680419922
-15.71718978881836,133.34716796875
0.0,0.0
0.0,0.0
0.0,0.0
0.0,0.0
0.0,0.0
0.0,0.0
-7.227633953094482,22.42734146118164
-16.57562828063965,33.33617401123047
0.0,0.0
0.0,0.0
0.0,0.0
0.0,0.0
0.0,0.0
0.0,0.0
0.0,0.0
0.0,0.0
0.0,0.0
0.0,0.0
0.0,0.0
0.0,0.0
0.0,0.0
0.0,0.0
0.0,0.0
0.0,0.0
0.0,0.0
0.0,0.0
0.0,0.0
0.0,0.0
0.0,0.0
0.0,0.0
-7.778244972229004,22.21855354309082
-9.421095848083496,32.85498809814453
0.0,0.0
0.0,0.0
-7.779778957366943,22.222211837768555
-2.0,17.658248901367188
0.0,0.0
0.0,0.0
-7.910285472869873,22.578105926513672
-2.0,0.0
0.0,0.0
0.0,0.0
-7.6787590980529785,22.222211837768555
0.0,0.0
0.0,0.0
0.0,0.0
0.0,0.0
0.0,0.0
0.0,0.0
0.0,0.0
0.0,0.0
0.0,0.0
0.0,0.0
0.0,0.0
0.0,0.0
0.0,0.0
0.0,0.0
0.0,0.0
0.0,0.0
0.0,0.0
0.0,0.0
0.0,0.0
-7.777781009674072,22.222211837768555
-16.51333999633789,33.33331298828125
0.0,0.0
0.0,0.0
-7.004031181335449,22.222192764282227
0.0,17.658248901367188
0.0,0.0
0.0,0.0
-7.7822489738464355,20.534704208374023
-0.7260735034942627,107.82431030273438
0.0,0.0
0.0,0.0
-7.739443778991699,22.22218132019043
30.462480545043945,594.3814697265625
0.0,0.0
0.0,0.0
0.0,0.0
0.0,0.0
0.0,0.0
0.0,0.0
0.0,0.0
0.0,0.0
0.0,0.0
0.0,0.0
0.0,0.0
0.0,0.0
0.0,0.0
0.0,0.0
0.0,0.0
0.0,0.0
0.0,0.0
0.0,0.0
-7.259734630584717,21.987131118774414
-12.125777244567871,33.29585266113281
0.0,0.0
0.0,0.0
-3.9721293449401855,21.932025909423828
-10.490488052368164,31.98348045349121
0.0,0.0
0.0,0.0
-7.778728008270264,22.222211837768555
6.939522743225098,766.0181884765625
0.0,0.0
0.0,0.0
-7.804559230804443,20.87299156188965
-3.933851480484009,33.475257873535156
0.0,0.0
0.0,0.0
0.0,0.0
0.0,0.0
0.0,0.0
0.0,0.0
0.0,0.0
0.0,0.0
0.0,0.0
0.0,0.0
0.0,0.0
0.0,0.0
0.0,0.0
0.0,0.0
0.0,0.0
0.0,0.0
0.0,0.0
0.0,0.0
-7.553281784057617,22.33316993713379
-6.450827121734619,65.38834381103516
0.0,0.0
0.0,0.0
0.0,0.0
0.0,0.0
0.0,0.0
0.0,0.0
-7.624881267547607,22.391523361206055
-16.25065040588379,33.33417892456055
0.0,0.0
0.0,0.0
-5.991879463195801,22.18906021118164
0.0,0.0
0.0,0.0
0.0,0.0
0.0,0.0
0.0,0.0
0.0,0.0
0.0,0.0
0.0,0.0
0.0,0.0
0.0,0.0
0.0,0.0
0.0,0.0
0.0,0.0
0.0,0.0
0.0,0.0
0.0,0.0
0.0,0.0
0.0,0.0
0.0,0.0
0.0,0.0
0.0,0.0
0.0,0.0
0.0,0.0
0.0,0.0
0.0,0.0
0.0,0.0
0.0,0.0
0.0,0.0
0.0,0.0
0.0,0.0
0.0,0.0
0.0,0.0
0.0,0.0
0.0,0.0
0.0,0.0
0.0,0.0
0.0,0.0
0.0,0.0
0.0,0.0
0.0,0.0
0.0,0.0
0.0,0.0
0.0,0.0
0.0,0.0
0.0,0.0
0.0,0.0
0.0,0.0
0.0,0.0
0.0,0.0
0.0,0.0
0.0,0.0
-7.811441898345947,21.885269165039062
-10.20448112487793,35.83717727661133
0.0,0.0
0.0,0.0
0.0,0.0
0.0,0.0
0.0,0.0
0.0,0.0
-7.829437255859375,21.705495834350586
100.4867935180664,225.042236328125
0.0,0.0
0.0,0.0
-8.319417953491211,15.171369552612305
863.1884155273438,46.03573226928711
0.0,0.0
0.0,0.0
0.0,0.0
0.0,0.0
0.0,0.0
0.0,0.0
0.0,0.0
0.0,0.0
0.0,0.0
0.0,0.0
0.0,0.0
0.0,0.0
0.0,0.0
0.0,0.0
0.0,0.0
0.0,0.0
0.0,0.0
0.0,0.0
-7.789911270141602,22.17524528503418
-3.799999952316284,16.10796546936035
0.0,0.0
0.0,0.0
0.0,0.0
0.0,0.0
0.0,0.0
0.0,0.0
-7.87134313583374,21.379262924194336
22.760881423950195,572.4728393554688
0.0,0.0
0.0,0.0
-8.176254272460938,20.35986328125
-2.0,500.0
0.0,0.0
0.0,0.0
0.0,0.0
0.0,0.0
0.0,0.0
0.0,0.0
0.0,0.0
0.0,0.0
0.0,0.0
0.0,0.0
0.0,0.0
0.0,0.0
0.0,0.0
0.0,0.0
0.0,0.0
0.0,0.0
0.0,0.0
0.0,0.0
0.0,0.0
0.0,0.0
0.0,0.0
0.0,0.0
0.0,0.0
0.0,0.0
0.0,0.0
0.0,0.0
0.0,0.0
0.0,0.0
0.0,0.0
0.0,0.0
0.0,0.0
0.0,0.0
0.0,0.0
0.0,0.0
0.0,0.0
0.0,0.0
0.0,0.0
0.0,0.0
0.0,0.0
0.0,0.0
0.0,0.0
0.0,0.0
0.0,0.0
0.0,0.0
0.0,0.0
0.0,0.0
0.0,0.0
0.0,0.0
0.0,0.0
0.0,0.0
0.0,0.0
0.0,0.0
0.0,0.0
0.0,0.0
0.0,0.0
0.0,0.0
0.0,0.0
0.0,0.0
0.0,0.0
0.0,0.0
0.0,0.0
0.0,0.0
0.0,0.0
0.0,0.0
-9.371465682983398,6.6605095863342285
-20.728513717651367,-19.45946502685547
11.111105918884277,-8.53004264831543
0.0,0.0
0.0,0.0
0.0,0.0
7.173681259155273,-0.9463067650794983
0.0,0.0
-9.550532341003418,4.497743606567383
-21.108951568603516,-4.640296936035156
11.111105918884277,-8.536091804504395
414.04998779296875,0.0
0.0,0.0
0.0,0.0
9.076400756835938,-2.642139196395874
0.0,0.0
0.0,0.0
0.0,0.0
11.10981273651123,-4.0409135818481445
0.0,0.0
0.0,0.0
0.0,0.0
9.076400756835938,-2.6497931480407715
0.0,0.0
0.0,0.0
0.0,0.0
11.111105918884277,-8.836350440979004
29.5264835357666,8.75057315826416
0.0,0.0
0.0,0.0
10.855598449707031,-0.472297728061676
0.0,0.0
-93.16715240478516,79.23637390136719
-121.6313247680664,-121.63931274414062
-91.42833709716797,98.13890075683594
-20.509445190429688,34.39688491821289
-102.82215118408203,105.41976928710938
-108.8018798828125,-108.18357849121094
-10.0,34.916709899902344
-11.0,29.373065948486328
-95.40665435791016,45.99897384643555
-120.4395980834961,59.725128173828125
-91.1769790649414,87.36626434326172
-44.38970184326172,12.274635314941406
-96.82898712158203,10.323010444641113
-108.78340911865234,-108.3119125366211
-45.09222412109375,44.3975830078125
-37.32040786743164,68.56494140625
0.0,0.0
0.0,0.0
-44.69432067871094,80.11460876464844
-20.790000915527344,45.951629638671875
0.0,0.0
0.0,0.0
-10.0,41.77420425415039
-11.0,38.408382415771484
0.0,0.0
0.0,0.0
-88.96052551269531,102.00008392333984
-20.524595260620117,55.89629364013672
0.0,0.0
0.0,0.0
-39.109107971191406,33.13706588745117
-29.046588897705078,49.23384094238281
0.0,0.0
0.0,0.0
0.0,0.0
0.0,0.0
0.0,0.0
0.0,0.0
0.0,0.0
0.0,0.0
0.0,0.0
0.0,0.0
0.0,0.0
0.0,0.0
0.0,0.0
0.0,0.0
0.0,0.0
0.0,0.0
0.0,0.0
0.0,0.0
0.0,0.0
0.0,0.0
0.0,0.0
0.0,0.0
0.0,0.0
0.0,0.0
0.0,0.0
0.0,0.0
0.0,0.0
0.0,0.0
0.0,0.0
0.0,0.0
0.0,0.0
0.0,0.0
0.0,0.0
0.0,0.0
0.0,0.0
0.0,0.0
0.0,0.0
0.0,0.0
0.0,0.0
0.0,0.0
0.0,0.0
0.0,0.0
0.0,0.0
0.0,0.0
0.0,0.0
0.0,0.0
0.0,0.0
0.0,0.0
0.0,0.0
0.0,0.0
0.0,0.0
0.0,0.0
0.0,0.0
0.0,0.0
0.0,0.0
0.0,0.0
0.0,0.0
0.0,0.0
0.0,0.0
0.0,0.0
0.0,0.0
0.0,0.0
0.0,0.0
0.0,0.0
0.0,0.0
0.0,0.0
-8.918610572814941,11.11109733581543
0.0,0.0
0.0,0.0
0.0,0.0
0.0,0.0
0.0,0.0
11.111163139343262,7.538102149963379
0.0,0.0
11.111105918884277,3.471648693084717
0.0,0.0
0.0,0.0
0.0,0.0
10.966014862060547,1.0099999904632568
0.0,0.0
0.0,0.0
0.0,0.0
-10.18480396270752,-1.8484464883804321
0.0,0.0
0.0,0.0
0.0,0.0
0.0,0.0
0.0,0.0
10.661160469055176,-2.2895262241363525
0.0,0.0
11.111105918884277,-5.877151012420654
0.0,0.0
0.0,0.0
0.0,0.0
11.111105918884277,0.1097179651260376
0.0,0.0
0.0,0.0
0.0,0.0
-5.219350337982178,6.233798980712891
0.0,0.0
0.0,0.0
0.0,0.0
0.0,0.0
0.0,0.0
11.111105918884277,4.738085746765137
0.0,0.0
11.111105918884277,7.806347370147705
0.0,0.0
0.0,0.0
0.0,0.0
8.411020278930664,1.063563346862793
0.0,0.0
0.0,0.0
0.0,0.0
-9.091533660888672,6.82902717590332
0.0,0.0
0.0,0.0
0.0,0.0
0.0,0.0
0.0,0.0
5.369321823120117,-0.03358294442296028
0.0,0.0
11.111105918884277,-8.112564086914062
0.0,0.0
0.0,0.0
0.0,0.0
11.111105918884277,5.461623191833496
0.0,0.0
0.0,0.0
0.0,0.0
0.0,0.0
0.0,0.0
0.0,0.0
0.0,0.0
0.0,0.0
0.0,0.0
0.0,0.0
0.0,0.0
0.0,0.0
0.0,0.0
0.0,0.0
0.0,0.0
0.0,0.0
0.0,0.0
0.0,0.0
0.0,0.0
98.79792022705078,113.35163879394531
-7.159799098968506,348.5242614746094
0.0,0.0
0.0,0.0
0.0,0.0
0.0,0.0
0.0,0.0
0.0,0.0
7.938497543334961,117.11386108398438
-9.121006965637207,151.87680053710938
0.0,0.0
0.0,0.0
0.0,0.0
0.0,0.0
0.0,0.0
0.0,0.0
0.0,0.0
0.0,0.0
0.0,0.0
0.0,0.0
0.0,0.0
0.0,0.0
0.0,0.0
0.0,0.0
0.0,0.0
0.0,0.0
0.0,0.0
0.0,0.0
0.0,0.0
0.0,0.0
0.0,0.0
0.0,0.0
4.9291181564331055,138.01345825195312
-9.095592498779297,66.6797103881836
0.0,0.0
0.0,0.0
1829.54248046875,513.197509765625
500.0,0.0
0.0,0.0
0.0,0.0
5.386856555938721,146.78419494628906
-7.957071781158447,66.90666198730469
0.0,0.0
0.0,0.0
919.1306762695312,2955.8037109375
0.0,0.0
0.0,0.0
0.0,0.0
0.0,0.0
0.0,0.0
0.0,0.0
0.0,0.0
0.0,0.0
0.0,0.0
0.0,0.0
0.0,0.0
0.0,0.0
0.0,0.0
0.0,0.0
0.0,0.0
0.0,0.0
0.0,0.0
0.0,0.0
0.0,0.0
0.0,0.0
0.0,0.0
0.0,0.0
0.0,0.0
0.0,0.0
0.0,0.0
0.0,0.0
0.0,0.0
0.0,0.0
0.0,0.0
0.0,0.0
0.0,0.0
0.0,0.0
0.0,0.0
0.0,0.0
0.0,0.0
0.0,0.0
0.0,0.0
0.0,0.0
0.0,0.0
0.0,0.0
0.0,0.0
0.0,0.0
0.0,0.0
0.0,0.0
0.0,0.0
0.0,0.0
0.0,0.0
0.0,0.0
0.0,0.0
0.0,0.0
0.0,0.0
0.0,0.0
0.0,0.0
0.0,0.0
0.0,0.0
0.0,0.0
0.0,0.0
0.0,0.0
0.0,0.0
0.0,0.0
0.0,0.0
0.0,0.0
0.0,0.0
0.0,0.0
0.0,0.0
0.0,0.0
0.0,0.0
0.0,0.0
0.0,0.0
0.0,0.0
0.0,0.0
0.0,0.0
0.0,0.0
0.0,0.0
0.0,0.0
0.0,0.0
0.0,0.0
0.0,0.0
0.0,0.0
0.0,0.0
0.0,0.0
0.0,0.0
0.0,0.0
-4.44444465637207,55.55553436279297
-12.131061553955078,66.66670227050781
0.0,0.0
0.0,0.0
0.0,0.0
0.0,0.0
0.0,0.0
0.0,0.0
-4.44444465637207,55.55553436279297
-13.331982612609863,66.66670227050781
0.0,0.0
0.0,0.0
0.0,0.0
0.0,0.0
0.0,0.0
0.0,0.0
0.0,0.0
0.0,0.0
0.0,0.0
0.0,0.0
0.0,0.0
0.0,0.0
0.0,0.0
0.0,0.0
0.0,0.0
0.0,0.0
0.0,0.0
0.0,0.0
0.0,0.0
0.0,0.0
0.0,0.0
0.0,0.0
0.6634607911109924,56.27183532714844
-13.287394523620605,66.6666259765625
0.0,0.0
0.0,0.0
0.0,0.0
0.0,0.0
0.0,0.0
0.0,0.0
-4.425295352935791,56.186363220214844
-13.333287239074707,66.6666259765625
0.0,0.0
0.0,0.0
0.0,0.0
0.0,0.0
0.0,0.0
0.0,0.0
0.0,0.0
0.0,0.0
0.0,0.0
0.0,0.0
0.0,0.0
0.0,0.0
0.0,0.0
0.0,0.0
0.0,0.0
0.0,0.0
0.0,0.0
0.0,0.0
0.0,0.0
0.0,0.0
0.0,0.0
0.0,0.0
0.0,0.0
0.0,0.0
0.0,0.0
0.0,0.0
0.0,0.0
0.0,0.0
0.0,0.0
0.0,0.0
0.0,0.0
0.0,0.0
0.0,0.0
0.0,0.0
0.0,0.0
0.0,0.0
0.0,0.0
0.0,0.0
0.0,0.0
0.0,0.0
0.0,0.0
0.0,0.0
0.0,0.0
0.0,0.0
0.0,0.0
0.0,0.0
0.0,0.0
0.0,0.0
0.0,0.0
0.0,0.0
0.0,0.0
0.0,0.0
0.0,0.0
0.0,0.0
0.0,0.0
0.0,0.0
0.0,0.0
0.0,0.0
0.0,0.0
0.0,0.0
0.0,0.0
0.0,0.0
0.0,0.0
0.0,0.0
0.0,0.0
0.0,0.0
0.0,0.0
0.0,0.0
-8.885795593261719,11.111105918884277
-2.0,16.28795623779297
11.111105918884277,-6.465638160705566
0.0,0.0
0.0,0.0
0.0,0.0
0.0,0.0
0.0,0.0
-8.88751220703125,11.111116409301758
-7.683835506439209,20.48079490661621
11.042878150939941,-4.7042059898376465
0.0,0.0
0.0,0.0
0.0,0.0
0.0,0.0
0.0,0.0
-8.87729263305664,11.111105918884277
-5.381800174713135,15.701050758361816
11.111140251159668,-8.888649940490723
0.0,0.0
0.0,0.0
0.0,0.0
0.0,0.0
0.0,0.0
-8.88713264465332,11.111116409301758
-6.389594078063965,21.477014541625977
11.111132621765137,-8.870223045349121
0.0,0.0
0.0,0.0
0.0,0.0
0.0,0.0
0.0,0.0
-88.60327911376953,111.11115264892578
-10.61591625213623,59.06254577636719
-88.4271469116211,111.11106872558594
0.0,69.91969299316406
-18.519855499267578,92.59524536132812
0.0,0.0
0.0,0.0
0.0,0.0
-88.88774871826172,111.11106872558594
-49.56897735595703,115.00464630126953
-69.48605346679688,111.11090850830078
0.0,0.0
-18.582258224487305,75.28050231933594
0.0,0.0
0.0,0.0
0.0,0.0
-88.70668029785156,111.11106872558594
-10.540483474731445,74.62692260742188
-88.88703918457031,111.1112060546875
-87.36444091796875,122.22439575195312
-26.909000396728516,78.50525665283203
0.0,0.0
22.81853485107422,110.80535888671875
0.0,0.0
-88.88778686523438,111.11106872558594
-35.22126770019531,118.49246215820312
-88.09326934814453,111.11138153076172
-90.48192596435547,122.22218322753906
0.0,90.76400756835938
0.0,0.0
-30.7623291015625,388.9225769042969
0.0,0.0
0.0,0.0
0.0,0.0
0.0,0.0
0.0,0.0
0.0,0.0
0.0,0.0
0.0,0.0
0.0,0.0
0.0,0.0
0.0,0.0
0.0,0.0
0.0,0.0
0.0,0.0
0.0,0.0
0.0,0.0
0.0,0.0
0.0,0.0
0.0,0.0
0.0,0.0
0.0,0.0
0.0,0.0
0.0,0.0
0.0,0.0
0.0,0.0
0.0,0.0
0.0,0.0
0.0,0.0
0.0,0.0
0.0,0.0
0.0,0.0
0.0,0.0
0.0,0.0
0.0,0.0
0.0,0.0
0.0,0.0
0.0,0.0
0.0,0.0
0.0,0.0
0.0,0.0
0.0,0.0
0.0,0.0
0.0,0.0
0.0,0.0
0.0,0.0
0.0,0.0
0.0,0.0
0.0,0.0
0.0,0.0
0.0,0.0
0.0,0.0
0.0,0.0
0.0,0.0
0.0,0.0
0.0,0.0
0.0,0.0
0.0,0.0
0.0,0.0
0.0,0.0
0.0,0.0
0.0,0.0
0.0,0.0
0.0,0.0
0.0,0.0
0.0,0.0
0.0,0.0
0.0,0.0
-3.357111930847168,4.80145263671875
0.0,0.0
0.0,0.0
0.0,0.0
0.0,0.0
0.0,0.0
11.110300064086914,-5.889427661895752
0.0,0.0
7.173681259155273,-2.596531391143799
0.0,0.0
0.0,0.0
0.0,0.0
0.0,0.0
0.0,0.0
0.0,0.0
0.0,0.0
-8.888901710510254,11.111041069030762
0.0,0.0
0.0,0.0
0.0,0.0
0.0,0.0
0.0,0.0
11.11091423034668,-7.840476036071777
0.0,0.0
11.111105918884277,-8.888883590698242
0.0,0.0
0.0,0.0
0.0,0.0
0.0,0.0
0.0,0.0
0.0,0.0
0.0,0.0
0.0,0.0
0.0,0.0
0.0,0.0
0.0,0.0
0.0,0.0
0.0,0.0
0.0,0.0
0.0,0.0
1.909999966621399,0.0
0.0,0.0
0.0,0.0
0.0,0.0
0.0,0.0
0.0,0.0
0.0,0.0
0.0,0.0
0.0,9.076400756835938
0.0,0.0
0.0,0.0
0.0,0.0
0.0,0.0
0.0,0.0
0.0,-1.0
0.0,0.0
11.111105918884277,-8.858192443847656
0.0,0.0
0.0,0.0
0.0,0.0
0.0,0.0
0.0,0.0
0.0,0.0
0.0,0.0
0.0,0.0
0.0,0.0
0.0,0.0
0.0,0.0
0.0,0.0
0.0,0.0
0.0,0.0
0.0,0.0
0.0,0.0
0.0,0.0
0.0,0.0
0.0,0.0
0.0,0.0
0.0,0.0
0.0,0.0
0.0,0.0
0.0,0.0
0.0,0.0
0.0,0.0
0.0,0.0
0.0,0.0
0.0,0.0
0.0,0.0
0.0,0.0
0.0,0.0
0.0,0.0
0.0,0.0
0.0,0.0
0.0,0.0
0.0,0.0
0.0,0.0
0.0,0.0
0.0,0.0
0.0,0.0
0.0,0.0
0.0,0.0
0.0,0.0
0.0,0.0
0.0,0.0
0.0,0.0
0.0,0.0
0.0,0.0
0.0,0.0
0.0,0.0
0.0,0.0
0.0,0.0
0.0,0.0
0.0,0.0
0.0,0.0
0.0,0.0
0.0,0.0
0.0,0.0
0.0,0.0
0.0,0.0
0.0,0.0
0.0,0.0
0.0,0.0
0.0,0.0
0.0,0.0
0.0,0.0
0.0,0.0
0.0,0.0
