-12.310529708862305,8.97504997253418
0.0,0.0
0.0,0.0
0.0,0.0
0.0,0.0
0.0,0.0
0.0,0.0
0.0,0.0
0.0,0.0
0.0,0.0
0.0,0.0
0.0,0.0
0.0,0.0
0.0,0.0
0.0,0.0
0.0,0.0
0.0,0.0
0.0,0.0
-3.700242042541504,15.817423820495605
-19.308963775634766,0.021283594891428947
0.0,0.0
0.0,0.0
0.0,0.0
0.0,0.0
0.0,0.0
0.0,0.0
-1.5633617639541626,15.31157112121582
-19.806045532226562,0.0
0.0,0.0
0.0,0.0
0.0,0.0
0.0,0.0
0.0,0.0
0.0,0.0
0.0,0.0
0.0,0.0
0.0,0.0
0.0,0.0
0.0,0.0
0.0,0.0
0.0,0.0
0.0,0.0
0.0,0.0
0.0,0.0
0.0,0.0
0.0,0.0
0.0,0.0
0.0,0.0
0.0,0.0
0.0,0.0
-8.889716148376465,11.106158256530762
-5.420000076293945,0.0
0.0,0.0
0.0,0.0
-8.888858795166016,11.111105918884277
0.0,0.0
0.0,0.0
0.0,0.0
-9.000983238220215,18.086528778076172
-3.799999952316284,200.0
0.0,0.0
0.0,0.0
-8.70513916015625,11.103947639465332
0.0,0.0
0.0,0.0
0.0,0.0
0.0,0.0
0.0,0.0
0.0,0.0
0.0,0.0
0.0,0.0
0.0,0.0
0.0,0.0
0.0,0.0
0.0,0.0
0.0,0.0
0.0,0.0
0.0,0.0
0.0,0.0
0.0,0.0
0.0,0.0
0.0,0.0
-8.889884948730469,11.111105918884277
-19.11476707458496,-0.40682342648506165
0.0,0.0
0.0,0.0
-8.369330406188965,11.111096382141113
-5.420000076293945,0.0
0.0,0.0
0.0,0.0
-8.908122062683105,11.110243797302246
-12.811904907226562,89.89144897460938
0.0,0.0
0.0,0.0
-8.717479705810547,11.065706253051758
-14.315922737121582,94.16584777832031
0.0,0.0
0.0,0.0
0.0,0.0
0.0,0.0
0.0,0.0
0.0,0.0
0.0,0.0
0.0,0.0
0.0,0.0
0.0,0.0
0.0,0.0
0.0,0.0
0.0,0.0
0.0,0.0
0.0,0.0
0.0,0.0
0.0,0.0
0.0,0.0
-8.721070289611816,11.111078262329102
-10.434062004089355,0.0
0.0,0.0
0.0,0.0
-3.359628915786743,7.1104559898376465
-9.371179580688477,0.0
0.0,0.0
0.0,0.0
-8.903185844421387,11.111105918884277
-2.265896797180176,136.93057250976562
0.0,0.0
0.0,0.0
-8.878266334533691,11.110451698303223
-15.726914405822754,-0.0028883428312838078
0.0,0.0
0.0,0.0
0.0,0.0
0.0,0.0
0.0,0.0
0.0,0.0
0.0,0.0
0.0,0.0
0.0,0.0
0.0,0.0
0.0,0.0
0.0,0.0
0.0,0.0
0.0,0.0
0.0,0.0
0.0,0.0
0.0,0.0
0.0,0.0
-6.6783246994018555,13.843428611755371
-18.953580856323242,10.464225769042969
0.0,0.0
0.0,0.0
0.0,0.0
0.0,0.0
0.0,0.0
0.0,0.0
-5.199014663696289,14.428338050842285
-19.523033142089844,1.5679608873629257e-22
0.0,0.0
0.0,0.0
-4.852662086486816,11.028714179992676
-3.799999952316284,0.0
0.0,0.0
0.0,0.0
0.0,0.0
0.0,0.0
0.0,0.0
0.0,0.0
0.0,0.0
0.0,0.0
0.0,0.0
0.0,0.0
0.0,0.0
0.0,0.0
0.0,0.0
0.0,0.0
0.0,0.0
0.0,0.0
0.0,0.0
0.0,0.0
0.0,0.0
0.0,0.0
0.0,0.0
0.0,0.0
0.0,0.0
0.0,0.0
0.0,0.0
0.0,0.0
0.0,0.0
0.0,0.0
0.0,0.0
0.0,0.0
0.0,0.0
0.0,0.0
0.0,0.0
0.0,0.0
0.0,0.0
0.0,0.0
0.0,0.0
0.0,0.0
0.0,0.0
0.0,0.0
0.0,0.0
0.0,0.0
0.0,0.0
0.0,0.0
0.0,0.0
0.0,0.0
0.0,0.0
0.0,0.0
0.0,0.0
0.0,0.0
-8.912102699279785,10.87841796875
-19.25699806213379,139.758544921875
0.0,0.0
0.0,0.0
0.0,0.0
0.0,0.0
0.0,0.0
0.0,0.0
-8.935402870178223,10.645705223083496
18.88615608215332,82.14502716064453
0.0,0.0
0.0,0.0
-9.298431396484375,8.897221565246582
-3.799999952316284,502.7699279785156
0.0,0.0
0.0,0.0
0.0,0.0
0.0,0.0
0.0,0.0
0.0,0.0
0.0,0.0
0.0,0.0
0.0,0.0
0.0,0.0
0.0,0.0
0.0,0.0
0.0,0.0
0.0,0.0
0.0,0.0
0.0,0.0
0.0,0.0
0.0,0.0
-8.892948150634766,11.11109447479248
-2.4285008907318115,58.69053649902344
0.0,0.0
0.0,0.0
0.0,0.0
0.0,0.0
0.0,0.0
0.0,0.0
-8.94028377532959,10.531407356262207
-4.399545669555664,281.5426940917969
0.0,0.0
0.0,0.0
-9.16075325012207,10.045480728149414
-2.0,165.6199951171875
0.0,0.0
0.0,0.0
0.0,0.0
0.0,0.0
0.0,0.0
0.0,0.0
0.0,0.0
0.0,0.0
0.0,0.0
0.0,0.0
0.0,0.0
0.0,0.0
0.0,0.0
0.0,0.0
0.0,0.0
0.0,0.0
0.0,0.0
0.0,0.0
0.0,0.0
0.0,0.0
0.0,0.0
0.0,0.0
0.0,0.0
0.0,0.0
0.0,0.0
0.0,0.0
0.0,0.0
0.0,0.0
0.0,0.0
0.0,0.0
0.0,0.0
0.0,0.0
0.0,0.0
0.0,0.0
0.0,0.0
0.0,0.0
0.0,0.0
0.0,0.0
0.0,0.0
0.0,0.0
0.0,0.0
0.0,0.0
0.0,0.0
0.0,0.0
0.0,0.0
0.0,0.0
0.0,0.0
0.0,0.0
0.0,0.0
0.0,0.0
0.0,0.0
0.0,0.0
0.0,0.0
0.0,0.0
0.0,0.0
0.0,0.0
0.0,0.0
0.0,0.0
0.0,0.0
0.0,0.0
0.0,0.0
0.0,0.0
0.0,0.0
0.0,0.0
-9.358538627624512,6.6136250495910645
-20.05845069885254,-6.887789726257324
33.33331298828125,-23.227230072021484
19.682771682739258,-7.39739990234375
0.0,0.0
0.0,0.0
19.069005966186523,-2.8746774196624756
2.0,0.0
-9.595458984375,4.048427104949951
-21.522825241088867,-17.178203582763672
33.33331298828125,-22.140464782714844
21.95814323425293,-4.565644264221191
0.0,0.0
0.0,0.0
26.625497817993164,0.0
5.476200103759766,0.0
0.0,0.0
0.0,0.0
33.313961029052734,-14.429339408874512
17.30805778503418,-3.5673091411590576
0.0,0.0
0.0,0.0
23.551576614379883,-2.809309959411621
2.0,0.0
0.0,0.0
0.0,0.0
33.33331298828125,-26.430164337158203
190.22662353515625,-6.565239429473877
0.0,0.0
0.0,0.0
32.69856262207031,-2.681500196456909
10.738643646240234,-5.907238006591797
-1.1125203371047974,87.94120025634766
-22.168729782104492,-17.984704971313477
33.33331298828125,-26.431278228759766
18.5190486907959,-3.168665647506714
-2.9006831645965576,93.7589111328125
-6.060636043548584,92.18004608154297
10.47501277923584,-3.0
6.983342170715332,0.0
-2.2554092407226562,77.4713363647461
-20.14238929748535,2.6399757862091064
33.33331298828125,-26.521066665649414
21.60511589050293,-9.219985961914062
-4.289590358734131,90.76554107666016
-16.03284454345703,-14.369539260864258
31.98348045349121,-5.268710136413574
16.822040557861328,-3.8643147945404053
0.0,0.0
0.0,0.0
30.178955078125,-7.542446136474609
5.476200103759766,0.0
0.0,0.0
0.0,0.0
16.10796546936035,-2.8559563159942627
3.819999933242798,0.0
0.0,0.0
0.0,0.0
33.33331298828125,-25.237592697143555
21.233320236206055,-10.531793594360352
0.0,0.0
0.0,0.0
33.03483200073242,-12.736248016357422
15.056099891662598,-4.735786437988281
0.0,0.0
0.0,0.0
0.0,0.0
0.0,0.0
0.0,0.0
0.0,0.0
0.0,0.0
0.0,0.0
0.0,0.0
0.0,0.0
0.0,0.0
0.0,0.0
0.0,0.0
0.0,0.0
0.0,0.0
0.0,0.0
0.0,0.0
0.0,0.0
0.0,0.0
0.0,0.0
0.0,0.0
0.0,0.0
0.0,0.0
0.0,0.0
0.0,0.0
0.0,0.0
0.0,0.0
0.0,0.0
0.0,0.0
0.0,0.0
0.0,0.0
0.0,0.0
0.0,0.0
0.0,0.0
0.0,0.0
0.0,0.0
0.0,0.0
0.0,0.0
0.0,0.0
0.0,0.0
0.0,0.0
0.0,0.0
0.0,0.0
0.0,0.0
0.0,0.0
0.0,0.0
0.0,0.0
0.0,0.0
0.0,0.0
0.0,0.0
0.0,0.0
0.0,0.0
0.0,0.0
0.0,0.0
0.0,0.0
0.0,0.0
0.0,0.0
0.0,0.0
0.0,0.0
0.0,0.0
0.0,0.0
0.0,0.0
0.0,0.0
0.0,0.0
0.0,0.0
0.0,0.0
-8.92471981048584,11.111105918884277
0.0,0.0
0.0,0.0
0.0,0.0
0.0,0.0
0.0,0.0
33.33331298828125,16.11785888671875
0.0,0.0
33.33331298828125,15.993969917297363
0.0,0.0
0.0,0.0
0.0,0.0
8.779658317565918,32.49098205566406
0.0,0.0
0.0,0.0
0.0,0.0
-10.16712474822998,-1.6717019081115723
0.0,0.0
0.0,0.0
0.0,0.0
0.0,0.0
0.0,0.0
29.86698341369629,-3.0
0.0,0.0
33.33331298828125,-15.015403747558594
0.0,0.0
0.0,0.0
0.0,0.0
33.33331298828125,10.06941032409668
0.0,0.0
0.0,0.0
0.0,0.0
-8.66469669342041,11.111090660095215
0.0,0.0
0.0,0.0
0.0,0.0
0.0,0.0
0.0,0.0
33.33331298828125,18.712841033935547
0.0,0.0
33.33331298828125,1.6797090768814087
0.0,0.0
0.0,0.0
0.0,0.0
0.0,23.551576614379883
0.0,0.0
0.0,0.0
0.0,0.0
-8.909440040588379,11.111104965209961
0.0,0.0
0.0,0.0
0.0,0.0
0.0,0.0
0.0,0.0
20.352794647216797,-5.6427001953125
0.0,0.0
33.33331298828125,-13.88978385925293
0.0,0.0
0.0,0.0
0.0,0.0
33.33331298828125,-3.793576955795288
0.0,0.0
0.0,0.0
0.0,0.0
0.0,0.0
0.0,0.0
0.0,0.0
0.0,0.0
0.0,0.0
0.0,0.0
0.0,0.0
0.0,0.0
0.0,0.0
0.0,0.0
0.0,0.0
0.0,0.0
0.0,0.0
0.0,0.0
0.0,0.0
0.0,0.0
41.69208526611328,71.61019897460938
-15.158536911010742,23.01112937927246
0.0,0.0
0.0,0.0
0.0,0.0
0.0,0.0
0.0,0.0
0.0,0.0
53.6416130065918,56.28838348388672
-16.83510398864746,22.238487243652344
0.0,0.0
0.0,0.0
0.0,0.0
0.0,0.0
0.0,0.0
0.0,0.0
0.0,0.0
0.0,0.0
0.0,0.0
0.0,0.0
0.0,0.0
0.0,0.0
0.0,0.0
0.0,0.0
0.0,0.0
0.0,0.0
0.0,0.0
0.0,0.0
0.0,0.0
0.0,0.0
0.0,0.0
0.0,0.0
11.735129356384277,76.7591781616211
-14.583146095275879,22.226396560668945
0.0,0.0
0.0,0.0
313.7751159667969,1170.1370849609375
0.0,0.0
0.0,0.0
0.0,0.0
10.039140701293945,74.40745544433594
-11.70405101776123,22.222240447998047
0.0,0.0
0.0,0.0
1028.900634765625,554.803955078125
0.0,0.0
0.0,0.0
0.0,0.0
0.0,0.0
0.0,0.0
0.0,0.0
0.0,0.0
0.0,0.0
0.0,0.0
0.0,0.0
0.0,0.0
0.0,0.0
0.0,0.0
0.0,0.0
0.0,0.0
0.0,0.0
0.0,0.0
0.0,0.0
0.0,0.0
0.0,0.0
0.0,0.0
0.0,0.0
0.0,0.0
0.0,0.0
0.0,0.0
0.0,0.0
0.0,0.0
0.0,0.0
0.0,0.0
0.0,0.0
0.0,0.0
0.0,0.0
0.0,0.0
0.0,0.0
0.0,0.0
0.0,0.0
0.0,0.0
0.0,0.0
0.0,0.0
0.0,0.0
0.0,0.0
0.0,0.0
0.0,0.0
0.0,0.0
0.0,0.0
0.0,0.0
0.0,0.0
0.0,0.0
0.0,0.0
0.0,0.0
0.0,0.0
0.0,0.0
0.0,0.0
0.0,0.0
0.0,0.0
0.0,0.0
0.0,0.0
0.0,0.0
0.0,0.0
0.0,0.0
0.0,0.0
0.0,0.0
0.0,0.0
0.0,0.0
0.0,0.0
0.0,0.0
0.0,0.0
0.0,0.0
0.0,0.0
0.0,0.0
0.0,0.0
0.0,0.0
0.0,0.0
0.0,0.0
0.0,0.0
0.0,0.0
0.0,0.0
0.0,0.0
0.0,0.0
0.0,0.0
0.0,0.0
0.0,0.0
0.0,0.0
-6.618439674377441,33.333396911621094
-15.258577346801758,22.22454833984375
0.0,0.0
0.0,0.0
0.0,0.0
0.0,0.0
0.0,0.0
0.0,0.0
-6.6666483879089355,33.33351516723633
-17.543508529663086,22.22223472595215
0.0,0.0
0.0,0.0
0.0,0.0
0.0,0.0
0.0,0.0
0.0,0.0
0.0,0.0
0.0,0.0
0.0,0.0
0.0,0.0
0.0,0.0
0.0,0.0
0.0,0.0
0.0,0.0
0.0,0.0
0.0,0.0
0.0,0.0
0.0,0.0
0.0,0.0
0.0,0.0
0.0,0.0
0.0,0.0
-6.643707275390625,33.333351135253906
-17.530765533447266,22.222211837768555
0.0,0.0
0.0,0.0
0.0,0.0
0.0,0.0
0.0,0.0
0.0,0.0
-6.608100414276123,33.87258529663086
-17.777673721313477,22.222211837768555
0.0,0.0
0.0,0.0
0.0,0.0
0.0,0.0
0.0,0.0
0.0,0.0
0.0,0.0
0.0,0.0
0.0,0.0
0.0,0.0
0.0,0.0
0.0,0.0
0.0,0.0
0.0,0.0
0.0,0.0
0.0,0.0
0.0,0.0
0.0,0.0
0.0,0.0
0.0,0.0
0.0,0.0
0.0,0.0
0.0,0.0
0.0,0.0
0.0,0.0
0.0,0.0
0.0,0.0
0.0,0.0
0.0,0.0
0.0,0.0
0.0,0.0
0.0,0.0
0.0,0.0
0.0,0.0
0.0,0.0
0.0,0.0
0.0,0.0
0.0,0.0
0.0,0.0
0.0,0.0
0.0,0.0
0.0,0.0
0.0,0.0
0.0,0.0
0.0,0.0
0.0,0.0
0.0,0.0
0.0,0.0
0.0,0.0
0.0,0.0
0.0,0.0
0.0,0.0
0.0,0.0
0.0,0.0
0.0,0.0
0.0,0.0
0.0,0.0
0.0,0.0
0.0,0.0
0.0,0.0
0.0,0.0
0.0,0.0
0.0,0.0
0.0,0.0
0.0,0.0
0.0,0.0
0.0,0.0
0.0,0.0
-6.654804706573486,33.33331298828125
-3.799999952316284,12.71267032623291
-5.983486652374268,33.33320236206055
-2.0,2.0
0.0,0.0
0.0,0.0
0.0,0.0
0.0,0.0
-6.669476509094238,33.33331298828125
-6.629714012145996,21.32232093811035
-3.8161282539367676,32.972869873046875
0.0,0.0
0.0,0.0
0.0,0.0
0.0,0.0
0.0,0.0
-6.646816730499268,33.33331298828125
-5.2678985595703125,14.347362518310547
-6.624887466430664,33.333370208740234
-15.022685050964355,22.200862884521484
0.0,0.0
0.0,0.0
0.0,0.0
0.0,0.0
-6.666330337524414,33.33331298828125
-7.955385684967041,21.32232093811035
-6.666646480560303,33.333370208740234
-14.274799346923828,22.222211837768555
0.0,0.0
0.0,0.0
0.0,0.0
0.0,0.0
-5.877182960510254,33.333351135253906
-5.33216667175293,15.056099891662598
-5.8688249588012695,33.33322525024414
-2.0,2.0
-3.1187169551849365,24.431934356689453
0.0,0.0
0.0,0.0
0.0,0.0
-6.664276123046875,33.33331298828125
-5.27652645111084,18.85233497619629
-4.62689733505249,31.849977493286133
0.0,0.0
-2.510974645614624,28.733436584472656
0.0,0.0
0.0,0.0
0.0,0.0
-5.396749973297119,33.33340835571289
-6.823237895965576,15.701050758361816
-6.54188871383667,33.333370208740234
-14.374898910522461,22.218774795532227
-2.6008570194244385,24.431934356689453
0.0,0.0
-1.184963345527649,91.01577758789062
0.0,0.0
-6.668733596801758,33.33331298828125
-3.6728732585906982,20.48079490661621
-5.963050365447998,33.335472106933594
-12.914341926574707,22.222143173217773
-0.5519202947616577,77.0200424194336
0.0,0.0
41.65299606323242,46.47042465209961
0.0,0.0
0.0,0.0
0.0,0.0
0.0,0.0
0.0,0.0
0.0,0.0
0.0,0.0
0.0,0.0
0.0,0.0
0.0,0.0
0.0,0.0
0.0,0.0
0.0,0.0
0.0,0.0
0.0,0.0
0.0,0.0
0.0,0.0
0.0,0.0
0.0,0.0
0.0,0.0
0.0,0.0
0.0,0.0
0.0,0.0
0.0,0.0
0.0,0.0
0.0,0.0
0.0,0.0
0.0,0.0
0.0,0.0
0.0,0.0
0.0,0.0
0.0,0.0
0.0,0.0
0.0,0.0
0.0,0.0
0.0,0.0
0.0,0.0
0.0,0.0
0.0,0.0
0.0,0.0
0.0,0.0
0.0,0.0
0.0,0.0
0.0,0.0
0.0,0.0
0.0,0.0
0.0,0.0
0.0,0.0
0.0,0.0
0.0,0.0
0.0,0.0
0.0,0.0
0.0,0.0
0.0,0.0
0.0,0.0
0.0,0.0
0.0,0.0
0.0,0.0
0.0,0.0
0.0,0.0
0.0,0.0
0.0,0.0
0.0,0.0
0.0,0.0
0.0,0.0
0.0,0.0
0.0,0.0
0.0,20.352794647216797
0.0,0.0
0.0,0.0
0.0,0.0
0.0,0.0
0.0,0.0
-5.706624507904053,33.33254623413086
0.0,0.0
-0.8559564352035522,19.069005966186523
0.0,0.0
0.0,0.0
0.0,0.0
0.0,0.0
0.0,0.0
0.0,0.0
0.0,0.0
-6.666788578033447,33.33214569091797
0.0,0.0
0.0,0.0
0.0,0.0
0.0,0.0
0.0,0.0
-5.736640930175781,33.293907165527344
0.0,0.0
-6.666677474975586,33.33324432373047
0.0,0.0
0.0,0.0
0.0,0.0
0.0,0.0
0.0,0.0
0.0,0.0
0.0,0.0
0.0,0.0
0.0,0.0
0.0,0.0
0.0,0.0
0.0,0.0
0.0,0.0
-1.0,0.0
0.0,0.0
-1.0,0.0
0.0,0.0
0.0,0.0
0.0,0.0
0.0,0.0
0.0,0.0
0.0,0.0
0.0,0.0
-1.6741584539413452,23.551576614379883
0.0,0.0
0.0,0.0
0.0,0.0
0.0,0.0
0.0,0.0
0.0,0.0
0.0,0.0
-5.421314239501953,33.33326721191406
0.0,0.0
0.0,0.0
0.0,0.0
0.0,0.0
0.0,0.0
0.0,0.0
0.0,0.0
0.0,0.0
0.0,0.0
0.0,0.0
0.0,0.0
0.0,0.0
0.0,0.0
0.0,0.0
0.0,0.0
0.0,0.0
0.0,0.0
0.0,0.0
0.0,0.0
0.0,0.0
0.0,0.0
0.0,0.0
0.0,0.0
0.0,0.0
0.0,0.0
0.0,0.0
0.0,0.0
0.0,0.0
0.0,0.0
0.0,0.0
0.0,0.0
0.0,0.0
0.0,0.0
0.0,0.0
0.0,0.0
0.0,0.0
0.0,0.0
0.0,0.0
0.0,0.0
0.0,0.0
0.0,0.0
0.0,0.0
0.0,0.0
0.0,0.0
0.0,0.0
0.0,0.0
0.0,0.0
0.0,0.0
0.0,0.0
0.0,0.0
0.0,0.0
0.0,0.0
0.0,0.0
0.0,0.0
0.0,0.0
0.0,0.0
0.0,0.0
0.0,0.0
0.0,0.0
0.0,0.0
0.0,0.0
0.0,0.0
0.0,0.0
0.0,0.0
0.0,0.0
0.0,0.0
0.0,0.0
0.0,0.0
0.0,0.0
