-10.269759178161621,21.503337860107422
0.0,0.0
0.0,0.0
0.0,0.0
0.0,0.0
0.0,0.0
0.0,0.0
0.0,0.0
0.0,0.0
0.0,0.0
0.0,0.0
0.0,0.0
0.0,0.0
0.0,0.0
0.0,0.0
0.0,0.0
0.0,0.0
0.0,0.0
-7.6886305809021,22.550861358642578
-15.479438781738281,33.32904815673828
0.0,0.0
0.0,0.0
0.0,0.0
0.0,0.0
0.0,0.0
0.0,0.0
-7.541599273681641,22.575782775878906
-11.738750457763672,33.317291259765625
0.0,0.0
0.0,0.0
0.0,0.0
0.0,0.0
0.0,0.0
0.0,0.0
0.0,0.0
0.0,0.0
0.0,0.0
0.0,0.0
0.0,0.0
0.0,0.0
0.0,0.0
0.0,0.0
0.0,0.0
0.0,0.0
0.0,0.0
0.0,0.0
0.0,0.0
0.0,0.0
0.0,0.0
0.0,0.0
-7.8263325691223145,22.20598793029785
-12.723520278930664,32.937217712402344
0.0,0.0
0.0,0.0
-7.767385482788086,22.222211837768555
0.0,0.0
0.0,0.0
0.0,0.0
-7.785869598388672,22.211387634277344
-7.589991569519043,28.278501510620117
0.0,0.0
0.0,0.0
-7.515820503234863,22.22191619873047
0.0,0.0
0.0,0.0
0.0,0.0
0.0,0.0
0.0,0.0
0.0,0.0
0.0,0.0
0.0,0.0
0.0,0.0
0.0,0.0
0.0,0.0
0.0,0.0
0.0,0.0
0.0,0.0
0.0,0.0
0.0,0.0
0.0,0.0
0.0,0.0
0.0,0.0
-7.761967182159424,22.215694427490234
-7.287083148956299,31.364898681640625
0.0,0.0
0.0,0.0
-7.448078155517578,22.222097396850586
-2.0,5.730000019073486
0.0,0.0
0.0,0.0
-7.777801036834717,21.711990356445312
-7.199163913726807,230.35150146484375
0.0,0.0
0.0,0.0
-7.4737772941589355,22.061006546020508
11.905975341796875,520.1192016601562
0.0,0.0
0.0,0.0
0.0,0.0
0.0,0.0
0.0,0.0
0.0,0.0
0.0,0.0
0.0,0.0
0.0,0.0
0.0,0.0
0.0,0.0
0.0,0.0
0.0,0.0
0.0,0.0
0.0,0.0
0.0,0.0
0.0,0.0
0.0,0.0
-7.803634166717529,22.22062110900879
-13.693516731262207,33.325042724609375
0.0,0.0
0.0,0.0
-2.556314706802368,15.056099891662598
-11.762799263000488,32.898040771484375
0.0,0.0
0.0,0.0
-7.784337043762207,22.222209930419922
-3.079155921936035,59.8508186340332
0.0,0.0
0.0,0.0
-7.349189758300781,22.15323257446289
-2.1184263229370117,178.783203125
0.0,0.0
0.0,0.0
0.0,0.0
0.0,0.0
0.0,0.0
0.0,0.0
0.0,0.0
0.0,0.0
0.0,0.0
0.0,0.0
0.0,0.0
0.0,0.0
0.0,0.0
0.0,0.0
0.0,0.0
0.0,0.0
0.0,0.0
0.0,0.0
-7.563141822814941,22.33379554748535
-13.848596572875977,55.266075134277344
0.0,0.0
0.0,0.0
0.0,0.0
0.0,0.0
0.0,0.0
0.0,0.0
-7.715963363647461,22.508081436157227
-16.632225036621094,33.33331298828125
0.0,0.0
0.0,0.0
-5.402156829833984,21.932025909423828
0.0,0.0
0.0,0.0
0.0,0.0
0.0,0.0
0.0,0.0
0.0,0.0
0.0,0.0
0.0,0.0
0.0,0.0
0.0,0.0
0.0,0.0
0.0,0.0
0.0,0.0
0.0,0.0
0.0,0.0
0.0,0.0
0.0,0.0
0.0,0.0
0.0,0.0
-7.772526741027832,22.294984817504883
0.0,0.0
0.0,0.0
0.0,0.0
0.0,0.0
0.0,0.0
0.0,0.0
0.0,0.0
-7.779498100280762,22.20555305480957
-9.279047966003418,33.16382598876953
0.0,0.0
0.0,0.0
0.0,0.0
0.0,0.0
0.0,0.0
0.0,0.0
0.0,0.0
0.0,0.0
0.0,0.0
0.0,0.0
0.0,0.0
0.0,0.0
0.0,0.0
0.0,0.0
0.0,0.0
0.0,0.0
0.0,0.0
0.0,0.0
0.0,0.0
0.0,0.0
0.0,0.0
0.0,0.0
-7.808923244476318,21.910451889038086
-15.966282844543457,33.33359146118164
0.0,0.0
0.0,0.0
0.0,0.0
0.0,0.0
0.0,0.0
0.0,0.0
-7.8571553230285645,21.432479858398438
-5.376324653625488,488.4730529785156
0.0,0.0
0.0,0.0
-8.154228210449219,21.18851661682129
-4.9817705154418945,17.658248901367188
0.0,0.0
0.0,0.0
0.0,0.0
0.0,0.0
0.0,0.0
0.0,0.0
0.0,0.0
0.0,0.0
0.0,0.0
0.0,0.0
0.0,0.0
0.0,0.0
0.0,0.0
0.0,0.0
0.0,0.0
0.0,0.0
0.0,0.0
0.0,0.0
-7.789192199707031,22.222209930419922
0.0,0.0
0.0,0.0
0.0,0.0
0.0,0.0
0.0,0.0
0.0,0.0
0.0,0.0
-7.832307815551758,21.54216194152832
9.506646156311035,204.18373107910156
0.0,0.0
0.0,0.0
-8.11048412322998,14.232647895812988
0.0,0.0
0.0,0.0
0.0,0.0
0.0,0.0
0.0,0.0
0.0,0.0
0.0,0.0
0.0,0.0
0.0,0.0
0.0,0.0
0.0,0.0
0.0,0.0
0.0,0.0
0.0,0.0
0.0,0.0
0.0,0.0
0.0,0.0
0.0,0.0
0.0,0.0
0.0,0.0
0.0,0.0
0.0,0.0
0.0,0.0
0.0,0.0
0.0,0.0
0.0,0.0
0.0,0.0
0.0,0.0
0.0,0.0
0.0,0.0
0.0,0.0
0.0,0.0
0.0,0.0
0.0,0.0
0.0,0.0
0.0,0.0
0.0,0.0
0.0,0.0
0.0,0.0
0.0,0.0
0.0,0.0
0.0,0.0
0.0,0.0
0.0,0.0
0.0,0.0
0.0,0.0
0.0,0.0
0.0,0.0
0.0,0.0
0.0,0.0
0.0,0.0
0.0,0.0
0.0,0.0
0.0,0.0
0.0,0.0
0.0,0.0
0.0,0.0
0.0,0.0
0.0,0.0
0.0,0.0
0.0,0.0
0.0,0.0
0.0,0.0
0.0,0.0
0.0,0.0
-9.608049392700195,3.7607779502868652
0.0,0.0
11.111105918884277,-5.355034351348877
0.0,0.0
-1.0,1.0
0.0,0.0
5.369321823120117,-0.98089998960495
0.0,0.0
-9.544465065002441,5.457707405090332
0.0,0.0
11.111105918884277,-4.366444110870361
0.0,0.0
0.0,0.0
0.0,0.0
5.369321823120117,-1.0809999704360962
0.0,0.0
0.0,0.0
0.0,0.0
9.955660820007324,-0.470143586397171
0.0,0.0
0.0,0.0
0.0,0.0
5.886082649230957,-0.8187723755836487
0.0,0.0
0.0,0.0
0.0,0.0
11.111105918884277,-6.565653324127197
0.0,0.0
0.0,0.0
0.0,0.0
10.059651374816895,-0.49568477272987366
342.8747863769531,5.0
-97.21067810058594,23.652355194091797
-113.15906524658203,-69.48490905761719
-97.15852355957031,68.95796203613281
-45.60686111450195,55.565372467041016
-94.76484680175781,38.025062561035156
-94.18841552734375,-88.7291030883789
0.0,19.100000381469727
-11.0,45.951629638671875
-96.91069030761719,30.88764190673828
-115.51800537109375,-9.819808959960938
-96.2349853515625,17.447975158691406
-43.96177673339844,62.03183364868164
-91.86161804199219,73.72051239013672
-104.60187530517578,-104.4819107055664
-38.997215270996094,80.19306182861328
-11.0,-3.6116185188293457
0.0,0.0
0.0,0.0
-38.31058120727539,86.86822509765625
-10.789899826049805,46.528717041015625
0.0,0.0
0.0,0.0
-10.0,0.0
-20.790000915527344,30.11910057067871
0.0,0.0
0.0,0.0
-90.06340789794922,104.05533599853516
-50.43815612792969,57.117698669433594
0.0,0.0
0.0,0.0
-33.926387786865234,94.66580200195312
-11.0,38.408382415771484
0.0,0.0
0.0,0.0
0.0,0.0
0.0,0.0
0.0,0.0
0.0,0.0
0.0,0.0
0.0,0.0
0.0,0.0
0.0,0.0
0.0,0.0
0.0,0.0
0.0,0.0
0.0,0.0
0.0,0.0
0.0,0.0
0.0,0.0
0.0,0.0
0.0,0.0
0.0,0.0
0.0,0.0
0.0,0.0
0.0,0.0
0.0,0.0
0.0,0.0
0.0,0.0
0.0,0.0
0.0,0.0
0.0,0.0
0.0,0.0
0.0,0.0
0.0,0.0
0.0,0.0
0.0,0.0
0.0,0.0
0.0,0.0
0.0,0.0
0.0,0.0
0.0,0.0
0.0,0.0
0.0,0.0
0.0,0.0
0.0,0.0
0.0,0.0
0.0,0.0
0.0,0.0
0.0,0.0
0.0,0.0
0.0,0.0
0.0,0.0
0.0,0.0
0.0,0.0
0.0,0.0
0.0,0.0
0.0,0.0
0.0,0.0
0.0,0.0
0.0,0.0
0.0,0.0
0.0,0.0
0.0,0.0
0.0,0.0
0.0,0.0
0.0,0.0
0.0,0.0
0.0,0.0
-6.860645294189453,6.604978561401367
0.0,0.0
0.0,0.0
0.0,0.0
0.0,0.0
0.0,0.0
11.111105918884277,5.773176193237305
0.0,0.0
11.111105918884277,8.929734230041504
0.0,0.0
0.0,0.0
0.0,0.0
6.007761478424072,8.413690567016602
0.0,0.0
0.0,0.0
0.0,0.0
-10.206533432006836,-2.0655064582824707
0.0,0.0
0.0,0.0
0.0,0.0
0.0,0.0
0.0,0.0
3.491671085357666,-1.0536190271377563
0.0,0.0
11.111105918884277,-4.723580837249756
0.0,0.0
0.0,0.0
0.0,0.0
11.111105918884277,4.481241226196289
0.0,0.0
0.0,0.0
0.0,0.0
-5.4628376960754395,5.904516696929932
0.0,0.0
0.0,0.0
0.0,0.0
0.0,0.0
0.0,0.0
11.111105918884277,5.680123329162598
0.0,0.0
11.111105918884277,9.875548362731934
0.0,0.0
0.0,0.0
0.0,0.0
1.9349920749664307,3.499206781387329
0.0,0.0
0.0,0.0
0.0,0.0
-9.734698295593262,9.282849311828613
0.0,0.0
0.0,0.0
0.0,0.0
0.0,0.0
0.0,0.0
4.80145263671875,-0.04797615110874176
0.0,0.0
11.111105918884277,-6.491824150085449
0.0,0.0
0.0,0.0
0.0,0.0
11.110219955444336,1.681352972984314
0.0,0.0
0.0,0.0
0.0,0.0
0.0,0.0
0.0,0.0
0.0,0.0
0.0,0.0
0.0,0.0
0.0,0.0
0.0,0.0
0.0,0.0
0.0,0.0
0.0,0.0
0.0,0.0
0.0,0.0
0.0,0.0
0.0,0.0
0.0,0.0
0.0,0.0
-4.392857551574707,55.59456253051758
-10.202451705932617,66.67326354980469
0.0,0.0
0.0,0.0
0.0,0.0
0.0,0.0
0.0,0.0
0.0,0.0
-1.4827709197998047,74.56668090820312
-12.181170463562012,66.66686248779297
0.0,0.0
0.0,0.0
0.0,0.0
0.0,0.0
0.0,0.0
0.0,0.0
0.0,0.0
0.0,0.0
0.0,0.0
0.0,0.0
0.0,0.0
0.0,0.0
0.0,0.0
0.0,0.0
0.0,0.0
0.0,0.0
0.0,0.0
0.0,0.0
0.0,0.0
0.0,0.0
0.0,0.0
0.0,0.0
79.80252075195312,96.59671783447266
-7.365631103515625,66.69266510009766
0.0,0.0
0.0,0.0
1418.094482421875,928.7825927734375
0.0,0.0
0.0,0.0
0.0,0.0
1.8917924165725708,114.08808135986328
-6.796313762664795,66.94573211669922
0.0,0.0
0.0,0.0
2094.19482421875,0.0
500.0,0.0
0.0,0.0
0.0,0.0
0.0,0.0
0.0,0.0
0.0,0.0
0.0,0.0
0.0,0.0
0.0,0.0
0.0,0.0
0.0,0.0
0.0,0.0
0.0,0.0
0.0,0.0
0.0,0.0
0.0,0.0
0.0,0.0
0.0,0.0
0.0,0.0
0.0,0.0
0.0,0.0
0.0,0.0
0.0,0.0
0.0,0.0
0.0,0.0
0.0,0.0
0.0,0.0
0.0,0.0
0.0,0.0
0.0,0.0
0.0,0.0
0.0,0.0
0.0,0.0
0.0,0.0
0.0,0.0
0.0,0.0
0.0,0.0
0.0,0.0
0.0,0.0
0.0,0.0
0.0,0.0
0.0,0.0
0.0,0.0
0.0,0.0
0.0,0.0
0.0,0.0
0.0,0.0
0.0,0.0
0.0,0.0
0.0,0.0
0.0,0.0
0.0,0.0
0.0,0.0
0.0,0.0
0.0,0.0
0.0,0.0
0.0,0.0
0.0,0.0
0.0,0.0
0.0,0.0
0.0,0.0
0.0,0.0
0.0,0.0
0.0,0.0
0.0,0.0
0.0,0.0
0.0,0.0
0.0,0.0
0.0,0.0
0.0,0.0
0.0,0.0
0.0,0.0
0.0,0.0
0.0,0.0
0.0,0.0
0.0,0.0
0.0,0.0
0.0,0.0
0.0,0.0
0.0,0.0
0.0,0.0
0.0,0.0
0.0,0.0
-4.44444465637207,55.55553436279297
-13.144427299499512,66.6666259765625
0.0,0.0
0.0,0.0
0.0,0.0
0.0,0.0
0.0,0.0
0.0,0.0
-4.44444465637207,55.55553436279297
-12.77227783203125,66.66670227050781
0.0,0.0
0.0,0.0
0.0,0.0
0.0,0.0
0.0,0.0
0.0,0.0
0.0,0.0
0.0,0.0
0.0,0.0
0.0,0.0
0.0,0.0
0.0,0.0
0.0,0.0
0.0,0.0
0.0,0.0
0.0,0.0
0.0,0.0
0.0,0.0
0.0,0.0
0.0,0.0
0.0,0.0
0.0,0.0
-2.62044358253479,68.52171325683594
-13.181286811828613,66.6666259765625
0.0,0.0
0.0,0.0
0.0,0.0
0.0,0.0
0.0,0.0
0.0,0.0
-4.40661096572876,55.93260192871094
-13.332974433898926,66.6666259765625
0.0,0.0
0.0,0.0
0.0,0.0
0.0,0.0
0.0,0.0
0.0,0.0
0.0,0.0
0.0,0.0
0.0,0.0
0.0,0.0
0.0,0.0
0.0,0.0
0.0,0.0
0.0,0.0
0.0,0.0
0.0,0.0
0.0,0.0
0.0,0.0
0.0,0.0
0.0,0.0
0.0,0.0
0.0,0.0
0.0,0.0
0.0,0.0
0.0,0.0
0.0,0.0
0.0,0.0
0.0,0.0
0.0,0.0
0.0,0.0
0.0,0.0
0.0,0.0
0.0,0.0
0.0,0.0
0.0,0.0
0.0,0.0
0.0,0.0
0.0,0.0
0.0,0.0
0.0,0.0
0.0,0.0
0.0,0.0
0.0,0.0
0.0,0.0
0.0,0.0
0.0,0.0
0.0,0.0
0.0,0.0
0.0,0.0
0.0,0.0
0.0,0.0
0.0,0.0
0.0,0.0
0.0,0.0
0.0,0.0
0.0,0.0
0.0,0.0
0.0,0.0
0.0,0.0
0.0,0.0
0.0,0.0
0.0,0.0
0.0,0.0
0.0,0.0
0.0,0.0
0.0,0.0
0.0,0.0
0.0,0.0
-5.328757286071777,10.316603660583496
0.0,0.0
9.577812194824219,-0.9282631874084473
0.0,0.0
0.0,0.0
0.0,0.0
0.0,0.0
0.0,0.0
-1.8015861511230469,10.514019966125488
0.0,0.0
3.491671085357666,-0.9900000095367432
0.0,0.0
0.0,0.0
0.0,0.0
0.0,0.0
0.0,0.0
-5.769877910614014,10.015472412109375
0.0,0.0
11.111105918884277,-8.88051700592041
0.0,0.0
0.0,0.0
0.0,0.0
0.0,0.0
0.0,0.0
-3.861436367034912,10.45496654510498
0.0,0.0
11.111105918884277,-8.867842674255371
0.0,0.0
0.0,0.0
0.0,0.0
0.0,0.0
0.0,0.0
-88.18904876708984,111.11117553710938
-43.91212844848633,69.91969299316406
-88.5979995727539,109.03129577636719
-20.44048309326172,45.951629638671875
-10.0,63.5633544921875
0.0,0.0
0.0,0.0
0.0,0.0
-88.47251892089844,111.10404968261719
-48.2958984375,109.51228332519531
-79.77670288085938,111.10555267333984
0.0,0.0
-26.421573638916016,75.28050231933594
0.0,0.0
0.0,0.0
0.0,0.0
-88.64779663085938,111.11106872558594
-29.092750549316406,78.9104995727539
-88.973388671875,111.11099243164062
-88.23565673828125,122.22137451171875
-9.899999618530273,341.81927490234375
0.0,0.0
22.038211822509766,478.6961975097656
0.0,0.0
-88.84138488769531,111.05335998535156
-35.92757034301758,113.50639343261719
-88.94886016845703,111.11087799072266
-88.4539794921875,122.22195434570312
-26.36800765991211,444.5303039550781
0.0,0.0
-30.115798950195312,1040.6591796875
0.0,0.0
0.0,0.0
0.0,0.0
0.0,0.0
0.0,0.0
0.0,0.0
0.0,0.0
0.0,0.0
0.0,0.0
0.0,0.0
0.0,0.0
0.0,0.0
0.0,0.0
0.0,0.0
0.0,0.0
0.0,0.0
0.0,0.0
0.0,0.0
0.0,0.0
0.0,0.0
0.0,0.0
0.0,0.0
0.0,0.0
0.0,0.0
0.0,0.0
0.0,0.0
0.0,0.0
0.0,0.0
0.0,0.0
0.0,0.0
0.0,0.0
0.0,0.0
0.0,0.0
0.0,0.0
0.0,0.0
0.0,0.0
0.0,0.0
0.0,0.0
0.0,0.0
0.0,0.0
0.0,0.0
0.0,0.0
0.0,0.0
0.0,0.0
0.0,0.0
0.0,0.0
0.0,0.0
0.0,0.0
0.0,0.0
0.0,0.0
0.0,0.0
0.0,0.0
0.0,0.0
0.0,0.0
0.0,0.0
0.0,0.0
0.0,0.0
0.0,0.0
0.0,0.0
0.0,0.0
0.0,0.0
0.0,0.0
0.0,0.0
0.0,0.0
0.0,0.0
0.0,0.0
0.0,0.0
-1.0,1.0
0.0,0.0
0.0,0.0
0.0,0.0
0.0,0.0
0.0,0.0
10.855598449707031,-3.228159189224243
0.0,0.0
6.356335163116455,-1.88100004196167
0.0,0.0
0.0,0.0
0.0,0.0
0.0,0.0
0.0,0.0
0.0,0.0
0.0,0.0
-8.888885498046875,11.111105918884277
0.0,0.0
0.0,0.0
0.0,0.0
0.0,0.0
0.0,0.0
10.878594398498535,-5.180391788482666
0.0,0.0
11.111105918884277,-8.888885498046875
0.0,0.0
0.0,0.0
0.0,0.0
0.0,0.0
0.0,0.0
0.0,0.0
0.0,0.0
0.0,1.0
0.0,0.0
0.0,0.0
0.0,0.0
0.0,0.0
0.0,0.0
8.143978118896484,-2.5354597568511963
0.0,0.0
1.0,0.0
0.0,0.0
0.0,0.0
0.0,0.0
0.0,0.0
0.0,0.0
0.0,0.0
0.0,0.0
-6.950440406799316,11.109029769897461
0.0,0.0
0.0,0.0
0.0,0.0
0.0,0.0
0.0,0.0
8.65402889251709,-2.526944875717163
0.0,0.0
11.111105918884277,-8.888885498046875
0.0,0.0
0.0,0.0
0.0,0.0
0.0,0.0
0.0,0.0
0.0,0.0
0.0,0.0
0.0,0.0
0.0,0.0
0.0,0.0
0.0,0.0
0.0,0.0
0.0,0.0
0.0,0.0
0.0,0.0
0.0,0.0
0.0,0.0
0.0,0.0
0.0,0.0
0.0,0.0
0.0,0.0
0.0,0.0
0.0,0.0
0.0,0.0
0.0,0.0
0.0,0.0
0.0,0.0
0.0,0.0
0.0,0.0
0.0,0.0
0.0,0.0
0.0,0.0
0.0,0.0
0.0,0.0
0.0,0.0
0.0,0.0
0.0,0.0
0.0,0.0
0.0,0.0
0.0,0.0
0.0,0.0
0.0,0.0
0.0,0.0
0.0,0.0
0.0,0.0
0.0,0.0
0.0,0.0
0.0,0.0
0.0,0.0
0.0,0.0
0.0,0.0
0.0,0.0
0.0,0.0
0.0,0.0
0.0,0.0
0.0,0.0
0.0,0.0
0.0,0.0
0.0,0.0
0.0,0.0
0.0,0.0
0.0,0.0
0.0,0.0
0.0,0.0
0.0,0.0
0.0,0.0
0.0,0.0
0.0,0.0
0.0,0.0
