-10.001660346984863,8.471076965332031
0.0,0.0
0.0,0.0
0.0,0.0
0.0,0.0
0.0,0.0
0.0,0.0
0.0,0.0
0.0,0.0
0.0,0.0
0.0,0.0
0.0,0.0
0.0,0.0
0.0,0.0
0.0,0.0
0.0,0.0
0.0,0.0
0.0,0.0
-7.917807102203369,15.752105712890625
-19.978778839111328,0.0
0.0,0.0
0.0,0.0
0.0,0.0
0.0,0.0
0.0,0.0
0.0,0.0
-8.53108024597168,15.348052024841309
-14.351409912109375,0.0
0.0,0.0
0.0,0.0
0.0,0.0
0.0,0.0
0.0,0.0
0.0,0.0
0.0,0.0
0.0,0.0
0.0,0.0
0.0,0.0
0.0,0.0
0.0,0.0
0.0,0.0
0.0,0.0
0.0,0.0
0.0,0.0
0.0,0.0
0.0,0.0
0.0,0.0
0.0,0.0
0.0,0.0
0.0,0.0
-8.888897895812988,11.111104965209961
-5.420000076293945,0.0
0.0,0.0
0.0,0.0
-8.810345649719238,11.111105918884277
0.0,0.0
0.0,0.0
0.0,0.0
-8.817395210266113,11.111117362976074
0.0,0.0
0.0,0.0
0.0,0.0
-7.980535984039307,11.111063957214355
0.0,0.0
0.0,0.0
0.0,0.0
0.0,0.0
0.0,0.0
0.0,0.0
0.0,0.0
0.0,0.0
0.0,0.0
0.0,0.0
0.0,0.0
0.0,0.0
0.0,0.0
0.0,0.0
0.0,0.0
0.0,0.0
0.0,0.0
0.0,0.0
0.0,0.0
-8.886062622070312,11.111105918884277
-15.940139770507812,-1.8179925680160522
0.0,0.0
0.0,0.0
-7.231303691864014,11.0596923828125
-3.799999952316284,0.0
0.0,0.0
0.0,0.0
-8.888894081115723,11.111105918884277
-18.45821189880371,199.6521759033203
0.0,0.0
0.0,0.0
-6.964216709136963,11.053001403808594
-8.577558517456055,10.66664981842041
0.0,0.0
0.0,0.0
0.0,0.0
0.0,0.0
0.0,0.0
0.0,0.0
0.0,0.0
0.0,0.0
0.0,0.0
0.0,0.0
0.0,0.0
0.0,0.0
0.0,0.0
0.0,0.0
0.0,0.0
0.0,0.0
0.0,0.0
0.0,0.0
-8.203638076782227,11.111054420471191
-9.371179580688477,0.0
0.0,0.0
0.0,0.0
-3.359628915786743,4.066082954406738
-3.799999952316284,0.0
0.0,0.0
0.0,0.0
-8.880427360534668,11.111105918884277
-16.73377227783203,200.23086547851562
0.0,0.0
0.0,0.0
-8.062926292419434,11.109997749328613
-10.054951667785645,-0.516859233379364
0.0,0.0
0.0,0.0
0.0,0.0
0.0,0.0
0.0,0.0
0.0,0.0
0.0,0.0
0.0,0.0
0.0,0.0
0.0,0.0
0.0,0.0
0.0,0.0
0.0,0.0
0.0,0.0
0.0,0.0
0.0,0.0
0.0,0.0
0.0,0.0
-6.6426615715026855,13.843428611755371
-11.831778526306152,2.8409998416900635
0.0,0.0
0.0,0.0
0.0,0.0
0.0,0.0
0.0,0.0
0.0,0.0
-8.553637504577637,14.430874824523926
-19.87274742126465,0.0
0.0,0.0
0.0,0.0
-3.2783336639404297,8.143978118896484
0.0,0.0
0.0,0.0
0.0,0.0
0.0,0.0
0.0,0.0
0.0,0.0
0.0,0.0
0.0,0.0
0.0,0.0
0.0,0.0
0.0,0.0
0.0,0.0
0.0,0.0
0.0,0.0
0.0,0.0
0.0,0.0
0.0,0.0
0.0,0.0
0.0,0.0
0.0,0.0
0.0,0.0
0.0,0.0
0.0,0.0
0.0,0.0
0.0,0.0
0.0,0.0
0.0,0.0
0.0,0.0
0.0,0.0
0.0,0.0
0.0,0.0
0.0,0.0
0.0,0.0
0.0,0.0
0.0,0.0
0.0,0.0
0.0,0.0
0.0,0.0
0.0,0.0
0.0,0.0
0.0,0.0
0.0,0.0
0.0,0.0
0.0,0.0
0.0,0.0
0.0,0.0
0.0,0.0
0.0,0.0
0.0,0.0
0.0,0.0
0.0,0.0
-8.912102699279785,10.878482818603516
-18.450210571289062,1.3496580123901367
0.0,0.0
0.0,0.0
0.0,0.0
0.0,0.0
0.0,0.0
0.0,0.0
-8.948050498962402,10.472875595092773
-11.901119232177734,127.66446685791016
0.0,0.0
0.0,0.0
-9.407451629638672,2.67234206199646
-2.0,0.0
0.0,0.0
0.0,0.0
0.0,0.0
0.0,0.0
0.0,0.0
0.0,0.0
0.0,0.0
0.0,0.0
0.0,0.0
0.0,0.0
0.0,0.0
0.0,0.0
0.0,0.0
0.0,0.0
0.0,0.0
0.0,0.0
0.0,0.0
0.0,0.0
-8.889110565185547,11.111105918884277
-2.0,0.0
0.0,0.0
0.0,0.0
0.0,0.0
0.0,0.0
0.0,0.0
0.0,0.0
-8.933260917663574,10.646926879882812
-13.238080978393555,206.88844299316406
0.0,0.0
0.0,0.0
-9.03541374206543,9.202192306518555
-2.0,200.0
0.0,0.0
0.0,0.0
0.0,0.0
0.0,0.0
0.0,0.0
0.0,0.0
0.0,0.0
0.0,0.0
0.0,0.0
0.0,0.0
0.0,0.0
0.0,0.0
0.0,0.0
0.0,0.0
0.0,0.0
0.0,0.0
0.0,0.0
0.0,0.0
0.0,0.0
0.0,0.0
0.0,0.0
0.0,0.0
0.0,0.0
0.0,0.0
0.0,0.0
0.0,0.0
0.0,0.0
0.0,0.0
0.0,0.0
0.0,0.0
0.0,0.0
0.0,0.0
0.0,0.0
0.0,0.0
0.0,0.0
0.0,0.0
0.0,0.0
0.0,0.0
0.0,0.0
0.0,0.0
0.0,0.0
0.0,0.0
0.0,0.0
0.0,0.0
0.0,0.0
0.0,0.0
0.0,0.0
0.0,0.0
0.0,0.0
0.0,0.0
0.0,0.0
0.0,0.0
0.0,0.0
0.0,0.0
0.0,0.0
0.0,0.0
0.0,0.0
0.0,0.0
0.0,0.0
0.0,0.0
0.0,0.0
0.0,0.0
0.0,0.0
0.0,0.0
-9.415106773376465,7.877895355224609
-20.01641845703125,-3.534306049346924
33.33331298828125,-19.797718048095703
14.347362518310547,-3.9618000984191895
0.0,0.0
0.0,0.0
5.730000019073486,0.0
0.0,0.0
-9.793389320373535,4.5759382247924805
-20.407291412353516,-16.748149871826172
33.33331298828125,4.557021141052246
13.568530082702637,-7.482071876525879
0.0,0.0
0.0,0.0
5.730000019073486,0.0
0.0,0.0
0.0,0.0
0.0,0.0
26.625497817993164,-14.750969886779785
10.738643646240234,2.107386350631714
0.0,0.0
0.0,0.0
10.47501277923584,0.0
0.0,0.0
0.0,0.0
0.0,0.0
33.33331298828125,-26.08389663696289
194.52735900878906,-3.9164516925811768
0.0,0.0
0.0,0.0
16.10796546936035,0.0
2.0,-2.180000066757202
-0.33296552300453186,109.5176773071289
58.16534423828125,54.23450469970703
33.33331298828125,-26.6590633392334
6.983342170715332,-1.4673163890838623
-7.091914176940918,13.87570858001709
-5.476200103759766,-3.819999933242798
3.0,-3.0
2.0,0.0
-3.1820714473724365,60.130088806152344
-17.887889862060547,74.2569808959961
33.33331298828125,-25.44876480102539
13.568530082702637,-5.834873199462891
-1.6562575101852417,100.73504638671875
-12.630270004272461,8.44090461730957
22.584150314331055,-2.8746774196624756
8.354841232299805,0.0
0.0,0.0
0.0,0.0
20.352794647216797,-2.8746774196624756
0.0,0.0
0.0,0.0
0.0,0.0
10.47501277923584,0.0
0.0,0.0
0.0,0.0
0.0,0.0
33.26732635498047,-18.47869300842285
11.772165298461914,-3.9800000190734863
0.0,0.0
0.0,0.0
25.962085723876953,-9.622027397155762
6.983342170715332,-4.735786437988281
0.0,0.0
0.0,0.0
0.0,0.0
0.0,0.0
0.0,0.0
0.0,0.0
0.0,0.0
0.0,0.0
0.0,0.0
0.0,0.0
0.0,0.0
0.0,0.0
0.0,0.0
0.0,0.0
0.0,0.0
0.0,0.0
0.0,0.0
0.0,0.0
0.0,0.0
0.0,0.0
0.0,0.0
0.0,0.0
0.0,0.0
0.0,0.0
0.0,0.0
0.0,0.0
0.0,0.0
0.0,0.0
0.0,0.0
0.0,0.0
0.0,0.0
0.0,0.0
0.0,0.0
0.0,0.0
0.0,0.0
0.0,0.0
0.0,0.0
0.0,0.0
0.0,0.0
0.0,0.0
0.0,0.0
0.0,0.0
0.0,0.0
0.0,0.0
0.0,0.0
0.0,0.0
0.0,0.0
0.0,0.0
0.0,0.0
0.0,0.0
0.0,0.0
0.0,0.0
0.0,0.0
0.0,0.0
0.0,0.0
0.0,0.0
0.0,0.0
0.0,0.0
0.0,0.0
0.0,0.0
0.0,0.0
0.0,0.0
0.0,0.0
0.0,0.0
0.0,0.0
0.0,0.0
-8.605846405029297,7.475301265716553
0.0,0.0
0.0,0.0
0.0,0.0
0.0,0.0
0.0,0.0
33.33331298828125,19.79514503479004
0.0,0.0
33.33331298828125,19.948551177978516
0.0,0.0
0.0,0.0
0.0,0.0
3.1253225803375244,20.352794647216797
0.0,0.0
0.0,0.0
0.0,0.0
-10.16783618927002,-1.6775343418121338
0.0,0.0
0.0,0.0
0.0,0.0
0.0,0.0
0.0,0.0
5.730000019073486,-3.0
0.0,0.0
33.33331298828125,-11.946585655212402
0.0,0.0
0.0,0.0
0.0,0.0
33.33314514160156,5.924537181854248
0.0,0.0
0.0,0.0
0.0,0.0
-6.081437587738037,10.309887886047363
0.0,0.0
0.0,0.0
0.0,0.0
0.0,0.0
0.0,0.0
33.33331298828125,14.227559089660645
0.0,0.0
33.33331298828125,4.612601280212402
0.0,0.0
0.0,0.0
0.0,0.0
0.0,8.214300155639648
0.0,0.0
0.0,0.0
0.0,0.0
-8.363977432250977,11.095520973205566
0.0,0.0
0.0,0.0
0.0,0.0
0.0,0.0
0.0,0.0
5.730000019073486,-5.6427001953125
0.0,0.0
33.33331298828125,-19.80377960205078
0.0,0.0
0.0,0.0
0.0,0.0
33.283592224121094,4.9337663650512695
0.0,0.0
0.0,0.0
0.0,0.0
0.0,0.0
0.0,0.0
0.0,0.0
0.0,0.0
0.0,0.0
0.0,0.0
0.0,0.0
0.0,0.0
0.0,0.0
0.0,0.0
0.0,0.0
0.0,0.0
0.0,0.0
0.0,0.0
0.0,0.0
0.0,0.0
3.344850778579712,44.20568084716797
-15.933966636657715,220.2222900390625
0.0,0.0
0.0,0.0
0.0,0.0
0.0,0.0
0.0,0.0
0.0,0.0
-2.891549825668335,86.19874572753906
-17.746408462524414,22.222232818603516
0.0,0.0
0.0,0.0
0.0,0.0
0.0,0.0
0.0,0.0
0.0,0.0
0.0,0.0
0.0,0.0
0.0,0.0
0.0,0.0
0.0,0.0
0.0,0.0
0.0,0.0
0.0,0.0
0.0,0.0
0.0,0.0
0.0,0.0
0.0,0.0
0.0,0.0
0.0,0.0
0.0,0.0
0.0,0.0
-4.376949787139893,33.33416748046875
-15.825603485107422,22.252952575683594
0.0,0.0
0.0,0.0
211.4932861328125,248.0987548828125
0.0,0.0
0.0,0.0
0.0,0.0
-3.641388416290283,48.851478576660156
-13.027643203735352,28.264463424682617
0.0,0.0
0.0,0.0
282.0845947265625,5.7209672927856445
0.0,0.0
0.0,0.0
0.0,0.0
0.0,0.0
0.0,0.0
0.0,0.0
0.0,0.0
0.0,0.0
0.0,0.0
0.0,0.0
0.0,0.0
0.0,0.0
0.0,0.0
0.0,0.0
0.0,0.0
0.0,0.0
0.0,0.0
0.0,0.0
0.0,0.0
0.0,0.0
0.0,0.0
0.0,0.0
0.0,0.0
0.0,0.0
0.0,0.0
0.0,0.0
0.0,0.0
0.0,0.0
0.0,0.0
0.0,0.0
0.0,0.0
0.0,0.0
0.0,0.0
0.0,0.0
0.0,0.0
0.0,0.0
0.0,0.0
0.0,0.0
0.0,0.0
0.0,0.0
0.0,0.0
0.0,0.0
0.0,0.0
0.0,0.0
0.0,0.0
0.0,0.0
0.0,0.0
0.0,0.0
0.0,0.0
0.0,0.0
0.0,0.0
0.0,0.0
0.0,0.0
0.0,0.0
0.0,0.0
0.0,0.0
0.0,0.0
0.0,0.0
0.0,0.0
0.0,0.0
0.0,0.0
0.0,0.0
0.0,0.0
0.0,0.0
0.0,0.0
0.0,0.0
0.0,0.0
0.0,0.0
0.0,0.0
0.0,0.0
0.0,0.0
0.0,0.0
0.0,0.0
0.0,0.0
0.0,0.0
0.0,0.0
0.0,0.0
0.0,0.0
0.0,0.0
0.0,0.0
0.0,0.0
0.0,0.0
0.0,0.0
-6.666658401489258,33.333396911621094
-14.228160858154297,22.212491989135742
0.0,0.0
0.0,0.0
0.0,0.0
0.0,0.0
0.0,0.0
0.0,0.0
-6.6666483879089355,33.33348846435547
-17.610145568847656,22.222238540649414
0.0,0.0
0.0,0.0
0.0,0.0
0.0,0.0
0.0,0.0
0.0,0.0
0.0,0.0
0.0,0.0
0.0,0.0
0.0,0.0
0.0,0.0
0.0,0.0
0.0,0.0
0.0,0.0
0.0,0.0
0.0,0.0
0.0,0.0
0.0,0.0
0.0,0.0
0.0,0.0
0.0,0.0
0.0,0.0
-6.630537986755371,33.33331298828125
-11.949888229370117,22.158048629760742
0.0,0.0
0.0,0.0
0.0,0.0
0.0,0.0
0.0,0.0
0.0,0.0
-6.66665506362915,33.33341979980469
-17.65652847290039,22.222211837768555
0.0,0.0
0.0,0.0
0.0,0.0
0.0,0.0
0.0,0.0
0.0,0.0
0.0,0.0
0.0,0.0
0.0,0.0
0.0,0.0
0.0,0.0
0.0,0.0
0.0,0.0
0.0,0.0
0.0,0.0
0.0,0.0
0.0,0.0
0.0,0.0
0.0,0.0
0.0,0.0
0.0,0.0
0.0,0.0
0.0,0.0
0.0,0.0
0.0,0.0
0.0,0.0
0.0,0.0
0.0,0.0
0.0,0.0
0.0,0.0
0.0,0.0
0.0,0.0
0.0,0.0
0.0,0.0
0.0,0.0
0.0,0.0
0.0,0.0
0.0,0.0
0.0,0.0
0.0,0.0
0.0,0.0
0.0,0.0
0.0,0.0
0.0,0.0
0.0,0.0
0.0,0.0
0.0,0.0
0.0,0.0
0.0,0.0
0.0,0.0
0.0,0.0
0.0,0.0
0.0,0.0
0.0,0.0
0.0,0.0
0.0,0.0
0.0,0.0
0.0,0.0
0.0,0.0
0.0,0.0
0.0,0.0
0.0,0.0
0.0,0.0
0.0,0.0
0.0,0.0
0.0,0.0
0.0,0.0
0.0,0.0
-6.139998912811279,33.33039474487305
-3.799999952316284,2.0
-5.3741841316223145,32.898040771484375
-2.0,0.0
0.0,0.0
0.0,0.0
0.0,0.0
0.0,0.0
-6.658498764038086,32.726749420166016
-5.331037998199463,14.347362518310547
-1.6263172626495361,23.551576614379883
0.0,0.0
0.0,0.0
0.0,0.0
0.0,0.0
0.0,0.0
-6.198289394378662,33.32978439331055
-3.7618000507354736,3.819999933242798
-6.666666507720947,33.33331298828125
-11.992168426513672,20.7337589263916
0.0,0.0
0.0,0.0
0.0,0.0
0.0,0.0
-6.575039386749268,32.781341552734375
-7.955385684967041,12.71267032623291
-6.910431385040283,33.33308410644531
-9.637109756469727,22.158048629760742
0.0,0.0
0.0,0.0
0.0,0.0
0.0,0.0
-6.41560697555542,33.088558197021484
-3.7799999713897705,6.983342170715332
-4.603074073791504,32.80767822265625
-2.0,0.0
-1.0,5.730000019073486
0.0,0.0
0.0,0.0
0.0,0.0
-4.091838359832764,33.3417854309082
-3.799999952316284,11.772165298461914
-2.454902172088623,22.584150314331055
0.0,0.0
-2.510974645614624,14.40435791015625
0.0,0.0
0.0,0.0
0.0,0.0
-6.503239631652832,33.091243743896484
-5.420000076293945,5.476200103759766
-6.675717830657959,33.33331298828125
-9.813575744628906,20.308565139770508
-1.8700000047683716,3.0
0.0,0.0
-1.7952498197555542,17.658248901367188
0.0,0.0
-4.674626350402832,51.97570037841797
-3.6728732585906982,12.71267032623291
-6.665014743804932,33.333351135253906
-9.536490440368652,21.711196899414062
-1.8700000047683716,213.10797119140625
0.0,0.0
183.07225036621094,172.2617950439453
0.0,0.0
0.0,0.0
0.0,0.0
0.0,0.0
0.0,0.0
0.0,0.0
0.0,0.0
0.0,0.0
0.0,0.0
0.0,0.0
0.0,0.0
0.0,0.0
0.0,0.0
0.0,0.0
0.0,0.0
0.0,0.0
0.0,0.0
0.0,0.0
0.0,0.0
0.0,0.0
0.0,0.0
0.0,0.0
0.0,0.0
0.0,0.0
0.0,0.0
0.0,0.0
0.0,0.0
0.0,0.0
0.0,0.0
0.0,0.0
0.0,0.0
0.0,0.0
0.0,0.0
0.0,0.0
0.0,0.0
0.0,0.0
0.0,0.0
0.0,0.0
0.0,0.0
0.0,0.0
0.0,0.0
0.0,0.0
0.0,0.0
0.0,0.0
0.0,0.0
0.0,0.0
0.0,0.0
0.0,0.0
0.0,0.0
0.0,0.0
0.0,0.0
0.0,0.0
0.0,0.0
0.0,0.0
0.0,0.0
0.0,0.0
0.0,0.0
0.0,0.0
0.0,0.0
0.0,0.0
0.0,0.0
0.0,0.0
0.0,0.0
0.0,0.0
0.0,0.0
0.0,0.0
0.0,0.0
0.0,5.730000019073486
0.0,0.0
0.0,0.0
0.0,0.0
0.0,0.0
0.0,0.0
-3.588102102279663,32.1049690246582
0.0,0.0
0.0,12.532261848449707
0.0,0.0
0.0,0.0
0.0,0.0
0.0,0.0
0.0,0.0
0.0,0.0
0.0,0.0
-6.666674613952637,33.33328628540039
0.0,0.0
0.0,0.0
0.0,0.0
0.0,0.0
0.0,0.0
-4.414893627166748,32.63578414916992
0.0,0.0
-6.666666507720947,33.33331298828125
0.0,0.0
0.0,0.0
0.0,0.0
0.0,0.0
0.0,0.0
0.0,0.0
0.0,0.0
0.0,0.0
0.0,0.0
0.0,0.0
0.0,0.0
0.0,0.0
0.0,0.0
0.0,0.0
0.0,0.0
0.0,0.0
0.0,0.0
0.0,0.0
0.0,0.0
0.0,0.0
0.0,0.0
0.0,0.0
0.0,0.0
-1.0,5.730000019073486
0.0,0.0
0.0,0.0
0.0,0.0
0.0,0.0
0.0,0.0
0.0,0.0
0.0,0.0
-4.322502136230469,32.316123962402344
0.0,0.0
0.0,0.0
0.0,0.0
0.0,0.0
0.0,0.0
0.0,0.0
0.0,0.0
0.0,0.0
0.0,0.0
0.0,0.0
0.0,0.0
0.0,0.0
0.0,0.0
0.0,0.0
0.0,0.0
0.0,0.0
0.0,0.0
0.0,0.0
0.0,0.0
0.0,0.0
0.0,0.0
0.0,0.0
0.0,0.0
0.0,0.0
0.0,0.0
0.0,0.0
0.0,0.0
0.0,0.0
0.0,0.0
0.0,0.0
0.0,0.0
0.0,0.0
0.0,0.0
0.0,0.0
0.0,0.0
0.0,0.0
0.0,0.0
0.0,0.0
0.0,0.0
0.0,0.0
0.0,0.0
0.0,0.0
0.0,0.0
0.0,0.0
0.0,0.0
0.0,0.0
0.0,0.0
0.0,0.0
0.0,0.0
0.0,0.0
0.0,0.0
0.0,0.0
0.0,0.0
0.0,0.0
0.0,0.0
0.0,0.0
0.0,0.0
0.0,0.0
0.0,0.0
0.0,0.0
0.0,0.0
0.0,0.0
0.0,0.0
0.0,0.0
0.0,0.0
0.0,0.0
0.0,0.0
0.0,0.0
0.0,0.0
