-10.26677131652832,20.860816955566406
0.0,0.0
0.0,0.0
0.0,0.0
0.0,0.0
0.0,0.0
0.0,0.0
0.0,0.0
0.0,0.0
0.0,0.0
0.0,0.0
0.0,0.0
0.0,0.0
0.0,0.0
0.0,0.0
0.0,0.0
0.0,0.0
0.0,0.0
-7.32382869720459,22.45244598388672
-16.577661514282227,33.33331298828125
0.0,0.0
0.0,0.0
0.0,0.0
0.0,0.0
0.0,0.0
0.0,0.0
-7.778903961181641,22.426557540893555
-15.834634780883789,33.33331298828125
0.0,0.0
0.0,0.0
0.0,0.0
0.0,0.0
0.0,0.0
0.0,0.0
0.0,0.0
0.0,0.0
0.0,0.0
0.0,0.0
0.0,0.0
0.0,0.0
0.0,0.0
0.0,0.0
0.0,0.0
0.0,0.0
0.0,0.0
0.0,0.0
0.0,0.0
0.0,0.0
0.0,0.0
0.0,0.0
-7.779140472412109,22.18434715270996
-8.61019229888916,32.1049690246582
0.0,0.0
0.0,0.0
-7.7725629806518555,22.10357666015625
0.0,0.0
0.0,0.0
0.0,0.0
-7.813434600830078,22.222003936767578
-2.0,0.0
0.0,0.0
0.0,0.0
-5.182353496551514,22.21936798095703
0.0,0.0
0.0,0.0
0.0,0.0
0.0,0.0
0.0,0.0
0.0,0.0
0.0,0.0
0.0,0.0
0.0,0.0
0.0,0.0
0.0,0.0
0.0,0.0
0.0,0.0
0.0,0.0
0.0,0.0
0.0,0.0
0.0,0.0
0.0,0.0
0.0,0.0
-7.778483867645264,22.222211837768555
-15.760944366455078,30.493974685668945
0.0,0.0
0.0,0.0
-6.71637487411499,22.218433380126953
0.0,0.0
0.0,0.0
0.0,0.0
-7.8298020362854,22.21920394897461
0.9282580614089966,309.8489074707031
0.0,0.0
0.0,0.0
-7.626522541046143,22.213655471801758
36.25673294067383,42.94928741455078
0.0,0.0
0.0,0.0
0.0,0.0
0.0,0.0
0.0,0.0
0.0,0.0
0.0,0.0
0.0,0.0
0.0,0.0
0.0,0.0
0.0,0.0
0.0,0.0
0.0,0.0
0.0,0.0
0.0,0.0
0.0,0.0
0.0,0.0
0.0,0.0
-6.817326545715332,22.22218894958496
-11.620680809020996,33.27326583862305
0.0,0.0
0.0,0.0
-3.9721293449401855,20.7801456451416
-10.490488052368164,31.703271865844727
0.0,0.0
0.0,0.0
-7.777425289154053,22.222211837768555
4.68040132522583,606.1815185546875
0.0,0.0
0.0,0.0
-7.59478759765625,22.14594268798828
-1.1808534860610962,126.86902618408203
0.0,0.0
0.0,0.0
0.0,0.0
0.0,0.0
0.0,0.0
0.0,0.0
0.0,0.0
0.0,0.0
0.0,0.0
0.0,0.0
0.0,0.0
0.0,0.0
0.0,0.0
0.0,0.0
0.0,0.0
0.0,0.0
0.0,0.0
0.0,0.0
-7.554014205932617,22.33316993713379
-13.532236099243164,54.83872604370117
0.0,0.0
0.0,0.0
0.0,0.0
0.0,0.0
0.0,0.0
0.0,0.0
-6.914052486419678,22.391225814819336
-16.66486930847168,33.33331298828125
0.0,0.0
0.0,0.0
-5.3148884773254395,21.477014541625977
0.0,0.0
0.0,0.0
0.0,0.0
0.0,0.0
0.0,0.0
0.0,0.0
0.0,0.0
0.0,0.0
0.0,0.0
0.0,0.0
0.0,0.0
0.0,0.0
0.0,0.0
0.0,0.0
0.0,0.0
0.0,0.0
0.0,0.0
0.0,0.0
0.0,0.0
0.0,0.0
0.0,0.0
0.0,0.0
0.0,0.0
0.0,0.0
0.0,0.0
0.0,0.0
0.0,0.0
0.0,0.0
0.0,0.0
0.0,0.0
0.0,0.0
0.0,0.0
0.0,0.0
0.0,0.0
0.0,0.0
0.0,0.0
0.0,0.0
0.0,0.0
0.0,0.0
0.0,0.0
0.0,0.0
0.0,0.0
0.0,0.0
0.0,0.0
0.0,0.0
0.0,0.0
0.0,0.0
0.0,0.0
0.0,0.0
0.0,0.0
0.0,0.0
-7.811441898345947,21.885269165039062
6.5873026847839355,53.720890045166016
0.0,0.0
0.0,0.0
0.0,0.0
0.0,0.0
0.0,0.0
0.0,0.0
-7.824827671051025,21.75244140625
-10.536049842834473,37.81899642944336
0.0,0.0
0.0,0.0
-8.213680267333984,17.51518440246582
912.22998046875,0.0
0.0,0.0
0.0,0.0
0.0,0.0
0.0,0.0
0.0,0.0
0.0,0.0
0.0,0.0
0.0,0.0
0.0,0.0
0.0,0.0
0.0,0.0
0.0,0.0
0.0,0.0
0.0,0.0
0.0,0.0
0.0,0.0
0.0,0.0
0.0,0.0
-7.78007173538208,22.222209930419922
0.0,0.0
0.0,0.0
0.0,0.0
0.0,0.0
0.0,0.0
0.0,0.0
0.0,0.0
-7.843066215515137,22.001846313476562
4.590765476226807,658.521240234375
0.0,0.0
0.0,0.0
-8.224539756774902,17.315502166748047
0.0,0.0
0.0,0.0
0.0,0.0
0.0,0.0
0.0,0.0
0.0,0.0
0.0,0.0
0.0,0.0
0.0,0.0
0.0,0.0
0.0,0.0
0.0,0.0
0.0,0.0
0.0,0.0
0.0,0.0
0.0,0.0
0.0,0.0
0.0,0.0
0.0,0.0
0.0,0.0
0.0,0.0
0.0,0.0
0.0,0.0
0.0,0.0
0.0,0.0
0.0,0.0
0.0,0.0
0.0,0.0
0.0,0.0
0.0,0.0
0.0,0.0
0.0,0.0
0.0,0.0
0.0,0.0
0.0,0.0
0.0,0.0
0.0,0.0
0.0,0.0
0.0,0.0
0.0,0.0
0.0,0.0
0.0,0.0
0.0,0.0
0.0,0.0
0.0,0.0
0.0,0.0
0.0,0.0
0.0,0.0
0.0,0.0
0.0,0.0
0.0,0.0
0.0,0.0
0.0,0.0
0.0,0.0
0.0,0.0
0.0,0.0
0.0,0.0
0.0,0.0
0.0,0.0
0.0,0.0
0.0,0.0
0.0,0.0
0.0,0.0
0.0,0.0
0.0,0.0
-9.658344268798828,3.9592583179473877
-21.615171432495117,10.472321510314941
11.111105918884277,-8.005155563354492
0.0,0.0
0.0,0.0
0.0,0.0
4.80145263671875,0.0
0.0,0.0
-9.54641342163086,4.416839122772217
-19.618375778198242,8.031303405761719
11.111105918884277,-3.9965908527374268
0.0,0.0
0.0,0.0
0.0,0.0
5.886082649230957,-1.8899999856948853
0.0,0.0
0.0,0.0
0.0,0.0
10.95166301727295,-3.7228500843048096
0.0,0.0
0.0,0.0
0.0,0.0
5.369321823120117,-2.6497931480407715
0.0,0.0
0.0,0.0
0.0,0.0
11.111105918884277,-7.7731218338012695
258.3804931640625,4.550000190734863
0.0,0.0
0.0,0.0
8.65402889251709,-1.7452350854873657
0.0,0.0
-99.80766296386719,-16.715545654296875
-114.1843490600586,3.0731475353240967
-96.43563079833984,64.93089294433594
-10.691840171813965,30.815982818603516
-101.31800842285156,-101.25994873046875
-81.16693878173828,0.34513750672340393
-10.0,19.100000381469727
-11.0,10.099100112915039
-99.09144592285156,24.665834426879883
-109.64561462402344,101.05741882324219
-94.46029663085938,78.59892272949219
-29.59417724609375,-8.657236099243164
-97.49620056152344,7.053769588470459
-78.9104995727539,-75.00401306152344
-39.64056396484375,58.42827224731445
-29.55304527282715,27.733427047729492
0.0,0.0
0.0,0.0
-33.503299713134766,67.8426513671875
-20.790000915527344,21.010000228881836
0.0,0.0
0.0,0.0
-10.0,27.381000518798828
-11.0,30.11910057067871
0.0,0.0
0.0,0.0
-83.99951171875,92.53215789794922
-20.524595260620117,52.097232818603516
0.0,0.0
0.0,0.0
-26.696290969848633,75.80158233642578
-20.59880828857422,14.577781677246094
0.0,0.0
0.0,0.0
0.0,0.0
0.0,0.0
0.0,0.0
0.0,0.0
0.0,0.0
0.0,0.0
0.0,0.0
0.0,0.0
0.0,0.0
0.0,0.0
0.0,0.0
0.0,0.0
0.0,0.0
0.0,0.0
0.0,0.0
0.0,0.0
0.0,0.0
0.0,0.0
0.0,0.0
0.0,0.0
0.0,0.0
0.0,0.0
0.0,0.0
0.0,0.0
0.0,0.0
0.0,0.0
0.0,0.0
0.0,0.0
0.0,0.0
0.0,0.0
0.0,0.0
0.0,0.0
0.0,0.0
0.0,0.0
0.0,0.0
0.0,0.0
0.0,0.0
0.0,0.0
0.0,0.0
0.0,0.0
0.0,0.0
0.0,0.0
0.0,0.0
0.0,0.0
0.0,0.0
0.0,0.0
0.0,0.0
0.0,0.0
0.0,0.0
0.0,0.0
0.0,0.0
0.0,0.0
0.0,0.0
0.0,0.0
0.0,0.0
0.0,0.0
0.0,0.0
0.0,0.0
0.0,0.0
0.0,0.0
0.0,0.0
0.0,0.0
0.0,0.0
0.0,0.0
-8.274101257324219,9.97620677947998
0.0,0.0
0.0,0.0
0.0,0.0
0.0,0.0
0.0,0.0
11.111163139343262,4.752093315124512
0.0,0.0
11.111105918884277,9.249566078186035
0.0,0.0
0.0,0.0
0.0,0.0
7.173724174499512,1.0099999904632568
0.0,0.0
0.0,0.0
0.0,0.0
-10.18480396270752,-1.848401665687561
0.0,0.0
0.0,0.0
0.0,0.0
0.0,0.0
0.0,0.0
9.25952434539795,-1.8205604553222656
0.0,0.0
11.111105918884277,-4.424117088317871
0.0,0.0
0.0,0.0
0.0,0.0
11.111105918884277,-3.6882522106170654
0.0,0.0
0.0,0.0
0.0,0.0
-4.094603538513184,0.26993033289909363
0.0,0.0
0.0,0.0
0.0,0.0
0.0,0.0
0.0,0.0
11.111105918884277,6.262808322906494
0.0,0.0
11.111105918884277,8.653688430786133
0.0,0.0
0.0,0.0
0.0,0.0
5.886082649230957,0.0
0.0,0.0
0.0,0.0
0.0,0.0
-8.948149681091309,0.21480350196361542
0.0,0.0
0.0,0.0
0.0,0.0
0.0,0.0
0.0,0.0
4.177420616149902,1.0273809432983398
0.0,0.0
11.111105918884277,-5.008464336395264
0.0,0.0
0.0,0.0
0.0,0.0
11.110219955444336,5.411171913146973
0.0,0.0
0.0,0.0
0.0,0.0
0.0,0.0
0.0,0.0
0.0,0.0
0.0,0.0
0.0,0.0
0.0,0.0
0.0,0.0
0.0,0.0
0.0,0.0
0.0,0.0
0.0,0.0
0.0,0.0
0.0,0.0
0.0,0.0
0.0,0.0
0.0,0.0
-1.3995610475540161,75.01464080810547
-3.348060131072998,142.47494506835938
0.0,0.0
0.0,0.0
0.0,0.0
0.0,0.0
0.0,0.0
0.0,0.0
17.13066864013672,134.75901794433594
-10.855748176574707,66.67301177978516
0.0,0.0
0.0,0.0
0.0,0.0
0.0,0.0
0.0,0.0
0.0,0.0
0.0,0.0
0.0,0.0
0.0,0.0
0.0,0.0
0.0,0.0
0.0,0.0
0.0,0.0
0.0,0.0
0.0,0.0
0.0,0.0
0.0,0.0
0.0,0.0
0.0,0.0
0.0,0.0
0.0,0.0
0.0,0.0
40.84540557861328,156.2341766357422
-11.847930908203125,66.66670227050781
0.0,0.0
0.0,0.0
2331.571044921875,842.2188110351562
0.0,0.0
0.0,0.0
0.0,0.0
39.00192642211914,110.36666107177734
-13.332456588745117,437.16668701171875
0.0,0.0
0.0,0.0
42.77448272705078,2102.036376953125
0.0,0.0
0.0,0.0
0.0,0.0
0.0,0.0
0.0,0.0
0.0,0.0
0.0,0.0
0.0,0.0
0.0,0.0
0.0,0.0
0.0,0.0
0.0,0.0
0.0,0.0
0.0,0.0
0.0,0.0
0.0,0.0
0.0,0.0
0.0,0.0
0.0,0.0
0.0,0.0
0.0,0.0
0.0,0.0
0.0,0.0
0.0,0.0
0.0,0.0
0.0,0.0
0.0,0.0
0.0,0.0
0.0,0.0
0.0,0.0
0.0,0.0
0.0,0.0
0.0,0.0
0.0,0.0
0.0,0.0
0.0,0.0
0.0,0.0
0.0,0.0
0.0,0.0
0.0,0.0
0.0,0.0
0.0,0.0
0.0,0.0
0.0,0.0
0.0,0.0
0.0,0.0
0.0,0.0
0.0,0.0
0.0,0.0
0.0,0.0
0.0,0.0
0.0,0.0
0.0,0.0
0.0,0.0
0.0,0.0
0.0,0.0
0.0,0.0
0.0,0.0
0.0,0.0
0.0,0.0
0.0,0.0
0.0,0.0
0.0,0.0
0.0,0.0
0.0,0.0
0.0,0.0
0.0,0.0
0.0,0.0
0.0,0.0
0.0,0.0
0.0,0.0
0.0,0.0
0.0,0.0
0.0,0.0
0.0,0.0
0.0,0.0
0.0,0.0
0.0,0.0
0.0,0.0
0.0,0.0
0.0,0.0
0.0,0.0
0.0,0.0
-4.44444465637207,55.55553436279297
-11.502076148986816,66.66923522949219
0.0,0.0
0.0,0.0
0.0,0.0
0.0,0.0
0.0,0.0
0.0,0.0
-4.44444465637207,55.55553436279297
-13.321146011352539,66.66670227050781
0.0,0.0
0.0,0.0
0.0,0.0
0.0,0.0
0.0,0.0
0.0,0.0
0.0,0.0
0.0,0.0
0.0,0.0
0.0,0.0
0.0,0.0
0.0,0.0
0.0,0.0
0.0,0.0
0.0,0.0
0.0,0.0
0.0,0.0
0.0,0.0
0.0,0.0
0.0,0.0
0.0,0.0
0.0,0.0
-4.353350639343262,55.55557632446289
-12.69335651397705,66.65158081054688
0.0,0.0
0.0,0.0
0.0,0.0
0.0,0.0
0.0,0.0
0.0,0.0
-4.444437503814697,55.55560302734375
-13.33026123046875,66.6666259765625
0.0,0.0
0.0,0.0
0.0,0.0
0.0,0.0
0.0,0.0
0.0,0.0
0.0,0.0
0.0,0.0
0.0,0.0
0.0,0.0
0.0,0.0
0.0,0.0
0.0,0.0
0.0,0.0
0.0,0.0
0.0,0.0
0.0,0.0
0.0,0.0
0.0,0.0
0.0,0.0
0.0,0.0
0.0,0.0
0.0,0.0
0.0,0.0
0.0,0.0
0.0,0.0
0.0,0.0
0.0,0.0
0.0,0.0
0.0,0.0
0.0,0.0
0.0,0.0
0.0,0.0
0.0,0.0
0.0,0.0
0.0,0.0
0.0,0.0
0.0,0.0
0.0,0.0
0.0,0.0
0.0,0.0
0.0,0.0
0.0,0.0
0.0,0.0
0.0,0.0
0.0,0.0
0.0,0.0
0.0,0.0
0.0,0.0
0.0,0.0
0.0,0.0
0.0,0.0
0.0,0.0
0.0,0.0
0.0,0.0
0.0,0.0
0.0,0.0
0.0,0.0
0.0,0.0
0.0,0.0
0.0,0.0
0.0,0.0
0.0,0.0
0.0,0.0
0.0,0.0
0.0,0.0
0.0,0.0
0.0,0.0
-8.672834396362305,11.075130462646484
-2.0,5.476200103759766
11.097380638122559,-5.195466995239258
0.0,0.0
0.0,0.0
0.0,0.0
0.0,0.0
0.0,0.0
-7.970651626586914,12.422429084777832
-6.524843215942383,13.568530082702637
10.45496654510498,-2.498464584350586
0.0,0.0
0.0,0.0
0.0,0.0
0.0,0.0
0.0,0.0
-7.206271648406982,11.314800262451172
-5.381800174713135,5.476200103759766
11.111117362976074,-8.888628959655762
0.0,0.0
0.0,0.0
0.0,0.0
0.0,0.0
0.0,0.0
-8.582240104675293,11.111116409301758
-3.64298939704895,15.701050758361816
11.111116409301758,-8.888883590698242
0.0,0.0
0.0,0.0
0.0,0.0
0.0,0.0
0.0,0.0
-82.17947387695312,111.96939849853516
0.0,38.408382415771484
-84.66854858398438,111.09440612792969
0.0,11.0
-18.519855499267578,48.0145263671875
0.0,0.0
0.0,0.0
0.0,0.0
-88.31482696533203,111.11106872558594
-44.041908264160156,74.62692260742188
-52.33904266357422,108.55597686767578
0.0,0.0
-18.582258224487305,41.77420425415039
0.0,0.0
0.0,0.0
0.0,0.0
-86.35075378417969,111.11106872558594
-10.540483474731445,52.815982818603516
-86.71582794189453,111.12676239013672
-73.6264877319336,125.61885070800781
-26.909000396728516,19.100000381469727
0.0,0.0
22.81853485107422,101.99376678466797
0.0,0.0
-88.71524810791016,111.11106872558594
-20.101802825927734,95.19432067871094
-88.86566162109375,111.11116027832031
-84.04835510253906,122.17790222167969
0.0,67.8426513671875
0.0,0.0
-17.74888801574707,403.129150390625
0.0,0.0
0.0,0.0
0.0,0.0
0.0,0.0
0.0,0.0
0.0,0.0
0.0,0.0
0.0,0.0
0.0,0.0
0.0,0.0
0.0,0.0
0.0,0.0
0.0,0.0
0.0,0.0
0.0,0.0
0.0,0.0
0.0,0.0
0.0,0.0
0.0,0.0
0.0,0.0
0.0,0.0
0.0,0.0
0.0,0.0
0.0,0.0
0.0,0.0
0.0,0.0
0.0,0.0
0.0,0.0
0.0,0.0
0.0,0.0
0.0,0.0
0.0,0.0
0.0,0.0
0.0,0.0
0.0,0.0
0.0,0.0
0.0,0.0
0.0,0.0
0.0,0.0
0.0,0.0
0.0,0.0
0.0,0.0
0.0,0.0
0.0,0.0
0.0,0.0
0.0,0.0
0.0,0.0
0.0,0.0
0.0,0.0
0.0,0.0
0.0,0.0
0.0,0.0
0.0,0.0
0.0,0.0
0.0,0.0
0.0,0.0
0.0,0.0
0.0,0.0
0.0,0.0
0.0,0.0
0.0,0.0
0.0,0.0
0.0,0.0
0.0,0.0
0.0,0.0
0.0,0.0
0.0,0.0
-1.8809000253677368,1.909999966621399
0.0,0.0
0.0,0.0
0.0,0.0
0.0,0.0
0.0,0.0
10.935893058776855,-4.316650390625
0.0,0.0
5.369321823120117,-1.833582878112793
0.0,0.0
0.0,0.0
0.0,0.0
0.0,0.0
0.0,0.0
0.0,0.0
0.0,0.0
-8.90241527557373,11.110085487365723
0.0,0.0
0.0,0.0
0.0,0.0
0.0,0.0
0.0,0.0
10.990955352783203,-5.877674579620361
0.0,0.0
11.111105918884277,-8.888885498046875
0.0,0.0
0.0,0.0
0.0,0.0
0.0,0.0
0.0,0.0
0.0,0.0
0.0,0.0
0.0,0.0
0.0,0.0
0.0,0.0
0.0,0.0
0.0,0.0
0.0,0.0
0.0,0.0
0.0,0.0
0.0,0.0
0.0,0.0
0.0,0.0
0.0,0.0
0.0,0.0
0.0,0.0
0.0,0.0
0.0,0.0
0.0,4.177420616149902
0.0,0.0
0.0,0.0
0.0,0.0
0.0,0.0
0.0,0.0
0.0,0.0
0.0,0.0
11.111088752746582,-8.542533874511719
0.0,0.0
0.0,0.0
0.0,0.0
0.0,0.0
0.0,0.0
0.0,0.0
0.0,0.0
0.0,0.0
0.0,0.0
0.0,0.0
0.0,0.0
0.0,0.0
0.0,0.0
0.0,0.0
0.0,0.0
0.0,0.0
0.0,0.0
0.0,0.0
0.0,0.0
0.0,0.0
0.0,0.0
0.0,0.0
0.0,0.0
0.0,0.0
0.0,0.0
0.0,0.0
0.0,0.0
0.0,0.0
0.0,0.0
0.0,0.0
0.0,0.0
0.0,0.0
0.0,0.0
0.0,0.0
0.0,0.0
0.0,0.0
0.0,0.0
0.0,0.0
0.0,0.0
0.0,0.0
0.0,0.0
0.0,0.0
0.0,0.0
0.0,0.0
0.0,0.0
0.0,0.0
0.0,0.0
0.0,0.0
0.0,0.0
0.0,0.0
0.0,0.0
0.0,0.0
0.0,0.0
0.0,0.0
0.0,0.0
0.0,0.0
0.0,0.0
0.0,0.0
0.0,0.0
0.0,0.0
0.0,0.0
0.0,0.0
0.0,0.0
0.0,0.0
0.0,0.0
0.0,0.0
0.0,0.0
0.0,0.0
0.0,0.0
