-10.157526016235352,20.630874633789062
0.0,0.0
0.0,0.0
0.0,0.0
0.0,0.0
0.0,0.0
0.0,0.0
0.0,0.0
0.0,0.0
0.0,0.0
0.0,0.0
0.0,0.0
0.0,0.0
0.0,0.0
0.0,0.0
0.0,0.0
0.0,0.0
0.0,0.0
-7.453330993652344,22.452543258666992
-16.577661514282227,33.33331298828125
0.0,0.0
0.0,0.0
0.0,0.0
0.0,0.0
0.0,0.0
0.0,0.0
-6.8508687019348145,22.426794052124023
-15.834634780883789,33.33331298828125
0.0,0.0
0.0,0.0
0.0,0.0
0.0,0.0
0.0,0.0
0.0,0.0
0.0,0.0
0.0,0.0
0.0,0.0
0.0,0.0
0.0,0.0
0.0,0.0
0.0,0.0
0.0,0.0
0.0,0.0
0.0,0.0
0.0,0.0
0.0,0.0
0.0,0.0
0.0,0.0
0.0,0.0
0.0,0.0
-7.7817702293396,22.205408096313477
-8.61019229888916,32.1049690246582
0.0,0.0
0.0,0.0
-7.7725629806518555,22.123971939086914
0.0,0.0
0.0,0.0
0.0,0.0
-7.796728610992432,22.222209930419922
-2.0,0.0
0.0,0.0
0.0,0.0
-5.441908359527588,22.221111297607422
0.0,0.0
0.0,0.0
0.0,0.0
0.0,0.0
0.0,0.0
0.0,0.0
0.0,0.0
0.0,0.0
0.0,0.0
0.0,0.0
0.0,0.0
0.0,0.0
0.0,0.0
0.0,0.0
0.0,0.0
0.0,0.0
0.0,0.0
0.0,0.0
0.0,0.0
-7.778241157531738,22.222211837768555
-15.760944366455078,30.493974685668945
0.0,0.0
0.0,0.0
-6.71637487411499,22.218433380126953
0.0,0.0
0.0,0.0
0.0,0.0
-7.8119587898254395,22.221763610839844
1.9339213371276855,141.01295471191406
0.0,0.0
0.0,0.0
-7.626522541046143,22.213655471801758
36.25673294067383,539.0838623046875
0.0,0.0
0.0,0.0
0.0,0.0
0.0,0.0
0.0,0.0
0.0,0.0
0.0,0.0
0.0,0.0
0.0,0.0
0.0,0.0
0.0,0.0
0.0,0.0
0.0,0.0
0.0,0.0
0.0,0.0
0.0,0.0
0.0,0.0
0.0,0.0
-6.817326545715332,22.22218894958496
-11.620680809020996,33.27326583862305
0.0,0.0
0.0,0.0
-3.9721293449401855,20.7801456451416
-10.490488052368164,31.703271865844727
0.0,0.0
0.0,0.0
-7.77746057510376,22.222211837768555
4.776457786560059,160.01150512695312
0.0,0.0
0.0,0.0
-7.645694255828857,22.203685760498047
-1.1808534860610962,126.86902618408203
0.0,0.0
0.0,0.0
0.0,0.0
0.0,0.0
0.0,0.0
0.0,0.0
0.0,0.0
0.0,0.0
0.0,0.0
0.0,0.0
0.0,0.0
0.0,0.0
0.0,0.0
0.0,0.0
0.0,0.0
0.0,0.0
0.0,0.0
0.0,0.0
-7.5537919998168945,22.33316993713379
-12.778643608093262,67.31644439697266
0.0,0.0
0.0,0.0
0.0,0.0
0.0,0.0
0.0,0.0
0.0,0.0
-7.281385898590088,22.39131736755371
-16.665048599243164,33.33331298828125
0.0,0.0
0.0,0.0
-5.3148884773254395,21.477014541625977
0.0,0.0
0.0,0.0
0.0,0.0
0.0,0.0
0.0,0.0
0.0,0.0
0.0,0.0
0.0,0.0
0.0,0.0
0.0,0.0
0.0,0.0
0.0,0.0
0.0,0.0
0.0,0.0
0.0,0.0
0.0,0.0
0.0,0.0
0.0,0.0
0.0,0.0
0.0,0.0
0.0,0.0
0.0,0.0
0.0,0.0
0.0,0.0
0.0,0.0
0.0,0.0
0.0,0.0
0.0,0.0
0.0,0.0
0.0,0.0
0.0,0.0
0.0,0.0
0.0,0.0
0.0,0.0
0.0,0.0
0.0,0.0
0.0,0.0
0.0,0.0
0.0,0.0
0.0,0.0
0.0,0.0
0.0,0.0
0.0,0.0
0.0,0.0
0.0,0.0
0.0,0.0
0.0,0.0
0.0,0.0
0.0,0.0
0.0,0.0
0.0,0.0
-7.811441898345947,21.885269165039062
-3.930201768875122,33.6866340637207
0.0,0.0
0.0,0.0
0.0,0.0
0.0,0.0
0.0,0.0
0.0,0.0
-7.826064586639404,21.722841262817383
1.6207712888717651,177.39024353027344
0.0,0.0
0.0,0.0
-8.247464179992676,11.059864044189453
912.22998046875,0.0
0.0,0.0
0.0,0.0
0.0,0.0
0.0,0.0
0.0,0.0
0.0,0.0
0.0,0.0
0.0,0.0
0.0,0.0
0.0,0.0
0.0,0.0
0.0,0.0
0.0,0.0
0.0,0.0
0.0,0.0
0.0,0.0
0.0,0.0
0.0,0.0
-7.779450416564941,22.222209930419922
-3.799999952316284,3.0
0.0,0.0
0.0,0.0
0.0,0.0
0.0,0.0
0.0,0.0
0.0,0.0
-7.815101623535156,21.612449645996094
11.039188385009766,287.9638977050781
0.0,0.0
0.0,0.0
-8.224539756774902,17.315502166748047
0.0,0.0
0.0,0.0
0.0,0.0
0.0,0.0
0.0,0.0
0.0,0.0
0.0,0.0
0.0,0.0
0.0,0.0
0.0,0.0
0.0,0.0
0.0,0.0
0.0,0.0
0.0,0.0
0.0,0.0
0.0,0.0
0.0,0.0
0.0,0.0
0.0,0.0
0.0,0.0
0.0,0.0
0.0,0.0
0.0,0.0
0.0,0.0
0.0,0.0
0.0,0.0
0.0,0.0
0.0,0.0
0.0,0.0
0.0,0.0
0.0,0.0
0.0,0.0
0.0,0.0
0.0,0.0
0.0,0.0
0.0,0.0
0.0,0.0
0.0,0.0
0.0,0.0
0.0,0.0
0.0,0.0
0.0,0.0
0.0,0.0
0.0,0.0
0.0,0.0
0.0,0.0
0.0,0.0
0.0,0.0
0.0,0.0
0.0,0.0
0.0,0.0
0.0,0.0
0.0,0.0
0.0,0.0
0.0,0.0
0.0,0.0
0.0,0.0
0.0,0.0
0.0,0.0
0.0,0.0
0.0,0.0
0.0,0.0
0.0,0.0
0.0,0.0
0.0,0.0
-9.907319068908691,5.4202070236206055
-21.615171432495117,10.472321510314941
11.111105918884277,-7.5663275718688965
0.0,0.0
0.0,0.0
0.0,0.0
4.80145263671875,0.0
0.0,0.0
-9.575516700744629,4.364790439605713
-19.618375778198242,8.031303405761719
11.111105918884277,-0.8538452386856079
0.0,0.0
0.0,0.0
0.0,0.0
5.886082649230957,-1.8899999856948853
0.0,0.0
0.0,0.0
0.0,0.0
10.979071617126465,-4.240904808044434
0.0,0.0
0.0,0.0
0.0,0.0
5.369321823120117,-2.6497931480407715
0.0,0.0
0.0,0.0
0.0,0.0
11.111105918884277,-7.985117435455322
258.3804931640625,4.550000190734863
0.0,0.0
0.0,0.0
8.65402889251709,-1.7452350854873657
0.0,0.0
-98.494384765625,5.117332458496094
-114.1843490600586,3.0731475353240967
-97.50960540771484,51.2102165222168
-10.691840171813965,30.815982818603516
-105.54883575439453,-106.01522827148438
-81.16693878173828,0.34513750672340393
-10.0,19.100000381469727
-11.0,10.099100112915039
-95.62444305419922,56.26118087768555
-107.61445617675781,-64.9271469116211
-91.85778045654297,106.75450897216797
-29.59417724609375,3.121915102005005
-97.10075378417969,2.2759127616882324
-78.9104995727539,-75.00401306152344
-45.09222412109375,63.16972732543945
-29.55304527282715,27.733427047729492
0.0,0.0
0.0,0.0
-33.503299713134766,67.8426513671875
-20.790000915527344,21.010000228881836
0.0,0.0
0.0,0.0
-10.0,27.381000518798828
-11.0,30.11910057067871
0.0,0.0
0.0,0.0
-84.64230346679688,98.37059783935547
-20.524595260620117,58.40848159790039
0.0,0.0
0.0,0.0
-26.696290969848633,81.87129211425781
-20.59880828857422,14.577781677246094
0.0,0.0
0.0,0.0
0.0,0.0
0.0,0.0
0.0,0.0
0.0,0.0
0.0,0.0
0.0,0.0
0.0,0.0
0.0,0.0
0.0,0.0
0.0,0.0
0.0,0.0
0.0,0.0
0.0,0.0
0.0,0.0
0.0,0.0
0.0,0.0
0.0,0.0
0.0,0.0
0.0,0.0
0.0,0.0
0.0,0.0
0.0,0.0
0.0,0.0
0.0,0.0
0.0,0.0
0.0,0.0
0.0,0.0
0.0,0.0
0.0,0.0
0.0,0.0
0.0,0.0
0.0,0.0
0.0,0.0
0.0,0.0
0.0,0.0
0.0,0.0
0.0,0.0
0.0,0.0
0.0,0.0
0.0,0.0
0.0,0.0
0.0,0.0
0.0,0.0
0.0,0.0
0.0,0.0
0.0,0.0
0.0,0.0
0.0,0.0
0.0,0.0
0.0,0.0
0.0,0.0
0.0,0.0
0.0,0.0
0.0,0.0
0.0,0.0
0.0,0.0
0.0,0.0
0.0,0.0
0.0,0.0
0.0,0.0
0.0,0.0
0.0,0.0
0.0,0.0
0.0,0.0
-8.486921310424805,8.959491729736328
0.0,0.0
0.0,0.0
0.0,0.0
0.0,0.0
0.0,0.0
11.111163139343262,2.421877145767212
0.0,0.0
11.111105918884277,8.285243034362793
0.0,0.0
0.0,0.0
0.0,0.0
7.5280890464782715,1.0099999904632568
0.0,0.0
0.0,0.0
0.0,0.0
-10.18480396270752,-1.8484086990356445
0.0,0.0
0.0,0.0
0.0,0.0
0.0,0.0
0.0,0.0
9.426167488098145,-1.8205604553222656
0.0,0.0
11.111105918884277,-4.647125720977783
0.0,0.0
0.0,0.0
0.0,0.0
11.111105918884277,-3.6882522106170654
0.0,0.0
0.0,0.0
0.0,0.0
-4.094603538513184,0.26993033289909363
0.0,0.0
0.0,0.0
0.0,0.0
0.0,0.0
0.0,0.0
11.111105918884277,10.012801170349121
0.0,0.0
11.111105918884277,9.498794555664062
0.0,0.0
0.0,0.0
0.0,0.0
5.886082649230957,0.0
0.0,0.0
0.0,0.0
0.0,0.0
-8.948149681091309,0.21480350196361542
0.0,0.0
0.0,0.0
0.0,0.0
0.0,0.0
0.0,0.0
4.177420616149902,1.0273809432983398
0.0,0.0
11.111105918884277,-7.812378883361816
0.0,0.0
0.0,0.0
0.0,0.0
11.110219955444336,5.411171913146973
0.0,0.0
0.0,0.0
0.0,0.0
0.0,0.0
0.0,0.0
0.0,0.0
0.0,0.0
0.0,0.0
0.0,0.0
0.0,0.0
0.0,0.0
0.0,0.0
0.0,0.0
0.0,0.0
0.0,0.0
0.0,0.0
0.0,0.0
0.0,0.0
0.0,0.0
-2.523796796798706,69.5527114868164
-4.448343276977539,102.03109741210938
0.0,0.0
0.0,0.0
0.0,0.0
0.0,0.0
0.0,0.0
0.0,0.0
0.38227927684783936,99.31851959228516
-12.14825439453125,66.66686248779297
0.0,0.0
0.0,0.0
0.0,0.0
0.0,0.0
0.0,0.0
0.0,0.0
0.0,0.0
0.0,0.0
0.0,0.0
0.0,0.0
0.0,0.0
0.0,0.0
0.0,0.0
0.0,0.0
0.0,0.0
0.0,0.0
0.0,0.0
0.0,0.0
0.0,0.0
0.0,0.0
0.0,0.0
0.0,0.0
7.2845916748046875,93.62513732910156
490.0035400390625,66.66670227050781
0.0,0.0
0.0,0.0
2331.571044921875,842.2188110351562
0.0,0.0
0.0,0.0
0.0,0.0
30.853111267089844,84.68557739257812
-11.112236022949219,67.51434326171875
0.0,0.0
0.0,0.0
42.77448272705078,2245.246337890625
0.0,0.0
0.0,0.0
0.0,0.0
0.0,0.0
0.0,0.0
0.0,0.0
0.0,0.0
0.0,0.0
0.0,0.0
0.0,0.0
0.0,0.0
0.0,0.0
0.0,0.0
0.0,0.0
0.0,0.0
0.0,0.0
0.0,0.0
0.0,0.0
0.0,0.0
0.0,0.0
0.0,0.0
0.0,0.0
0.0,0.0
0.0,0.0
0.0,0.0
0.0,0.0
0.0,0.0
0.0,0.0
0.0,0.0
0.0,0.0
0.0,0.0
0.0,0.0
0.0,0.0
0.0,0.0
0.0,0.0
0.0,0.0
0.0,0.0
0.0,0.0
0.0,0.0
0.0,0.0
0.0,0.0
0.0,0.0
0.0,0.0
0.0,0.0
0.0,0.0
0.0,0.0
0.0,0.0
0.0,0.0
0.0,0.0
0.0,0.0
0.0,0.0
0.0,0.0
0.0,0.0
0.0,0.0
0.0,0.0
0.0,0.0
0.0,0.0
0.0,0.0
0.0,0.0
0.0,0.0
0.0,0.0
0.0,0.0
0.0,0.0
0.0,0.0
0.0,0.0
0.0,0.0
0.0,0.0
0.0,0.0
0.0,0.0
0.0,0.0
0.0,0.0
0.0,0.0
0.0,0.0
0.0,0.0
0.0,0.0
0.0,0.0
0.0,0.0
0.0,0.0
0.0,0.0
0.0,0.0
0.0,0.0
0.0,0.0
0.0,0.0
-4.44444465637207,55.55553436279297
-12.457428932189941,66.66670989990234
0.0,0.0
0.0,0.0
0.0,0.0
0.0,0.0
0.0,0.0
0.0,0.0
-4.44444465637207,55.55553436279297
-13.321146011352539,66.66670227050781
0.0,0.0
0.0,0.0
0.0,0.0
0.0,0.0
0.0,0.0
0.0,0.0
0.0,0.0
0.0,0.0
0.0,0.0
0.0,0.0
0.0,0.0
0.0,0.0
0.0,0.0
0.0,0.0
0.0,0.0
0.0,0.0
0.0,0.0
0.0,0.0
0.0,0.0
0.0,0.0
0.0,0.0
0.0,0.0
-4.3780364990234375,55.55557632446289
-12.69335651397705,66.65158081054688
0.0,0.0
0.0,0.0
0.0,0.0
0.0,0.0
0.0,0.0
0.0,0.0
-4.444437503814697,83.43079376220703
-13.330845832824707,66.6666259765625
0.0,0.0
0.0,0.0
0.0,0.0
0.0,0.0
0.0,0.0
0.0,0.0
0.0,0.0
0.0,0.0
0.0,0.0
0.0,0.0
0.0,0.0
0.0,0.0
0.0,0.0
0.0,0.0
0.0,0.0
0.0,0.0
0.0,0.0
0.0,0.0
0.0,0.0
0.0,0.0
0.0,0.0
0.0,0.0
0.0,0.0
0.0,0.0
0.0,0.0
0.0,0.0
0.0,0.0
0.0,0.0
0.0,0.0
0.0,0.0
0.0,0.0
0.0,0.0
0.0,0.0
0.0,0.0
0.0,0.0
0.0,0.0
0.0,0.0
0.0,0.0
0.0,0.0
0.0,0.0
0.0,0.0
0.0,0.0
0.0,0.0
0.0,0.0
0.0,0.0
0.0,0.0
0.0,0.0
0.0,0.0
0.0,0.0
0.0,0.0
0.0,0.0
0.0,0.0
0.0,0.0
0.0,0.0
0.0,0.0
0.0,0.0
0.0,0.0
0.0,0.0
0.0,0.0
0.0,0.0
0.0,0.0
0.0,0.0
0.0,0.0
0.0,0.0
0.0,0.0
0.0,0.0
0.0,0.0
0.0,0.0
-8.709757804870605,9.956779479980469
-2.0,5.476200103759766
11.099740982055664,-5.195466995239258
0.0,0.0
0.0,0.0
0.0,0.0
0.0,0.0
0.0,0.0
-8.055699348449707,11.672263145446777
-6.524843215942383,13.568530082702637
10.514019966125488,-2.498464584350586
0.0,0.0
0.0,0.0
0.0,0.0
0.0,0.0
0.0,0.0
-7.206271648406982,10.173373222351074
-5.381800174713135,5.476200103759766
11.111117362976074,-8.888849258422852
0.0,0.0
0.0,0.0
0.0,0.0
0.0,0.0
0.0,0.0
-8.68769645690918,11.111116409301758
-3.64298939704895,15.701050758361816
11.111116409301758,-8.888883590698242
0.0,0.0
0.0,0.0
0.0,0.0
0.0,0.0
0.0,0.0
-82.84183502197266,111.55463409423828
0.0,38.408382415771484
-84.66854858398438,111.09965515136719
0.0,11.0
-18.519855499267578,48.0145263671875
0.0,0.0
0.0,0.0
0.0,0.0
-88.61431884765625,111.11106872558594
-44.041908264160156,78.9104995727539
-52.33904266357422,109.18563842773438
0.0,0.0
-18.582258224487305,41.77420425415039
0.0,0.0
0.0,0.0
0.0,0.0
-86.60456848144531,111.11106872558594
-10.540483474731445,52.815982818603516
-87.95317840576172,111.11138153076172
-73.6264877319336,125.61885070800781
-26.909000396728516,19.100000381469727
0.0,0.0
22.81853485107422,101.99376678466797
0.0,0.0
-88.73261260986328,111.11106872558594
-20.101802825927734,97.6268310546875
-88.88079071044922,111.11116027832031
-85.42160034179688,122.19183349609375
0.0,67.8426513671875
0.0,0.0
-17.74888801574707,403.129150390625
0.0,0.0
0.0,0.0
0.0,0.0
0.0,0.0
0.0,0.0
0.0,0.0
0.0,0.0
0.0,0.0
0.0,0.0
0.0,0.0
0.0,0.0
0.0,0.0
0.0,0.0
0.0,0.0
0.0,0.0
0.0,0.0
0.0,0.0
0.0,0.0
0.0,0.0
0.0,0.0
0.0,0.0
0.0,0.0
0.0,0.0
0.0,0.0
0.0,0.0
0.0,0.0
0.0,0.0
0.0,0.0
0.0,0.0
0.0,0.0
0.0,0.0
0.0,0.0
0.0,0.0
0.0,0.0
0.0,0.0
0.0,0.0
0.0,0.0
0.0,0.0
0.0,0.0
0.0,0.0
0.0,0.0
0.0,0.0
0.0,0.0
0.0,0.0
0.0,0.0
0.0,0.0
0.0,0.0
0.0,0.0
0.0,0.0
0.0,0.0
0.0,0.0
0.0,0.0
0.0,0.0
0.0,0.0
0.0,0.0
0.0,0.0
0.0,0.0
0.0,0.0
0.0,0.0
0.0,0.0
0.0,0.0
0.0,0.0
0.0,0.0
0.0,0.0
0.0,0.0
0.0,0.0
0.0,0.0
-1.8809000253677368,1.909999966621399
0.0,0.0
0.0,0.0
0.0,0.0
0.0,0.0
0.0,0.0
10.935893058776855,-4.316650390625
0.0,0.0
5.369321823120117,-2.596531391143799
0.0,0.0
0.0,0.0
0.0,0.0
0.0,0.0
0.0,0.0
0.0,0.0
0.0,0.0
-8.889981269836426,11.111089706420898
0.0,0.0
0.0,0.0
0.0,0.0
0.0,0.0
0.0,0.0
10.990955352783203,-5.877674579620361
0.0,0.0
11.111105918884277,-8.888885498046875
0.0,0.0
0.0,0.0
0.0,0.0
0.0,0.0
0.0,0.0
0.0,0.0
0.0,0.0
0.0,0.0
0.0,0.0
0.0,0.0
0.0,0.0
0.0,0.0
0.0,0.0
0.0,0.0
0.0,0.0
0.0,0.0
0.0,0.0
0.0,0.0
0.0,0.0
0.0,0.0
0.0,0.0
0.0,0.0
0.0,0.0
0.0,4.177420616149902
0.0,0.0
0.0,0.0
0.0,0.0
0.0,0.0
0.0,0.0
0.0,0.0
0.0,0.0
11.111098289489746,-8.542533874511719
0.0,0.0
0.0,0.0
0.0,0.0
0.0,0.0
0.0,0.0
0.0,0.0
0.0,0.0
0.0,0.0
0.0,0.0
0.0,0.0
0.0,0.0
0.0,0.0
0.0,0.0
0.0,0.0
0.0,0.0
0.0,0.0
0.0,0.0
0.0,0.0
0.0,0.0
0.0,0.0
0.0,0.0
0.0,0.0
0.0,0.0
0.0,0.0
0.0,0.0
0.0,0.0
0.0,0.0
0.0,0.0
0.0,0.0
0.0,0.0
0.0,0.0
0.0,0.0
0.0,0.0
0.0,0.0
0.0,0.0
0.0,0.0
0.0,0.0
0.0,0.0
0.0,0.0
0.0,0.0
0.0,0.0
0.0,0.0
0.0,0.0
0.0,0.0
0.0,0.0
0.0,0.0
0.0,0.0
0.0,0.0
0.0,0.0
0.0,0.0
0.0,0.0
0.0,0.0
0.0,0.0
0.0,0.0
0.0,0.0
0.0,0.0
0.0,0.0
0.0,0.0
0.0,0.0
0.0,0.0
0.0,0.0
0.0,0.0
0.0,0.0
0.0,0.0
0.0,0.0
0.0,0.0
0.0,0.0
0.0,0.0
0.0,0.0
