-10.753003120422363,8.948304176330566
0.0,0.0
0.0,0.0
0.0,0.0
0.0,0.0
0.0,0.0
0.0,0.0
0.0,0.0
0.0,0.0
0.0,0.0
0.0,0.0
0.0,0.0
0.0,0.0
0.0,0.0
0.0,0.0
0.0,0.0
0.0,0.0
0.0,0.0
3.917815685272217,16.634830474853516
-19.945222854614258,0.0
0.0,0.0
0.0,0.0
0.0,0.0
0.0,0.0
0.0,0.0
0.0,0.0
11.988396644592285,14.488533020019531
-12.25158977508545,0.0
0.0,0.0
0.0,0.0
0.0,0.0
0.0,0.0
0.0,0.0
0.0,0.0
0.0,0.0
0.0,0.0
0.0,0.0
0.0,0.0
0.0,0.0
0.0,0.0
0.0,0.0
0.0,0.0
0.0,0.0
0.0,0.0
0.0,0.0
0.0,0.0
0.0,0.0
0.0,0.0
0.0,0.0
0.0,0.0
-8.891937255859375,11.10897159576416
-5.420000076293945,0.0
0.0,0.0
0.0,0.0
-8.545554161071777,11.111105918884277
0.0,0.0
0.0,0.0
0.0,0.0
-8.888910293579102,10.999995231628418
0.0,0.0
0.0,0.0
0.0,0.0
-6.543826580047607,11.054607391357422
0.0,0.0
0.0,0.0
0.0,0.0
0.0,0.0
0.0,0.0
0.0,0.0
0.0,0.0
0.0,0.0
0.0,0.0
0.0,0.0
0.0,0.0
0.0,0.0
0.0,0.0
0.0,0.0
0.0,0.0
0.0,0.0
0.0,0.0
0.0,0.0
0.0,0.0
-8.855843544006348,11.084993362426758
-15.462238311767578,-0.08900121599435806
0.0,0.0
0.0,0.0
-4.971752166748047,9.25952434539795
-2.0,0.0
0.0,0.0
0.0,0.0
-8.890125274658203,11.111105918884277
-18.14068031311035,0.020094769075512886
0.0,0.0
0.0,0.0
-4.804214000701904,9.676155090332031
-6.232855319976807,30.100431442260742
0.0,0.0
0.0,0.0
0.0,0.0
0.0,0.0
0.0,0.0
0.0,0.0
0.0,0.0
0.0,0.0
0.0,0.0
0.0,0.0
0.0,0.0
0.0,0.0
0.0,0.0
0.0,0.0
0.0,0.0
0.0,0.0
0.0,0.0
0.0,0.0
-8.203638076782227,11.11094856262207
-9.371179580688477,0.0
0.0,0.0
0.0,0.0
-3.359628915786743,3.369321823120117
-3.799999952316284,0.0
0.0,0.0
0.0,0.0
-8.793407440185547,11.111105918884277
-13.476309776306152,0.9184982776641846
0.0,0.0
0.0,0.0
-6.755957126617432,11.062678337097168
-10.054951667785645,-0.516859233379364
0.0,0.0
0.0,0.0
0.0,0.0
0.0,0.0
0.0,0.0
0.0,0.0
0.0,0.0
0.0,0.0
0.0,0.0
0.0,0.0
0.0,0.0
0.0,0.0
0.0,0.0
0.0,0.0
0.0,0.0
0.0,0.0
0.0,0.0
0.0,0.0
-5.509722709655762,13.843428611755371
-17.883480072021484,67.08690643310547
0.0,0.0
0.0,0.0
0.0,0.0
0.0,0.0
0.0,0.0
0.0,0.0
-8.560285568237305,14.378344535827637
-19.635040283203125,0.0
0.0,0.0
0.0,0.0
-2.6187100410461426,5.886082649230957
0.0,0.0
0.0,0.0
0.0,0.0
0.0,0.0
0.0,0.0
0.0,0.0
0.0,0.0
0.0,0.0
0.0,0.0
0.0,0.0
0.0,0.0
0.0,0.0
0.0,0.0
0.0,0.0
0.0,0.0
0.0,0.0
0.0,0.0
0.0,0.0
0.0,0.0
0.0,0.0
0.0,0.0
0.0,0.0
0.0,0.0
0.0,0.0
0.0,0.0
0.0,0.0
0.0,0.0
0.0,0.0
0.0,0.0
0.0,0.0
0.0,0.0
0.0,0.0
0.0,0.0
0.0,0.0
0.0,0.0
0.0,0.0
0.0,0.0
0.0,0.0
0.0,0.0
0.0,0.0
0.0,0.0
0.0,0.0
0.0,0.0
0.0,0.0
0.0,0.0
0.0,0.0
0.0,0.0
0.0,0.0
0.0,0.0
0.0,0.0
0.0,0.0
-8.912734985351562,10.872572898864746
-19.82523536682129,2.7353908080840483e-06
0.0,0.0
0.0,0.0
0.0,0.0
0.0,0.0
0.0,0.0
0.0,0.0
-8.964946746826172,10.302690505981445
-15.211387634277344,85.11042022705078
0.0,0.0
0.0,0.0
-8.94408130645752,7.094878196716309
-2.0,0.0
0.0,0.0
0.0,0.0
0.0,0.0
0.0,0.0
0.0,0.0
0.0,0.0
0.0,0.0
0.0,0.0
0.0,0.0
0.0,0.0
0.0,0.0
0.0,0.0
0.0,0.0
0.0,0.0
0.0,0.0
0.0,0.0
0.0,0.0
0.0,0.0
-8.888884544372559,11.111105918884277
-2.0,0.0
0.0,0.0
0.0,0.0
0.0,0.0
0.0,0.0
0.0,0.0
0.0,0.0
-8.99621868133545,9.668872833251953
-8.586219787597656,61.76191711425781
0.0,0.0
0.0,0.0
-8.769979476928711,7.231036186218262
0.0,0.0
0.0,0.0
0.0,0.0
0.0,0.0
0.0,0.0
0.0,0.0
0.0,0.0
0.0,0.0
0.0,0.0
0.0,0.0
0.0,0.0
0.0,0.0
0.0,0.0
0.0,0.0
0.0,0.0
0.0,0.0
0.0,0.0
0.0,0.0
0.0,0.0
0.0,0.0
0.0,0.0
0.0,0.0
0.0,0.0
0.0,0.0
0.0,0.0
0.0,0.0
0.0,0.0
0.0,0.0
0.0,0.0
0.0,0.0
0.0,0.0
0.0,0.0
0.0,0.0
0.0,0.0
0.0,0.0
0.0,0.0
0.0,0.0
0.0,0.0
0.0,0.0
0.0,0.0
0.0,0.0
0.0,0.0
0.0,0.0
0.0,0.0
0.0,0.0
0.0,0.0
0.0,0.0
0.0,0.0
0.0,0.0
0.0,0.0
0.0,0.0
0.0,0.0
0.0,0.0
0.0,0.0
0.0,0.0
0.0,0.0
0.0,0.0
0.0,0.0
0.0,0.0
0.0,0.0
0.0,0.0
0.0,0.0
0.0,0.0
0.0,0.0
0.0,0.0
-9.371946334838867,10.304327011108398
-18.28811264038086,-17.960979461669922
33.33331298828125,-20.525835037231445
14.347362518310547,-3.9618000984191895
0.0,0.0
0.0,0.0
0.0,0.0
0.0,0.0
-9.661547660827637,5.2650465965271
-21.097002029418945,-19.067962646484375
33.33331298828125,-19.794145584106445
9.6029052734375,-7.482071876525879
0.0,0.0
0.0,0.0
5.730000019073486,0.0
0.0,0.0
0.0,0.0
0.0,0.0
21.52104377746582,-13.295756340026855
10.738643646240234,0.0
0.0,0.0
0.0,0.0
3.0,0.0
0.0,0.0
0.0,0.0
0.0,0.0
33.33308410644531,-24.99529457092285
8.354841232299805,-3.9164516925811768
0.0,0.0
0.0,0.0
12.532261848449707,0.0
0.0,-2.180000066757202
-3.461699962615967,52.46171569824219
184.2088165283203,54.23450469970703
33.33331298828125,-23.275503158569336
6.983342170715332,-1.4673163890838623
-5.034570693969727,15.113441467285156
0.0,0.0
0.0,-3.0
0.0,0.0
-2.1931750774383545,60.38426208496094
-16.77631378173828,42.022178649902344
33.33331298828125,-26.23684310913086
8.354841232299805,-2.180000066757202
-1.3352445363998413,79.90116882324219
-10.738643646240234,-10.738643646240234
14.40435791015625,-2.8746774196624756
8.354841232299805,0.0
0.0,0.0
0.0,0.0
17.658248901367188,-2.8746774196624756
0.0,0.0
0.0,0.0
0.0,0.0
8.214300155639648,0.0
0.0,0.0
0.0,0.0
0.0,0.0
32.937217712402344,-14.177680015563965
6.983342170715332,-3.9800000190734863
0.0,0.0
0.0,0.0
20.352794647216797,-5.3796706199646
6.983342170715332,-4.735786437988281
0.0,0.0
0.0,0.0
0.0,0.0
0.0,0.0
0.0,0.0
0.0,0.0
0.0,0.0
0.0,0.0
0.0,0.0
0.0,0.0
0.0,0.0
0.0,0.0
0.0,0.0
0.0,0.0
0.0,0.0
0.0,0.0
0.0,0.0
0.0,0.0
0.0,0.0
0.0,0.0
0.0,0.0
0.0,0.0
0.0,0.0
0.0,0.0
0.0,0.0
0.0,0.0
0.0,0.0
0.0,0.0
0.0,0.0
0.0,0.0
0.0,0.0
0.0,0.0
0.0,0.0
0.0,0.0
0.0,0.0
0.0,0.0
0.0,0.0
0.0,0.0
0.0,0.0
0.0,0.0
0.0,0.0
0.0,0.0
0.0,0.0
0.0,0.0
0.0,0.0
0.0,0.0
0.0,0.0
0.0,0.0
0.0,0.0
0.0,0.0
0.0,0.0
0.0,0.0
0.0,0.0
0.0,0.0
0.0,0.0
0.0,0.0
0.0,0.0
0.0,0.0
0.0,0.0
0.0,0.0
0.0,0.0
0.0,0.0
0.0,0.0
0.0,0.0
0.0,0.0
0.0,0.0
-7.756778240203857,9.738761901855469
0.0,0.0
0.0,0.0
0.0,0.0
0.0,0.0
0.0,0.0
33.33331298828125,26.697776794433594
0.0,0.0
33.33331298828125,26.413991928100586
0.0,0.0
0.0,0.0
0.0,0.0
0.0,12.532261848449707
0.0,0.0
0.0,0.0
0.0,0.0
-10.169452667236328,-1.618085265159607
0.0,0.0
0.0,0.0
0.0,0.0
0.0,0.0
0.0,0.0
0.0,0.0
0.0,0.0
33.33331298828125,-19.851940155029297
0.0,0.0
0.0,0.0
0.0,0.0
33.325042724609375,-1.4910144805908203
0.0,0.0
0.0,0.0
0.0,0.0
-5.3901472091674805,6.73580265045166
0.0,0.0
0.0,0.0
0.0,0.0
0.0,0.0
0.0,0.0
33.33331298828125,20.905773162841797
0.0,0.0
33.33331298828125,2.435424566268921
0.0,0.0
0.0,0.0
0.0,0.0
0.0,5.730000019073486
0.0,0.0
0.0,0.0
0.0,0.0
-7.117335796356201,7.042661190032959
0.0,0.0
0.0,0.0
0.0,0.0
0.0,0.0
0.0,0.0
0.0,-3.0
0.0,0.0
33.33331298828125,-8.879895210266113
0.0,0.0
0.0,0.0
0.0,0.0
32.69856262207031,-6.521977424621582
0.0,0.0
0.0,0.0
0.0,0.0
0.0,0.0
0.0,0.0
0.0,0.0
0.0,0.0
0.0,0.0
0.0,0.0
0.0,0.0
0.0,0.0
0.0,0.0
0.0,0.0
0.0,0.0
0.0,0.0
0.0,0.0
0.0,0.0
0.0,0.0
0.0,0.0
-6.6201934814453125,33.333595275878906
12.926322937011719,24.366987228393555
0.0,0.0
0.0,0.0
0.0,0.0
0.0,0.0
0.0,0.0
0.0,0.0
-4.91624641418457,57.35871124267578
-13.78570556640625,37.73832702636719
0.0,0.0
0.0,0.0
0.0,0.0
0.0,0.0
0.0,0.0
0.0,0.0
0.0,0.0
0.0,0.0
0.0,0.0
0.0,0.0
0.0,0.0
0.0,0.0
0.0,0.0
0.0,0.0
0.0,0.0
0.0,0.0
0.0,0.0
0.0,0.0
0.0,0.0
0.0,0.0
0.0,0.0
0.0,0.0
23.01020050048828,34.7061882019043
4.38604211807251,22.263111114501953
0.0,0.0
0.0,0.0
211.4932861328125,401.4902038574219
0.0,0.0
0.0,0.0
0.0,0.0
-2.77957820892334,150.77146911621094
-17.63461685180664,22.222232818603516
0.0,0.0
0.0,0.0
311.08197021484375,5.7209672927856445
0.0,0.0
0.0,0.0
0.0,0.0
0.0,0.0
0.0,0.0
0.0,0.0
0.0,0.0
0.0,0.0
0.0,0.0
0.0,0.0
0.0,0.0
0.0,0.0
0.0,0.0
0.0,0.0
0.0,0.0
0.0,0.0
0.0,0.0
0.0,0.0
0.0,0.0
0.0,0.0
0.0,0.0
0.0,0.0
0.0,0.0
0.0,0.0
0.0,0.0
0.0,0.0
0.0,0.0
0.0,0.0
0.0,0.0
0.0,0.0
0.0,0.0
0.0,0.0
0.0,0.0
0.0,0.0
0.0,0.0
0.0,0.0
0.0,0.0
0.0,0.0
0.0,0.0
0.0,0.0
0.0,0.0
0.0,0.0
0.0,0.0
0.0,0.0
0.0,0.0
0.0,0.0
0.0,0.0
0.0,0.0
0.0,0.0
0.0,0.0
0.0,0.0
0.0,0.0
0.0,0.0
0.0,0.0
0.0,0.0
0.0,0.0
0.0,0.0
0.0,0.0
0.0,0.0
0.0,0.0
0.0,0.0
0.0,0.0
0.0,0.0
0.0,0.0
0.0,0.0
0.0,0.0
0.0,0.0
0.0,0.0
0.0,0.0
0.0,0.0
0.0,0.0
0.0,0.0
0.0,0.0
0.0,0.0
0.0,0.0
0.0,0.0
0.0,0.0
0.0,0.0
0.0,0.0
0.0,0.0
0.0,0.0
0.0,0.0
0.0,0.0
-6.666658401489258,33.333396911621094
-13.833650588989258,22.211528778076172
0.0,0.0
0.0,0.0
0.0,0.0
0.0,0.0
0.0,0.0
0.0,0.0
-6.6666483879089355,33.33348846435547
-17.32499885559082,22.222232818603516
0.0,0.0
0.0,0.0
0.0,0.0
0.0,0.0
0.0,0.0
0.0,0.0
0.0,0.0
0.0,0.0
0.0,0.0
0.0,0.0
0.0,0.0
0.0,0.0
0.0,0.0
0.0,0.0
0.0,0.0
0.0,0.0
0.0,0.0
0.0,0.0
0.0,0.0
0.0,0.0
0.0,0.0
0.0,0.0
-6.491184234619141,33.33331298828125
-7.817212104797363,18.5190486907959
0.0,0.0
0.0,0.0
0.0,0.0
0.0,0.0
0.0,0.0
0.0,0.0
-6.666659832000732,33.33338165283203
-16.96994972229004,22.22220802307129
0.0,0.0
0.0,0.0
0.0,0.0
0.0,0.0
0.0,0.0
0.0,0.0
0.0,0.0
0.0,0.0
0.0,0.0
0.0,0.0
0.0,0.0
0.0,0.0
0.0,0.0
0.0,0.0
0.0,0.0
0.0,0.0
0.0,0.0
0.0,0.0
0.0,0.0
0.0,0.0
0.0,0.0
0.0,0.0
0.0,0.0
0.0,0.0
0.0,0.0
0.0,0.0
0.0,0.0
0.0,0.0
0.0,0.0
0.0,0.0
0.0,0.0
0.0,0.0
0.0,0.0
0.0,0.0
0.0,0.0
0.0,0.0
0.0,0.0
0.0,0.0
0.0,0.0
0.0,0.0
0.0,0.0
0.0,0.0
0.0,0.0
0.0,0.0
0.0,0.0
0.0,0.0
0.0,0.0
0.0,0.0
0.0,0.0
0.0,0.0
0.0,0.0
0.0,0.0
0.0,0.0
0.0,0.0
0.0,0.0
0.0,0.0
0.0,0.0
0.0,0.0
0.0,0.0
0.0,0.0
0.0,0.0
0.0,0.0
0.0,0.0
0.0,0.0
0.0,0.0
0.0,0.0
0.0,0.0
0.0,0.0
-5.429346561431885,32.898040771484375
-2.0,0.0
-4.82241678237915,30.462848663330078
-2.0,0.0
0.0,0.0
0.0,0.0
0.0,0.0
0.0,0.0
-6.485989570617676,33.33217239379883
-5.331037998199463,6.983342170715332
0.0,14.40435791015625
0.0,0.0
0.0,0.0
0.0,0.0
0.0,0.0
0.0,0.0
-5.449306011199951,32.898040771484375
-2.0,0.0
-6.666624069213867,33.33331298828125
-9.499526023864746,3.2280397415161133
0.0,0.0
0.0,0.0
0.0,0.0
0.0,0.0
-6.430144786834717,33.33206558227539
-5.381999969482422,6.983342170715332
-6.667407035827637,33.33331298828125
-8.731644630432129,21.135517120361328
0.0,0.0
0.0,0.0
0.0,0.0
0.0,0.0
-6.0048041343688965,32.92416000366211
-3.7799999713897705,6.983342170715332
-3.8074936866760254,31.170217514038086
-2.0,0.0
-1.0,3.0
0.0,0.0
0.0,0.0
0.0,0.0
-0.07295100390911102,42.411190032958984
-3.799999952316284,6.983342170715332
-1.8427000045776367,16.10796546936035
0.0,0.0
-2.510974645614624,10.47501277923584
0.0,0.0
0.0,0.0
0.0,0.0
-6.117061614990234,33.07774353027344
-5.420000076293945,5.476200103759766
-6.552380561828613,33.33344268798828
-9.813575744628906,20.308565139770508
-1.0,3.0
0.0,0.0
-1.0,5.730000019073486
0.0,0.0
-5.983114719390869,33.331947326660156
-2.0,9.6029052734375
-5.0194878578186035,34.79423904418945
-6.444356441497803,20.637523651123047
-1.8700000047683716,12.532261848449707
0.0,0.0
183.07225036621094,217.69346618652344
0.0,0.0
0.0,0.0
0.0,0.0
0.0,0.0
0.0,0.0
0.0,0.0
0.0,0.0
0.0,0.0
0.0,0.0
0.0,0.0
0.0,0.0
0.0,0.0
0.0,0.0
0.0,0.0
0.0,0.0
0.0,0.0
0.0,0.0
0.0,0.0
0.0,0.0
0.0,0.0
0.0,0.0
0.0,0.0
0.0,0.0
0.0,0.0
0.0,0.0
0.0,0.0
0.0,0.0
0.0,0.0
0.0,0.0
0.0,0.0
0.0,0.0
0.0,0.0
0.0,0.0
0.0,0.0
0.0,0.0
0.0,0.0
0.0,0.0
0.0,0.0
0.0,0.0
0.0,0.0
0.0,0.0
0.0,0.0
0.0,0.0
0.0,0.0
0.0,0.0
0.0,0.0
0.0,0.0
0.0,0.0
0.0,0.0
0.0,0.0
0.0,0.0
0.0,0.0
0.0,0.0
0.0,0.0
0.0,0.0
0.0,0.0
0.0,0.0
0.0,0.0
0.0,0.0
0.0,0.0
0.0,0.0
0.0,0.0
0.0,0.0
0.0,0.0
0.0,0.0
0.0,0.0
0.0,0.0
0.0,5.730000019073486
0.0,0.0
0.0,0.0
0.0,0.0
0.0,0.0
0.0,0.0
-2.391752004623413,29.524158477783203
0.0,0.0
0.0,10.47501277923584
0.0,0.0
0.0,0.0
0.0,0.0
0.0,0.0
0.0,0.0
0.0,0.0
0.0,0.0
-6.684395790100098,33.33329772949219
0.0,0.0
0.0,0.0
0.0,0.0
0.0,0.0
0.0,0.0
-3.539724826812744,30.462848663330078
0.0,0.0
-6.666666507720947,33.33331298828125
0.0,0.0
0.0,0.0
0.0,0.0
0.0,0.0
0.0,0.0
0.0,0.0
0.0,0.0
0.0,0.0
0.0,0.0
0.0,0.0
0.0,0.0
0.0,0.0
0.0,0.0
0.0,0.0
0.0,0.0
0.0,0.0
0.0,0.0
0.0,0.0
0.0,0.0
0.0,0.0
0.0,0.0
0.0,0.0
0.0,0.0
-1.0,5.730000019073486
0.0,0.0
0.0,0.0
0.0,0.0
0.0,0.0
0.0,0.0
0.0,0.0
0.0,0.0
-3.705303907394409,28.733436584472656
0.0,0.0
0.0,0.0
0.0,0.0
0.0,0.0
0.0,0.0
0.0,0.0
0.0,0.0
0.0,0.0
0.0,0.0
0.0,0.0
0.0,0.0
0.0,0.0
0.0,0.0
0.0,0.0
0.0,0.0
0.0,0.0
0.0,0.0
0.0,0.0
0.0,0.0
0.0,0.0
0.0,0.0
0.0,0.0
0.0,0.0
0.0,0.0
0.0,0.0
0.0,0.0
0.0,0.0
0.0,0.0
0.0,0.0
0.0,0.0
0.0,0.0
0.0,0.0
0.0,0.0
0.0,0.0
0.0,0.0
0.0,0.0
0.0,0.0
0.0,0.0
0.0,0.0
0.0,0.0
0.0,0.0
0.0,0.0
0.0,0.0
0.0,0.0
0.0,0.0
0.0,0.0
0.0,0.0
0.0,0.0
0.0,0.0
0.0,0.0
0.0,0.0
0.0,0.0
0.0,0.0
0.0,0.0
0.0,0.0
0.0,0.0
0.0,0.0
0.0,0.0
0.0,0.0
0.0,0.0
0.0,0.0
0.0,0.0
0.0,0.0
0.0,0.0
0.0,0.0
0.0,0.0
0.0,0.0
0.0,0.0
0.0,0.0
