-11.29638385772705,20.574148178100586
0.0,0.0
0.0,0.0
0.0,0.0
0.0,0.0
0.0,0.0
0.0,0.0
0.0,0.0
0.0,0.0
0.0,0.0
0.0,0.0
0.0,0.0
0.0,0.0
0.0,0.0
0.0,0.0
0.0,0.0
0.0,0.0
0.0,0.0
-7.769283294677734,22.413639068603516
-8.50423526763916,29.524158477783203
0.0,0.0
0.0,0.0
0.0,0.0
0.0,0.0
0.0,0.0
0.0,0.0
-4.573949337005615,22.830947875976562
-3.7427000999450684,21.52104377746582
0.0,0.0
0.0,0.0
0.0,0.0
0.0,0.0
0.0,0.0
0.0,0.0
0.0,0.0
0.0,0.0
0.0,0.0
0.0,0.0
0.0,0.0
0.0,0.0
0.0,0.0
0.0,0.0
0.0,0.0
0.0,0.0
0.0,0.0
0.0,0.0
0.0,0.0
0.0,0.0
0.0,0.0
0.0,0.0
-7.778618335723877,22.19974136352539
-12.723520278930664,32.937217712402344
0.0,0.0
0.0,0.0
-7.393551349639893,22.21798324584961
0.0,0.0
0.0,0.0
0.0,0.0
-7.781005382537842,22.219322204589844
-7.589991569519043,28.278501510620117
0.0,0.0
0.0,0.0
-7.025592803955078,22.208032608032227
0.0,0.0
0.0,0.0
0.0,0.0
0.0,0.0
0.0,0.0
0.0,0.0
0.0,0.0
0.0,0.0
0.0,0.0
0.0,0.0
0.0,0.0
0.0,0.0
0.0,0.0
0.0,0.0
0.0,0.0
0.0,0.0
0.0,0.0
0.0,0.0
0.0,0.0
-7.383818626403809,22.174909591674805
-4.973979949951172,25.962085723876953
0.0,0.0
0.0,0.0
-6.174605846405029,22.197233200073242
-2.0,5.730000019073486
0.0,0.0
0.0,0.0
-7.772268295288086,22.222211837768555
-13.159014701843262,33.317291259765625
0.0,0.0
0.0,0.0
-5.128393173217773,22.197233200073242
-1.9693478345870972,616.63623046875
0.0,0.0
0.0,0.0
0.0,0.0
0.0,0.0
0.0,0.0
0.0,0.0
0.0,0.0
0.0,0.0
0.0,0.0
0.0,0.0
0.0,0.0
0.0,0.0
0.0,0.0
0.0,0.0
0.0,0.0
0.0,0.0
0.0,0.0
0.0,0.0
-7.763673305511475,22.222087860107422
-12.129120826721191,32.80767822265625
0.0,0.0
0.0,0.0
-1.8799999952316284,2.0
-5.0798163414001465,26.625497817993164
0.0,0.0
0.0,0.0
-7.791016578674316,22.222211837768555
7.119139194488525,189.57875061035156
0.0,0.0
0.0,0.0
-6.747486591339111,22.186534881591797
-7.192319393157959,528.9834594726562
0.0,0.0
0.0,0.0
0.0,0.0
0.0,0.0
0.0,0.0
0.0,0.0
0.0,0.0
0.0,0.0
0.0,0.0
0.0,0.0
0.0,0.0
0.0,0.0
0.0,0.0
0.0,0.0
0.0,0.0
0.0,0.0
0.0,0.0
0.0,0.0
-7.538368225097656,22.33379554748535
-16.424102783203125,151.27391052246094
0.0,0.0
0.0,0.0
0.0,0.0
0.0,0.0
0.0,0.0
0.0,0.0
-7.88035774230957,22.499561309814453
-16.316892623901367,33.33331298828125
0.0,0.0
0.0,0.0
-4.837435722351074,21.87178611755371
0.0,0.0
0.0,0.0
0.0,0.0
0.0,0.0
0.0,0.0
0.0,0.0
0.0,0.0
0.0,0.0
0.0,0.0
0.0,0.0
0.0,0.0
0.0,0.0
0.0,0.0
0.0,0.0
0.0,0.0
0.0,0.0
0.0,0.0
0.0,0.0
0.0,0.0
-7.778972625732422,22.22182273864746
0.0,0.0
0.0,0.0
0.0,0.0
0.0,0.0
0.0,0.0
0.0,0.0
0.0,0.0
-7.778824806213379,22.144136428833008
-9.279047966003418,32.49098205566406
0.0,0.0
0.0,0.0
0.0,0.0
0.0,0.0
0.0,0.0
0.0,0.0
0.0,0.0
0.0,0.0
0.0,0.0
0.0,0.0
0.0,0.0
0.0,0.0
0.0,0.0
0.0,0.0
0.0,0.0
0.0,0.0
0.0,0.0
0.0,0.0
0.0,0.0
0.0,0.0
0.0,0.0
0.0,0.0
-7.808314800262451,21.916563034057617
-16.663860321044922,33.33331298828125
0.0,0.0
0.0,0.0
0.0,0.0
0.0,0.0
0.0,0.0
0.0,0.0
-7.794094562530518,22.156923294067383
11.518949508666992,33.66435623168945
0.0,0.0
0.0,0.0
-8.08743953704834,19.87700843811035
0.0,12.532261848449707
0.0,0.0
0.0,0.0
0.0,0.0
0.0,0.0
0.0,0.0
0.0,0.0
0.0,0.0
0.0,0.0
0.0,0.0
0.0,0.0
0.0,0.0
0.0,0.0
0.0,0.0
0.0,0.0
0.0,0.0
0.0,0.0
0.0,0.0
0.0,0.0
-7.777802467346191,22.222211837768555
0.0,0.0
0.0,0.0
0.0,0.0
0.0,0.0
0.0,0.0
0.0,0.0
0.0,0.0
-7.805420398712158,22.163921356201172
10.366162300109863,200.20462036132812
0.0,0.0
0.0,0.0
-7.554893970489502,22.205427169799805
0.0,0.0
0.0,0.0
0.0,0.0
0.0,0.0
0.0,0.0
0.0,0.0
0.0,0.0
0.0,0.0
0.0,0.0
0.0,0.0
0.0,0.0
0.0,0.0
0.0,0.0
0.0,0.0
0.0,0.0
0.0,0.0
0.0,0.0
0.0,0.0
0.0,0.0
0.0,0.0
0.0,0.0
0.0,0.0
0.0,0.0
0.0,0.0
0.0,0.0
0.0,0.0
0.0,0.0
0.0,0.0
0.0,0.0
0.0,0.0
0.0,0.0
0.0,0.0
0.0,0.0
0.0,0.0
0.0,0.0
0.0,0.0
0.0,0.0
0.0,0.0
0.0,0.0
0.0,0.0
0.0,0.0
0.0,0.0
0.0,0.0
0.0,0.0
0.0,0.0
0.0,0.0
0.0,0.0
0.0,0.0
0.0,0.0
0.0,0.0
0.0,0.0
0.0,0.0
0.0,0.0
0.0,0.0
0.0,0.0
0.0,0.0
0.0,0.0
0.0,0.0
0.0,0.0
0.0,0.0
0.0,0.0
0.0,0.0
0.0,0.0
0.0,0.0
0.0,0.0
-10.118305206298828,-6.3748273849487305
0.0,0.0
11.111105918884277,-4.39440393447876
0.0,0.0
-1.0,1.0
0.0,0.0
2.738100051879883,-0.98089998960495
0.0,0.0
-10.158061027526855,-4.052621841430664
0.0,0.0
11.111105918884277,2.5118680000305176
0.0,0.0
0.0,0.0
0.0,0.0
1.909999966621399,-1.0809999704360962
0.0,0.0
0.0,0.0
0.0,0.0
7.173681259155273,-0.9282631874084473
0.0,0.0
0.0,0.0
0.0,0.0
4.177420616149902,-1.0
0.0,0.0
0.0,0.0
0.0,0.0
11.109216690063477,-7.144510746002197
0.0,0.0
0.0,0.0
0.0,0.0
5.886082649230957,-0.9411391615867615
500.0,5.0
-101.38619232177734,45.88825607299805
-109.94042205810547,97.24056243896484
-90.45954895019531,101.60922241210938
-45.60686111450195,-3.9316279888153076
-76.33627319335938,-34.1719970703125
-82.0732421875,-83.46849822998047
0.0,19.100000381469727
-11.0,30.11910057067871
-97.79203796386719,25.17421531677246
-110.05306243896484,-77.55074310302734
-95.16148376464844,80.20565795898438
-37.42197036743164,30.960052490234375
-70.58897399902344,70.28196716308594
-73.82167053222656,-64.86421966552734
-26.18709945678711,45.36335372924805
-11.0,11.0
0.0,0.0
0.0,0.0
-25.458072662353516,55.81692123413086
-10.789899826049805,38.408382415771484
0.0,0.0
0.0,0.0
-10.0,0.0
-11.0,11.0
0.0,0.0
0.0,0.0
-81.2523193359375,58.46636199951172
-37.48497009277344,29.17487335205078
0.0,0.0
0.0,0.0
-33.926387786865234,53.95976257324219
-11.0,21.010000228881836
0.0,0.0
0.0,0.0
0.0,0.0
0.0,0.0
0.0,0.0
0.0,0.0
0.0,0.0
0.0,0.0
0.0,0.0
0.0,0.0
0.0,0.0
0.0,0.0
0.0,0.0
0.0,0.0
0.0,0.0
0.0,0.0
0.0,0.0
0.0,0.0
0.0,0.0
0.0,0.0
0.0,0.0
0.0,0.0
0.0,0.0
0.0,0.0
0.0,0.0
0.0,0.0
0.0,0.0
0.0,0.0
0.0,0.0
0.0,0.0
0.0,0.0
0.0,0.0
0.0,0.0
0.0,0.0
0.0,0.0
0.0,0.0
0.0,0.0
0.0,0.0
0.0,0.0
0.0,0.0
0.0,0.0
0.0,0.0
0.0,0.0
0.0,0.0
0.0,0.0
0.0,0.0
0.0,0.0
0.0,0.0
0.0,0.0
0.0,0.0
0.0,0.0
0.0,0.0
0.0,0.0
0.0,0.0
0.0,0.0
0.0,0.0
0.0,0.0
0.0,0.0
0.0,0.0
0.0,0.0
0.0,0.0
0.0,0.0
0.0,0.0
0.0,0.0
0.0,0.0
0.0,0.0
-3.314361810684204,2.7189407348632812
0.0,0.0
0.0,0.0
0.0,0.0
0.0,0.0
0.0,0.0
11.111105918884277,9.595312118530273
0.0,0.0
11.111105918884277,5.025965690612793
0.0,0.0
0.0,0.0
0.0,0.0
1.9480769634246826,4.807693004608154
0.0,0.0
0.0,0.0
0.0,0.0
-10.210506439208984,-2.0733675956726074
0.0,0.0
0.0,0.0
0.0,0.0
0.0,0.0
0.0,0.0
2.738100051879883,-1.0536190271377563
0.0,0.0
11.111105918884277,-4.450259208679199
0.0,0.0
0.0,0.0
0.0,0.0
11.110300064086914,-2.878156900405884
0.0,0.0
0.0,0.0
0.0,0.0
-3.3189706802368164,6.766402244567871
0.0,0.0
0.0,0.0
0.0,0.0
0.0,0.0
0.0,0.0
11.111105918884277,1.6274539232254028
0.0,0.0
11.111105918884277,5.712419033050537
0.0,0.0
0.0,0.0
0.0,0.0
1.0,2.7463810443878174
0.0,0.0
0.0,0.0
0.0,0.0
-9.082141876220703,4.950803279876709
0.0,0.0
0.0,0.0
0.0,0.0
0.0,0.0
0.0,0.0
2.738100051879883,-0.04797615110874176
0.0,0.0
11.111105918884277,-5.546346664428711
0.0,0.0
0.0,0.0
0.0,0.0
10.802557945251465,0.8545429706573486
0.0,0.0
0.0,0.0
0.0,0.0
0.0,0.0
0.0,0.0
0.0,0.0
0.0,0.0
0.0,0.0
0.0,0.0
0.0,0.0
0.0,0.0
0.0,0.0
0.0,0.0
0.0,0.0
0.0,0.0
0.0,0.0
0.0,0.0
0.0,0.0
0.0,0.0
-4.444439888000488,55.555580139160156
-9.023978233337402,68.38936614990234
0.0,0.0
0.0,0.0
0.0,0.0
0.0,0.0
0.0,0.0
0.0,0.0
-4.438994884490967,55.555580139160156
-6.787484169006348,70.50585174560547
0.0,0.0
0.0,0.0
0.0,0.0
0.0,0.0
0.0,0.0
0.0,0.0
0.0,0.0
0.0,0.0
0.0,0.0
0.0,0.0
0.0,0.0
0.0,0.0
0.0,0.0
0.0,0.0
0.0,0.0
0.0,0.0
0.0,0.0
0.0,0.0
0.0,0.0
0.0,0.0
0.0,0.0
0.0,0.0
-2.7650022506713867,178.56959533691406
-0.23972931504249573,68.3917236328125
0.0,0.0
0.0,0.0
714.6594848632812,307.94189453125
0.0,0.0
0.0,0.0
0.0,0.0
45.6271858215332,69.13883972167969
-6.0051679611206055,560.7000122070312
0.0,0.0
0.0,0.0
1289.925537109375,0.0
0.0,0.0
0.0,0.0
0.0,0.0
0.0,0.0
0.0,0.0
0.0,0.0
0.0,0.0
0.0,0.0
0.0,0.0
0.0,0.0
0.0,0.0
0.0,0.0
0.0,0.0
0.0,0.0
0.0,0.0
0.0,0.0
0.0,0.0
0.0,0.0
0.0,0.0
0.0,0.0
0.0,0.0
0.0,0.0
0.0,0.0
0.0,0.0
0.0,0.0
0.0,0.0
0.0,0.0
0.0,0.0
0.0,0.0
0.0,0.0
0.0,0.0
0.0,0.0
0.0,0.0
0.0,0.0
0.0,0.0
0.0,0.0
0.0,0.0
0.0,0.0
0.0,0.0
0.0,0.0
0.0,0.0
0.0,0.0
0.0,0.0
0.0,0.0
0.0,0.0
0.0,0.0
0.0,0.0
0.0,0.0
0.0,0.0
0.0,0.0
0.0,0.0
0.0,0.0
0.0,0.0
0.0,0.0
0.0,0.0
0.0,0.0
0.0,0.0
0.0,0.0
0.0,0.0
0.0,0.0
0.0,0.0
0.0,0.0
0.0,0.0
0.0,0.0
0.0,0.0
0.0,0.0
0.0,0.0
0.0,0.0
0.0,0.0
0.0,0.0
0.0,0.0
0.0,0.0
0.0,0.0
0.0,0.0
0.0,0.0
0.0,0.0
0.0,0.0
0.0,0.0
0.0,0.0
0.0,0.0
0.0,0.0
0.0,0.0
0.0,0.0
-4.44444465637207,55.55553436279297
-10.409276008605957,66.63458251953125
0.0,0.0
0.0,0.0
0.0,0.0
0.0,0.0
0.0,0.0
0.0,0.0
-4.44444465637207,55.55553436279297
-8.742865562438965,68.23432159423828
0.0,0.0
0.0,0.0
0.0,0.0
0.0,0.0
0.0,0.0
0.0,0.0
0.0,0.0
0.0,0.0
0.0,0.0
0.0,0.0
0.0,0.0
0.0,0.0
0.0,0.0
0.0,0.0
0.0,0.0
0.0,0.0
0.0,0.0
0.0,0.0
0.0,0.0
0.0,0.0
0.0,0.0
0.0,0.0
-4.444451332092285,55.55553436279297
-11.789311408996582,66.66642761230469
0.0,0.0
0.0,0.0
0.0,0.0
0.0,0.0
0.0,0.0
0.0,0.0
-4.44444465637207,55.55553436279297
-12.754393577575684,66.66657257080078
0.0,0.0
0.0,0.0
0.0,0.0
0.0,0.0
0.0,0.0
0.0,0.0
0.0,0.0
0.0,0.0
0.0,0.0
0.0,0.0
0.0,0.0
0.0,0.0
0.0,0.0
0.0,0.0
0.0,0.0
0.0,0.0
0.0,0.0
0.0,0.0
0.0,0.0
0.0,0.0
0.0,0.0
0.0,0.0
0.0,0.0
0.0,0.0
0.0,0.0
0.0,0.0
0.0,0.0
0.0,0.0
0.0,0.0
0.0,0.0
0.0,0.0
0.0,0.0
0.0,0.0
0.0,0.0
0.0,0.0
0.0,0.0
0.0,0.0
0.0,0.0
0.0,0.0
0.0,0.0
0.0,0.0
0.0,0.0
0.0,0.0
0.0,0.0
0.0,0.0
0.0,0.0
0.0,0.0
0.0,0.0
0.0,0.0
0.0,0.0
0.0,0.0
0.0,0.0
0.0,0.0
0.0,0.0
0.0,0.0
0.0,0.0
0.0,0.0
0.0,0.0
0.0,0.0
0.0,0.0
0.0,0.0
0.0,0.0
0.0,0.0
0.0,0.0
0.0,0.0
0.0,0.0
0.0,0.0
0.0,0.0
-3.9295883178710938,5.3536810874938965
0.0,0.0
6.784265041351318,0.0
0.0,0.0
0.0,0.0
0.0,0.0
0.0,0.0
0.0,0.0
-1.0,7.173681259155273
0.0,0.0
1.0,0.0
0.0,0.0
0.0,0.0
0.0,0.0
0.0,0.0
0.0,0.0
-3.378876209259033,4.536335468292236
0.0,0.0
11.110895156860352,-8.02553939819336
0.0,0.0
0.0,0.0
0.0,0.0
0.0,0.0
0.0,0.0
-2.6316637992858887,6.784265041351318
0.0,0.0
11.109542846679688,-7.464847564697266
0.0,0.0
0.0,0.0
0.0,0.0
0.0,0.0
0.0,0.0
-77.57304382324219,111.11006164550781
-29.69999885559082,30.11910057067871
-76.02233123779297,111.1050033569336
-11.0,11.0
-10.0,19.100000381469727
0.0,0.0
0.0,0.0
0.0,0.0
-88.79949188232422,111.11106872558594
-28.816856384277344,74.62692260742188
-59.78016662597656,108.30326843261719
0.0,0.0
-19.0,34.916709899902344
0.0,0.0
0.0,0.0
0.0,0.0
-80.48812103271484,111.11026763916016
-20.689899444580078,38.408382415771484
-87.92090606689453,111.1509780883789
-70.37579345703125,120.9005126953125
-9.899999618530273,19.100000381469727
0.0,0.0
301.786376953125,0.0
0.0,0.0
32.66826248168945,111.11106872558594
-20.899999618530273,86.35578918457031
-88.69144439697266,111.11116027832031
-76.10822296142578,121.65662384033203
-18.650833129882812,34.916709899902344
0.0,0.0
-18.411392211914062,484.27423095703125
0.0,0.0
0.0,0.0
0.0,0.0
0.0,0.0
0.0,0.0
0.0,0.0
0.0,0.0
0.0,0.0
0.0,0.0
0.0,0.0
0.0,0.0
0.0,0.0
0.0,0.0
0.0,0.0
0.0,0.0
0.0,0.0
0.0,0.0
0.0,0.0
0.0,0.0
0.0,0.0
0.0,0.0
0.0,0.0
0.0,0.0
0.0,0.0
0.0,0.0
0.0,0.0
0.0,0.0
0.0,0.0
0.0,0.0
0.0,0.0
0.0,0.0
0.0,0.0
0.0,0.0
0.0,0.0
0.0,0.0
0.0,0.0
0.0,0.0
0.0,0.0
0.0,0.0
0.0,0.0
0.0,0.0
0.0,0.0
0.0,0.0
0.0,0.0
0.0,0.0
0.0,0.0
0.0,0.0
0.0,0.0
0.0,0.0
0.0,0.0
0.0,0.0
0.0,0.0
0.0,0.0
0.0,0.0
0.0,0.0
0.0,0.0
0.0,0.0
0.0,0.0
0.0,0.0
0.0,0.0
0.0,0.0
0.0,0.0
0.0,0.0
0.0,0.0
0.0,0.0
0.0,0.0
0.0,0.0
0.0,0.0
0.0,0.0
0.0,0.0
0.0,0.0
0.0,0.0
0.0,0.0
6.784265041351318,-2.5511131286621094
0.0,0.0
1.0,-0.9900000095367432
0.0,0.0
0.0,0.0
0.0,0.0
0.0,0.0
0.0,0.0
0.0,0.0
0.0,0.0
-8.888885498046875,11.111105918884277
0.0,0.0
0.0,0.0
0.0,0.0
0.0,0.0
0.0,0.0
8.143978118896484,-1.8206290006637573
0.0,0.0
11.111105918884277,-8.888885498046875
0.0,0.0
0.0,0.0
0.0,0.0
0.0,0.0
0.0,0.0
0.0,0.0
0.0,0.0
0.0,0.0
0.0,0.0
0.0,0.0
0.0,0.0
0.0,0.0
0.0,0.0
4.177420616149902,-0.9650833010673523
0.0,0.0
1.0,0.0
0.0,0.0
0.0,0.0
0.0,0.0
0.0,0.0
0.0,0.0
0.0,0.0
0.0,0.0
-4.383426666259766,10.935893058776855
0.0,0.0
0.0,0.0
0.0,0.0
0.0,0.0
0.0,0.0
5.369321823120117,-0.9463067650794983
0.0,0.0
11.111105918884277,-8.888885498046875
0.0,0.0
0.0,0.0
0.0,0.0
0.0,0.0
0.0,0.0
0.0,0.0
0.0,0.0
0.0,0.0
0.0,0.0
0.0,0.0
0.0,0.0
0.0,0.0
0.0,0.0
0.0,0.0
0.0,0.0
0.0,0.0
0.0,0.0
0.0,0.0
0.0,0.0
0.0,0.0
0.0,0.0
0.0,0.0
0.0,0.0
0.0,0.0
0.0,0.0
0.0,0.0
0.0,0.0
0.0,0.0
0.0,0.0
0.0,0.0
0.0,0.0
0.0,0.0
0.0,0.0
0.0,0.0
0.0,0.0
0.0,0.0
0.0,0.0
0.0,0.0
0.0,0.0
0.0,0.0
0.0,0.0
0.0,0.0
0.0,0.0
0.0,0.0
0.0,0.0
0.0,0.0
0.0,0.0
0.0,0.0
0.0,0.0
0.0,0.0
0.0,0.0
0.0,0.0
0.0,0.0
0.0,0.0
0.0,0.0
0.0,0.0
0.0,0.0
0.0,0.0
0.0,0.0
0.0,0.0
0.0,0.0
0.0,0.0
0.0,0.0
0.0,0.0
0.0,0.0
0.0,0.0
0.0,0.0
0.0,0.0
0.0,0.0
