-11.496626853942871,9.712207794189453
0.0,0.0
0.0,0.0
0.0,0.0
0.0,0.0
0.0,0.0
0.0,0.0
0.0,0.0
0.0,0.0
0.0,0.0
0.0,0.0
0.0,0.0
0.0,0.0
0.0,0.0
0.0,0.0
0.0,0.0
0.0,0.0
0.0,0.0
-5.7988057136535645,15.817423820495605
-19.991777420043945,0.0
0.0,0.0
0.0,0.0
0.0,0.0
0.0,0.0
0.0,0.0
0.0,0.0
-6.557555198669434,15.311542510986328
-19.057973861694336,0.0
0.0,0.0
0.0,0.0
0.0,0.0
0.0,0.0
0.0,0.0
0.0,0.0
0.0,0.0
0.0,0.0
0.0,0.0
0.0,0.0
0.0,0.0
0.0,0.0
0.0,0.0
0.0,0.0
0.0,0.0
0.0,0.0
0.0,0.0
0.0,0.0
0.0,0.0
0.0,0.0
0.0,0.0
0.0,0.0
-9.003101348876953,11.064225196838379
-5.420000076293945,0.0
0.0,0.0
0.0,0.0
-8.888798713684082,11.11108112335205
0.0,0.0
0.0,0.0
0.0,0.0
-8.890254020690918,11.110840797424316
0.0,0.0
0.0,0.0
0.0,0.0
-8.406338691711426,11.11091136932373
0.0,0.0
0.0,0.0
0.0,0.0
0.0,0.0
0.0,0.0
0.0,0.0
0.0,0.0
0.0,0.0
0.0,0.0
0.0,0.0
0.0,0.0
0.0,0.0
0.0,0.0
0.0,0.0
0.0,0.0
0.0,0.0
0.0,0.0
0.0,0.0
0.0,0.0
-8.90273380279541,11.110664367675781
-18.89371109008789,-1.3718091249465942
0.0,0.0
0.0,0.0
-8.247457504272461,11.110795974731445
-5.420000076293945,0.0
0.0,0.0
0.0,0.0
-8.910161972045898,11.111104965209961
-8.589217185974121,143.7421417236328
0.0,0.0
0.0,0.0
-8.629179954528809,9.111105918884277
-14.315922737121582,0.47467243671417236
0.0,0.0
0.0,0.0
0.0,0.0
0.0,0.0
0.0,0.0
0.0,0.0
0.0,0.0
0.0,0.0
0.0,0.0
0.0,0.0
0.0,0.0
0.0,0.0
0.0,0.0
0.0,0.0
0.0,0.0
0.0,0.0
0.0,0.0
0.0,0.0
-8.658652305603027,11.10863971710205
-9.371179580688477,0.0
0.0,0.0
0.0,0.0
-3.359628915786743,5.802182197570801
-9.371179580688477,0.0
0.0,0.0
0.0,0.0
-8.90359115600586,11.110990524291992
-13.319218635559082,0.8374466300010681
0.0,0.0
0.0,0.0
-8.840861320495605,11.111105918884277
-14.137835502624512,-0.04450906068086624
0.0,0.0
0.0,0.0
0.0,0.0
0.0,0.0
0.0,0.0
0.0,0.0
0.0,0.0
0.0,0.0
0.0,0.0
0.0,0.0
0.0,0.0
0.0,0.0
0.0,0.0
0.0,0.0
0.0,0.0
0.0,0.0
0.0,0.0
0.0,0.0
-6.6784563064575195,13.843428611755371
-16.62091636657715,10.251768112182617
0.0,0.0
0.0,0.0
0.0,0.0
0.0,0.0
0.0,0.0
0.0,0.0
-4.454042434692383,14.428338050842285
27.40766143798828,2.074455976486206
0.0,0.0
0.0,0.0
-4.852662086486816,10.979071617126465
0.0,0.0
0.0,0.0
0.0,0.0
0.0,0.0
0.0,0.0
0.0,0.0
0.0,0.0
0.0,0.0
0.0,0.0
0.0,0.0
0.0,0.0
0.0,0.0
0.0,0.0
0.0,0.0
0.0,0.0
0.0,0.0
0.0,0.0
0.0,0.0
0.0,0.0
0.0,0.0
0.0,0.0
0.0,0.0
0.0,0.0
0.0,0.0
0.0,0.0
0.0,0.0
0.0,0.0
0.0,0.0
0.0,0.0
0.0,0.0
0.0,0.0
0.0,0.0
0.0,0.0
0.0,0.0
0.0,0.0
0.0,0.0
0.0,0.0
0.0,0.0
0.0,0.0
0.0,0.0
0.0,0.0
0.0,0.0
0.0,0.0
0.0,0.0
0.0,0.0
0.0,0.0
0.0,0.0
0.0,0.0
0.0,0.0
0.0,0.0
0.0,0.0
-8.912102699279785,10.87841796875
-17.595539093017578,2.428712844848633
0.0,0.0
0.0,0.0
0.0,0.0
0.0,0.0
0.0,0.0
0.0,0.0
-8.935118675231934,10.649148941040039
-11.305597305297852,51.887516021728516
0.0,0.0
0.0,0.0
-9.40522289276123,6.041909694671631
-3.799999952316284,365.6199951171875
0.0,0.0
0.0,0.0
0.0,0.0
0.0,0.0
0.0,0.0
0.0,0.0
0.0,0.0
0.0,0.0
0.0,0.0
0.0,0.0
0.0,0.0
0.0,0.0
0.0,0.0
0.0,0.0
0.0,0.0
0.0,0.0
0.0,0.0
0.0,0.0
-8.913071632385254,10.287375450134277
-2.0,200.0
0.0,0.0
0.0,0.0
0.0,0.0
0.0,0.0
0.0,0.0
0.0,0.0
-8.976461410522461,9.831082344055176
-9.707368850708008,241.29721069335938
0.0,0.0
0.0,0.0
-9.112788200378418,10.447420120239258
-2.0,200.0
0.0,0.0
0.0,0.0
0.0,0.0
0.0,0.0
0.0,0.0
0.0,0.0
0.0,0.0
0.0,0.0
0.0,0.0
0.0,0.0
0.0,0.0
0.0,0.0
0.0,0.0
0.0,0.0
0.0,0.0
0.0,0.0
0.0,0.0
0.0,0.0
0.0,0.0
0.0,0.0
0.0,0.0
0.0,0.0
0.0,0.0
0.0,0.0
0.0,0.0
0.0,0.0
0.0,0.0
0.0,0.0
0.0,0.0
0.0,0.0
0.0,0.0
0.0,0.0
0.0,0.0
0.0,0.0
0.0,0.0
0.0,0.0
0.0,0.0
0.0,0.0
0.0,0.0
0.0,0.0
0.0,0.0
0.0,0.0
0.0,0.0
0.0,0.0
0.0,0.0
0.0,0.0
0.0,0.0
0.0,0.0
0.0,0.0
0.0,0.0
0.0,0.0
0.0,0.0
0.0,0.0
0.0,0.0
0.0,0.0
0.0,0.0
0.0,0.0
0.0,0.0
0.0,0.0
0.0,0.0
0.0,0.0
0.0,0.0
0.0,0.0
0.0,0.0
-9.738351821899414,3.4672884941101074
-16.451066970825195,-11.538410186767578
33.33331298828125,-22.382123947143555
16.822040557861328,-3.9618000984191895
0.0,0.0
0.0,0.0
12.532261848449707,-2.8746774196624756
2.0,0.0
-9.661195755004883,3.368133306503296
-21.37179946899414,-3.440836191177368
33.33331298828125,-12.530488014221191
20.7801456451416,-4.565644264221191
0.0,0.0
0.0,0.0
22.584150314331055,0.0
3.819999933242798,0.0
0.0,0.0
0.0,0.0
33.03483200073242,-13.068663597106934
13.568530082702637,0.32135239243507385
0.0,0.0
0.0,0.0
19.069005966186523,-2.809309959411621
2.0,0.0
0.0,0.0
0.0,0.0
33.33331298828125,-23.867172241210938
186.7140655517578,-6.565239429473877
0.0,0.0
0.0,0.0
30.462848663330078,0.0
9.6029052734375,-5.907238006591797
-4.263723850250244,72.07734680175781
-16.29249382019043,50.56422424316406
33.33331298828125,-15.9603853225708
8.354841232299805,0.7492486834526062
-4.875442981719971,75.654541015625
-5.863382339477539,128.7176971435547
8.214300155639648,-3.0
5.476200103759766,0.0
-3.0120162963867188,68.33877563476562
-16.721548080444336,24.074243545532227
33.33331298828125,-24.19524574279785
19.155624389648438,-6.035910129547119
-2.0296993255615234,105.90119934082031
-15.38751220703125,25.699264526367188
31.170217514038086,-2.8746774196624756
11.772165298461914,0.0
0.0,0.0
0.0,0.0
26.625497817993164,-5.361368179321289
3.819999933242798,0.0
0.0,0.0
0.0,0.0
14.40435791015625,0.0
2.0,0.0
0.0,0.0
0.0,0.0
33.33331298828125,-22.112720489501953
17.75033187866211,-10.531793594360352
0.0,0.0
0.0,0.0
32.69856262207031,-7.536273956298828
9.6029052734375,-4.735786437988281
0.0,0.0
0.0,0.0
0.0,0.0
0.0,0.0
0.0,0.0
0.0,0.0
0.0,0.0
0.0,0.0
0.0,0.0
0.0,0.0
0.0,0.0
0.0,0.0
0.0,0.0
0.0,0.0
0.0,0.0
0.0,0.0
0.0,0.0
0.0,0.0
0.0,0.0
0.0,0.0
0.0,0.0
0.0,0.0
0.0,0.0
0.0,0.0
0.0,0.0
0.0,0.0
0.0,0.0
0.0,0.0
0.0,0.0
0.0,0.0
0.0,0.0
0.0,0.0
0.0,0.0
0.0,0.0
0.0,0.0
0.0,0.0
0.0,0.0
0.0,0.0
0.0,0.0
0.0,0.0
0.0,0.0
0.0,0.0
0.0,0.0
0.0,0.0
0.0,0.0
0.0,0.0
0.0,0.0
0.0,0.0
0.0,0.0
0.0,0.0
0.0,0.0
0.0,0.0
0.0,0.0
0.0,0.0
0.0,0.0
0.0,0.0
0.0,0.0
0.0,0.0
0.0,0.0
0.0,0.0
0.0,0.0
0.0,0.0
0.0,0.0
0.0,0.0
0.0,0.0
0.0,0.0
-9.12183666229248,10.416468620300293
0.0,0.0
0.0,0.0
0.0,0.0
0.0,0.0
0.0,0.0
33.33331298828125,24.978679656982422
0.0,0.0
33.33331298828125,13.233668327331543
0.0,0.0
0.0,0.0
0.0,0.0
6.065120697021484,29.86698341369629
0.0,0.0
0.0,0.0
0.0,0.0
-10.16712474822998,-1.6717019081115723
0.0,0.0
0.0,0.0
0.0,0.0
0.0,0.0
0.0,0.0
25.233060836791992,-3.0
0.0,0.0
33.33331298828125,-17.800294876098633
0.0,0.0
0.0,0.0
0.0,0.0
33.33331298828125,12.41384506225586
0.0,0.0
0.0,0.0
0.0,0.0
-7.880025386810303,8.186223030090332
0.0,0.0
0.0,0.0
0.0,0.0
0.0,0.0
0.0,0.0
33.33331298828125,13.44053840637207
0.0,0.0
33.33331298828125,4.069362640380859
0.0,0.0
0.0,0.0
0.0,0.0
0.0,14.40435791015625
0.0,0.0
0.0,0.0
0.0,0.0
-9.07326602935791,9.557283401489258
0.0,0.0
0.0,0.0
0.0,0.0
0.0,0.0
0.0,0.0
12.532261848449707,-5.6427001953125
0.0,0.0
33.33331298828125,-26.171979904174805
0.0,0.0
0.0,0.0
0.0,0.0
33.333274841308594,-5.499346733093262
0.0,0.0
0.0,0.0
0.0,0.0
0.0,0.0
0.0,0.0
0.0,0.0
0.0,0.0
0.0,0.0
0.0,0.0
0.0,0.0
0.0,0.0
0.0,0.0
0.0,0.0
0.0,0.0
0.0,0.0
0.0,0.0
0.0,0.0
0.0,0.0
0.0,0.0
28.15584945678711,56.92654800415039
-13.455812454223633,24.81052589416504
0.0,0.0
0.0,0.0
0.0,0.0
0.0,0.0
0.0,0.0
0.0,0.0
5.952210903167725,55.60157775878906
-12.4462308883667,66.32363891601562
0.0,0.0
0.0,0.0
0.0,0.0
0.0,0.0
0.0,0.0
0.0,0.0
0.0,0.0
0.0,0.0
0.0,0.0
0.0,0.0
0.0,0.0
0.0,0.0
0.0,0.0
0.0,0.0
0.0,0.0
0.0,0.0
0.0,0.0
0.0,0.0
0.0,0.0
0.0,0.0
0.0,0.0
0.0,0.0
-0.40285366773605347,75.56080627441406
3.0734031200408936,52.063148498535156
0.0,0.0
0.0,0.0
363.7066955566406,555.4856567382812
0.0,0.0
0.0,0.0
0.0,0.0
21.13317108154297,99.15531921386719
-15.641060829162598,22.410917282104492
0.0,0.0
0.0,0.0
759.8155517578125,211.30068969726562
0.0,0.0
0.0,0.0
0.0,0.0
0.0,0.0
0.0,0.0
0.0,0.0
0.0,0.0
0.0,0.0
0.0,0.0
0.0,0.0
0.0,0.0
0.0,0.0
0.0,0.0
0.0,0.0
0.0,0.0
0.0,0.0
0.0,0.0
0.0,0.0
0.0,0.0
0.0,0.0
0.0,0.0
0.0,0.0
0.0,0.0
0.0,0.0
0.0,0.0
0.0,0.0
0.0,0.0
0.0,0.0
0.0,0.0
0.0,0.0
0.0,0.0
0.0,0.0
0.0,0.0
0.0,0.0
0.0,0.0
0.0,0.0
0.0,0.0
0.0,0.0
0.0,0.0
0.0,0.0
0.0,0.0
0.0,0.0
0.0,0.0
0.0,0.0
0.0,0.0
0.0,0.0
0.0,0.0
0.0,0.0
0.0,0.0
0.0,0.0
0.0,0.0
0.0,0.0
0.0,0.0
0.0,0.0
0.0,0.0
0.0,0.0
0.0,0.0
0.0,0.0
0.0,0.0
0.0,0.0
0.0,0.0
0.0,0.0
0.0,0.0
0.0,0.0
0.0,0.0
0.0,0.0
0.0,0.0
0.0,0.0
0.0,0.0
0.0,0.0
0.0,0.0
0.0,0.0
0.0,0.0
0.0,0.0
0.0,0.0
0.0,0.0
0.0,0.0
0.0,0.0
0.0,0.0
0.0,0.0
0.0,0.0
0.0,0.0
0.0,0.0
-6.568358421325684,33.333396911621094
-17.019929885864258,22.222232818603516
0.0,0.0
0.0,0.0
0.0,0.0
0.0,0.0
0.0,0.0
0.0,0.0
-6.6666483879089355,33.33351516723633
-16.26328468322754,58.480987548828125
0.0,0.0
0.0,0.0
0.0,0.0
0.0,0.0
0.0,0.0
0.0,0.0
0.0,0.0
0.0,0.0
0.0,0.0
0.0,0.0
0.0,0.0
0.0,0.0
0.0,0.0
0.0,0.0
0.0,0.0
0.0,0.0
0.0,0.0
0.0,0.0
0.0,0.0
0.0,0.0
0.0,0.0
0.0,0.0
-6.433542251586914,33.333351135253906
-16.578044891357422,22.222211837768555
0.0,0.0
0.0,0.0
0.0,0.0
0.0,0.0
0.0,0.0
0.0,0.0
-6.666614055633545,33.333831787109375
-17.775985717773438,22.222211837768555
0.0,0.0
0.0,0.0
0.0,0.0
0.0,0.0
0.0,0.0
0.0,0.0
0.0,0.0
0.0,0.0
0.0,0.0
0.0,0.0
0.0,0.0
0.0,0.0
0.0,0.0
0.0,0.0
0.0,0.0
0.0,0.0
0.0,0.0
0.0,0.0
0.0,0.0
0.0,0.0
0.0,0.0
0.0,0.0
0.0,0.0
0.0,0.0
0.0,0.0
0.0,0.0
0.0,0.0
0.0,0.0
0.0,0.0
0.0,0.0
0.0,0.0
0.0,0.0
0.0,0.0
0.0,0.0
0.0,0.0
0.0,0.0
0.0,0.0
0.0,0.0
0.0,0.0
0.0,0.0
0.0,0.0
0.0,0.0
0.0,0.0
0.0,0.0
0.0,0.0
0.0,0.0
0.0,0.0
0.0,0.0
0.0,0.0
0.0,0.0
0.0,0.0
0.0,0.0
0.0,0.0
0.0,0.0
0.0,0.0
0.0,0.0
0.0,0.0
0.0,0.0
0.0,0.0
0.0,0.0
0.0,0.0
0.0,0.0
0.0,0.0
0.0,0.0
0.0,0.0
0.0,0.0
0.0,0.0
0.0,0.0
-6.569085597991943,33.33331298828125
-3.799999952316284,6.983342170715332
-5.823182106018066,33.32943344116211
-2.0,0.0
0.0,0.0
0.0,0.0
0.0,0.0
0.0,0.0
-6.7228217124938965,33.0480842590332
-6.629714012145996,19.155624389648438
-3.1264517307281494,31.542057037353516
0.0,0.0
0.0,0.0
0.0,0.0
0.0,0.0
0.0,0.0
-6.570248603820801,33.33331298828125
-3.7618000507354736,9.6029052734375
-6.666666507720947,33.33331298828125
-13.575883865356445,22.081369400024414
0.0,0.0
0.0,0.0
0.0,0.0
0.0,0.0
-6.662853717803955,33.33331298828125
-7.955385684967041,19.155624389648438
-3.9882431030273438,33.46428680419922
-12.972593307495117,22.222055435180664
0.0,0.0
0.0,0.0
0.0,0.0
0.0,0.0
-6.6364521980285645,33.33331298828125
-5.33216667175293,11.772165298461914
-5.450610160827637,33.33268356323242
-2.0,0.0
-1.8427000045776367,12.532261848449707
0.0,0.0
0.0,0.0
0.0,0.0
-6.580593109130859,33.29397201538086
-5.27652645111084,14.347362518310547
-3.449697494506836,30.462848663330078
0.0,0.0
-2.510974645614624,22.584150314331055
0.0,0.0
0.0,0.0
0.0,0.0
-6.650054454803467,33.33331298828125
-6.823237895965576,10.738643646240234
-6.643233299255371,33.33335876464844
-13.10867691040039,22.1782169342041
-2.6008570194244385,8.214300155639648
0.0,0.0
-2.3242504596710205,31.364898681640625
0.0,0.0
-6.701847076416016,33.275936126708984
-3.6728732585906982,16.822040557861328
-6.580399036407471,33.33330535888672
-12.37389850616455,22.20931053161621
-0.5519202947616577,145.51849365234375
0.0,0.0
72.11046600341797,78.17266082763672
0.0,0.0
0.0,0.0
0.0,0.0
0.0,0.0
0.0,0.0
0.0,0.0
0.0,0.0
0.0,0.0
0.0,0.0
0.0,0.0
0.0,0.0
0.0,0.0
0.0,0.0
0.0,0.0
0.0,0.0
0.0,0.0
0.0,0.0
0.0,0.0
0.0,0.0
0.0,0.0
0.0,0.0
0.0,0.0
0.0,0.0
0.0,0.0
0.0,0.0
0.0,0.0
0.0,0.0
0.0,0.0
0.0,0.0
0.0,0.0
0.0,0.0
0.0,0.0
0.0,0.0
0.0,0.0
0.0,0.0
0.0,0.0
0.0,0.0
0.0,0.0
0.0,0.0
0.0,0.0
0.0,0.0
0.0,0.0
0.0,0.0
0.0,0.0
0.0,0.0
0.0,0.0
0.0,0.0
0.0,0.0
0.0,0.0
0.0,0.0
0.0,0.0
0.0,0.0
0.0,0.0
0.0,0.0
0.0,0.0
0.0,0.0
0.0,0.0
0.0,0.0
0.0,0.0
0.0,0.0
0.0,0.0
0.0,0.0
0.0,0.0
0.0,0.0
0.0,0.0
0.0,0.0
0.0,0.0
0.0,14.40435791015625
0.0,0.0
0.0,0.0
0.0,0.0
0.0,0.0
0.0,0.0
-5.040470600128174,33.317291259765625
0.0,0.0
-0.8559564352035522,14.40435791015625
0.0,0.0
0.0,0.0
0.0,0.0
0.0,0.0
0.0,0.0
0.0,0.0
0.0,0.0
-6.774816989898682,32.8692512512207
0.0,0.0
0.0,0.0
0.0,0.0
0.0,0.0
0.0,0.0
-5.371208190917969,30.58605194091797
0.0,0.0
-6.746715068817139,33.31984329223633
0.0,0.0
0.0,0.0
0.0,0.0
0.0,0.0
0.0,0.0
0.0,0.0
0.0,0.0
0.0,0.0
0.0,0.0
0.0,0.0
0.0,0.0
0.0,0.0
0.0,0.0
-1.0,0.0
0.0,0.0
-1.0,0.0
0.0,0.0
0.0,0.0
0.0,0.0
0.0,0.0
0.0,0.0
0.0,0.0
0.0,0.0
-1.0,12.532261848449707
0.0,0.0
0.0,0.0
0.0,0.0
0.0,0.0
0.0,0.0
0.0,0.0
0.0,0.0
-4.9582929611206055,33.32943344116211
0.0,0.0
0.0,0.0
0.0,0.0
0.0,0.0
0.0,0.0
0.0,0.0
0.0,0.0
0.0,0.0
0.0,0.0
0.0,0.0
0.0,0.0
0.0,0.0
0.0,0.0
0.0,0.0
0.0,0.0
0.0,0.0
0.0,0.0
0.0,0.0
0.0,0.0
0.0,0.0
0.0,0.0
0.0,0.0
0.0,0.0
0.0,0.0
0.0,0.0
0.0,0.0
0.0,0.0
0.0,0.0
0.0,0.0
0.0,0.0
0.0,0.0
0.0,0.0
0.0,0.0
0.0,0.0
0.0,0.0
0.0,0.0
0.0,0.0
0.0,0.0
0.0,0.0
0.0,0.0
0.0,0.0
0.0,0.0
0.0,0.0
0.0,0.0
0.0,0.0
0.0,0.0
0.0,0.0
0.0,0.0
0.0,0.0
0.0,0.0
0.0,0.0
0.0,0.0
0.0,0.0
0.0,0.0
0.0,0.0
0.0,0.0
0.0,0.0
0.0,0.0
0.0,0.0
0.0,0.0
0.0,0.0
0.0,0.0
0.0,0.0
0.0,0.0
0.0,0.0
0.0,0.0
0.0,0.0
0.0,0.0
0.0,0.0
