-12.024518013000488,9.106499671936035
0.0,0.0
0.0,0.0
0.0,0.0
0.0,0.0
0.0,0.0
0.0,0.0
0.0,0.0
0.0,0.0
0.0,0.0
0.0,0.0
0.0,0.0
0.0,0.0
0.0,0.0
0.0,0.0
0.0,0.0
0.0,0.0
0.0,0.0
-2.1272199153900146,15.817423820495605
-19.54656982421875,7.71830582380062e-06
0.0,0.0
0.0,0.0
0.0,0.0
0.0,0.0
0.0,0.0
0.0,0.0
-1.8025325536727905,15.31157112121582
-19.806045532226562,0.0
0.0,0.0
0.0,0.0
0.0,0.0
0.0,0.0
0.0,0.0
0.0,0.0
0.0,0.0
0.0,0.0
0.0,0.0
0.0,0.0
0.0,0.0
0.0,0.0
0.0,0.0
0.0,0.0
0.0,0.0
0.0,0.0
0.0,0.0
0.0,0.0
0.0,0.0
0.0,0.0
0.0,0.0
0.0,0.0
-8.889211654663086,11.11106014251709
-5.420000076293945,0.0
0.0,0.0
0.0,0.0
-8.888864517211914,11.111105918884277
0.0,0.0
0.0,0.0
0.0,0.0
-8.890955924987793,11.111127853393555
-3.799999952316284,200.0
0.0,0.0
0.0,0.0
-8.70513916015625,11.109917640686035
0.0,0.0
0.0,0.0
0.0,0.0
0.0,0.0
0.0,0.0
0.0,0.0
0.0,0.0
0.0,0.0
0.0,0.0
0.0,0.0
0.0,0.0
0.0,0.0
0.0,0.0
0.0,0.0
0.0,0.0
0.0,0.0
0.0,0.0
0.0,0.0
0.0,0.0
-8.896468162536621,10.85653018951416
-19.11476707458496,-0.06779418140649796
0.0,0.0
0.0,0.0
-8.369330406188965,11.111105918884277
-5.420000076293945,0.0
0.0,0.0
0.0,0.0
-8.904414176940918,11.108531951904297
-14.162907600402832,4.704580783843994
0.0,0.0
0.0,0.0
-8.749792098999023,10.90174388885498
-14.315922737121582,147.63392639160156
0.0,0.0
0.0,0.0
0.0,0.0
0.0,0.0
0.0,0.0
0.0,0.0
0.0,0.0
0.0,0.0
0.0,0.0
0.0,0.0
0.0,0.0
0.0,0.0
0.0,0.0
0.0,0.0
0.0,0.0
0.0,0.0
0.0,0.0
0.0,0.0
-8.721070289611816,11.111105918884277
-10.434062004089355,0.0
0.0,0.0
0.0,0.0
-3.359628915786743,7.1104559898376465
-9.371179580688477,0.0
0.0,0.0
0.0,0.0
-8.900469779968262,11.111105918884277
-2.265896797180176,23.758987426757812
0.0,0.0
0.0,0.0
-8.87933349609375,11.111001014709473
-15.726914405822754,-0.0026283920742571354
0.0,0.0
0.0,0.0
0.0,0.0
0.0,0.0
0.0,0.0
0.0,0.0
0.0,0.0
0.0,0.0
0.0,0.0
0.0,0.0
0.0,0.0
0.0,0.0
0.0,0.0
0.0,0.0
0.0,0.0
0.0,0.0
0.0,0.0
0.0,0.0
-6.6783246994018555,13.843428611755371
-18.94640350341797,10.561229705810547
0.0,0.0
0.0,0.0
0.0,0.0
0.0,0.0
0.0,0.0
0.0,0.0
-2.806535482406616,14.428338050842285
-19.523033142089844,2.3501149361177557e-26
0.0,0.0
0.0,0.0
-4.852662086486816,11.084540367126465
-3.799999952316284,0.0
0.0,0.0
0.0,0.0
0.0,0.0
0.0,0.0
0.0,0.0
0.0,0.0
0.0,0.0
0.0,0.0
0.0,0.0
0.0,0.0
0.0,0.0
0.0,0.0
0.0,0.0
0.0,0.0
0.0,0.0
0.0,0.0
0.0,0.0
0.0,0.0
0.0,0.0
0.0,0.0
0.0,0.0
0.0,0.0
0.0,0.0
0.0,0.0
0.0,0.0
0.0,0.0
0.0,0.0
0.0,0.0
0.0,0.0
0.0,0.0
0.0,0.0
0.0,0.0
0.0,0.0
0.0,0.0
0.0,0.0
0.0,0.0
0.0,0.0
0.0,0.0
0.0,0.0
0.0,0.0
0.0,0.0
0.0,0.0
0.0,0.0
0.0,0.0
0.0,0.0
0.0,0.0
0.0,0.0
0.0,0.0
0.0,0.0
0.0,0.0
-8.912102699279785,10.87841796875
-18.042133331298828,0.0028564278036355972
0.0,0.0
0.0,0.0
0.0,0.0
0.0,0.0
0.0,0.0
0.0,0.0
-8.935402870178223,10.645705223083496
-7.089605808258057,84.9998550415039
0.0,0.0
0.0,0.0
-9.274443626403809,9.552186012268066
-3.799999952316284,378.8728332519531
0.0,0.0
0.0,0.0
0.0,0.0
0.0,0.0
0.0,0.0
0.0,0.0
0.0,0.0
0.0,0.0
0.0,0.0
0.0,0.0
0.0,0.0
0.0,0.0
0.0,0.0
0.0,0.0
0.0,0.0
0.0,0.0
0.0,0.0
0.0,0.0
-8.894996643066406,11.103988647460938
-2.4285008907318115,58.69053649902344
0.0,0.0
0.0,0.0
0.0,0.0
0.0,0.0
0.0,0.0
0.0,0.0
-8.95787525177002,10.120644569396973
-3.676670551300049,58.41923904418945
0.0,0.0
0.0,0.0
-9.117670059204102,2.980506658554077
-2.0,335.3299255371094
0.0,0.0
0.0,0.0
0.0,0.0
0.0,0.0
0.0,0.0
0.0,0.0
0.0,0.0
0.0,0.0
0.0,0.0
0.0,0.0
0.0,0.0
0.0,0.0
0.0,0.0
0.0,0.0
0.0,0.0
0.0,0.0
0.0,0.0
0.0,0.0
0.0,0.0
0.0,0.0
0.0,0.0
0.0,0.0
0.0,0.0
0.0,0.0
0.0,0.0
0.0,0.0
0.0,0.0
0.0,0.0
0.0,0.0
0.0,0.0
0.0,0.0
0.0,0.0
0.0,0.0
0.0,0.0
0.0,0.0
0.0,0.0
0.0,0.0
0.0,0.0
0.0,0.0
0.0,0.0
0.0,0.0
0.0,0.0
0.0,0.0
0.0,0.0
0.0,0.0
0.0,0.0
0.0,0.0
0.0,0.0
0.0,0.0
0.0,0.0
0.0,0.0
0.0,0.0
0.0,0.0
0.0,0.0
0.0,0.0
0.0,0.0
0.0,0.0
0.0,0.0
0.0,0.0
0.0,0.0
0.0,0.0
0.0,0.0
0.0,0.0
0.0,0.0
-9.32797908782959,6.394444942474365
-20.121482849121094,-2.046680212020874
33.33331298828125,-25.162307739257812
19.91132164001465,-7.39739990234375
-1.0,0.0
0.0,0.0
20.352794647216797,-2.8746774196624756
2.0,0.0
-9.594566345214844,4.055332183837891
-21.551359176635742,-5.320996284484863
33.33331298828125,-17.185026168823242
22.02322006225586,-4.565644264221191
0.0,0.0
0.0,0.0
27.778573989868164,0.0
5.476200103759766,0.0
0.0,0.0
0.0,0.0
33.32124328613281,-14.429339408874512
17.75033187866211,-3.5673091411590576
0.0,0.0
0.0,0.0
23.551576614379883,-5.292863368988037
2.0,0.0
0.0,0.0
0.0,0.0
33.33331298828125,-26.54098129272461
117.62676239013672,-6.565239429473877
0.0,0.0
0.0,0.0
32.937217712402344,-2.681500196456909
11.772165298461914,-5.907238006591797
-1.5166683197021484,85.8285140991211
-22.168729782104492,-21.446229934692383
33.33331298828125,-26.57858657836914
18.5190486907959,-3.168665647506714
-2.6184964179992676,106.01905822753906
-6.060636043548584,92.18004608154297
10.47501277923584,-3.0
6.983342170715332,0.0
-2.213263511657715,77.91919708251953
-20.274450302124023,51.949562072753906
33.33331298828125,-25.852920532226562
21.87178611755371,-9.219985961914062
-3.767040729522705,110.59696197509766
-16.589887619018555,-16.837247848510742
31.98348045349121,-5.268710136413574
17.75033187866211,-3.8643147945404053
0.0,0.0
0.0,0.0
30.462848663330078,-7.542446136474609
5.476200103759766,0.0
0.0,0.0
0.0,0.0
16.10796546936035,-2.8559563159942627
3.819999933242798,0.0
0.0,0.0
0.0,0.0
33.33331298828125,-19.38050079345703
21.40331268310547,-13.26539134979248
0.0,0.0
0.0,0.0
33.128639221191406,-12.736248016357422
15.701050758361816,-4.735786437988281
0.0,0.0
0.0,0.0
0.0,0.0
0.0,0.0
0.0,0.0
0.0,0.0
0.0,0.0
0.0,0.0
0.0,0.0
0.0,0.0
0.0,0.0
0.0,0.0
0.0,0.0
0.0,0.0
0.0,0.0
0.0,0.0
0.0,0.0
0.0,0.0
0.0,0.0
0.0,0.0
0.0,0.0
0.0,0.0
0.0,0.0
0.0,0.0
0.0,0.0
0.0,0.0
0.0,0.0
0.0,0.0
0.0,0.0
0.0,0.0
0.0,0.0
0.0,0.0
0.0,0.0
0.0,0.0
0.0,0.0
0.0,0.0
0.0,0.0
0.0,0.0
0.0,0.0
0.0,0.0
0.0,0.0
0.0,0.0
0.0,0.0
0.0,0.0
0.0,0.0
0.0,0.0
0.0,0.0
0.0,0.0
0.0,0.0
0.0,0.0
0.0,0.0
0.0,0.0
0.0,0.0
0.0,0.0
0.0,0.0
0.0,0.0
0.0,0.0
0.0,0.0
0.0,0.0
0.0,0.0
0.0,0.0
0.0,0.0
0.0,0.0
0.0,0.0
0.0,0.0
0.0,0.0
-8.937911987304688,11.102688789367676
0.0,0.0
0.0,0.0
0.0,0.0
0.0,0.0
0.0,0.0
33.33331298828125,19.43973159790039
0.0,0.0
33.33331298828125,23.644763946533203
0.0,0.0
0.0,0.0
0.0,0.0
8.779658317565918,32.69856262207031
0.0,0.0
0.0,0.0
0.0,0.0
-10.16712474822998,-1.6717019081115723
0.0,0.0
0.0,0.0
0.0,0.0
0.0,0.0
0.0,0.0
30.72119140625,-3.0
0.0,0.0
33.33331298828125,-16.274595260620117
0.0,0.0
0.0,0.0
0.0,0.0
33.33331298828125,8.489555358886719
0.0,0.0
0.0,0.0
0.0,0.0
-8.66469669342041,11.111105918884277
0.0,0.0
0.0,0.0
0.0,0.0
0.0,0.0
0.0,0.0
33.33331298828125,15.757766723632812
0.0,0.0
33.33331298828125,17.26816749572754
0.0,0.0
0.0,0.0
0.0,0.0
0.0,23.551576614379883
0.0,0.0
0.0,0.0
0.0,0.0
-8.899320602416992,11.10767936706543
0.0,0.0
0.0,0.0
0.0,0.0
0.0,0.0
0.0,0.0
21.52104377746582,-5.6427001953125
0.0,0.0
33.33331298828125,-24.45757293701172
0.0,0.0
0.0,0.0
0.0,0.0
33.33331298828125,-3.793576955795288
0.0,0.0
0.0,0.0
0.0,0.0
0.0,0.0
0.0,0.0
0.0,0.0
0.0,0.0
0.0,0.0
0.0,0.0
0.0,0.0
0.0,0.0
0.0,0.0
0.0,0.0
0.0,0.0
0.0,0.0
0.0,0.0
0.0,0.0
0.0,0.0
0.0,0.0
2.300950050354004,71.68802642822266
-15.189797401428223,25.834304809570312
0.0,0.0
0.0,0.0
0.0,0.0
0.0,0.0
0.0,0.0
0.0,0.0
28.763675689697266,56.28489303588867
-16.301883697509766,105.97724151611328
0.0,0.0
0.0,0.0
0.0,0.0
0.0,0.0
0.0,0.0
0.0,0.0
0.0,0.0
0.0,0.0
0.0,0.0
0.0,0.0
0.0,0.0
0.0,0.0
0.0,0.0
0.0,0.0
0.0,0.0
0.0,0.0
0.0,0.0
0.0,0.0
0.0,0.0
0.0,0.0
0.0,0.0
0.0,0.0
12.617358207702637,99.3370132446289
-15.50910758972168,134.6962127685547
0.0,0.0
0.0,0.0
313.7751159667969,1266.265625
0.0,0.0
0.0,0.0
0.0,0.0
-2.324442148208618,72.97802734375
-15.7805757522583,22.23499298095703
0.0,0.0
0.0,0.0
1187.134765625,708.8787841796875
0.0,0.0
0.0,0.0
0.0,0.0
0.0,0.0
0.0,0.0
0.0,0.0
0.0,0.0
0.0,0.0
0.0,0.0
0.0,0.0
0.0,0.0
0.0,0.0
0.0,0.0
0.0,0.0
0.0,0.0
0.0,0.0
0.0,0.0
0.0,0.0
0.0,0.0
0.0,0.0
0.0,0.0
0.0,0.0
0.0,0.0
0.0,0.0
0.0,0.0
0.0,0.0
0.0,0.0
0.0,0.0
0.0,0.0
0.0,0.0
0.0,0.0
0.0,0.0
0.0,0.0
0.0,0.0
0.0,0.0
0.0,0.0
0.0,0.0
0.0,0.0
0.0,0.0
0.0,0.0
0.0,0.0
0.0,0.0
0.0,0.0
0.0,0.0
0.0,0.0
0.0,0.0
0.0,0.0
0.0,0.0
0.0,0.0
0.0,0.0
0.0,0.0
0.0,0.0
0.0,0.0
0.0,0.0
0.0,0.0
0.0,0.0
0.0,0.0
0.0,0.0
0.0,0.0
0.0,0.0
0.0,0.0
0.0,0.0
0.0,0.0
0.0,0.0
0.0,0.0
0.0,0.0
0.0,0.0
0.0,0.0
0.0,0.0
0.0,0.0
0.0,0.0
0.0,0.0
0.0,0.0
0.0,0.0
0.0,0.0
0.0,0.0
0.0,0.0
0.0,0.0
0.0,0.0
0.0,0.0
0.0,0.0
0.0,0.0
0.0,0.0
-6.619240760803223,33.333396911621094
-16.4389705657959,22.222232818603516
0.0,0.0
0.0,0.0
0.0,0.0
0.0,0.0
0.0,0.0
0.0,0.0
-6.6666483879089355,33.33351516723633
-17.653276443481445,22.22223472595215
0.0,0.0
0.0,0.0
0.0,0.0
0.0,0.0
0.0,0.0
0.0,0.0
0.0,0.0
0.0,0.0
0.0,0.0
0.0,0.0
0.0,0.0
0.0,0.0
0.0,0.0
0.0,0.0
0.0,0.0
0.0,0.0
0.0,0.0
0.0,0.0
0.0,0.0
0.0,0.0
0.0,0.0
0.0,0.0
-6.640826225280762,33.39249038696289
-17.597707748413086,22.222211837768555
0.0,0.0
0.0,0.0
0.0,0.0
0.0,0.0
0.0,0.0
0.0,0.0
-6.621138572692871,33.747982025146484
-17.7777099609375,22.222211837768555
0.0,0.0
0.0,0.0
0.0,0.0
0.0,0.0
0.0,0.0
0.0,0.0
0.0,0.0
0.0,0.0
0.0,0.0
0.0,0.0
0.0,0.0
0.0,0.0
0.0,0.0
0.0,0.0
0.0,0.0
0.0,0.0
0.0,0.0
0.0,0.0
0.0,0.0
0.0,0.0
0.0,0.0
0.0,0.0
0.0,0.0
0.0,0.0
0.0,0.0
0.0,0.0
0.0,0.0
0.0,0.0
0.0,0.0
0.0,0.0
0.0,0.0
0.0,0.0
0.0,0.0
0.0,0.0
0.0,0.0
0.0,0.0
0.0,0.0
0.0,0.0
0.0,0.0
0.0,0.0
0.0,0.0
0.0,0.0
0.0,0.0
0.0,0.0
0.0,0.0
0.0,0.0
0.0,0.0
0.0,0.0
0.0,0.0
0.0,0.0
0.0,0.0
0.0,0.0
0.0,0.0
0.0,0.0
0.0,0.0
0.0,0.0
0.0,0.0
0.0,0.0
0.0,0.0
0.0,0.0
0.0,0.0
0.0,0.0
0.0,0.0
0.0,0.0
0.0,0.0
0.0,0.0
0.0,0.0
0.0,0.0
-6.6570587158203125,33.33331298828125
-3.799999952316284,13.568530082702637
-5.983486652374268,33.33320236206055
-2.0,2.0
0.0,0.0
0.0,0.0
0.0,0.0
0.0,0.0
-6.668160915374756,33.33331298828125
-6.629714012145996,21.544082641601562
-3.8161282539367676,32.972869873046875
0.0,0.0
0.0,0.0
0.0,0.0
0.0,0.0
0.0,0.0
-6.653643608093262,33.33331298828125
-5.2678985595703125,15.056099891662598
-6.646681785583496,33.333370208740234
-15.022685050964355,22.211183547973633
0.0,0.0
0.0,0.0
0.0,0.0
0.0,0.0
-6.6663947105407715,33.33331298828125
-7.955385684967041,21.544082641601562
-6.666656494140625,33.333370208740234
-14.274799346923828,22.222211837768555
0.0,0.0
0.0,0.0
0.0,0.0
0.0,0.0
-5.9561309814453125,33.333351135253906
-5.33216667175293,15.056099891662598
-5.8688249588012695,33.33326721191406
-2.0,2.0
-3.1187169551849365,25.962085723876953
0.0,0.0
0.0,0.0
0.0,0.0
-6.664924621582031,33.33331298828125
-5.27652645111084,19.682771682739258
-4.62689733505249,32.1049690246582
0.0,0.0
-2.510974645614624,226.52415466308594
0.0,0.0
0.0,0.0
0.0,0.0
-5.740896701812744,33.333351135253906
-6.823237895965576,15.701050758361816
-6.47940731048584,33.337974548339844
-14.374898910522461,22.22100067138672
-2.6008570194244385,25.962085723876953
0.0,0.0
-1.184963345527649,66.08942413330078
0.0,0.0
-6.668023109436035,33.33331298828125
-3.6728732585906982,21.028039932250977
-6.4679412841796875,33.33338165283203
-13.400686264038086,22.222211837768555
-0.5519202947616577,73.08824157714844
0.0,0.0
36.95240020751953,37.18844985961914
0.0,0.0
0.0,0.0
0.0,0.0
0.0,0.0
0.0,0.0
0.0,0.0
0.0,0.0
0.0,0.0
0.0,0.0
0.0,0.0
0.0,0.0
0.0,0.0
0.0,0.0
0.0,0.0
0.0,0.0
0.0,0.0
0.0,0.0
0.0,0.0
0.0,0.0
0.0,0.0
0.0,0.0
0.0,0.0
0.0,0.0
0.0,0.0
0.0,0.0
0.0,0.0
0.0,0.0
0.0,0.0
0.0,0.0
0.0,0.0
0.0,0.0
0.0,0.0
0.0,0.0
0.0,0.0
0.0,0.0
0.0,0.0
0.0,0.0
0.0,0.0
0.0,0.0
0.0,0.0
0.0,0.0
0.0,0.0
0.0,0.0
0.0,0.0
0.0,0.0
0.0,0.0
0.0,0.0
0.0,0.0
0.0,0.0
0.0,0.0
0.0,0.0
0.0,0.0
0.0,0.0
0.0,0.0
0.0,0.0
0.0,0.0
0.0,0.0
0.0,0.0
0.0,0.0
0.0,0.0
0.0,0.0
0.0,0.0
0.0,0.0
0.0,0.0
0.0,0.0
0.0,0.0
0.0,0.0
0.0,20.352794647216797
0.0,0.0
0.0,0.0
0.0,0.0
0.0,0.0
0.0,0.0
-5.706624507904053,33.332889556884766
0.0,0.0
-0.8559564352035522,19.069005966186523
0.0,0.0
0.0,0.0
0.0,0.0
0.0,0.0
0.0,0.0
0.0,0.0
0.0,0.0
-6.666788578033447,33.33214569091797
0.0,0.0
0.0,0.0
0.0,0.0
0.0,0.0
0.0,0.0
-5.736640930175781,33.31479263305664
0.0,0.0
-6.666677474975586,33.33324432373047
0.0,0.0
0.0,0.0
0.0,0.0
0.0,0.0
0.0,0.0
0.0,0.0
0.0,0.0
0.0,0.0
0.0,0.0
0.0,0.0
0.0,0.0
0.0,0.0
0.0,0.0
-1.0,0.0
0.0,0.0
-1.0,0.0
0.0,0.0
0.0,0.0
0.0,0.0
0.0,0.0
0.0,0.0
0.0,0.0
0.0,0.0
-1.6741584539413452,25.233060836791992
0.0,0.0
0.0,0.0
0.0,0.0
0.0,0.0
0.0,0.0
0.0,0.0
0.0,0.0
-5.421314239501953,33.33326721191406
0.0,0.0
0.0,0.0
0.0,0.0
0.0,0.0
0.0,0.0
0.0,0.0
0.0,0.0
0.0,0.0
0.0,0.0
0.0,0.0
0.0,0.0
0.0,0.0
0.0,0.0
0.0,0.0
0.0,0.0
0.0,0.0
0.0,0.0
0.0,0.0
0.0,0.0
0.0,0.0
0.0,0.0
0.0,0.0
0.0,0.0
0.0,0.0
0.0,0.0
0.0,0.0
0.0,0.0
0.0,0.0
0.0,0.0
0.0,0.0
0.0,0.0
0.0,0.0
0.0,0.0
0.0,0.0
0.0,0.0
0.0,0.0
0.0,0.0
0.0,0.0
0.0,0.0
0.0,0.0
0.0,0.0
0.0,0.0
0.0,0.0
0.0,0.0
0.0,0.0
0.0,0.0
0.0,0.0
0.0,0.0
0.0,0.0
0.0,0.0
0.0,0.0
0.0,0.0
0.0,0.0
0.0,0.0
0.0,0.0
0.0,0.0
0.0,0.0
0.0,0.0
0.0,0.0
0.0,0.0
0.0,0.0
0.0,0.0
0.0,0.0
0.0,0.0
0.0,0.0
0.0,0.0
0.0,0.0
0.0,0.0
0.0,0.0
