-10.253973960876465,21.140079498291016
0.0,0.0
0.0,0.0
0.0,0.0
0.0,0.0
0.0,0.0
0.0,0.0
0.0,0.0
0.0,0.0
0.0,0.0
0.0,0.0
0.0,0.0
0.0,0.0
0.0,0.0
0.0,0.0
0.0,0.0
0.0,0.0
0.0,0.0
-6.350514888763428,22.555479049682617
-16.446693420410156,33.33331298828125
0.0,0.0
0.0,0.0
0.0,0.0
0.0,0.0
0.0,0.0
0.0,0.0
-7.453423500061035,22.589115142822266
-11.165719985961914,39.239444732666016
0.0,0.0
0.0,0.0
0.0,0.0
0.0,0.0
0.0,0.0
0.0,0.0
0.0,0.0
0.0,0.0
0.0,0.0
0.0,0.0
0.0,0.0
0.0,0.0
0.0,0.0
0.0,0.0
0.0,0.0
0.0,0.0
0.0,0.0
0.0,0.0
0.0,0.0
0.0,0.0
0.0,0.0
0.0,0.0
-7.784185409545898,22.20365333557129
-15.140495300292969,33.33330154418945
0.0,0.0
0.0,0.0
-7.909421443939209,22.222183227539062
0.0,0.0
0.0,0.0
0.0,0.0
-7.800659656524658,22.20588493347168
-13.22024154663086,33.315704345703125
0.0,0.0
0.0,0.0
-7.698575019836426,22.106369018554688
0.0,0.0
0.0,0.0
0.0,0.0
0.0,0.0
0.0,0.0
0.0,0.0
0.0,0.0
0.0,0.0
0.0,0.0
0.0,0.0
0.0,0.0
0.0,0.0
0.0,0.0
0.0,0.0
0.0,0.0
0.0,0.0
0.0,0.0
0.0,0.0
0.0,0.0
-7.876849174499512,22.165090560913086
-10.531570434570312,33.253623962402344
0.0,0.0
0.0,0.0
-7.599637031555176,21.987125396728516
-3.638920307159424,23.551576614379883
0.0,0.0
0.0,0.0
-7.824687480926514,19.221240997314453
-6.989657402038574,50.40609359741211
0.0,0.0
0.0,0.0
-7.556970596313477,22.222097396850586
13.916569709777832,207.38609313964844
0.0,0.0
0.0,0.0
0.0,0.0
0.0,0.0
0.0,0.0
0.0,0.0
0.0,0.0
0.0,0.0
0.0,0.0
0.0,0.0
0.0,0.0
0.0,0.0
0.0,0.0
0.0,0.0
0.0,0.0
0.0,0.0
0.0,0.0
0.0,0.0
-7.818351745605469,22.22202491760254
-14.258452415466309,33.333160400390625
0.0,0.0
0.0,0.0
-2.556314706802368,15.056099891662598
-12.254148483276367,33.299224853515625
0.0,0.0
0.0,0.0
-7.7923583984375,21.406789779663086
13.48117446899414,343.48175048828125
0.0,0.0
0.0,0.0
-7.664216995239258,22.075511932373047
-1.4865708351135254,163.548828125
0.0,0.0
0.0,0.0
0.0,0.0
0.0,0.0
0.0,0.0
0.0,0.0
0.0,0.0
0.0,0.0
0.0,0.0
0.0,0.0
0.0,0.0
0.0,0.0
0.0,0.0
0.0,0.0
0.0,0.0
0.0,0.0
0.0,0.0
0.0,0.0
-7.563020706176758,22.33379554748535
2.2572546005249023,57.423648834228516
0.0,0.0
0.0,0.0
0.0,0.0
0.0,0.0
0.0,0.0
0.0,0.0
-7.014864444732666,22.50922966003418
-16.66248321533203,33.33331298828125
0.0,0.0
0.0,0.0
-5.640654563903809,22.158048629760742
0.0,0.0
0.0,0.0
0.0,0.0
0.0,0.0
0.0,0.0
0.0,0.0
0.0,0.0
0.0,0.0
0.0,0.0
0.0,0.0
0.0,0.0
0.0,0.0
0.0,0.0
0.0,0.0
0.0,0.0
0.0,0.0
0.0,0.0
0.0,0.0
0.0,0.0
-7.781388759613037,23.69805145263672
0.0,0.0
0.0,0.0
0.0,0.0
0.0,0.0
0.0,0.0
0.0,0.0
0.0,0.0
-7.8570733070373535,22.215240478515625
-12.306591033935547,33.33296585083008
0.0,0.0
0.0,0.0
0.0,0.0
0.0,0.0
0.0,0.0
0.0,0.0
0.0,0.0
0.0,0.0
0.0,0.0
0.0,0.0
0.0,0.0
0.0,0.0
0.0,0.0
0.0,0.0
0.0,0.0
0.0,0.0
0.0,0.0
0.0,0.0
0.0,0.0
0.0,0.0
0.0,0.0
0.0,0.0
-7.808923244476318,21.910451889038086
-15.986265182495117,33.3349723815918
0.0,0.0
0.0,0.0
0.0,0.0
0.0,0.0
0.0,0.0
0.0,0.0
-7.854158401489258,21.45962142944336
-2.8790035247802734,180.12789916992188
0.0,0.0
0.0,0.0
-8.151948928833008,16.660409927368164
-4.9817705154418945,23.551576614379883
0.0,0.0
0.0,0.0
0.0,0.0
0.0,0.0
0.0,0.0
0.0,0.0
0.0,0.0
0.0,0.0
0.0,0.0
0.0,0.0
0.0,0.0
0.0,0.0
0.0,0.0
0.0,0.0
0.0,0.0
0.0,0.0
0.0,0.0
0.0,0.0
-7.777850151062012,22.222204208374023
-2.0,16.10796546936035
0.0,0.0
0.0,0.0
0.0,0.0
0.0,0.0
0.0,0.0
0.0,0.0
-7.863312721252441,21.40462875366211
9.02230453491211,182.6186065673828
0.0,0.0
0.0,0.0
-8.060565948486328,17.305625915527344
-2.0,10.47501277923584
0.0,0.0
0.0,0.0
0.0,0.0
0.0,0.0
0.0,0.0
0.0,0.0
0.0,0.0
0.0,0.0
0.0,0.0
0.0,0.0
0.0,0.0
0.0,0.0
0.0,0.0
0.0,0.0
0.0,0.0
0.0,0.0
0.0,0.0
0.0,0.0
0.0,0.0
0.0,0.0
0.0,0.0
0.0,0.0
0.0,0.0
0.0,0.0
0.0,0.0
0.0,0.0
0.0,0.0
0.0,0.0
0.0,0.0
0.0,0.0
0.0,0.0
0.0,0.0
0.0,0.0
0.0,0.0
0.0,0.0
0.0,0.0
0.0,0.0
0.0,0.0
0.0,0.0
0.0,0.0
0.0,0.0
0.0,0.0
0.0,0.0
0.0,0.0
0.0,0.0
0.0,0.0
0.0,0.0
0.0,0.0
0.0,0.0
0.0,0.0
0.0,0.0
0.0,0.0
0.0,0.0
0.0,0.0
0.0,0.0
0.0,0.0
0.0,0.0
0.0,0.0
0.0,0.0
0.0,0.0
0.0,0.0
0.0,0.0
0.0,0.0
0.0,0.0
-9.469246864318848,4.989722728729248
0.0,0.0
11.111105918884277,-4.686112403869629
0.0,0.0
-1.0,1.0
0.0,0.0
5.886082649230957,-0.98089998960495
0.0,0.0
-9.514871597290039,3.4992733001708984
0.0,0.0
11.111105918884277,-5.0505218505859375
0.0,0.0
0.0,0.0
0.0,0.0
6.356335163116455,-1.0809999704360962
0.0,0.0
0.0,0.0
0.0,0.0
10.514019966125488,0.6784135699272156
0.0,0.0
0.0,0.0
0.0,0.0
7.850525379180908,-0.8187723755836487
0.0,0.0
0.0,0.0
0.0,0.0
11.111105918884277,-8.634682655334473
455.0,0.0
0.0,0.0
0.0,0.0
10.616660118103027,-2.1029582023620605
283.9346008300781,10.564620971679688
-95.20344543457031,43.212589263916016
-116.2492446899414,-96.73039245605469
-93.15475463867188,64.76740264892578
-51.28105163574219,80.6261978149414
-99.25900268554688,-5.096965312957764
-102.71420288085938,-82.16124725341797
0.0,27.381000518798828
-11.0,64.74691772460938
-96.5950698852539,34.0579719543457
-109.62293243408203,72.61893463134766
-94.60667419433594,57.95351791381836
-43.96177673339844,438.9278869628906
-92.86351013183594,103.29314422607422
-114.77391052246094,-60.404441833496094
-38.997215270996094,76.57182312011719
-21.010000228881836,19.353153228759766
0.0,0.0
0.0,0.0
-38.31058120727539,96.84892272949219
-20.245622634887695,53.34113311767578
0.0,0.0
0.0,0.0
-10.0,10.0
-20.790000915527344,52.815982818603516
0.0,0.0
0.0,0.0
-90.84112548828125,92.75575256347656
-55.76456832885742,71.57160186767578
0.0,0.0
0.0,0.0
-44.653602600097656,58.80013656616211
-11.0,74.62692260742188
0.0,0.0
0.0,0.0
0.0,0.0
0.0,0.0
0.0,0.0
0.0,0.0
0.0,0.0
0.0,0.0
0.0,0.0
0.0,0.0
0.0,0.0
0.0,0.0
0.0,0.0
0.0,0.0
0.0,0.0
0.0,0.0
0.0,0.0
0.0,0.0
0.0,0.0
0.0,0.0
0.0,0.0
0.0,0.0
0.0,0.0
0.0,0.0
0.0,0.0
0.0,0.0
0.0,0.0
0.0,0.0
0.0,0.0
0.0,0.0
0.0,0.0
0.0,0.0
0.0,0.0
0.0,0.0
0.0,0.0
0.0,0.0
0.0,0.0
0.0,0.0
0.0,0.0
0.0,0.0
0.0,0.0
0.0,0.0
0.0,0.0
0.0,0.0
0.0,0.0
0.0,0.0
0.0,0.0
0.0,0.0
0.0,0.0
0.0,0.0
0.0,0.0
0.0,0.0
0.0,0.0
0.0,0.0
0.0,0.0
0.0,0.0
0.0,0.0
0.0,0.0
0.0,0.0
0.0,0.0
0.0,0.0
0.0,0.0
0.0,0.0
0.0,0.0
0.0,0.0
0.0,0.0
-7.126590728759766,7.425512790679932
0.0,0.0
0.0,0.0
0.0,0.0
0.0,0.0
0.0,0.0
11.111105918884277,7.33444881439209
0.0,0.0
11.111105918884277,7.652299880981445
0.0,0.0
0.0,0.0
0.0,0.0
6.007761478424072,10.390786170959473
0.0,0.0
0.0,0.0
0.0,0.0
-10.206533432006836,-2.0654234886169434
0.0,0.0
0.0,0.0
0.0,0.0
0.0,0.0
0.0,0.0
3.491671085357666,-1.913340449333191
0.0,0.0
11.111105918884277,-5.168826580047607
0.0,0.0
0.0,0.0
0.0,0.0
11.111105918884277,0.4444310963153839
0.0,0.0
0.0,0.0
0.0,0.0
-6.573915004730225,3.5144357681274414
0.0,0.0
0.0,0.0
0.0,0.0
0.0,0.0
0.0,0.0
11.111105918884277,4.057417392730713
0.0,0.0
11.111105918884277,9.253220558166504
0.0,0.0
0.0,0.0
0.0,0.0
1.9349920749664307,4.807693004608154
0.0,0.0
0.0,0.0
0.0,0.0
-9.305766105651855,9.296468734741211
0.0,0.0
0.0,0.0
0.0,0.0
0.0,0.0
0.0,0.0
5.886082649230957,-1.8419544696807861
0.0,0.0
11.111105918884277,-6.982304573059082
0.0,0.0
0.0,0.0
0.0,0.0
11.111105918884277,-1.5523707866668701
0.0,0.0
0.0,0.0
0.0,0.0
0.0,0.0
0.0,0.0
0.0,0.0
0.0,0.0
0.0,0.0
0.0,0.0
0.0,0.0
0.0,0.0
0.0,0.0
0.0,0.0
0.0,0.0
0.0,0.0
0.0,0.0
0.0,0.0
0.0,0.0
0.0,0.0
-3.5767500400543213,61.9794807434082
-13.047659873962402,66.66670227050781
0.0,0.0
0.0,0.0
0.0,0.0
0.0,0.0
0.0,0.0
0.0,0.0
-2.016733407974243,89.45257568359375
-13.2844877243042,66.66670227050781
0.0,0.0
0.0,0.0
0.0,0.0
0.0,0.0
0.0,0.0
0.0,0.0
0.0,0.0
0.0,0.0
0.0,0.0
0.0,0.0
0.0,0.0
0.0,0.0
0.0,0.0
0.0,0.0
0.0,0.0
0.0,0.0
0.0,0.0
0.0,0.0
0.0,0.0
0.0,0.0
0.0,0.0
0.0,0.0
112.79340362548828,118.85752868652344
-7.716912269592285,86.5960922241211
0.0,0.0
0.0,0.0
754.4692993164062,749.262451171875
0.0,0.0
0.0,0.0
0.0,0.0
2.567842483520508,122.78177642822266
-8.114974021911621,152.22886657714844
0.0,0.0
0.0,0.0
2713.806640625,0.0
500.0,0.0
0.0,0.0
0.0,0.0
0.0,0.0
0.0,0.0
0.0,0.0
0.0,0.0
0.0,0.0
0.0,0.0
0.0,0.0
0.0,0.0
0.0,0.0
0.0,0.0
0.0,0.0
0.0,0.0
0.0,0.0
0.0,0.0
0.0,0.0
0.0,0.0
0.0,0.0
0.0,0.0
0.0,0.0
0.0,0.0
0.0,0.0
0.0,0.0
0.0,0.0
0.0,0.0
0.0,0.0
0.0,0.0
0.0,0.0
0.0,0.0
0.0,0.0
0.0,0.0
0.0,0.0
0.0,0.0
0.0,0.0
0.0,0.0
0.0,0.0
0.0,0.0
0.0,0.0
0.0,0.0
0.0,0.0
0.0,0.0
0.0,0.0
0.0,0.0
0.0,0.0
0.0,0.0
0.0,0.0
0.0,0.0
0.0,0.0
0.0,0.0
0.0,0.0
0.0,0.0
0.0,0.0
0.0,0.0
0.0,0.0
0.0,0.0
0.0,0.0
0.0,0.0
0.0,0.0
0.0,0.0
0.0,0.0
0.0,0.0
0.0,0.0
0.0,0.0
0.0,0.0
0.0,0.0
0.0,0.0
0.0,0.0
0.0,0.0
0.0,0.0
0.0,0.0
0.0,0.0
0.0,0.0
0.0,0.0
0.0,0.0
0.0,0.0
0.0,0.0
0.0,0.0
0.0,0.0
0.0,0.0
0.0,0.0
0.0,0.0
-4.44444465637207,55.55553436279297
-13.312666893005371,66.6666259765625
0.0,0.0
0.0,0.0
0.0,0.0
0.0,0.0
0.0,0.0
0.0,0.0
-4.44444465637207,55.55553436279297
-11.179442405700684,66.66670227050781
0.0,0.0
0.0,0.0
0.0,0.0
0.0,0.0
0.0,0.0
0.0,0.0
0.0,0.0
0.0,0.0
0.0,0.0
0.0,0.0
0.0,0.0
0.0,0.0
0.0,0.0
0.0,0.0
0.0,0.0
0.0,0.0
0.0,0.0
0.0,0.0
0.0,0.0
0.0,0.0
0.0,0.0
0.0,0.0
-3.6872329711914062,55.55565643310547
-13.274430274963379,66.6666259765625
0.0,0.0
0.0,0.0
0.0,0.0
0.0,0.0
0.0,0.0
0.0,0.0
-4.406870365142822,55.931427001953125
-13.333308219909668,66.6666259765625
0.0,0.0
0.0,0.0
0.0,0.0
0.0,0.0
0.0,0.0
0.0,0.0
0.0,0.0
0.0,0.0
0.0,0.0
0.0,0.0
0.0,0.0
0.0,0.0
0.0,0.0
0.0,0.0
0.0,0.0
0.0,0.0
0.0,0.0
0.0,0.0
0.0,0.0
0.0,0.0
0.0,0.0
0.0,0.0
0.0,0.0
0.0,0.0
0.0,0.0
0.0,0.0
0.0,0.0
0.0,0.0
0.0,0.0
0.0,0.0
0.0,0.0
0.0,0.0
0.0,0.0
0.0,0.0
0.0,0.0
0.0,0.0
0.0,0.0
0.0,0.0
0.0,0.0
0.0,0.0
0.0,0.0
0.0,0.0
0.0,0.0
0.0,0.0
0.0,0.0
0.0,0.0
0.0,0.0
0.0,0.0
0.0,0.0
0.0,0.0
0.0,0.0
0.0,0.0
0.0,0.0
0.0,0.0
0.0,0.0
0.0,0.0
0.0,0.0
0.0,0.0
0.0,0.0
0.0,0.0
0.0,0.0
0.0,0.0
0.0,0.0
0.0,0.0
0.0,0.0
0.0,0.0
0.0,0.0
0.0,0.0
-5.687332630157471,11.08686637878418
0.0,0.0
10.45496654510498,-0.9282631874084473
0.0,0.0
0.0,0.0
0.0,0.0
0.0,0.0
0.0,0.0
-2.5112218856811523,11.020565032958984
0.0,0.0
5.369321823120117,-0.9900000095367432
0.0,0.0
0.0,0.0
0.0,0.0
0.0,0.0
0.0,0.0
-6.085312366485596,11.06235408782959
0.0,0.0
11.111105918884277,-8.886974334716797
0.0,0.0
0.0,0.0
0.0,0.0
0.0,0.0
0.0,0.0
-4.367907524108887,11.03612995147705
0.0,0.0
11.111105918884277,-8.886046409606934
0.0,0.0
0.0,0.0
0.0,0.0
0.0,0.0
0.0,0.0
-88.920654296875,111.11106872558594
-49.544647216796875,97.6268310546875
-88.8682861328125,111.11106872558594
-20.44048309326172,74.62692260742188
-18.36436653137207,71.73681640625
0.0,0.0
0.0,0.0
0.0,0.0
-88.8876953125,111.11106872558594
-53.316261291503906,119.13360595703125
-82.91039276123047,111.11106872558594
-11.0,0.0
-26.421573638916016,88.75165557861328
0.0,0.0
0.0,0.0
0.0,0.0
-88.93073272705078,111.11106872558594
-36.394371032714844,101.85478210449219
-88.88977813720703,111.11097717285156
-93.67021942138672,122.22218322753906
-9.899999618530273,284.9660949707031
0.0,0.0
19.19052505493164,403.2889404296875
0.0,0.0
-88.88973999023438,111.11106872558594
-47.74661636352539,119.89473724365234
-88.88451385498047,111.11128234863281
-95.55291748046875,122.09742736816406
-29.859050750732422,300.4496154785156
0.0,0.0
493.839111328125,650.199462890625
0.0,0.0
0.0,0.0
0.0,0.0
0.0,0.0
0.0,0.0
0.0,0.0
0.0,0.0
0.0,0.0
0.0,0.0
0.0,0.0
0.0,0.0
0.0,0.0
0.0,0.0
0.0,0.0
0.0,0.0
0.0,0.0
0.0,0.0
0.0,0.0
0.0,0.0
0.0,0.0
0.0,0.0
0.0,0.0
0.0,0.0
0.0,0.0
0.0,0.0
0.0,0.0
0.0,0.0
0.0,0.0
0.0,0.0
0.0,0.0
0.0,0.0
0.0,0.0
0.0,0.0
0.0,0.0
0.0,0.0
0.0,0.0
0.0,0.0
0.0,0.0
0.0,0.0
0.0,0.0
0.0,0.0
0.0,0.0
0.0,0.0
0.0,0.0
0.0,0.0
0.0,0.0
0.0,0.0
0.0,0.0
0.0,0.0
0.0,0.0
0.0,0.0
0.0,0.0
0.0,0.0
0.0,0.0
0.0,0.0
0.0,0.0
0.0,0.0
0.0,0.0
0.0,0.0
0.0,0.0
0.0,0.0
0.0,0.0
0.0,0.0
0.0,0.0
0.0,0.0
0.0,0.0
0.0,0.0
-1.0,1.909999966621399
0.0,0.0
0.0,0.0
0.0,0.0
0.0,0.0
0.0,0.0
11.064319610595703,-3.228159189224243
0.0,0.0
7.528049945831299,-1.88100004196167
0.0,0.0
0.0,0.0
0.0,0.0
0.0,0.0
0.0,0.0
0.0,0.0
0.0,0.0
-8.888885498046875,11.111105918884277
0.0,0.0
0.0,0.0
0.0,0.0
0.0,0.0
0.0,0.0
11.068531036376953,-5.552146911621094
0.0,0.0
11.111105918884277,-8.888885498046875
0.0,0.0
0.0,0.0
0.0,0.0
0.0,0.0
0.0,0.0
0.0,0.0
0.0,0.0
0.0,1.0
0.0,0.0
0.0,0.0
0.0,0.0
0.0,0.0
0.0,0.0
9.25952434539795,-2.5354597568511963
0.0,0.0
1.0,-0.9900000095367432
0.0,0.0
0.0,0.0
0.0,0.0
0.0,0.0
0.0,0.0
0.0,0.0
0.0,0.0
-7.475772857666016,11.111042022705078
0.0,0.0
0.0,0.0
0.0,0.0
0.0,0.0
0.0,0.0
9.577812194824219,-3.1834864616394043
0.0,0.0
11.111105918884277,-8.888885498046875
0.0,0.0
0.0,0.0
0.0,0.0
0.0,0.0
0.0,0.0
0.0,0.0
0.0,0.0
0.0,0.0
0.0,0.0
0.0,0.0
0.0,0.0
0.0,0.0
0.0,0.0
0.0,0.0
0.0,0.0
0.0,0.0
0.0,0.0
0.0,0.0
0.0,0.0
0.0,0.0
0.0,0.0
0.0,0.0
0.0,0.0
0.0,0.0
0.0,0.0
0.0,0.0
0.0,0.0
0.0,0.0
0.0,0.0
0.0,0.0
0.0,0.0
0.0,0.0
0.0,0.0
0.0,0.0
0.0,0.0
0.0,0.0
0.0,0.0
0.0,0.0
0.0,0.0
0.0,0.0
0.0,0.0
0.0,0.0
0.0,0.0
0.0,0.0
0.0,0.0
0.0,0.0
0.0,0.0
0.0,0.0
0.0,0.0
0.0,0.0
0.0,0.0
0.0,0.0
0.0,0.0
0.0,0.0
0.0,0.0
0.0,0.0
0.0,0.0
0.0,0.0
0.0,0.0
0.0,0.0
0.0,0.0
0.0,0.0
0.0,0.0
0.0,0.0
0.0,0.0
0.0,0.0
0.0,0.0
0.0,0.0
0.0,0.0
