-10.578412055969238,8.968939781188965
0.0,0.0
0.0,0.0
0.0,0.0
0.0,0.0
0.0,0.0
0.0,0.0
0.0,0.0
0.0,0.0
0.0,0.0
0.0,0.0
0.0,0.0
0.0,0.0
0.0,0.0
0.0,0.0
0.0,0.0
0.0,0.0
0.0,0.0
-5.116842746734619,15.817423820495605
-19.998767852783203,0.0
0.0,0.0
0.0,0.0
0.0,0.0
0.0,0.0
0.0,0.0
0.0,0.0
-4.456737518310547,15.31157112121582
-19.635040283203125,0.0
0.0,0.0
0.0,0.0
0.0,0.0
0.0,0.0
0.0,0.0
0.0,0.0
0.0,0.0
0.0,0.0
0.0,0.0
0.0,0.0
0.0,0.0
0.0,0.0
0.0,0.0
0.0,0.0
0.0,0.0
0.0,0.0
0.0,0.0
0.0,0.0
0.0,0.0
0.0,0.0
0.0,0.0
0.0,0.0
-8.89040470123291,11.109150886535645
-5.420000076293945,0.0
0.0,0.0
0.0,0.0
-8.888858795166016,11.111105918884277
0.0,0.0
0.0,0.0
0.0,0.0
-8.889083862304688,11.111099243164062
0.0,0.0
0.0,0.0
0.0,0.0
-8.70513916015625,11.027928352355957
0.0,0.0
0.0,0.0
0.0,0.0
0.0,0.0
0.0,0.0
0.0,0.0
0.0,0.0
0.0,0.0
0.0,0.0
0.0,0.0
0.0,0.0
0.0,0.0
0.0,0.0
0.0,0.0
0.0,0.0
0.0,0.0
0.0,0.0
0.0,0.0
0.0,0.0
-8.889884948730469,11.111105918884277
-19.11476707458496,-0.7164033651351929
0.0,0.0
0.0,0.0
-8.311601638793945,11.111059188842773
-5.420000076293945,0.0
0.0,0.0
0.0,0.0
-8.907285690307617,11.110910415649414
-14.045199394226074,126.66902160644531
0.0,0.0
0.0,0.0
-8.717479705810547,11.00500774383545
-14.315922737121582,94.16584777832031
0.0,0.0
0.0,0.0
0.0,0.0
0.0,0.0
0.0,0.0
0.0,0.0
0.0,0.0
0.0,0.0
0.0,0.0
0.0,0.0
0.0,0.0
0.0,0.0
0.0,0.0
0.0,0.0
0.0,0.0
0.0,0.0
0.0,0.0
0.0,0.0
-8.721070289611816,11.11051082611084
-10.434062004089355,0.0
0.0,0.0
0.0,0.0
-3.359628915786743,6.2799859046936035
-9.371179580688477,0.0
0.0,0.0
0.0,0.0
-8.90477466583252,11.110918045043945
6.879253387451172,4.766876220703125
0.0,0.0
0.0,0.0
-8.878266334533691,11.09627914428711
-15.726914405822754,-0.003832874121144414
0.0,0.0
0.0,0.0
0.0,0.0
0.0,0.0
0.0,0.0
0.0,0.0
0.0,0.0
0.0,0.0
0.0,0.0
0.0,0.0
0.0,0.0
0.0,0.0
0.0,0.0
0.0,0.0
0.0,0.0
0.0,0.0
0.0,0.0
0.0,0.0
-6.6783246994018555,13.843428611755371
-9.159799575805664,10.660856246948242
0.0,0.0
0.0,0.0
0.0,0.0
0.0,0.0
0.0,0.0
0.0,0.0
-3.897364616394043,14.428338050842285
-18.891979217529297,4.248080996100395e-17
0.0,0.0
0.0,0.0
-4.852662086486816,11.01161003112793
-3.799999952316284,0.0
0.0,0.0
0.0,0.0
0.0,0.0
0.0,0.0
0.0,0.0
0.0,0.0
0.0,0.0
0.0,0.0
0.0,0.0
0.0,0.0
0.0,0.0
0.0,0.0
0.0,0.0
0.0,0.0
0.0,0.0
0.0,0.0
0.0,0.0
0.0,0.0
0.0,0.0
0.0,0.0
0.0,0.0
0.0,0.0
0.0,0.0
0.0,0.0
0.0,0.0
0.0,0.0
0.0,0.0
0.0,0.0
0.0,0.0
0.0,0.0
0.0,0.0
0.0,0.0
0.0,0.0
0.0,0.0
0.0,0.0
0.0,0.0
0.0,0.0
0.0,0.0
0.0,0.0
0.0,0.0
0.0,0.0
0.0,0.0
0.0,0.0
0.0,0.0
0.0,0.0
0.0,0.0
0.0,0.0
0.0,0.0
0.0,0.0
0.0,0.0
-8.912102699279785,10.87841796875
-18.5789794921875,0.24864561855793
0.0,0.0
0.0,0.0
0.0,0.0
0.0,0.0
0.0,0.0
0.0,0.0
-8.935402870178223,10.645705223083496
-12.040783882141113,30.026103973388672
0.0,0.0
0.0,0.0
-9.277871131896973,7.3615498542785645
-3.799999952316284,502.7699279785156
0.0,0.0
0.0,0.0
0.0,0.0
0.0,0.0
0.0,0.0
0.0,0.0
0.0,0.0
0.0,0.0
0.0,0.0
0.0,0.0
0.0,0.0
0.0,0.0
0.0,0.0
0.0,0.0
0.0,0.0
0.0,0.0
0.0,0.0
0.0,0.0
-8.895739555358887,11.110997200012207
-2.4285008907318115,137.14991760253906
0.0,0.0
0.0,0.0
0.0,0.0
0.0,0.0
0.0,0.0
0.0,0.0
-8.939130783081055,10.824381828308105
-0.5523184537887573,224.30755615234375
0.0,0.0
0.0,0.0
-9.179120063781738,10.200366020202637
-2.0,165.6199951171875
0.0,0.0
0.0,0.0
0.0,0.0
0.0,0.0
0.0,0.0
0.0,0.0
0.0,0.0
0.0,0.0
0.0,0.0
0.0,0.0
0.0,0.0
0.0,0.0
0.0,0.0
0.0,0.0
0.0,0.0
0.0,0.0
0.0,0.0
0.0,0.0
0.0,0.0
0.0,0.0
0.0,0.0
0.0,0.0
0.0,0.0
0.0,0.0
0.0,0.0
0.0,0.0
0.0,0.0
0.0,0.0
0.0,0.0
0.0,0.0
0.0,0.0
0.0,0.0
0.0,0.0
0.0,0.0
0.0,0.0
0.0,0.0
0.0,0.0
0.0,0.0
0.0,0.0
0.0,0.0
0.0,0.0
0.0,0.0
0.0,0.0
0.0,0.0
0.0,0.0
0.0,0.0
0.0,0.0
0.0,0.0
0.0,0.0
0.0,0.0
0.0,0.0
0.0,0.0
0.0,0.0
0.0,0.0
0.0,0.0
0.0,0.0
0.0,0.0
0.0,0.0
0.0,0.0
0.0,0.0
0.0,0.0
0.0,0.0
0.0,0.0
0.0,0.0
-9.497343063354492,5.814289569854736
-18.934534072875977,-18.747390747070312
33.33331298828125,-23.62547492980957
19.431617736816406,-7.39739990234375
0.0,0.0
0.0,0.0
19.069005966186523,-2.8746774196624756
2.0,0.0
-9.598122596740723,4.0217766761779785
-21.347612380981445,-16.913171768188477
33.33331298828125,-21.45008659362793
21.799041748046875,-4.565644264221191
0.0,0.0
0.0,0.0
25.962085723876953,0.0
5.476200103759766,0.0
0.0,0.0
0.0,0.0
33.3076286315918,-14.429339408874512
16.822040557861328,-3.5673091411590576
0.0,0.0
0.0,0.0
22.584150314331055,-2.809309959411621
2.0,0.0
0.0,0.0
0.0,0.0
33.33331298828125,-26.172197341918945
55.32374572753906,-6.565239429473877
0.0,0.0
0.0,0.0
32.63578414916992,-2.681500196456909
10.738643646240234,-5.907238006591797
-1.0796486139297485,93.65862274169922
-22.084850311279297,-22.08806800842285
33.33331298828125,-26.227649688720703
16.822040557861328,-3.168665647506714
-2.7257025241851807,68.22489929199219
-6.060636043548584,103.84017944335938
10.47501277923584,-3.0
6.983342170715332,0.0
-2.32157039642334,76.81332397460938
-19.426029205322266,70.89958190917969
33.33331298828125,-20.025938034057617
21.477014541625977,-9.219985961914062
-5.539723873138428,56.311920166015625
-16.03284454345703,-12.739450454711914
31.98348045349121,-5.268710136413574
16.28795623779297,-3.8643147945404053
0.0,0.0
0.0,0.0
29.14742660522461,-7.542446136474609
5.476200103759766,0.0
0.0,0.0
0.0,0.0
14.40435791015625,-2.8559563159942627
3.819999933242798,0.0
0.0,0.0
0.0,0.0
33.33331298828125,-25.078805923461914
21.028039932250977,-10.531793594360352
0.0,0.0
0.0,0.0
32.972869873046875,-12.736248016357422
14.347362518310547,-4.735786437988281
0.0,0.0
0.0,0.0
0.0,0.0
0.0,0.0
0.0,0.0
0.0,0.0
0.0,0.0
0.0,0.0
0.0,0.0
0.0,0.0
0.0,0.0
0.0,0.0
0.0,0.0
0.0,0.0
0.0,0.0
0.0,0.0
0.0,0.0
0.0,0.0
0.0,0.0
0.0,0.0
0.0,0.0
0.0,0.0
0.0,0.0
0.0,0.0
0.0,0.0
0.0,0.0
0.0,0.0
0.0,0.0
0.0,0.0
0.0,0.0
0.0,0.0
0.0,0.0
0.0,0.0
0.0,0.0
0.0,0.0
0.0,0.0
0.0,0.0
0.0,0.0
0.0,0.0
0.0,0.0
0.0,0.0
0.0,0.0
0.0,0.0
0.0,0.0
0.0,0.0
0.0,0.0
0.0,0.0
0.0,0.0
0.0,0.0
0.0,0.0
0.0,0.0
0.0,0.0
0.0,0.0
0.0,0.0
0.0,0.0
0.0,0.0
0.0,0.0
0.0,0.0
0.0,0.0
0.0,0.0
0.0,0.0
0.0,0.0
0.0,0.0
0.0,0.0
0.0,0.0
0.0,0.0
-8.93803882598877,11.111105918884277
0.0,0.0
0.0,0.0
0.0,0.0
0.0,0.0
0.0,0.0
33.33331298828125,26.617252349853516
0.0,0.0
33.33331298828125,21.940990447998047
0.0,0.0
0.0,0.0
0.0,0.0
8.779658317565918,32.21552276611328
0.0,0.0
0.0,0.0
0.0,0.0
-10.16712474822998,-1.6717019081115723
0.0,0.0
0.0,0.0
0.0,0.0
0.0,0.0
0.0,0.0
29.86698341369629,-3.0
0.0,0.0
33.33331298828125,-18.178403854370117
0.0,0.0
0.0,0.0
0.0,0.0
33.33331298828125,7.484529972076416
0.0,0.0
0.0,0.0
0.0,0.0
-8.612056732177734,11.108087539672852
0.0,0.0
0.0,0.0
0.0,0.0
0.0,0.0
0.0,0.0
33.33331298828125,23.755477905273438
0.0,0.0
33.33331298828125,5.893980026245117
0.0,0.0
0.0,0.0
0.0,0.0
0.0,22.584150314331055
0.0,0.0
0.0,0.0
0.0,0.0
-8.920199394226074,11.110952377319336
0.0,0.0
0.0,0.0
0.0,0.0
0.0,0.0
0.0,0.0
16.10796546936035,-5.6427001953125
0.0,0.0
33.33331298828125,-20.345014572143555
0.0,0.0
0.0,0.0
0.0,0.0
33.33331298828125,-3.793576955795288
0.0,0.0
0.0,0.0
0.0,0.0
0.0,0.0
0.0,0.0
0.0,0.0
0.0,0.0
0.0,0.0
0.0,0.0
0.0,0.0
0.0,0.0
0.0,0.0
0.0,0.0
0.0,0.0
0.0,0.0
0.0,0.0
0.0,0.0
0.0,0.0
0.0,0.0
-0.3516981303691864,70.2710952758789
-15.811710357666016,170.7616729736328
0.0,0.0
0.0,0.0
0.0,0.0
0.0,0.0
0.0,0.0
0.0,0.0
1.8016694784164429,56.152034759521484
-15.840614318847656,27.154586791992188
0.0,0.0
0.0,0.0
0.0,0.0
0.0,0.0
0.0,0.0
0.0,0.0
0.0,0.0
0.0,0.0
0.0,0.0
0.0,0.0
0.0,0.0
0.0,0.0
0.0,0.0
0.0,0.0
0.0,0.0
0.0,0.0
0.0,0.0
0.0,0.0
0.0,0.0
0.0,0.0
0.0,0.0
0.0,0.0
30.5654354095459,82.72994232177734
-7.9392290115356445,57.529335021972656
0.0,0.0
0.0,0.0
364.82427978515625,954.4821166992188
0.0,0.0
0.0,0.0
0.0,0.0
-2.7892894744873047,73.62671661376953
14.992437362670898,23.207679748535156
0.0,0.0
0.0,0.0
802.7780151367188,554.803955078125
0.0,0.0
0.0,0.0
0.0,0.0
0.0,0.0
0.0,0.0
0.0,0.0
0.0,0.0
0.0,0.0
0.0,0.0
0.0,0.0
0.0,0.0
0.0,0.0
0.0,0.0
0.0,0.0
0.0,0.0
0.0,0.0
0.0,0.0
0.0,0.0
0.0,0.0
0.0,0.0
0.0,0.0
0.0,0.0
0.0,0.0
0.0,0.0
0.0,0.0
0.0,0.0
0.0,0.0
0.0,0.0
0.0,0.0
0.0,0.0
0.0,0.0
0.0,0.0
0.0,0.0
0.0,0.0
0.0,0.0
0.0,0.0
0.0,0.0
0.0,0.0
0.0,0.0
0.0,0.0
0.0,0.0
0.0,0.0
0.0,0.0
0.0,0.0
0.0,0.0
0.0,0.0
0.0,0.0
0.0,0.0
0.0,0.0
0.0,0.0
0.0,0.0
0.0,0.0
0.0,0.0
0.0,0.0
0.0,0.0
0.0,0.0
0.0,0.0
0.0,0.0
0.0,0.0
0.0,0.0
0.0,0.0
0.0,0.0
0.0,0.0
0.0,0.0
0.0,0.0
0.0,0.0
0.0,0.0
0.0,0.0
0.0,0.0
0.0,0.0
0.0,0.0
0.0,0.0
0.0,0.0
0.0,0.0
0.0,0.0
0.0,0.0
0.0,0.0
0.0,0.0
0.0,0.0
0.0,0.0
0.0,0.0
0.0,0.0
0.0,0.0
-6.616960048675537,33.333396911621094
-15.393684387207031,130.84938049316406
0.0,0.0
0.0,0.0
0.0,0.0
0.0,0.0
0.0,0.0
0.0,0.0
-6.6666483879089355,33.33351516723633
-17.420717239379883,22.22223472595215
0.0,0.0
0.0,0.0
0.0,0.0
0.0,0.0
0.0,0.0
0.0,0.0
0.0,0.0
0.0,0.0
0.0,0.0
0.0,0.0
0.0,0.0
0.0,0.0
0.0,0.0
0.0,0.0
0.0,0.0
0.0,0.0
0.0,0.0
0.0,0.0
0.0,0.0
0.0,0.0
0.0,0.0
0.0,0.0
-6.6351728439331055,33.333351135253906
-17.472824096679688,22.222211837768555
0.0,0.0
0.0,0.0
0.0,0.0
0.0,0.0
0.0,0.0
0.0,0.0
-6.5802226066589355,34.14754867553711
-17.777633666992188,22.222211837768555
0.0,0.0
0.0,0.0
0.0,0.0
0.0,0.0
0.0,0.0
0.0,0.0
0.0,0.0
0.0,0.0
0.0,0.0
0.0,0.0
0.0,0.0
0.0,0.0
0.0,0.0
0.0,0.0
0.0,0.0
0.0,0.0
0.0,0.0
0.0,0.0
0.0,0.0
0.0,0.0
0.0,0.0
0.0,0.0
0.0,0.0
0.0,0.0
0.0,0.0
0.0,0.0
0.0,0.0
0.0,0.0
0.0,0.0
0.0,0.0
0.0,0.0
0.0,0.0
0.0,0.0
0.0,0.0
0.0,0.0
0.0,0.0
0.0,0.0
0.0,0.0
0.0,0.0
0.0,0.0
0.0,0.0
0.0,0.0
0.0,0.0
0.0,0.0
0.0,0.0
0.0,0.0
0.0,0.0
0.0,0.0
0.0,0.0
0.0,0.0
0.0,0.0
0.0,0.0
0.0,0.0
0.0,0.0
0.0,0.0
0.0,0.0
0.0,0.0
0.0,0.0
0.0,0.0
0.0,0.0
0.0,0.0
0.0,0.0
0.0,0.0
0.0,0.0
0.0,0.0
0.0,0.0
0.0,0.0
0.0,0.0
-6.639108180999756,33.33331298828125
-3.799999952316284,12.71267032623291
-5.983486652374268,33.33317565917969
-2.0,2.0
0.0,0.0
0.0,0.0
0.0,0.0
0.0,0.0
-6.671952247619629,33.33331298828125
-6.629714012145996,21.32232093811035
-3.8161282539367676,32.80767822265625
0.0,0.0
0.0,0.0
0.0,0.0
0.0,0.0
0.0,0.0
-6.636411190032959,33.33331298828125
-5.2678985595703125,14.347362518310547
-6.579320907592773,33.333370208740234
-15.022685050964355,22.193876266479492
0.0,0.0
0.0,0.0
0.0,0.0
0.0,0.0
-6.6661529541015625,33.33331298828125
-7.955385684967041,21.233320236206055
-6.666565418243408,33.333370208740234
-14.274799346923828,22.222211837768555
0.0,0.0
0.0,0.0
0.0,0.0
0.0,0.0
-5.329670429229736,33.333351135253906
-5.33216667175293,14.347362518310547
-5.8688249588012695,33.33317565917969
-2.0,2.0
-3.1187169551849365,22.584150314331055
0.0,0.0
0.0,0.0
0.0,0.0
-6.663022518157959,33.33331298828125
-5.27652645111084,17.30805778503418
-4.383774757385254,31.849977493286133
0.0,0.0
-2.510974645614624,25.962085723876953
0.0,0.0
0.0,0.0
0.0,0.0
-5.255654335021973,33.600852966308594
-6.823237895965576,15.056099891662598
-6.269051551818848,33.333370208740234
-14.374898910522461,22.217195510864258
-2.6008570194244385,22.584150314331055
0.0,0.0
-2.776404857635498,196.1085662841797
0.0,0.0
-6.670554161071777,33.33331298828125
-3.6728732585906982,19.155624389648438
-6.248077869415283,33.3342170715332
-12.914341926574707,22.22159194946289
-0.5519202947616577,103.34048461914062
0.0,0.0
52.273494720458984,82.52820587158203
0.0,0.0
0.0,0.0
0.0,0.0
0.0,0.0
0.0,0.0
0.0,0.0
0.0,0.0
0.0,0.0
0.0,0.0
0.0,0.0
0.0,0.0
0.0,0.0
0.0,0.0
0.0,0.0
0.0,0.0
0.0,0.0
0.0,0.0
0.0,0.0
0.0,0.0
0.0,0.0
0.0,0.0
0.0,0.0
0.0,0.0
0.0,0.0
0.0,0.0
0.0,0.0
0.0,0.0
0.0,0.0
0.0,0.0
0.0,0.0
0.0,0.0
0.0,0.0
0.0,0.0
0.0,0.0
0.0,0.0
0.0,0.0
0.0,0.0
0.0,0.0
0.0,0.0
0.0,0.0
0.0,0.0
0.0,0.0
0.0,0.0
0.0,0.0
0.0,0.0
0.0,0.0
0.0,0.0
0.0,0.0
0.0,0.0
0.0,0.0
0.0,0.0
0.0,0.0
0.0,0.0
0.0,0.0
0.0,0.0
0.0,0.0
0.0,0.0
0.0,0.0
0.0,0.0
0.0,0.0
0.0,0.0
0.0,0.0
0.0,0.0
0.0,0.0
0.0,0.0
0.0,0.0
0.0,0.0
0.0,17.658248901367188
0.0,0.0
0.0,0.0
0.0,0.0
0.0,0.0
0.0,0.0
-5.706624507904053,33.331947326660156
0.0,0.0
-0.8559564352035522,19.069005966186523
0.0,0.0
0.0,0.0
0.0,0.0
0.0,0.0
0.0,0.0
0.0,0.0
0.0,0.0
-6.666788578033447,33.33214569091797
0.0,0.0
0.0,0.0
0.0,0.0
0.0,0.0
0.0,0.0
-5.736640930175781,33.2495002746582
0.0,0.0
-6.666677474975586,33.33324432373047
0.0,0.0
0.0,0.0
0.0,0.0
0.0,0.0
0.0,0.0
0.0,0.0
0.0,0.0
0.0,0.0
0.0,0.0
0.0,0.0
0.0,0.0
0.0,0.0
0.0,0.0
-1.0,0.0
0.0,0.0
-1.0,0.0
0.0,0.0
0.0,0.0
0.0,0.0
0.0,0.0
0.0,0.0
0.0,0.0
0.0,0.0
-1.6741584539413452,23.551576614379883
0.0,0.0
0.0,0.0
0.0,0.0
0.0,0.0
0.0,0.0
0.0,0.0
0.0,0.0
-5.421314239501953,33.33324432373047
0.0,0.0
0.0,0.0
0.0,0.0
0.0,0.0
0.0,0.0
0.0,0.0
0.0,0.0
0.0,0.0
0.0,0.0
0.0,0.0
0.0,0.0
0.0,0.0
0.0,0.0
0.0,0.0
0.0,0.0
0.0,0.0
0.0,0.0
0.0,0.0
0.0,0.0
0.0,0.0
0.0,0.0
0.0,0.0
0.0,0.0
0.0,0.0
0.0,0.0
0.0,0.0
0.0,0.0
0.0,0.0
0.0,0.0
0.0,0.0
0.0,0.0
0.0,0.0
0.0,0.0
0.0,0.0
0.0,0.0
0.0,0.0
0.0,0.0
0.0,0.0
0.0,0.0
0.0,0.0
0.0,0.0
0.0,0.0
0.0,0.0
0.0,0.0
0.0,0.0
0.0,0.0
0.0,0.0
0.0,0.0
0.0,0.0
0.0,0.0
0.0,0.0
0.0,0.0
0.0,0.0
0.0,0.0
0.0,0.0
0.0,0.0
0.0,0.0
0.0,0.0
0.0,0.0
0.0,0.0
0.0,0.0
0.0,0.0
0.0,0.0
0.0,0.0
0.0,0.0
0.0,0.0
0.0,0.0
0.0,0.0
0.0,0.0
