-10.475716590881348,9.147920608520508
0.0,0.0
0.0,0.0
0.0,0.0
0.0,0.0
0.0,0.0
0.0,0.0
0.0,0.0
0.0,0.0
0.0,0.0
0.0,0.0
0.0,0.0
0.0,0.0
0.0,0.0
0.0,0.0
0.0,0.0
0.0,0.0
0.0,0.0
-2.7400619983673096,15.817423820495605
-19.54656982421875,7.71830582380062e-06
0.0,0.0
0.0,0.0
0.0,0.0
0.0,0.0
0.0,0.0
0.0,0.0
-1.4282746315002441,15.31157112121582
-19.806045532226562,0.0
0.0,0.0
0.0,0.0
0.0,0.0
0.0,0.0
0.0,0.0
0.0,0.0
0.0,0.0
0.0,0.0
0.0,0.0
0.0,0.0
0.0,0.0
0.0,0.0
0.0,0.0
0.0,0.0
0.0,0.0
0.0,0.0
0.0,0.0
0.0,0.0
0.0,0.0
0.0,0.0
0.0,0.0
0.0,0.0
-8.889616966247559,11.109336853027344
-5.420000076293945,0.0
0.0,0.0
0.0,0.0
-8.888858795166016,11.111105918884277
0.0,0.0
0.0,0.0
0.0,0.0
-8.891725540161133,11.111352920532227
-3.799999952316284,200.0
0.0,0.0
0.0,0.0
-8.70513916015625,11.103947639465332
0.0,0.0
0.0,0.0
0.0,0.0
0.0,0.0
0.0,0.0
0.0,0.0
0.0,0.0
0.0,0.0
0.0,0.0
0.0,0.0
0.0,0.0
0.0,0.0
0.0,0.0
0.0,0.0
0.0,0.0
0.0,0.0
0.0,0.0
0.0,0.0
0.0,0.0
-8.889884948730469,11.111105918884277
-19.11476707458496,-0.06779418140649796
0.0,0.0
0.0,0.0
-8.369330406188965,11.111105918884277
-5.420000076293945,0.0
0.0,0.0
0.0,0.0
-8.909728050231934,10.928496360778809
-13.249735832214355,44.03094482421875
0.0,0.0
0.0,0.0
-8.749792098999023,10.070703506469727
-14.315922737121582,285.69091796875
0.0,0.0
0.0,0.0
0.0,0.0
0.0,0.0
0.0,0.0
0.0,0.0
0.0,0.0
0.0,0.0
0.0,0.0
0.0,0.0
0.0,0.0
0.0,0.0
0.0,0.0
0.0,0.0
0.0,0.0
0.0,0.0
0.0,0.0
0.0,0.0
-8.721070289611816,11.111105918884277
-10.434062004089355,0.0
0.0,0.0
0.0,0.0
-3.359628915786743,7.1104559898376465
-9.371179580688477,0.0
0.0,0.0
0.0,0.0
-8.900469779968262,11.111105918884277
-2.265896797180176,67.04596710205078
0.0,0.0
0.0,0.0
-8.87933349609375,11.11093521118164
-15.726914405822754,-0.0026283920742571354
0.0,0.0
0.0,0.0
0.0,0.0
0.0,0.0
0.0,0.0
0.0,0.0
0.0,0.0
0.0,0.0
0.0,0.0
0.0,0.0
0.0,0.0
0.0,0.0
0.0,0.0
0.0,0.0
0.0,0.0
0.0,0.0
0.0,0.0
0.0,0.0
-6.6783246994018555,13.843428611755371
-18.95051383972168,10.529282569885254
0.0,0.0
0.0,0.0
0.0,0.0
0.0,0.0
0.0,0.0
0.0,0.0
-3.4664554595947266,14.428338050842285
-19.523033142089844,2.1995118366985404e-25
0.0,0.0
0.0,0.0
-4.852662086486816,11.064319610595703
-3.799999952316284,0.0
0.0,0.0
0.0,0.0
0.0,0.0
0.0,0.0
0.0,0.0
0.0,0.0
0.0,0.0
0.0,0.0
0.0,0.0
0.0,0.0
0.0,0.0
0.0,0.0
0.0,0.0
0.0,0.0
0.0,0.0
0.0,0.0
0.0,0.0
0.0,0.0
0.0,0.0
0.0,0.0
0.0,0.0
0.0,0.0
0.0,0.0
0.0,0.0
0.0,0.0
0.0,0.0
0.0,0.0
0.0,0.0
0.0,0.0
0.0,0.0
0.0,0.0
0.0,0.0
0.0,0.0
0.0,0.0
0.0,0.0
0.0,0.0
0.0,0.0
0.0,0.0
0.0,0.0
0.0,0.0
0.0,0.0
0.0,0.0
0.0,0.0
0.0,0.0
0.0,0.0
0.0,0.0
0.0,0.0
0.0,0.0
0.0,0.0
0.0,0.0
-8.912102699279785,10.87841796875
-17.116907119750977,10.464465141296387
0.0,0.0
0.0,0.0
0.0,0.0
0.0,0.0
0.0,0.0
0.0,0.0
-8.935402870178223,10.645705223083496
-1.01252019405365,69.75504302978516
0.0,0.0
0.0,0.0
-9.290938377380371,8.688482284545898
-3.799999952316284,378.8728332519531
0.0,0.0
0.0,0.0
0.0,0.0
0.0,0.0
0.0,0.0
0.0,0.0
0.0,0.0
0.0,0.0
0.0,0.0
0.0,0.0
0.0,0.0
0.0,0.0
0.0,0.0
0.0,0.0
0.0,0.0
0.0,0.0
0.0,0.0
0.0,0.0
-8.890462875366211,11.11109447479248
-2.4285008907318115,58.69053649902344
0.0,0.0
0.0,0.0
0.0,0.0
0.0,0.0
0.0,0.0
0.0,0.0
-8.950727462768555,10.377038955688477
-3.676670551300049,155.4075469970703
0.0,0.0
0.0,0.0
-9.117670059204102,11.078591346740723
-2.0,335.3299255371094
0.0,0.0
0.0,0.0
0.0,0.0
0.0,0.0
0.0,0.0
0.0,0.0
0.0,0.0
0.0,0.0
0.0,0.0
0.0,0.0
0.0,0.0
0.0,0.0
0.0,0.0
0.0,0.0
0.0,0.0
0.0,0.0
0.0,0.0
0.0,0.0
0.0,0.0
0.0,0.0
0.0,0.0
0.0,0.0
0.0,0.0
0.0,0.0
0.0,0.0
0.0,0.0
0.0,0.0
0.0,0.0
0.0,0.0
0.0,0.0
0.0,0.0
0.0,0.0
0.0,0.0
0.0,0.0
0.0,0.0
0.0,0.0
0.0,0.0
0.0,0.0
0.0,0.0
0.0,0.0
0.0,0.0
0.0,0.0
0.0,0.0
0.0,0.0
0.0,0.0
0.0,0.0
0.0,0.0
0.0,0.0
0.0,0.0
0.0,0.0
0.0,0.0
0.0,0.0
0.0,0.0
0.0,0.0
0.0,0.0
0.0,0.0
0.0,0.0
0.0,0.0
0.0,0.0
0.0,0.0
0.0,0.0
0.0,0.0
0.0,0.0
0.0,0.0
-9.339289665222168,6.391078472137451
-20.121482849121094,-2.046680212020874
33.33331298828125,-23.98395347595215
19.91132164001465,-7.39739990234375
0.0,0.0
0.0,0.0
19.069005966186523,-2.8746774196624756
2.0,0.0
-9.594741821289062,4.054052829742432
-21.56645393371582,-13.886402130126953
33.33331298828125,-20.221031188964844
22.003538131713867,-4.565644264221191
0.0,0.0
0.0,0.0
27.778573989868164,0.0
5.476200103759766,0.0
0.0,0.0
0.0,0.0
33.315704345703125,-14.429339408874512
17.75033187866211,-3.5673091411590576
0.0,0.0
0.0,0.0
23.551576614379883,-2.809309959411621
2.0,0.0
0.0,0.0
0.0,0.0
33.33331298828125,-26.494258880615234
148.82546997070312,-6.565239429473877
0.0,0.0
0.0,0.0
32.898040771484375,-2.681500196456909
10.738643646240234,-5.907238006591797
-1.4215059280395508,84.3353271484375
-22.168729782104492,-21.446229934692383
33.33331298828125,-26.071542739868164
18.5190486907959,-3.168665647506714
-2.6184964179992676,106.01905822753906
-6.060636043548584,92.18004608154297
10.47501277923584,-3.0
6.983342170715332,0.0
-2.2311460971832275,77.84984588623047
-20.274450302124023,5.766549110412598
33.33331298828125,-24.748310089111328
21.75718879699707,-9.219985961914062
-4.289590358734131,108.02580261230469
-16.589887619018555,-16.837247848510742
31.98348045349121,-5.268710136413574
17.30805778503418,-3.8643147945404053
0.0,0.0
0.0,0.0
30.462848663330078,-7.542446136474609
5.476200103759766,0.0
0.0,0.0
0.0,0.0
16.10796546936035,-2.8559563159942627
3.819999933242798,0.0
0.0,0.0
0.0,0.0
33.33331298828125,-25.237592697143555
21.32232093811035,-13.26539134979248
0.0,0.0
0.0,0.0
33.108394622802734,-12.736248016357422
15.701050758361816,-4.735786437988281
0.0,0.0
0.0,0.0
0.0,0.0
0.0,0.0
0.0,0.0
0.0,0.0
0.0,0.0
0.0,0.0
0.0,0.0
0.0,0.0
0.0,0.0
0.0,0.0
0.0,0.0
0.0,0.0
0.0,0.0
0.0,0.0
0.0,0.0
0.0,0.0
0.0,0.0
0.0,0.0
0.0,0.0
0.0,0.0
0.0,0.0
0.0,0.0
0.0,0.0
0.0,0.0
0.0,0.0
0.0,0.0
0.0,0.0
0.0,0.0
0.0,0.0
0.0,0.0
0.0,0.0
0.0,0.0
0.0,0.0
0.0,0.0
0.0,0.0
0.0,0.0
0.0,0.0
0.0,0.0
0.0,0.0
0.0,0.0
0.0,0.0
0.0,0.0
0.0,0.0
0.0,0.0
0.0,0.0
0.0,0.0
0.0,0.0
0.0,0.0
0.0,0.0
0.0,0.0
0.0,0.0
0.0,0.0
0.0,0.0
0.0,0.0
0.0,0.0
0.0,0.0
0.0,0.0
0.0,0.0
0.0,0.0
0.0,0.0
0.0,0.0
0.0,0.0
0.0,0.0
0.0,0.0
-8.937911987304688,10.807820320129395
0.0,0.0
0.0,0.0
0.0,0.0
0.0,0.0
0.0,0.0
33.33331298828125,20.430538177490234
0.0,0.0
33.33331298828125,18.354782104492188
0.0,0.0
0.0,0.0
0.0,0.0
8.779658317565918,32.63578414916992
0.0,0.0
0.0,0.0
0.0,0.0
-10.16712474822998,-1.6717019081115723
0.0,0.0
0.0,0.0
0.0,0.0
0.0,0.0
0.0,0.0
30.178955078125,-3.0
0.0,0.0
33.33331298828125,-15.7659273147583
0.0,0.0
0.0,0.0
0.0,0.0
33.33331298828125,10.06941032409668
0.0,0.0
0.0,0.0
0.0,0.0
-8.66469669342041,11.111105918884277
0.0,0.0
0.0,0.0
0.0,0.0
0.0,0.0
0.0,0.0
33.33331298828125,22.4122314453125
0.0,0.0
33.33331298828125,12.793502807617188
0.0,0.0
0.0,0.0
0.0,0.0
0.0,23.551576614379883
0.0,0.0
0.0,0.0
0.0,0.0
-8.90102481842041,11.111104965209961
0.0,0.0
0.0,0.0
0.0,0.0
0.0,0.0
0.0,0.0
21.52104377746582,-5.6427001953125
0.0,0.0
33.33331298828125,-25.096281051635742
0.0,0.0
0.0,0.0
0.0,0.0
33.33331298828125,-3.793576955795288
0.0,0.0
0.0,0.0
0.0,0.0
0.0,0.0
0.0,0.0
0.0,0.0
0.0,0.0
0.0,0.0
0.0,0.0
0.0,0.0
0.0,0.0
0.0,0.0
0.0,0.0
0.0,0.0
0.0,0.0
0.0,0.0
0.0,0.0
0.0,0.0
0.0,0.0
21.450664520263672,71.0981674194336
-13.40603256225586,185.89828491210938
0.0,0.0
0.0,0.0
0.0,0.0
0.0,0.0
0.0,0.0
0.0,0.0
19.982946395874023,56.28866195678711
-15.967239379882812,29.8007755279541
0.0,0.0
0.0,0.0
0.0,0.0
0.0,0.0
0.0,0.0
0.0,0.0
0.0,0.0
0.0,0.0
0.0,0.0
0.0,0.0
0.0,0.0
0.0,0.0
0.0,0.0
0.0,0.0
0.0,0.0
0.0,0.0
0.0,0.0
0.0,0.0
0.0,0.0
0.0,0.0
0.0,0.0
0.0,0.0
65.52922821044922,101.42791748046875
-15.208794593811035,24.413604736328125
0.0,0.0
0.0,0.0
313.7751159667969,1266.265625
0.0,0.0
0.0,0.0
0.0,0.0
-1.613265872001648,71.81114959716797
-14.736623764038086,22.429521560668945
0.0,0.0
0.0,0.0
1069.524658203125,708.8787841796875
0.0,0.0
0.0,0.0
0.0,0.0
0.0,0.0
0.0,0.0
0.0,0.0
0.0,0.0
0.0,0.0
0.0,0.0
0.0,0.0
0.0,0.0
0.0,0.0
0.0,0.0
0.0,0.0
0.0,0.0
0.0,0.0
0.0,0.0
0.0,0.0
0.0,0.0
0.0,0.0
0.0,0.0
0.0,0.0
0.0,0.0
0.0,0.0
0.0,0.0
0.0,0.0
0.0,0.0
0.0,0.0
0.0,0.0
0.0,0.0
0.0,0.0
0.0,0.0
0.0,0.0
0.0,0.0
0.0,0.0
0.0,0.0
0.0,0.0
0.0,0.0
0.0,0.0
0.0,0.0
0.0,0.0
0.0,0.0
0.0,0.0
0.0,0.0
0.0,0.0
0.0,0.0
0.0,0.0
0.0,0.0
0.0,0.0
0.0,0.0
0.0,0.0
0.0,0.0
0.0,0.0
0.0,0.0
0.0,0.0
0.0,0.0
0.0,0.0
0.0,0.0
0.0,0.0
0.0,0.0
0.0,0.0
0.0,0.0
0.0,0.0
0.0,0.0
0.0,0.0
0.0,0.0
0.0,0.0
0.0,0.0
0.0,0.0
0.0,0.0
0.0,0.0
0.0,0.0
0.0,0.0
0.0,0.0
0.0,0.0
0.0,0.0
0.0,0.0
0.0,0.0
0.0,0.0
0.0,0.0
0.0,0.0
0.0,0.0
0.0,0.0
-6.618923187255859,33.333396911621094
-15.258577346801758,22.222288131713867
0.0,0.0
0.0,0.0
0.0,0.0
0.0,0.0
0.0,0.0
0.0,0.0
-6.6666483879089355,33.33351516723633
-17.639442443847656,22.22223472595215
0.0,0.0
0.0,0.0
0.0,0.0
0.0,0.0
0.0,0.0
0.0,0.0
0.0,0.0
0.0,0.0
0.0,0.0
0.0,0.0
0.0,0.0
0.0,0.0
0.0,0.0
0.0,0.0
0.0,0.0
0.0,0.0
0.0,0.0
0.0,0.0
0.0,0.0
0.0,0.0
0.0,0.0
0.0,0.0
-6.643707275390625,35.90591812133789
-17.55546760559082,22.222211837768555
0.0,0.0
0.0,0.0
0.0,0.0
0.0,0.0
0.0,0.0
0.0,0.0
-6.616182804107666,33.79080581665039
-17.7777099609375,22.222211837768555
0.0,0.0
0.0,0.0
0.0,0.0
0.0,0.0
0.0,0.0
0.0,0.0
0.0,0.0
0.0,0.0
0.0,0.0
0.0,0.0
0.0,0.0
0.0,0.0
0.0,0.0
0.0,0.0
0.0,0.0
0.0,0.0
0.0,0.0
0.0,0.0
0.0,0.0
0.0,0.0
0.0,0.0
0.0,0.0
0.0,0.0
0.0,0.0
0.0,0.0
0.0,0.0
0.0,0.0
0.0,0.0
0.0,0.0
0.0,0.0
0.0,0.0
0.0,0.0
0.0,0.0
0.0,0.0
0.0,0.0
0.0,0.0
0.0,0.0
0.0,0.0
0.0,0.0
0.0,0.0
0.0,0.0
0.0,0.0
0.0,0.0
0.0,0.0
0.0,0.0
0.0,0.0
0.0,0.0
0.0,0.0
0.0,0.0
0.0,0.0
0.0,0.0
0.0,0.0
0.0,0.0
0.0,0.0
0.0,0.0
0.0,0.0
0.0,0.0
0.0,0.0
0.0,0.0
0.0,0.0
0.0,0.0
0.0,0.0
0.0,0.0
0.0,0.0
0.0,0.0
0.0,0.0
0.0,0.0
0.0,0.0
-6.6570587158203125,33.33331298828125
-3.799999952316284,12.71267032623291
-5.983486652374268,33.33320236206055
-2.0,2.0
0.0,0.0
0.0,0.0
0.0,0.0
0.0,0.0
-6.6683268547058105,33.33331298828125
-6.629714012145996,21.477014541625977
-3.8161282539367676,32.972869873046875
0.0,0.0
0.0,0.0
0.0,0.0
0.0,0.0
0.0,0.0
-6.652196407318115,33.33331298828125
-5.2678985595703125,14.347362518310547
-6.636208534240723,33.333370208740234
-15.022685050964355,22.200862884521484
0.0,0.0
0.0,0.0
0.0,0.0
0.0,0.0
-6.6663947105407715,33.33331298828125
-7.955385684967041,21.477014541625977
-6.666652202606201,33.333370208740234
-14.274799346923828,22.222211837768555
0.0,0.0
0.0,0.0
0.0,0.0
0.0,0.0
-5.9561309814453125,33.333351135253906
-5.33216667175293,15.056099891662598
-5.8688249588012695,33.33324432373047
-2.0,2.0
-3.1187169551849365,25.962085723876953
0.0,0.0
0.0,0.0
0.0,0.0
-6.664924621582031,33.33331298828125
-5.27652645111084,19.155624389648438
-4.62689733505249,32.1049690246582
0.0,0.0
-2.510974645614624,29.14742660522461
0.0,0.0
0.0,0.0
0.0,0.0
-5.523741245269775,33.333351135253906
-6.823237895965576,15.701050758361816
-6.439399719238281,35.518245697021484
-14.374898910522461,22.22088050842285
-2.6008570194244385,25.962085723876953
0.0,0.0
-1.184963345527649,66.08942413330078
0.0,0.0
-6.668173789978027,33.33331298828125
-3.6728732585906982,20.7801456451416
-6.394068717956543,33.33338165283203
-13.400686264038086,22.22219467163086
-0.5519202947616577,73.08824157714844
0.0,0.0
36.95240020751953,38.44913101196289
0.0,0.0
0.0,0.0
0.0,0.0
0.0,0.0
0.0,0.0
0.0,0.0
0.0,0.0
0.0,0.0
0.0,0.0
0.0,0.0
0.0,0.0
0.0,0.0
0.0,0.0
0.0,0.0
0.0,0.0
0.0,0.0
0.0,0.0
0.0,0.0
0.0,0.0
0.0,0.0
0.0,0.0
0.0,0.0
0.0,0.0
0.0,0.0
0.0,0.0
0.0,0.0
0.0,0.0
0.0,0.0
0.0,0.0
0.0,0.0
0.0,0.0
0.0,0.0
0.0,0.0
0.0,0.0
0.0,0.0
0.0,0.0
0.0,0.0
0.0,0.0
0.0,0.0
0.0,0.0
0.0,0.0
0.0,0.0
0.0,0.0
0.0,0.0
0.0,0.0
0.0,0.0
0.0,0.0
0.0,0.0
0.0,0.0
0.0,0.0
0.0,0.0
0.0,0.0
0.0,0.0
0.0,0.0
0.0,0.0
0.0,0.0
0.0,0.0
0.0,0.0
0.0,0.0
0.0,0.0
0.0,0.0
0.0,0.0
0.0,0.0
0.0,0.0
0.0,0.0
0.0,0.0
0.0,0.0
0.0,20.352794647216797
0.0,0.0
0.0,0.0
0.0,0.0
0.0,0.0
0.0,0.0
-5.706624507904053,33.332794189453125
0.0,0.0
-0.8559564352035522,19.069005966186523
0.0,0.0
0.0,0.0
0.0,0.0
0.0,0.0
0.0,0.0
0.0,0.0
0.0,0.0
-6.666788578033447,33.33214569091797
0.0,0.0
0.0,0.0
0.0,0.0
0.0,0.0
0.0,0.0
-5.736640930175781,33.30629348754883
0.0,0.0
-6.666677474975586,33.33324432373047
0.0,0.0
0.0,0.0
0.0,0.0
0.0,0.0
0.0,0.0
0.0,0.0
0.0,0.0
0.0,0.0
0.0,0.0
0.0,0.0
0.0,0.0
0.0,0.0
0.0,0.0
-1.0,0.0
0.0,0.0
-1.0,0.0
0.0,0.0
0.0,0.0
0.0,0.0
0.0,0.0
0.0,0.0
0.0,0.0
0.0,0.0
-1.6741584539413452,23.551576614379883
0.0,0.0
0.0,0.0
0.0,0.0
0.0,0.0
0.0,0.0
0.0,0.0
0.0,0.0
-5.421314239501953,33.33326721191406
0.0,0.0
0.0,0.0
0.0,0.0
0.0,0.0
0.0,0.0
0.0,0.0
0.0,0.0
0.0,0.0
0.0,0.0
0.0,0.0
0.0,0.0
0.0,0.0
0.0,0.0
0.0,0.0
0.0,0.0
0.0,0.0
0.0,0.0
0.0,0.0
0.0,0.0
0.0,0.0
0.0,0.0
0.0,0.0
0.0,0.0
0.0,0.0
0.0,0.0
0.0,0.0
0.0,0.0
0.0,0.0
0.0,0.0
0.0,0.0
0.0,0.0
0.0,0.0
0.0,0.0
0.0,0.0
0.0,0.0
0.0,0.0
0.0,0.0
0.0,0.0
0.0,0.0
0.0,0.0
0.0,0.0
0.0,0.0
0.0,0.0
0.0,0.0
0.0,0.0
0.0,0.0
0.0,0.0
0.0,0.0
0.0,0.0
0.0,0.0
0.0,0.0
0.0,0.0
0.0,0.0
0.0,0.0
0.0,0.0
0.0,0.0
0.0,0.0
0.0,0.0
0.0,0.0
0.0,0.0
0.0,0.0
0.0,0.0
0.0,0.0
0.0,0.0
0.0,0.0
0.0,0.0
0.0,0.0
0.0,0.0
0.0,0.0
