-10.965156555175781,8.383332252502441
0.0,0.0
0.0,0.0
0.0,0.0
0.0,0.0
0.0,0.0
0.0,0.0
0.0,0.0
0.0,0.0
0.0,0.0
0.0,0.0
0.0,0.0
0.0,0.0
0.0,0.0
0.0,0.0
0.0,0.0
0.0,0.0
0.0,0.0
-7.65987491607666,15.816107749938965
-19.989849090576172,0.0
0.0,0.0
0.0,0.0
0.0,0.0
0.0,0.0
0.0,0.0
0.0,0.0
2.810264825820923,15.30993366241455
-15.424642562866211,0.0
0.0,0.0
0.0,0.0
0.0,0.0
0.0,0.0
0.0,0.0
0.0,0.0
0.0,0.0
0.0,0.0
0.0,0.0
0.0,0.0
0.0,0.0
0.0,0.0
0.0,0.0
0.0,0.0
0.0,0.0
0.0,0.0
0.0,0.0
0.0,0.0
0.0,0.0
0.0,0.0
0.0,0.0
0.0,0.0
-8.889708518981934,11.109283447265625
-5.420000076293945,0.0
0.0,0.0
0.0,0.0
-8.873291969299316,11.030345916748047
0.0,0.0
0.0,0.0
0.0,0.0
-8.890853881835938,11.104989051818848
0.0,0.0
0.0,0.0
0.0,0.0
-8.226922988891602,11.100595474243164
0.0,0.0
0.0,0.0
0.0,0.0
0.0,0.0
0.0,0.0
0.0,0.0
0.0,0.0
0.0,0.0
0.0,0.0
0.0,0.0
0.0,0.0
0.0,0.0
0.0,0.0
0.0,0.0
0.0,0.0
0.0,0.0
0.0,0.0
0.0,0.0
0.0,0.0
-8.942851066589355,11.1109037399292
-17.62184715270996,-0.20775151252746582
0.0,0.0
0.0,0.0
-7.911083221435547,11.103314399719238
-5.420000076293945,0.0
0.0,0.0
0.0,0.0
-8.977295875549316,9.251652717590332
-5.647817134857178,0.08896943181753159
0.0,0.0
0.0,0.0
-8.285568237304688,11.111032485961914
-14.315922737121582,0.7606537938117981
0.0,0.0
0.0,0.0
0.0,0.0
0.0,0.0
0.0,0.0
0.0,0.0
0.0,0.0
0.0,0.0
0.0,0.0
0.0,0.0
0.0,0.0
0.0,0.0
0.0,0.0
0.0,0.0
0.0,0.0
0.0,0.0
0.0,0.0
0.0,0.0
-8.496933937072754,11.022107124328613
-9.371179580688477,0.0
0.0,0.0
0.0,0.0
-3.359628915786743,4.700135707855225
-6.878000259399414,0.0
0.0,0.0
0.0,0.0
-8.928576469421387,10.938812255859375
-11.784080505371094,124.49015808105469
0.0,0.0
0.0,0.0
-8.53334903717041,11.111105918884277
-13.48532772064209,-0.2670927047729492
0.0,0.0
0.0,0.0
0.0,0.0
0.0,0.0
0.0,0.0
0.0,0.0
0.0,0.0
0.0,0.0
0.0,0.0
0.0,0.0
0.0,0.0
0.0,0.0
0.0,0.0
0.0,0.0
0.0,0.0
0.0,0.0
0.0,0.0
0.0,0.0
-6.678024768829346,13.843428611755371
-19.046985626220703,12.04226016998291
0.0,0.0
0.0,0.0
0.0,0.0
0.0,0.0
0.0,0.0
0.0,0.0
-8.199564933776855,14.426560401916504
-19.964061737060547,0.0
0.0,0.0
0.0,0.0
-4.852662086486816,10.240397453308105
0.0,0.0
0.0,0.0
0.0,0.0
0.0,0.0
0.0,0.0
0.0,0.0
0.0,0.0
0.0,0.0
0.0,0.0
0.0,0.0
0.0,0.0
0.0,0.0
0.0,0.0
0.0,0.0
0.0,0.0
0.0,0.0
0.0,0.0
0.0,0.0
0.0,0.0
0.0,0.0
0.0,0.0
0.0,0.0
0.0,0.0
0.0,0.0
0.0,0.0
0.0,0.0
0.0,0.0
0.0,0.0
0.0,0.0
0.0,0.0
0.0,0.0
0.0,0.0
0.0,0.0
0.0,0.0
0.0,0.0
0.0,0.0
0.0,0.0
0.0,0.0
0.0,0.0
0.0,0.0
0.0,0.0
0.0,0.0
0.0,0.0
0.0,0.0
0.0,0.0
0.0,0.0
0.0,0.0
0.0,0.0
0.0,0.0
0.0,0.0
0.0,0.0
-8.912102699279785,10.87841796875
-19.960439682006836,4.422887566173789e-14
0.0,0.0
0.0,0.0
0.0,0.0
0.0,0.0
0.0,0.0
0.0,0.0
-8.936326026916504,10.637857437133789
-9.897929191589355,104.30358123779297
0.0,0.0
0.0,0.0
-9.313033103942871,7.830764293670654
-3.799999952316284,200.0
0.0,0.0
0.0,0.0
0.0,0.0
0.0,0.0
0.0,0.0
0.0,0.0
0.0,0.0
0.0,0.0
0.0,0.0
0.0,0.0
0.0,0.0
0.0,0.0
0.0,0.0
0.0,0.0
0.0,0.0
0.0,0.0
0.0,0.0
0.0,0.0
-8.89037799835205,11.111104965209961
-2.0,0.0
0.0,0.0
0.0,0.0
0.0,0.0
0.0,0.0
0.0,0.0
0.0,0.0
-8.91541862487793,10.96496868133545
-10.43812084197998,23.21212387084961
0.0,0.0
0.0,0.0
-9.227370262145996,6.903375625610352
-2.0,200.0
0.0,0.0
0.0,0.0
0.0,0.0
0.0,0.0
0.0,0.0
0.0,0.0
0.0,0.0
0.0,0.0
0.0,0.0
0.0,0.0
0.0,0.0
0.0,0.0
0.0,0.0
0.0,0.0
0.0,0.0
0.0,0.0
0.0,0.0
0.0,0.0
0.0,0.0
0.0,0.0
0.0,0.0
0.0,0.0
0.0,0.0
0.0,0.0
0.0,0.0
0.0,0.0
0.0,0.0
0.0,0.0
0.0,0.0
0.0,0.0
0.0,0.0
0.0,0.0
0.0,0.0
0.0,0.0
0.0,0.0
0.0,0.0
0.0,0.0
0.0,0.0
0.0,0.0
0.0,0.0
0.0,0.0
0.0,0.0
0.0,0.0
0.0,0.0
0.0,0.0
0.0,0.0
0.0,0.0
0.0,0.0
0.0,0.0
0.0,0.0
0.0,0.0
0.0,0.0
0.0,0.0
0.0,0.0
0.0,0.0
0.0,0.0
0.0,0.0
0.0,0.0
0.0,0.0
0.0,0.0
0.0,0.0
0.0,0.0
0.0,0.0
0.0,0.0
-9.425344467163086,8.71379566192627
-16.451066970825195,9.584667205810547
33.33331298828125,-11.148274421691895
15.701050758361816,-3.9618000984191895
0.0,0.0
0.0,0.0
10.47501277923584,0.0
2.0,0.0
-9.715385437011719,3.3053531646728516
-20.735427856445312,-8.705461502075195
33.33331298828125,-6.980537414550781
18.5190486907959,-4.565644264221191
0.0,0.0
0.0,0.0
14.40435791015625,0.0
2.0,0.0
0.0,0.0
0.0,0.0
31.703271865844727,-9.856037139892578
11.772165298461914,-1.995965838432312
0.0,0.0
0.0,0.0
16.10796546936035,0.0
2.0,0.0
0.0,0.0
0.0,0.0
33.33331298828125,-14.173171043395996
103.24915313720703,-3.9164516925811768
0.0,0.0
0.0,0.0
25.233060836791992,0.0
8.354841232299805,-5.907238006591797
-3.209024429321289,37.35444259643555
-3.4658560752868652,6.587110996246338
33.33331298828125,-18.00415802001953
6.983342170715332,-1.4673163890838623
-6.02206563949585,80.3582534790039
-6.947150230407715,35.64554214477539
5.730000019073486,-3.0
3.819999933242798,0.0
-3.0688154697418213,78.87416076660156
-17.809734344482422,66.99351501464844
33.33331298828125,-19.276561737060547
17.30805778503418,-6.035910129547119
-2.897282123565674,49.18601989746094
-13.902568817138672,26.022422790527344
27.778573989868164,-2.8746774196624756
8.354841232299805,0.0
0.0,0.0
0.0,0.0
24.431934356689453,-5.361368179321289
2.0,0.0
0.0,0.0
0.0,0.0
12.532261848449707,0.0
0.0,0.0
0.0,0.0
0.0,0.0
33.33131408691406,-21.295391082763672
15.701050758361816,-7.438526153564453
0.0,0.0
0.0,0.0
30.72119140625,-7.536273956298828
6.983342170715332,-4.735786437988281
0.0,0.0
0.0,0.0
0.0,0.0
0.0,0.0
0.0,0.0
0.0,0.0
0.0,0.0
0.0,0.0
0.0,0.0
0.0,0.0
0.0,0.0
0.0,0.0
0.0,0.0
0.0,0.0
0.0,0.0
0.0,0.0
0.0,0.0
0.0,0.0
0.0,0.0
0.0,0.0
0.0,0.0
0.0,0.0
0.0,0.0
0.0,0.0
0.0,0.0
0.0,0.0
0.0,0.0
0.0,0.0
0.0,0.0
0.0,0.0
0.0,0.0
0.0,0.0
0.0,0.0
0.0,0.0
0.0,0.0
0.0,0.0
0.0,0.0
0.0,0.0
0.0,0.0
0.0,0.0
0.0,0.0
0.0,0.0
0.0,0.0
0.0,0.0
0.0,0.0
0.0,0.0
0.0,0.0
0.0,0.0
0.0,0.0
0.0,0.0
0.0,0.0
0.0,0.0
0.0,0.0
0.0,0.0
0.0,0.0
0.0,0.0
0.0,0.0
0.0,0.0
0.0,0.0
0.0,0.0
0.0,0.0
0.0,0.0
0.0,0.0
0.0,0.0
0.0,0.0
0.0,0.0
-9.030617713928223,4.525768280029297
0.0,0.0
0.0,0.0
0.0,0.0
0.0,0.0
0.0,0.0
33.33331298828125,25.984437942504883
0.0,0.0
33.33331298828125,15.631831169128418
0.0,0.0
0.0,0.0
0.0,0.0
3.1253225803375244,25.233060836791992
0.0,0.0
0.0,0.0
0.0,0.0
-10.16712474822998,-1.6716591119766235
0.0,0.0
0.0,0.0
0.0,0.0
0.0,0.0
0.0,0.0
16.10796546936035,-3.0
0.0,0.0
33.33331298828125,-17.584728240966797
0.0,0.0
0.0,0.0
0.0,0.0
33.33331298828125,8.692970275878906
0.0,0.0
0.0,0.0
0.0,0.0
-7.44743537902832,10.593015670776367
0.0,0.0
0.0,0.0
0.0,0.0
0.0,0.0
0.0,0.0
33.33331298828125,21.65609359741211
0.0,0.0
33.33331298828125,27.028398513793945
0.0,0.0
0.0,0.0
0.0,0.0
0.0,12.532261848449707
0.0,0.0
0.0,0.0
0.0,0.0
-8.755704879760742,11.10970687866211
0.0,0.0
0.0,0.0
0.0,0.0
0.0,0.0
0.0,0.0
8.214300155639648,-5.6427001953125
0.0,0.0
33.33331298828125,-19.554697036743164
0.0,0.0
0.0,0.0
0.0,0.0
33.33039474487305,-3.147416353225708
0.0,0.0
0.0,0.0
0.0,0.0
0.0,0.0
0.0,0.0
0.0,0.0
0.0,0.0
0.0,0.0
0.0,0.0
0.0,0.0
0.0,0.0
0.0,0.0
0.0,0.0
0.0,0.0
0.0,0.0
0.0,0.0
0.0,0.0
0.0,0.0
0.0,0.0
-4.366592884063721,47.13790512084961
-16.614835739135742,22.79400634765625
0.0,0.0
0.0,0.0
0.0,0.0
0.0,0.0
0.0,0.0
0.0,0.0
6.998924255371094,53.82228088378906
-14.127946853637695,26.28236961364746
0.0,0.0
0.0,0.0
0.0,0.0
0.0,0.0
0.0,0.0
0.0,0.0
0.0,0.0
0.0,0.0
0.0,0.0
0.0,0.0
0.0,0.0
0.0,0.0
0.0,0.0
0.0,0.0
0.0,0.0
0.0,0.0
0.0,0.0
0.0,0.0
0.0,0.0
0.0,0.0
0.0,0.0
0.0,0.0
-2.1955854892730713,95.21720886230469
-11.244680404663086,25.063650131225586
0.0,0.0
0.0,0.0
175.72425842285156,675.9430541992188
0.0,0.0
0.0,0.0
0.0,0.0
14.207892417907715,69.17505645751953
-13.648138046264648,51.066471099853516
0.0,0.0
0.0,0.0
524.31103515625,5.7209672927856445
0.0,0.0
0.0,0.0
0.0,0.0
0.0,0.0
0.0,0.0
0.0,0.0
0.0,0.0
0.0,0.0
0.0,0.0
0.0,0.0
0.0,0.0
0.0,0.0
0.0,0.0
0.0,0.0
0.0,0.0
0.0,0.0
0.0,0.0
0.0,0.0
0.0,0.0
0.0,0.0
0.0,0.0
0.0,0.0
0.0,0.0
0.0,0.0
0.0,0.0
0.0,0.0
0.0,0.0
0.0,0.0
0.0,0.0
0.0,0.0
0.0,0.0
0.0,0.0
0.0,0.0
0.0,0.0
0.0,0.0
0.0,0.0
0.0,0.0
0.0,0.0
0.0,0.0
0.0,0.0
0.0,0.0
0.0,0.0
0.0,0.0
0.0,0.0
0.0,0.0
0.0,0.0
0.0,0.0
0.0,0.0
0.0,0.0
0.0,0.0
0.0,0.0
0.0,0.0
0.0,0.0
0.0,0.0
0.0,0.0
0.0,0.0
0.0,0.0
0.0,0.0
0.0,0.0
0.0,0.0
0.0,0.0
0.0,0.0
0.0,0.0
0.0,0.0
0.0,0.0
0.0,0.0
0.0,0.0
0.0,0.0
0.0,0.0
0.0,0.0
0.0,0.0
0.0,0.0
0.0,0.0
0.0,0.0
0.0,0.0
0.0,0.0
0.0,0.0
0.0,0.0
0.0,0.0
0.0,0.0
0.0,0.0
0.0,0.0
0.0,0.0
-6.666658401489258,33.333396911621094
-17.005535125732422,220.22238159179688
0.0,0.0
0.0,0.0
0.0,0.0
0.0,0.0
0.0,0.0
0.0,0.0
-6.6666483879089355,33.33348846435547
-17.739429473876953,115.33221435546875
0.0,0.0
0.0,0.0
0.0,0.0
0.0,0.0
0.0,0.0
0.0,0.0
0.0,0.0
0.0,0.0
0.0,0.0
0.0,0.0
0.0,0.0
0.0,0.0
0.0,0.0
0.0,0.0
0.0,0.0
0.0,0.0
0.0,0.0
0.0,0.0
0.0,0.0
0.0,0.0
0.0,0.0
0.0,0.0
-4.77948522567749,34.088260650634766
-13.5298433303833,22.221302032470703
0.0,0.0
0.0,0.0
0.0,0.0
0.0,0.0
0.0,0.0
0.0,0.0
-6.66665506362915,33.33341979980469
-17.759580612182617,22.222211837768555
0.0,0.0
0.0,0.0
0.0,0.0
0.0,0.0
0.0,0.0
0.0,0.0
0.0,0.0
0.0,0.0
0.0,0.0
0.0,0.0
0.0,0.0
0.0,0.0
0.0,0.0
0.0,0.0
0.0,0.0
0.0,0.0
0.0,0.0
0.0,0.0
0.0,0.0
0.0,0.0
0.0,0.0
0.0,0.0
0.0,0.0
0.0,0.0
0.0,0.0
0.0,0.0
0.0,0.0
0.0,0.0
0.0,0.0
0.0,0.0
0.0,0.0
0.0,0.0
0.0,0.0
0.0,0.0
0.0,0.0
0.0,0.0
0.0,0.0
0.0,0.0
0.0,0.0
0.0,0.0
0.0,0.0
0.0,0.0
0.0,0.0
0.0,0.0
0.0,0.0
0.0,0.0
0.0,0.0
0.0,0.0
0.0,0.0
0.0,0.0
0.0,0.0
0.0,0.0
0.0,0.0
0.0,0.0
0.0,0.0
0.0,0.0
0.0,0.0
0.0,0.0
0.0,0.0
0.0,0.0
0.0,0.0
0.0,0.0
0.0,0.0
0.0,0.0
0.0,0.0
0.0,0.0
0.0,0.0
0.0,0.0
-6.414790630340576,33.33331298828125
-3.799999952316284,3.819999933242798
-5.623985290527344,33.253623962402344
-2.0,0.0
0.0,0.0
0.0,0.0
0.0,0.0
0.0,0.0
-6.668331146240234,33.33331298828125
-6.629714012145996,17.75033187866211
-2.2281696796417236,28.733436584472656
0.0,0.0
0.0,0.0
0.0,0.0
0.0,0.0
0.0,0.0
-6.4650774002075195,33.33331298828125
-3.7618000507354736,6.983342170715332
-6.666666507720947,33.33331298828125
-13.575883865356445,21.949649810791016
0.0,0.0
0.0,0.0
0.0,0.0
0.0,0.0
-6.643794059753418,33.33331298828125
-7.955385684967041,17.30805778503418
-6.181717395782471,57.34366226196289
-12.438682556152344,22.221111297607422
0.0,0.0
0.0,0.0
0.0,0.0
0.0,0.0
-6.559665203094482,33.332088470458984
-5.33216667175293,9.6029052734375
-5.315113544464111,33.27867126464844
-2.0,0.0
-1.8427000045776367,10.47501277923584
0.0,0.0
0.0,0.0
0.0,0.0
-6.012147903442383,33.333351135253906
-3.799999952316284,13.568530082702637
-3.449697494506836,25.233060836791992
0.0,0.0
-2.510974645614624,17.658248901367188
0.0,0.0
0.0,0.0
0.0,0.0
-6.607829570770264,33.33198165893555
-6.823237895965576,8.354841232299805
-6.666670799255371,33.33331298828125
-12.589239120483398,21.837127685546875
-1.8700000047683716,8.214300155639648
0.0,0.0
-2.3242504596710205,29.14742660522461
0.0,0.0
-6.238341331481934,33.334266662597656
-3.6728732585906982,15.701050758361816
-6.405806541442871,33.333351135253906
-11.773214340209961,22.1638240814209
-0.5519202947616577,196.92825317382812
0.0,0.0
122.05006408691406,128.6849365234375
0.0,0.0
0.0,0.0
0.0,0.0
0.0,0.0
0.0,0.0
0.0,0.0
0.0,0.0
0.0,0.0
0.0,0.0
0.0,0.0
0.0,0.0
0.0,0.0
0.0,0.0
0.0,0.0
0.0,0.0
0.0,0.0
0.0,0.0
0.0,0.0
0.0,0.0
0.0,0.0
0.0,0.0
0.0,0.0
0.0,0.0
0.0,0.0
0.0,0.0
0.0,0.0
0.0,0.0
0.0,0.0
0.0,0.0
0.0,0.0
0.0,0.0
0.0,0.0
0.0,0.0
0.0,0.0
0.0,0.0
0.0,0.0
0.0,0.0
0.0,0.0
0.0,0.0
0.0,0.0
0.0,0.0
0.0,0.0
0.0,0.0
0.0,0.0
0.0,0.0
0.0,0.0
0.0,0.0
0.0,0.0
0.0,0.0
0.0,0.0
0.0,0.0
0.0,0.0
0.0,0.0
0.0,0.0
0.0,0.0
0.0,0.0
0.0,0.0
0.0,0.0
0.0,0.0
0.0,0.0
0.0,0.0
0.0,0.0
0.0,0.0
0.0,0.0
0.0,0.0
0.0,0.0
0.0,0.0
0.0,10.47501277923584
0.0,0.0
0.0,0.0
0.0,0.0
0.0,0.0
0.0,0.0
-4.434323787689209,33.205596923828125
0.0,0.0
-0.8559564352035522,14.40435791015625
0.0,0.0
0.0,0.0
0.0,0.0
0.0,0.0
0.0,0.0
0.0,0.0
0.0,0.0
-6.699437618255615,33.31858825683594
0.0,0.0
0.0,0.0
0.0,0.0
0.0,0.0
0.0,0.0
-4.851257801055908,33.283592224121094
0.0,0.0
-6.666666507720947,33.33331298828125
0.0,0.0
0.0,0.0
0.0,0.0
0.0,0.0
0.0,0.0
0.0,0.0
0.0,0.0
0.0,0.0
0.0,0.0
0.0,0.0
0.0,0.0
0.0,0.0
0.0,0.0
0.0,0.0
0.0,0.0
0.0,0.0
0.0,0.0
0.0,0.0
0.0,0.0
0.0,0.0
0.0,0.0
0.0,0.0
0.0,0.0
-1.0,5.730000019073486
0.0,0.0
0.0,0.0
0.0,0.0
0.0,0.0
0.0,0.0
0.0,0.0
0.0,0.0
-4.322502136230469,33.14706039428711
0.0,0.0
0.0,0.0
0.0,0.0
0.0,0.0
0.0,0.0
0.0,0.0
0.0,0.0
0.0,0.0
0.0,0.0
0.0,0.0
0.0,0.0
0.0,0.0
0.0,0.0
0.0,0.0
0.0,0.0
0.0,0.0
0.0,0.0
0.0,0.0
0.0,0.0
0.0,0.0
0.0,0.0
0.0,0.0
0.0,0.0
0.0,0.0
0.0,0.0
0.0,0.0
0.0,0.0
0.0,0.0
0.0,0.0
0.0,0.0
0.0,0.0
0.0,0.0
0.0,0.0
0.0,0.0
0.0,0.0
0.0,0.0
0.0,0.0
0.0,0.0
0.0,0.0
0.0,0.0
0.0,0.0
0.0,0.0
0.0,0.0
0.0,0.0
0.0,0.0
0.0,0.0
0.0,0.0
0.0,0.0
0.0,0.0
0.0,0.0
0.0,0.0
0.0,0.0
0.0,0.0
0.0,0.0
0.0,0.0
0.0,0.0
0.0,0.0
0.0,0.0
0.0,0.0
0.0,0.0
0.0,0.0
0.0,0.0
0.0,0.0
0.0,0.0
0.0,0.0
0.0,0.0
0.0,0.0
0.0,0.0
0.0,0.0
