-11.868861198425293,20.988235473632812
0.0,0.0
0.0,0.0
0.0,0.0
0.0,0.0
0.0,0.0
0.0,0.0
0.0,0.0
0.0,0.0
0.0,0.0
0.0,0.0
0.0,0.0
0.0,0.0
0.0,0.0
0.0,0.0
0.0,0.0
0.0,0.0
0.0,0.0
-7.547667980194092,22.555479049682617
-14.932526588439941,33.34214782714844
0.0,0.0
0.0,0.0
0.0,0.0
0.0,0.0
0.0,0.0
0.0,0.0
-6.223669052124023,22.589611053466797
-13.037089347839355,76.13287353515625
0.0,0.0
0.0,0.0
0.0,0.0
0.0,0.0
0.0,0.0
0.0,0.0
0.0,0.0
0.0,0.0
0.0,0.0
0.0,0.0
0.0,0.0
0.0,0.0
0.0,0.0
0.0,0.0
0.0,0.0
0.0,0.0
0.0,0.0
0.0,0.0
0.0,0.0
0.0,0.0
0.0,0.0
0.0,0.0
-7.817094802856445,22.203628540039062
-16.075397491455078,33.33331298828125
0.0,0.0
0.0,0.0
-7.8359270095825195,22.221965789794922
-2.0,17.658248901367188
0.0,0.0
0.0,0.0
-7.81982946395874,22.205659866333008
-13.56506061553955,33.33328628540039
0.0,0.0
0.0,0.0
-7.731562614440918,22.222211837768555
0.0,0.0
0.0,0.0
0.0,0.0
0.0,0.0
0.0,0.0
0.0,0.0
0.0,0.0
0.0,0.0
0.0,0.0
0.0,0.0
0.0,0.0
0.0,0.0
0.0,0.0
0.0,0.0
0.0,0.0
0.0,0.0
0.0,0.0
0.0,0.0
0.0,0.0
-7.843451023101807,22.222211837768555
-10.531570434570312,33.33039474487305
0.0,0.0
0.0,0.0
-7.636570930480957,22.179168701171875
-3.638920307159424,23.551576614379883
0.0,0.0
0.0,0.0
-7.793720722198486,22.222211837768555
-11.460679054260254,33.35443115234375
0.0,0.0
0.0,0.0
-7.661813735961914,22.17023277282715
7.81589412689209,546.4437255859375
0.0,0.0
0.0,0.0
0.0,0.0
0.0,0.0
0.0,0.0
0.0,0.0
0.0,0.0
0.0,0.0
0.0,0.0
0.0,0.0
0.0,0.0
0.0,0.0
0.0,0.0
0.0,0.0
0.0,0.0
0.0,0.0
0.0,0.0
0.0,0.0
-7.811069965362549,22.217796325683594
-14.258452415466309,33.33331298828125
0.0,0.0
0.0,0.0
-2.556314706802368,19.431617736816406
-12.254148483276367,33.30508804321289
0.0,0.0
0.0,0.0
-7.780669212341309,22.222204208374023
15.256694793701172,93.2072982788086
0.0,0.0
0.0,0.0
-7.822712421417236,21.358081817626953
-1.926265835762024,84.04135131835938
0.0,0.0
0.0,0.0
0.0,0.0
0.0,0.0
0.0,0.0
0.0,0.0
0.0,0.0
0.0,0.0
0.0,0.0
0.0,0.0
0.0,0.0
0.0,0.0
0.0,0.0
0.0,0.0
0.0,0.0
0.0,0.0
0.0,0.0
0.0,0.0
-7.563020706176758,22.33379554748535
31.209854125976562,64.5231704711914
0.0,0.0
0.0,0.0
0.0,0.0
0.0,0.0
0.0,0.0
0.0,0.0
-6.7955403327941895,22.50922966003418
-16.665605545043945,33.33331298828125
0.0,0.0
0.0,0.0
-5.640654563903809,22.158048629760742
0.0,0.0
0.0,0.0
0.0,0.0
0.0,0.0
0.0,0.0
0.0,0.0
0.0,0.0
0.0,0.0
0.0,0.0
0.0,0.0
0.0,0.0
0.0,0.0
0.0,0.0
0.0,0.0
0.0,0.0
0.0,0.0
0.0,0.0
0.0,0.0
0.0,0.0
-7.780407428741455,22.207529067993164
-2.0,3.0
0.0,0.0
0.0,0.0
0.0,0.0
0.0,0.0
0.0,0.0
0.0,0.0
-7.77931022644043,22.211671829223633
-13.135008811950684,33.33331298828125
0.0,0.0
0.0,0.0
0.0,0.0
0.0,0.0
0.0,0.0
0.0,0.0
0.0,0.0
0.0,0.0
0.0,0.0
0.0,0.0
0.0,0.0
0.0,0.0
0.0,0.0
0.0,0.0
0.0,0.0
0.0,0.0
0.0,0.0
0.0,0.0
0.0,0.0
0.0,0.0
0.0,0.0
0.0,0.0
-7.808923244476318,21.910451889038086
-8.036221504211426,50.13832473754883
0.0,0.0
0.0,0.0
0.0,0.0
0.0,0.0
0.0,0.0
0.0,0.0
-7.854375839233398,21.45598602294922
24.084714889526367,116.55608367919922
0.0,0.0
0.0,0.0
-8.327220916748047,18.022079467773438
-4.9817705154418945,207.29144287109375
0.0,0.0
0.0,0.0
0.0,0.0
0.0,0.0
0.0,0.0
0.0,0.0
0.0,0.0
0.0,0.0
0.0,0.0
0.0,0.0
0.0,0.0
0.0,0.0
0.0,0.0
0.0,0.0
0.0,0.0
0.0,0.0
0.0,0.0
0.0,0.0
-7.795584201812744,22.181455612182617
-2.0,21.52104377746582
0.0,0.0
0.0,0.0
0.0,0.0
0.0,0.0
0.0,0.0
0.0,0.0
-7.871275424957275,21.284181594848633
77.00117492675781,224.9444122314453
0.0,0.0
0.0,0.0
-8.270014762878418,17.56250762939453
-2.0,10.47501277923584
0.0,0.0
0.0,0.0
0.0,0.0
0.0,0.0
0.0,0.0
0.0,0.0
0.0,0.0
0.0,0.0
0.0,0.0
0.0,0.0
0.0,0.0
0.0,0.0
0.0,0.0
0.0,0.0
0.0,0.0
0.0,0.0
0.0,0.0
0.0,0.0
0.0,0.0
0.0,0.0
0.0,0.0
0.0,0.0
0.0,0.0
0.0,0.0
0.0,0.0
0.0,0.0
0.0,0.0
0.0,0.0
0.0,0.0
0.0,0.0
0.0,0.0
0.0,0.0
0.0,0.0
0.0,0.0
0.0,0.0
0.0,0.0
0.0,0.0
0.0,0.0
0.0,0.0
0.0,0.0
0.0,0.0
0.0,0.0
0.0,0.0
0.0,0.0
0.0,0.0
0.0,0.0
0.0,0.0
0.0,0.0
0.0,0.0
0.0,0.0
0.0,0.0
0.0,0.0
0.0,0.0
0.0,0.0
0.0,0.0
0.0,0.0
0.0,0.0
0.0,0.0
0.0,0.0
0.0,0.0
0.0,0.0
0.0,0.0
0.0,0.0
0.0,0.0
-9.247668266296387,9.719444274902344
0.0,0.0
11.111105918884277,-6.202919960021973
0.0,0.0
-1.0,1.0
0.0,0.0
5.886082649230957,-0.98089998960495
0.0,0.0
-9.366653442382812,4.9168524742126465
0.0,0.0
11.111105918884277,-4.9637885093688965
0.0,0.0
0.0,0.0
0.0,0.0
7.850525379180908,-1.9050573110580444
0.0,0.0
0.0,0.0
0.0,0.0
10.878594398498535,-0.28326117992401123
0.0,0.0
0.0,0.0
0.0,0.0
8.143978118896484,-0.8187723755836487
0.0,0.0
0.0,0.0
0.0,0.0
11.111105918884277,-8.878113746643066
376.7854919433594,0.0
0.0,0.0
0.0,0.0
10.878594398498535,-2.1029582023620605
177.184326171875,11.859421730041504
-94.2970962524414,58.11616897583008
-114.0036849975586,-60.80310821533203
-91.1610107421875,88.26807403564453
-51.28105163574219,89.44549560546875
-97.48397827148438,100.54273223876953
-102.71420288085938,-82.16124725341797
0.0,27.381000518798828
-11.0,64.74691772460938
-96.58746337890625,34.12574768066406
-111.34419250488281,-88.763671875
-93.15794372558594,70.26693725585938
-53.14195251464844,71.5325927734375
-93.87085723876953,60.39470291137695
-113.8558120727539,-66.32861328125
-44.223236083984375,93.2625503540039
-21.010000228881836,44.70307540893555
0.0,0.0
0.0,0.0
-38.31058120727539,90.61088562011719
-20.245622634887695,59.54043197631836
0.0,0.0
0.0,0.0
-10.0,19.100000381469727
-20.790000915527344,59.06254577636719
0.0,0.0
0.0,0.0
-90.12983703613281,107.40277099609375
-57.88002395629883,330.80859375
0.0,0.0
0.0,0.0
-44.653602600097656,28.982036590576172
-11.0,86.35578918457031
0.0,0.0
0.0,0.0
0.0,0.0
0.0,0.0
0.0,0.0
0.0,0.0
0.0,0.0
0.0,0.0
0.0,0.0
0.0,0.0
0.0,0.0
0.0,0.0
0.0,0.0
0.0,0.0
0.0,0.0
0.0,0.0
0.0,0.0
0.0,0.0
0.0,0.0
0.0,0.0
0.0,0.0
0.0,0.0
0.0,0.0
0.0,0.0
0.0,0.0
0.0,0.0
0.0,0.0
0.0,0.0
0.0,0.0
0.0,0.0
0.0,0.0
0.0,0.0
0.0,0.0
0.0,0.0
0.0,0.0
0.0,0.0
0.0,0.0
0.0,0.0
0.0,0.0
0.0,0.0
0.0,0.0
0.0,0.0
0.0,0.0
0.0,0.0
0.0,0.0
0.0,0.0
0.0,0.0
0.0,0.0
0.0,0.0
0.0,0.0
0.0,0.0
0.0,0.0
0.0,0.0
0.0,0.0
0.0,0.0
0.0,0.0
0.0,0.0
0.0,0.0
0.0,0.0
0.0,0.0
0.0,0.0
0.0,0.0
0.0,0.0
0.0,0.0
0.0,0.0
0.0,0.0
-7.333341121673584,7.796707630157471
0.0,0.0
0.0,0.0
0.0,0.0
0.0,0.0
0.0,0.0
11.111105918884277,7.862522602081299
0.0,0.0
11.111105918884277,8.609355926513672
0.0,0.0
0.0,0.0
0.0,0.0
6.007761478424072,10.979202270507812
0.0,0.0
0.0,0.0
0.0,0.0
-10.206533432006836,-2.0654234886169434
0.0,0.0
0.0,0.0
0.0,0.0
0.0,0.0
0.0,0.0
5.886082649230957,-1.913340449333191
0.0,0.0
11.111105918884277,-5.076722621917725
0.0,0.0
0.0,0.0
0.0,0.0
11.111105918884277,-2.5909271240234375
0.0,0.0
0.0,0.0
0.0,0.0
-6.573915004730225,5.556138038635254
0.0,0.0
0.0,0.0
0.0,0.0
0.0,0.0
0.0,0.0
11.111105918884277,3.5146172046661377
0.0,0.0
11.111105918884277,6.041926860809326
0.0,0.0
0.0,0.0
0.0,0.0
1.9349920749664307,7.177575588226318
0.0,0.0
0.0,0.0
0.0,0.0
-9.305766105651855,7.360942840576172
0.0,0.0
0.0,0.0
0.0,0.0
0.0,0.0
0.0,0.0
7.528049945831299,-1.8419544696807861
0.0,0.0
11.111105918884277,-6.722163200378418
0.0,0.0
0.0,0.0
0.0,0.0
11.111105918884277,0.12223745882511139
0.0,0.0
0.0,0.0
0.0,0.0
0.0,0.0
0.0,0.0
0.0,0.0
0.0,0.0
0.0,0.0
0.0,0.0
0.0,0.0
0.0,0.0
0.0,0.0
0.0,0.0
0.0,0.0
0.0,0.0
0.0,0.0
0.0,0.0
0.0,0.0
0.0,0.0
1.9133100509643555,74.42198181152344
-12.818524360656738,66.66671752929688
0.0,0.0
0.0,0.0
0.0,0.0
0.0,0.0
0.0,0.0
0.0,0.0
-2.9627819061279297,69.40215301513672
-9.414175987243652,92.7997817993164
0.0,0.0
0.0,0.0
0.0,0.0
0.0,0.0
0.0,0.0
0.0,0.0
0.0,0.0
0.0,0.0
0.0,0.0
0.0,0.0
0.0,0.0
0.0,0.0
0.0,0.0
0.0,0.0
0.0,0.0
0.0,0.0
0.0,0.0
0.0,0.0
0.0,0.0
0.0,0.0
0.0,0.0
0.0,0.0
14.887642860412598,123.24874114990234
-2.0681490898132324,227.728515625
0.0,0.0
0.0,0.0
2635.135986328125,1095.0272216796875
0.0,0.0
0.0,0.0
0.0,0.0
56.04594802856445,123.237060546875
-6.96755838394165,138.69631958007812
0.0,0.0
0.0,0.0
2001.2115478515625,0.0
500.0,0.0
0.0,0.0
0.0,0.0
0.0,0.0
0.0,0.0
0.0,0.0
0.0,0.0
0.0,0.0
0.0,0.0
0.0,0.0
0.0,0.0
0.0,0.0
0.0,0.0
0.0,0.0
0.0,0.0
0.0,0.0
0.0,0.0
0.0,0.0
0.0,0.0
0.0,0.0
0.0,0.0
0.0,0.0
0.0,0.0
0.0,0.0
0.0,0.0
0.0,0.0
0.0,0.0
0.0,0.0
0.0,0.0
0.0,0.0
0.0,0.0
0.0,0.0
0.0,0.0
0.0,0.0
0.0,0.0
0.0,0.0
0.0,0.0
0.0,0.0
0.0,0.0
0.0,0.0
0.0,0.0
0.0,0.0
0.0,0.0
0.0,0.0
0.0,0.0
0.0,0.0
0.0,0.0
0.0,0.0
0.0,0.0
0.0,0.0
0.0,0.0
0.0,0.0
0.0,0.0
0.0,0.0
0.0,0.0
0.0,0.0
0.0,0.0
0.0,0.0
0.0,0.0
0.0,0.0
0.0,0.0
0.0,0.0
0.0,0.0
0.0,0.0
0.0,0.0
0.0,0.0
0.0,0.0
0.0,0.0
0.0,0.0
0.0,0.0
0.0,0.0
0.0,0.0
0.0,0.0
0.0,0.0
0.0,0.0
0.0,0.0
0.0,0.0
0.0,0.0
0.0,0.0
0.0,0.0
0.0,0.0
0.0,0.0
0.0,0.0
-4.44444465637207,55.55553436279297
-13.329082489013672,66.6666259765625
0.0,0.0
0.0,0.0
0.0,0.0
0.0,0.0
0.0,0.0
0.0,0.0
-4.44444465637207,55.55553436279297
55.31477355957031,66.66670227050781
0.0,0.0
0.0,0.0
0.0,0.0
0.0,0.0
0.0,0.0
0.0,0.0
0.0,0.0
0.0,0.0
0.0,0.0
0.0,0.0
0.0,0.0
0.0,0.0
0.0,0.0
0.0,0.0
0.0,0.0
0.0,0.0
0.0,0.0
0.0,0.0
0.0,0.0
0.0,0.0
0.0,0.0
0.0,0.0
-4.444189071655273,55.55559158325195
-13.314851760864258,66.6666259765625
0.0,0.0
0.0,0.0
0.0,0.0
0.0,0.0
0.0,0.0
0.0,0.0
-4.406869888305664,55.93147659301758
-13.333333015441895,66.6666259765625
0.0,0.0
0.0,0.0
0.0,0.0
0.0,0.0
0.0,0.0
0.0,0.0
0.0,0.0
0.0,0.0
0.0,0.0
0.0,0.0
0.0,0.0
0.0,0.0
0.0,0.0
0.0,0.0
0.0,0.0
0.0,0.0
0.0,0.0
0.0,0.0
0.0,0.0
0.0,0.0
0.0,0.0
0.0,0.0
0.0,0.0
0.0,0.0
0.0,0.0
0.0,0.0
0.0,0.0
0.0,0.0
0.0,0.0
0.0,0.0
0.0,0.0
0.0,0.0
0.0,0.0
0.0,0.0
0.0,0.0
0.0,0.0
0.0,0.0
0.0,0.0
0.0,0.0
0.0,0.0
0.0,0.0
0.0,0.0
0.0,0.0
0.0,0.0
0.0,0.0
0.0,0.0
0.0,0.0
0.0,0.0
0.0,0.0
0.0,0.0
0.0,0.0
0.0,0.0
0.0,0.0
0.0,0.0
0.0,0.0
0.0,0.0
0.0,0.0
0.0,0.0
0.0,0.0
0.0,0.0
0.0,0.0
0.0,0.0
0.0,0.0
0.0,0.0
0.0,0.0
0.0,0.0
0.0,0.0
0.0,0.0
-6.007495880126953,11.110895156860352
0.0,0.0
10.802557945251465,-0.9282631874084473
0.0,0.0
0.0,0.0
0.0,0.0
0.0,0.0
0.0,0.0
-4.240436553955078,11.107444763183594
0.0,0.0
6.784265041351318,-0.9900000095367432
0.0,0.0
0.0,0.0
0.0,0.0
0.0,0.0
0.0,0.0
-6.3659467697143555,11.110411643981934
0.0,0.0
11.111105918884277,-8.888222694396973
0.0,0.0
0.0,0.0
0.0,0.0
0.0,0.0
0.0,0.0
-4.367907524108887,11.10777473449707
0.0,0.0
11.111105918884277,-8.888087272644043
0.0,0.0
0.0,0.0
0.0,0.0
0.0,0.0
0.0,0.0
-88.89073944091797,111.11106872558594
-49.544647216796875,110.65618133544922
-88.88465881347656,111.11106872558594
-20.44048309326172,92.52123260498047
-18.36436653137207,88.75165557861328
0.0,0.0
0.0,0.0
0.0,0.0
-88.88885498046875,111.11106872558594
-53.316261291503906,121.39743041992188
-85.71167755126953,111.11106872558594
-11.0,0.0
-32.83679962158203,103.1876220703125
0.0,0.0
0.0,0.0
0.0,0.0
-88.89664459228516,111.11106872558594
-36.394371032714844,113.50639343261719
-88.8662109375,111.1114273071289
-95.08280944824219,122.22218322753906
-11.900195121765137,555.6195068359375
0.0,0.0
19.19052505493164,246.40716552734375
0.0,0.0
-88.8889389038086,111.11106872558594
-57.280826568603516,121.6006851196289
-88.60128021240234,111.11357879638672
-95.97611999511719,122.22178649902344
-29.859050750732422,166.67298889160156
0.0,0.0
201.66763305664062,525.33251953125
0.0,0.0
0.0,0.0
0.0,0.0
0.0,0.0
0.0,0.0
0.0,0.0
0.0,0.0
0.0,0.0
0.0,0.0
0.0,0.0
0.0,0.0
0.0,0.0
0.0,0.0
0.0,0.0
0.0,0.0
0.0,0.0
0.0,0.0
0.0,0.0
0.0,0.0
0.0,0.0
0.0,0.0
0.0,0.0
0.0,0.0
0.0,0.0
0.0,0.0
0.0,0.0
0.0,0.0
0.0,0.0
0.0,0.0
0.0,0.0
0.0,0.0
0.0,0.0
0.0,0.0
0.0,0.0
0.0,0.0
0.0,0.0
0.0,0.0
0.0,0.0
0.0,0.0
0.0,0.0
0.0,0.0
0.0,0.0
0.0,0.0
0.0,0.0
0.0,0.0
0.0,0.0
0.0,0.0
0.0,0.0
0.0,0.0
0.0,0.0
0.0,0.0
0.0,0.0
0.0,0.0
0.0,0.0
0.0,0.0
0.0,0.0
0.0,0.0
0.0,0.0
0.0,0.0
0.0,0.0
0.0,0.0
0.0,0.0
0.0,0.0
0.0,0.0
0.0,0.0
0.0,0.0
0.0,0.0
-1.0,3.491671085357666
0.0,0.0
0.0,0.0
0.0,0.0
0.0,0.0
0.0,0.0
11.098616600036621,-3.228159189224243
0.0,0.0
8.143978118896484,-1.88100004196167
0.0,0.0
0.0,0.0
0.0,0.0
0.0,0.0
0.0,0.0
0.0,0.0
0.0,0.0
-8.888885498046875,11.111105918884277
0.0,0.0
0.0,0.0
0.0,0.0
0.0,0.0
0.0,0.0
11.099740982055664,-5.552146911621094
0.0,0.0
11.111105918884277,-8.888885498046875
0.0,0.0
0.0,0.0
0.0,0.0
0.0,0.0
0.0,0.0
0.0,0.0
0.0,0.0
0.0,2.738100051879883
0.0,0.0
0.0,0.0
0.0,0.0
0.0,0.0
0.0,0.0
10.3900728225708,-3.187652111053467
0.0,0.0
1.0,-0.9900000095367432
0.0,0.0
0.0,0.0
0.0,0.0
0.0,0.0
0.0,0.0
0.0,0.0
0.0,0.0
-7.475772857666016,11.111100196838379
0.0,0.0
0.0,0.0
0.0,0.0
0.0,0.0
0.0,0.0
10.701656341552734,-3.1834864616394043
0.0,0.0
11.111105918884277,-8.888885498046875
0.0,0.0
0.0,0.0
0.0,0.0
0.0,0.0
0.0,0.0
0.0,0.0
0.0,0.0
0.0,0.0
0.0,0.0
0.0,0.0
0.0,0.0
0.0,0.0
0.0,0.0
0.0,0.0
0.0,0.0
0.0,0.0
0.0,0.0
0.0,0.0
0.0,0.0
0.0,0.0
0.0,0.0
0.0,0.0
0.0,0.0
0.0,0.0
0.0,0.0
0.0,0.0
0.0,0.0
0.0,0.0
0.0,0.0
0.0,0.0
0.0,0.0
0.0,0.0
0.0,0.0
0.0,0.0
0.0,0.0
0.0,0.0
0.0,0.0
0.0,0.0
0.0,0.0
0.0,0.0
0.0,0.0
0.0,0.0
0.0,0.0
0.0,0.0
0.0,0.0
0.0,0.0
0.0,0.0
0.0,0.0
0.0,0.0
0.0,0.0
0.0,0.0
0.0,0.0
0.0,0.0
0.0,0.0
0.0,0.0
0.0,0.0
0.0,0.0
0.0,0.0
0.0,0.0
0.0,0.0
0.0,0.0
0.0,0.0
0.0,0.0
0.0,0.0
0.0,0.0
0.0,0.0
0.0,0.0
0.0,0.0
0.0,0.0
