-10.508371353149414,20.674081802368164
0.0,0.0
0.0,0.0
0.0,0.0
0.0,0.0
0.0,0.0
0.0,0.0
0.0,0.0
0.0,0.0
0.0,0.0
0.0,0.0
0.0,0.0
0.0,0.0
0.0,0.0
0.0,0.0
0.0,0.0
0.0,0.0
0.0,0.0
-6.320876598358154,22.555479049682617
-16.446693420410156,33.33331298828125
0.0,0.0
0.0,0.0
0.0,0.0
0.0,0.0
0.0,0.0
0.0,0.0
-6.94138765335083,22.5893611907959
-11.165719985961914,39.239444732666016
0.0,0.0
0.0,0.0
0.0,0.0
0.0,0.0
0.0,0.0
0.0,0.0
0.0,0.0
0.0,0.0
0.0,0.0
0.0,0.0
0.0,0.0
0.0,0.0
0.0,0.0
0.0,0.0
0.0,0.0
0.0,0.0
0.0,0.0
0.0,0.0
0.0,0.0
0.0,0.0
0.0,0.0
0.0,0.0
-7.779813289642334,22.20364761352539
-15.140495300292969,33.33330154418945
0.0,0.0
0.0,0.0
-7.884409427642822,22.222204208374023
0.0,0.0
0.0,0.0
0.0,0.0
-7.780194282531738,22.20578384399414
-13.22024154663086,33.315704345703125
0.0,0.0
0.0,0.0
-7.706991195678711,22.18822479248047
0.0,0.0
0.0,0.0
0.0,0.0
0.0,0.0
0.0,0.0
0.0,0.0
0.0,0.0
0.0,0.0
0.0,0.0
0.0,0.0
0.0,0.0
0.0,0.0
0.0,0.0
0.0,0.0
0.0,0.0
0.0,0.0
0.0,0.0
0.0,0.0
0.0,0.0
-7.85070276260376,22.206966400146484
-10.531570434570312,33.253623962402344
0.0,0.0
0.0,0.0
-7.599637031555176,21.987125396728516
-3.638920307159424,23.551576614379883
0.0,0.0
0.0,0.0
-7.824687480926514,21.672672271728516
-7.91176700592041,36.178382873535156
0.0,0.0
0.0,0.0
-7.556970596313477,22.222097396850586
13.916569709777832,207.38609313964844
0.0,0.0
0.0,0.0
0.0,0.0
0.0,0.0
0.0,0.0
0.0,0.0
0.0,0.0
0.0,0.0
0.0,0.0
0.0,0.0
0.0,0.0
0.0,0.0
0.0,0.0
0.0,0.0
0.0,0.0
0.0,0.0
0.0,0.0
0.0,0.0
-7.818351745605469,22.222135543823242
-14.258452415466309,33.333160400390625
0.0,0.0
0.0,0.0
-2.556314706802368,19.431617736816406
-12.254148483276367,33.299224853515625
0.0,0.0
0.0,0.0
-7.792681694030762,22.13022804260254
188.25498962402344,165.31072998046875
0.0,0.0
0.0,0.0
-7.687946796417236,22.20545768737793
-1.4865708351135254,163.548828125
0.0,0.0
0.0,0.0
0.0,0.0
0.0,0.0
0.0,0.0
0.0,0.0
0.0,0.0
0.0,0.0
0.0,0.0
0.0,0.0
0.0,0.0
0.0,0.0
0.0,0.0
0.0,0.0
0.0,0.0
0.0,0.0
0.0,0.0
0.0,0.0
-7.563020706176758,22.33379554748535
-13.697978973388672,59.925926208496094
0.0,0.0
0.0,0.0
0.0,0.0
0.0,0.0
0.0,0.0
0.0,0.0
-7.677005767822266,22.50922966003418
-16.664445877075195,33.33331298828125
0.0,0.0
0.0,0.0
-5.640654563903809,22.158048629760742
0.0,0.0
0.0,0.0
0.0,0.0
0.0,0.0
0.0,0.0
0.0,0.0
0.0,0.0
0.0,0.0
0.0,0.0
0.0,0.0
0.0,0.0
0.0,0.0
0.0,0.0
0.0,0.0
0.0,0.0
0.0,0.0
0.0,0.0
0.0,0.0
0.0,0.0
-7.773345947265625,22.106243133544922
0.0,0.0
0.0,0.0
0.0,0.0
0.0,0.0
0.0,0.0
0.0,0.0
0.0,0.0
-7.832189083099365,22.216928482055664
-12.306591033935547,33.33296585083008
0.0,0.0
0.0,0.0
0.0,0.0
0.0,0.0
0.0,0.0
0.0,0.0
0.0,0.0
0.0,0.0
0.0,0.0
0.0,0.0
0.0,0.0
0.0,0.0
0.0,0.0
0.0,0.0
0.0,0.0
0.0,0.0
0.0,0.0
0.0,0.0
0.0,0.0
0.0,0.0
0.0,0.0
0.0,0.0
-7.808923244476318,21.910451889038086
-6.313718318939209,257.8587951660156
0.0,0.0
0.0,0.0
0.0,0.0
0.0,0.0
0.0,0.0
0.0,0.0
-7.854058742523193,21.459152221679688
-4.943968772888184,202.2960205078125
0.0,0.0
0.0,0.0
-8.159076690673828,18.854082107543945
-4.9817705154418945,23.551576614379883
0.0,0.0
0.0,0.0
0.0,0.0
0.0,0.0
0.0,0.0
0.0,0.0
0.0,0.0
0.0,0.0
0.0,0.0
0.0,0.0
0.0,0.0
0.0,0.0
0.0,0.0
0.0,0.0
0.0,0.0
0.0,0.0
0.0,0.0
0.0,0.0
-7.777821063995361,22.222204208374023
-2.0,17.658248901367188
0.0,0.0
0.0,0.0
0.0,0.0
0.0,0.0
0.0,0.0
0.0,0.0
-7.861884593963623,21.378833770751953
-0.9467548131942749,211.01393127441406
0.0,0.0
0.0,0.0
-8.097780227661133,17.731029510498047
-2.0,10.47501277923584
0.0,0.0
0.0,0.0
0.0,0.0
0.0,0.0
0.0,0.0
0.0,0.0
0.0,0.0
0.0,0.0
0.0,0.0
0.0,0.0
0.0,0.0
0.0,0.0
0.0,0.0
0.0,0.0
0.0,0.0
0.0,0.0
0.0,0.0
0.0,0.0
0.0,0.0
0.0,0.0
0.0,0.0
0.0,0.0
0.0,0.0
0.0,0.0
0.0,0.0
0.0,0.0
0.0,0.0
0.0,0.0
0.0,0.0
0.0,0.0
0.0,0.0
0.0,0.0
0.0,0.0
0.0,0.0
0.0,0.0
0.0,0.0
0.0,0.0
0.0,0.0
0.0,0.0
0.0,0.0
0.0,0.0
0.0,0.0
0.0,0.0
0.0,0.0
0.0,0.0
0.0,0.0
0.0,0.0
0.0,0.0
0.0,0.0
0.0,0.0
0.0,0.0
0.0,0.0
0.0,0.0
0.0,0.0
0.0,0.0
0.0,0.0
0.0,0.0
0.0,0.0
0.0,0.0
0.0,0.0
0.0,0.0
0.0,0.0
0.0,0.0
0.0,0.0
-9.247645378112793,7.753993034362793
0.0,0.0
11.111105918884277,-5.640647888183594
0.0,0.0
-1.0,1.0
0.0,0.0
5.886082649230957,-0.98089998960495
0.0,0.0
-9.315919876098633,6.253913879394531
0.0,0.0
11.111105918884277,-5.991318225860596
0.0,0.0
0.0,0.0
0.0,0.0
6.356335163116455,-1.0809999704360962
0.0,0.0
0.0,0.0
0.0,0.0
10.616660118103027,0.6784135699272156
0.0,0.0
0.0,0.0
0.0,0.0
7.850525379180908,-0.8187723755836487
0.0,0.0
0.0,0.0
0.0,0.0
11.111105918884277,-8.682982444763184
414.04998779296875,0.0
0.0,0.0
0.0,0.0
10.616660118103027,-2.1029582023620605
283.9346008300781,10.564620971679688
-95.44349670410156,47.68549346923828
-116.2492446899414,-96.73039245605469
-93.4775390625,72.48768615722656
-51.28105163574219,80.6261978149414
-99.25900268554688,38.593536376953125
-102.71420288085938,-82.16124725341797
0.0,27.381000518798828
-11.0,64.74691772460938
-96.59300231933594,34.080501556396484
-112.71163940429688,-88.32865905761719
-93.85475158691406,37.74169158935547
-43.96177673339844,299.184814453125
-92.76973724365234,-25.65304946899414
-114.77391052246094,-60.404441833496094
-38.997215270996094,82.50912475585938
-21.010000228881836,19.353153228759766
0.0,0.0
0.0,0.0
-38.31058120727539,99.30059814453125
-20.245622634887695,53.34113311767578
0.0,0.0
0.0,0.0
-10.0,19.100000381469727
-20.790000915527344,52.815982818603516
0.0,0.0
0.0,0.0
-90.84112548828125,110.2135009765625
-55.76456832885742,43.835182189941406
0.0,0.0
0.0,0.0
-44.653602600097656,75.23888397216797
-11.0,74.62692260742188
0.0,0.0
0.0,0.0
0.0,0.0
0.0,0.0
0.0,0.0
0.0,0.0
0.0,0.0
0.0,0.0
0.0,0.0
0.0,0.0
0.0,0.0
0.0,0.0
0.0,0.0
0.0,0.0
0.0,0.0
0.0,0.0
0.0,0.0
0.0,0.0
0.0,0.0
0.0,0.0
0.0,0.0
0.0,0.0
0.0,0.0
0.0,0.0
0.0,0.0
0.0,0.0
0.0,0.0
0.0,0.0
0.0,0.0
0.0,0.0
0.0,0.0
0.0,0.0
0.0,0.0
0.0,0.0
0.0,0.0
0.0,0.0
0.0,0.0
0.0,0.0
0.0,0.0
0.0,0.0
0.0,0.0
0.0,0.0
0.0,0.0
0.0,0.0
0.0,0.0
0.0,0.0
0.0,0.0
0.0,0.0
0.0,0.0
0.0,0.0
0.0,0.0
0.0,0.0
0.0,0.0
0.0,0.0
0.0,0.0
0.0,0.0
0.0,0.0
0.0,0.0
0.0,0.0
0.0,0.0
0.0,0.0
0.0,0.0
0.0,0.0
0.0,0.0
0.0,0.0
0.0,0.0
-7.126590728759766,7.757216453552246
0.0,0.0
0.0,0.0
0.0,0.0
0.0,0.0
0.0,0.0
11.111105918884277,9.314762115478516
0.0,0.0
11.111105918884277,7.587305068969727
0.0,0.0
0.0,0.0
0.0,0.0
6.007761478424072,10.455615043640137
0.0,0.0
0.0,0.0
0.0,0.0
-10.206533432006836,-2.0654234886169434
0.0,0.0
0.0,0.0
0.0,0.0
0.0,0.0
0.0,0.0
4.177420616149902,-1.913340449333191
0.0,0.0
11.111105918884277,-5.865016937255859
0.0,0.0
0.0,0.0
0.0,0.0
11.111105918884277,1.535101294517517
0.0,0.0
0.0,0.0
0.0,0.0
-6.573915004730225,2.8203041553497314
0.0,0.0
0.0,0.0
0.0,0.0
0.0,0.0
0.0,0.0
11.111105918884277,8.893758773803711
0.0,0.0
11.111105918884277,3.0347352027893066
0.0,0.0
0.0,0.0
0.0,0.0
1.9349920749664307,4.807693004608154
0.0,0.0
0.0,0.0
0.0,0.0
-9.305766105651855,9.866721153259277
0.0,0.0
0.0,0.0
0.0,0.0
0.0,0.0
0.0,0.0
6.356335163116455,-1.8419544696807861
0.0,0.0
11.111105918884277,-6.915962219238281
0.0,0.0
0.0,0.0
0.0,0.0
11.111105918884277,-1.5523707866668701
0.0,0.0
0.0,0.0
0.0,0.0
0.0,0.0
0.0,0.0
0.0,0.0
0.0,0.0
0.0,0.0
0.0,0.0
0.0,0.0
0.0,0.0
0.0,0.0
0.0,0.0
0.0,0.0
0.0,0.0
0.0,0.0
0.0,0.0
0.0,0.0
0.0,0.0
-3.1004722118377686,83.63410949707031
-13.164644241333008,66.66670227050781
0.0,0.0
0.0,0.0
0.0,0.0
0.0,0.0
0.0,0.0
0.0,0.0
-2.968417167663574,63.14014434814453
-13.307372093200684,560.6666870117188
0.0,0.0
0.0,0.0
0.0,0.0
0.0,0.0
0.0,0.0
0.0,0.0
0.0,0.0
0.0,0.0
0.0,0.0
0.0,0.0
0.0,0.0
0.0,0.0
0.0,0.0
0.0,0.0
0.0,0.0
0.0,0.0
0.0,0.0
0.0,0.0
0.0,0.0
0.0,0.0
0.0,0.0
0.0,0.0
11.992241859436035,118.71810150146484
-8.552350997924805,89.07003021240234
0.0,0.0
0.0,0.0
1124.5030517578125,749.262451171875
0.0,0.0
0.0,0.0
0.0,0.0
21.67841339111328,122.91636657714844
-7.667375087738037,86.09114074707031
0.0,0.0
0.0,0.0
2969.56396484375,0.0
500.0,0.0
0.0,0.0
0.0,0.0
0.0,0.0
0.0,0.0
0.0,0.0
0.0,0.0
0.0,0.0
0.0,0.0
0.0,0.0
0.0,0.0
0.0,0.0
0.0,0.0
0.0,0.0
0.0,0.0
0.0,0.0
0.0,0.0
0.0,0.0
0.0,0.0
0.0,0.0
0.0,0.0
0.0,0.0
0.0,0.0
0.0,0.0
0.0,0.0
0.0,0.0
0.0,0.0
0.0,0.0
0.0,0.0
0.0,0.0
0.0,0.0
0.0,0.0
0.0,0.0
0.0,0.0
0.0,0.0
0.0,0.0
0.0,0.0
0.0,0.0
0.0,0.0
0.0,0.0
0.0,0.0
0.0,0.0
0.0,0.0
0.0,0.0
0.0,0.0
0.0,0.0
0.0,0.0
0.0,0.0
0.0,0.0
0.0,0.0
0.0,0.0
0.0,0.0
0.0,0.0
0.0,0.0
0.0,0.0
0.0,0.0
0.0,0.0
0.0,0.0
0.0,0.0
0.0,0.0
0.0,0.0
0.0,0.0
0.0,0.0
0.0,0.0
0.0,0.0
0.0,0.0
0.0,0.0
0.0,0.0
0.0,0.0
0.0,0.0
0.0,0.0
0.0,0.0
0.0,0.0
0.0,0.0
0.0,0.0
0.0,0.0
0.0,0.0
0.0,0.0
0.0,0.0
0.0,0.0
0.0,0.0
0.0,0.0
0.0,0.0
-4.44444465637207,55.55553436279297
-13.314733505249023,66.6666259765625
0.0,0.0
0.0,0.0
0.0,0.0
0.0,0.0
0.0,0.0
0.0,0.0
-4.44444465637207,55.55553436279297
-12.188665390014648,66.66670227050781
0.0,0.0
0.0,0.0
0.0,0.0
0.0,0.0
0.0,0.0
0.0,0.0
0.0,0.0
0.0,0.0
0.0,0.0
0.0,0.0
0.0,0.0
0.0,0.0
0.0,0.0
0.0,0.0
0.0,0.0
0.0,0.0
0.0,0.0
0.0,0.0
0.0,0.0
0.0,0.0
0.0,0.0
0.0,0.0
-4.230583190917969,55.55559158325195
-13.274430274963379,66.6666259765625
0.0,0.0
0.0,0.0
0.0,0.0
0.0,0.0
0.0,0.0
0.0,0.0
-4.406870365142822,55.931427001953125
-13.333313941955566,66.6666259765625
0.0,0.0
0.0,0.0
0.0,0.0
0.0,0.0
0.0,0.0
0.0,0.0
0.0,0.0
0.0,0.0
0.0,0.0
0.0,0.0
0.0,0.0
0.0,0.0
0.0,0.0
0.0,0.0
0.0,0.0
0.0,0.0
0.0,0.0
0.0,0.0
0.0,0.0
0.0,0.0
0.0,0.0
0.0,0.0
0.0,0.0
0.0,0.0
0.0,0.0
0.0,0.0
0.0,0.0
0.0,0.0
0.0,0.0
0.0,0.0
0.0,0.0
0.0,0.0
0.0,0.0
0.0,0.0
0.0,0.0
0.0,0.0
0.0,0.0
0.0,0.0
0.0,0.0
0.0,0.0
0.0,0.0
0.0,0.0
0.0,0.0
0.0,0.0
0.0,0.0
0.0,0.0
0.0,0.0
0.0,0.0
0.0,0.0
0.0,0.0
0.0,0.0
0.0,0.0
0.0,0.0
0.0,0.0
0.0,0.0
0.0,0.0
0.0,0.0
0.0,0.0
0.0,0.0
0.0,0.0
0.0,0.0
0.0,0.0
0.0,0.0
0.0,0.0
0.0,0.0
0.0,0.0
0.0,0.0
0.0,0.0
-5.687332630157471,11.100735664367676
0.0,0.0
10.45496654510498,-0.9282631874084473
0.0,0.0
0.0,0.0
0.0,0.0
0.0,0.0
0.0,0.0
-3.1496095657348633,11.0596923828125
0.0,0.0
5.369321823120117,-0.9900000095367432
0.0,0.0
0.0,0.0
0.0,0.0
0.0,0.0
0.0,0.0
-6.3659467697143555,11.08591365814209
0.0,0.0
11.111105918884277,-8.887338638305664
0.0,0.0
0.0,0.0
0.0,0.0
0.0,0.0
0.0,0.0
-4.367907524108887,11.068531036376953
0.0,0.0
11.111105918884277,-8.886330604553223
0.0,0.0
0.0,0.0
0.0,0.0
0.0,0.0
0.0,0.0
-88.91461944580078,111.11106872558594
-49.544647216796875,97.6268310546875
-88.87034606933594,111.11106872558594
-20.44048309326172,74.62692260742188
-18.36436653137207,71.73681640625
0.0,0.0
0.0,0.0
0.0,0.0
-88.88837432861328,111.11106872558594
-53.316261291503906,119.41158294677734
-83.50823974609375,111.11106872558594
-11.0,0.0
-26.421573638916016,90.76400756835938
0.0,0.0
0.0,0.0
0.0,0.0
-88.91634368896484,111.11106872558594
-36.394371032714844,101.85478210449219
-88.1904296875,111.88788604736328
-93.67021942138672,122.22218322753906
-9.899999618530273,284.9660949707031
0.0,0.0
19.19052505493164,376.9929504394531
0.0,0.0
-88.88945007324219,111.11106872558594
-47.74661636352539,120.10420989990234
-88.88853454589844,111.11128234863281
-95.55291748046875,122.10865783691406
-29.859050750732422,283.4091491699219
0.0,0.0
493.839111328125,601.6815185546875
0.0,0.0
0.0,0.0
0.0,0.0
0.0,0.0
0.0,0.0
0.0,0.0
0.0,0.0
0.0,0.0
0.0,0.0
0.0,0.0
0.0,0.0
0.0,0.0
0.0,0.0
0.0,0.0
0.0,0.0
0.0,0.0
0.0,0.0
0.0,0.0
0.0,0.0
0.0,0.0
0.0,0.0
0.0,0.0
0.0,0.0
0.0,0.0
0.0,0.0
0.0,0.0
0.0,0.0
0.0,0.0
0.0,0.0
0.0,0.0
0.0,0.0
0.0,0.0
0.0,0.0
0.0,0.0
0.0,0.0
0.0,0.0
0.0,0.0
0.0,0.0
0.0,0.0
0.0,0.0
0.0,0.0
0.0,0.0
0.0,0.0
0.0,0.0
0.0,0.0
0.0,0.0
0.0,0.0
0.0,0.0
0.0,0.0
0.0,0.0
0.0,0.0
0.0,0.0
0.0,0.0
0.0,0.0
0.0,0.0
0.0,0.0
0.0,0.0
0.0,0.0
0.0,0.0
0.0,0.0
0.0,0.0
0.0,0.0
0.0,0.0
0.0,0.0
0.0,0.0
0.0,0.0
0.0,0.0
-1.0,1.909999966621399
0.0,0.0
0.0,0.0
0.0,0.0
0.0,0.0
0.0,0.0
11.068531036376953,-3.228159189224243
0.0,0.0
7.528049945831299,-1.88100004196167
0.0,0.0
0.0,0.0
0.0,0.0
0.0,0.0
0.0,0.0
0.0,0.0
0.0,0.0
-8.888885498046875,11.111105918884277
0.0,0.0
0.0,0.0
0.0,0.0
0.0,0.0
0.0,0.0
11.072362899780273,-5.552146911621094
0.0,0.0
11.111105918884277,-8.888885498046875
0.0,0.0
0.0,0.0
0.0,0.0
0.0,0.0
0.0,0.0
0.0,0.0
0.0,0.0
0.0,1.0
0.0,0.0
0.0,0.0
0.0,0.0
0.0,0.0
0.0,0.0
9.577812194824219,-3.187652111053467
0.0,0.0
1.0,-0.9900000095367432
0.0,0.0
0.0,0.0
0.0,0.0
0.0,0.0
0.0,0.0
0.0,0.0
0.0,0.0
-7.475772857666016,11.111054420471191
0.0,0.0
0.0,0.0
0.0,0.0
0.0,0.0
0.0,0.0
10.059651374816895,-3.1834864616394043
0.0,0.0
11.111105918884277,-8.888885498046875
0.0,0.0
0.0,0.0
0.0,0.0
0.0,0.0
0.0,0.0
0.0,0.0
0.0,0.0
0.0,0.0
0.0,0.0
0.0,0.0
0.0,0.0
0.0,0.0
0.0,0.0
0.0,0.0
0.0,0.0
0.0,0.0
0.0,0.0
0.0,0.0
0.0,0.0
0.0,0.0
0.0,0.0
0.0,0.0
0.0,0.0
0.0,0.0
0.0,0.0
0.0,0.0
0.0,0.0
0.0,0.0
0.0,0.0
0.0,0.0
0.0,0.0
0.0,0.0
0.0,0.0
0.0,0.0
0.0,0.0
0.0,0.0
0.0,0.0
0.0,0.0
0.0,0.0
0.0,0.0
0.0,0.0
0.0,0.0
0.0,0.0
0.0,0.0
0.0,0.0
0.0,0.0
0.0,0.0
0.0,0.0
0.0,0.0
0.0,0.0
0.0,0.0
0.0,0.0
0.0,0.0
0.0,0.0
0.0,0.0
0.0,0.0
0.0,0.0
0.0,0.0
0.0,0.0
0.0,0.0
0.0,0.0
0.0,0.0
0.0,0.0
0.0,0.0
0.0,0.0
0.0,0.0
0.0,0.0
0.0,0.0
0.0,0.0
