-10.606185913085938,9.812108039855957
0.0,0.0
0.0,0.0
0.0,0.0
0.0,0.0
0.0,0.0
0.0,0.0
0.0,0.0
0.0,0.0
0.0,0.0
0.0,0.0
0.0,0.0
0.0,0.0
0.0,0.0
0.0,0.0
0.0,0.0
0.0,0.0
0.0,0.0
-8.451478958129883,15.631189346313477
-19.967655181884766,0.0
0.0,0.0
0.0,0.0
0.0,0.0
0.0,0.0
0.0,0.0
0.0,0.0
-3.9369657039642334,16.022563934326172
-13.723788261413574,0.0
0.0,0.0
0.0,0.0
0.0,0.0
0.0,0.0
0.0,0.0
0.0,0.0
0.0,0.0
0.0,0.0
0.0,0.0
0.0,0.0
0.0,0.0
0.0,0.0
0.0,0.0
0.0,0.0
0.0,0.0
0.0,0.0
0.0,0.0
0.0,0.0
0.0,0.0
0.0,0.0
0.0,0.0
0.0,0.0
-8.889065742492676,11.111104965209961
-5.420000076293945,0.0
0.0,0.0
0.0,0.0
-8.781147003173828,11.111105918884277
0.0,0.0
0.0,0.0
0.0,0.0
-8.890427589416504,11.110361099243164
0.0,0.0
0.0,0.0
0.0,0.0
-7.767463684082031,11.110895156860352
0.0,0.0
0.0,0.0
0.0,0.0
0.0,0.0
0.0,0.0
0.0,0.0
0.0,0.0
0.0,0.0
0.0,0.0
0.0,0.0
0.0,0.0
0.0,0.0
0.0,0.0
0.0,0.0
0.0,0.0
0.0,0.0
0.0,0.0
0.0,0.0
0.0,0.0
-8.879870414733887,11.110700607299805
-15.462238311767578,-3.865992546081543
0.0,0.0
0.0,0.0
-4.971752166748047,9.25952434539795
-2.0,0.0
0.0,0.0
0.0,0.0
-8.888936996459961,11.111105918884277
-17.395912170410156,8.900321006774902
0.0,0.0
0.0,0.0
-5.224564552307129,10.215652465820312
-7.438638687133789,17.093109130859375
0.0,0.0
0.0,0.0
0.0,0.0
0.0,0.0
0.0,0.0
0.0,0.0
0.0,0.0
0.0,0.0
0.0,0.0
0.0,0.0
0.0,0.0
0.0,0.0
0.0,0.0
0.0,0.0
0.0,0.0
0.0,0.0
0.0,0.0
0.0,0.0
-8.203638076782227,11.111054420471191
-9.371179580688477,0.0
0.0,0.0
0.0,0.0
-3.359628915786743,3.369321823120117
-3.799999952316284,0.0
0.0,0.0
0.0,0.0
-8.843221664428711,11.111105918884277
-15.171121597290039,33.38279342651367
0.0,0.0
0.0,0.0
-7.629919052124023,11.1079683303833
-10.054951667785645,-0.516859233379364
0.0,0.0
0.0,0.0
0.0,0.0
0.0,0.0
0.0,0.0
0.0,0.0
0.0,0.0
0.0,0.0
0.0,0.0
0.0,0.0
0.0,0.0
0.0,0.0
0.0,0.0
0.0,0.0
0.0,0.0
0.0,0.0
0.0,0.0
0.0,0.0
-6.762510776519775,13.843428611755371
-19.89848518371582,0.0609985813498497
0.0,0.0
0.0,0.0
0.0,0.0
0.0,0.0
0.0,0.0
0.0,0.0
-8.579318046569824,14.072798728942871
-19.85860824584961,0.0
0.0,0.0
0.0,0.0
-2.6187100410461426,5.886082649230957
0.0,0.0
0.0,0.0
0.0,0.0
0.0,0.0
0.0,0.0
0.0,0.0
0.0,0.0
0.0,0.0
0.0,0.0
0.0,0.0
0.0,0.0
0.0,0.0
0.0,0.0
0.0,0.0
0.0,0.0
0.0,0.0
0.0,0.0
0.0,0.0
0.0,0.0
0.0,0.0
0.0,0.0
0.0,0.0
0.0,0.0
0.0,0.0
0.0,0.0
0.0,0.0
0.0,0.0
0.0,0.0
0.0,0.0
0.0,0.0
0.0,0.0
0.0,0.0
0.0,0.0
0.0,0.0
0.0,0.0
0.0,0.0
0.0,0.0
0.0,0.0
0.0,0.0
0.0,0.0
0.0,0.0
0.0,0.0
0.0,0.0
0.0,0.0
0.0,0.0
0.0,0.0
0.0,0.0
0.0,0.0
0.0,0.0
0.0,0.0
0.0,0.0
-8.912026405334473,10.879678726196289
-19.995140075683594,3.953047470525023e-13
0.0,0.0
0.0,0.0
0.0,0.0
0.0,0.0
0.0,0.0
0.0,0.0
-8.929977416992188,10.729280471801758
-17.316137313842773,114.2158203125
0.0,0.0
0.0,0.0
-9.21165943145752,3.3740012645721436
-2.0,0.0
0.0,0.0
0.0,0.0
0.0,0.0
0.0,0.0
0.0,0.0
0.0,0.0
0.0,0.0
0.0,0.0
0.0,0.0
0.0,0.0
0.0,0.0
0.0,0.0
0.0,0.0
0.0,0.0
0.0,0.0
0.0,0.0
0.0,0.0
0.0,0.0
-8.895318984985352,11.11109733581543
-2.0,0.0
0.0,0.0
0.0,0.0
0.0,0.0
0.0,0.0
0.0,0.0
0.0,0.0
-8.903260231018066,11.10333251953125
-10.75029182434082,20.140331268310547
0.0,0.0
0.0,0.0
-8.908731460571289,6.981881618499756
-2.0,200.0
0.0,0.0
0.0,0.0
0.0,0.0
0.0,0.0
0.0,0.0
0.0,0.0
0.0,0.0
0.0,0.0
0.0,0.0
0.0,0.0
0.0,0.0
0.0,0.0
0.0,0.0
0.0,0.0
0.0,0.0
0.0,0.0
0.0,0.0
0.0,0.0
0.0,0.0
0.0,0.0
0.0,0.0
0.0,0.0
0.0,0.0
0.0,0.0
0.0,0.0
0.0,0.0
0.0,0.0
0.0,0.0
0.0,0.0
0.0,0.0
0.0,0.0
0.0,0.0
0.0,0.0
0.0,0.0
0.0,0.0
0.0,0.0
0.0,0.0
0.0,0.0
0.0,0.0
0.0,0.0
0.0,0.0
0.0,0.0
0.0,0.0
0.0,0.0
0.0,0.0
0.0,0.0
0.0,0.0
0.0,0.0
0.0,0.0
0.0,0.0
0.0,0.0
0.0,0.0
0.0,0.0
0.0,0.0
0.0,0.0
0.0,0.0
0.0,0.0
0.0,0.0
0.0,0.0
0.0,0.0
0.0,0.0
0.0,0.0
0.0,0.0
0.0,0.0
-9.445659637451172,9.520604133605957
-19.5244083404541,-19.300077438354492
33.33331298828125,-12.373493194580078
14.347362518310547,-3.9618000984191895
0.0,0.0
0.0,0.0
3.0,0.0
0.0,0.0
-10.055530548095703,-1.4682681560516357
-20.0867977142334,2.690643072128296
33.33331298828125,-18.241609573364258
11.772165298461914,-7.482071876525879
0.0,0.0
0.0,0.0
5.730000019073486,0.0
0.0,0.0
0.0,0.0
0.0,0.0
23.551576614379883,-14.750969886779785
10.738643646240234,2.107386350631714
0.0,0.0
0.0,0.0
5.730000019073486,0.0
0.0,0.0
0.0,0.0
0.0,0.0
33.33331298828125,-25.679738998413086
10.738643646240234,-3.9164516925811768
0.0,0.0
0.0,0.0
14.40435791015625,0.0
2.0,-2.180000066757202
-6.039709091186523,55.20685577392578
58.16534423828125,54.23450469970703
33.33331298828125,-21.353378295898438
6.983342170715332,-1.4673163890838623
-6.2862396240234375,-3.415445566177368
-5.476200103759766,-3.819999933242798
0.0,-3.0
2.0,0.0
-1.5423425436019897,82.44027709960938
-18.077831268310547,8.992334365844727
33.33331298828125,-26.385257720947266
11.772165298461914,-2.180000066757202
-1.6562575101852417,86.86397552490234
-12.630270004272461,8.44090461730957
17.658248901367188,-2.8746774196624756
8.354841232299805,0.0
0.0,0.0
0.0,0.0
19.069005966186523,-2.8746774196624756
0.0,0.0
0.0,0.0
0.0,0.0
8.214300155639648,0.0
0.0,0.0
0.0,0.0
0.0,0.0
33.179080963134766,-16.555526733398438
9.6029052734375,-3.9800000190734863
0.0,0.0
0.0,0.0
23.551576614379883,-7.6381754875183105
6.983342170715332,-4.735786437988281
0.0,0.0
0.0,0.0
0.0,0.0
0.0,0.0
0.0,0.0
0.0,0.0
0.0,0.0
0.0,0.0
0.0,0.0
0.0,0.0
0.0,0.0
0.0,0.0
0.0,0.0
0.0,0.0
0.0,0.0
0.0,0.0
0.0,0.0
0.0,0.0
0.0,0.0
0.0,0.0
0.0,0.0
0.0,0.0
0.0,0.0
0.0,0.0
0.0,0.0
0.0,0.0
0.0,0.0
0.0,0.0
0.0,0.0
0.0,0.0
0.0,0.0
0.0,0.0
0.0,0.0
0.0,0.0
0.0,0.0
0.0,0.0
0.0,0.0
0.0,0.0
0.0,0.0
0.0,0.0
0.0,0.0
0.0,0.0
0.0,0.0
0.0,0.0
0.0,0.0
0.0,0.0
0.0,0.0
0.0,0.0
0.0,0.0
0.0,0.0
0.0,0.0
0.0,0.0
0.0,0.0
0.0,0.0
0.0,0.0
0.0,0.0
0.0,0.0
0.0,0.0
0.0,0.0
0.0,0.0
0.0,0.0
0.0,0.0
0.0,0.0
0.0,0.0
0.0,0.0
0.0,0.0
-8.211487770080566,9.801424026489258
0.0,0.0
0.0,0.0
0.0,0.0
0.0,0.0
0.0,0.0
33.33331298828125,-9.694746017456055
0.0,0.0
33.33331298828125,19.52597427368164
0.0,0.0
0.0,0.0
0.0,0.0
3.1253225803375244,16.10796546936035
0.0,0.0
0.0,0.0
0.0,0.0
-10.174418449401855,-1.7385945320129395
0.0,0.0
0.0,0.0
0.0,0.0
0.0,0.0
0.0,0.0
5.730000019073486,-3.0
0.0,0.0
33.33331298828125,-19.237255096435547
0.0,0.0
0.0,0.0
0.0,0.0
33.33111572265625,7.369678497314453
0.0,0.0
0.0,0.0
0.0,0.0
-5.76059627532959,9.407296180725098
0.0,0.0
0.0,0.0
0.0,0.0
0.0,0.0
0.0,0.0
33.33331298828125,25.698408126831055
0.0,0.0
33.33331298828125,9.226245880126953
0.0,0.0
0.0,0.0
0.0,0.0
0.0,5.730000019073486
0.0,0.0
0.0,0.0
0.0,0.0
-7.894419193267822,10.91215705871582
0.0,0.0
0.0,0.0
0.0,0.0
0.0,0.0
0.0,0.0
5.730000019073486,-3.0
0.0,0.0
33.33331298828125,-7.889089584350586
0.0,0.0
0.0,0.0
0.0,0.0
33.21709442138672,-1.7262730598449707
0.0,0.0
0.0,0.0
0.0,0.0
0.0,0.0
0.0,0.0
0.0,0.0
0.0,0.0
0.0,0.0
0.0,0.0
0.0,0.0
0.0,0.0
0.0,0.0
0.0,0.0
0.0,0.0
0.0,0.0
0.0,0.0
0.0,0.0
0.0,0.0
0.0,0.0
-5.382752895355225,100.86687469482422
-11.25306224822998,22.282047271728516
0.0,0.0
0.0,0.0
0.0,0.0
0.0,0.0
0.0,0.0
0.0,0.0
9.341728210449219,126.95458221435547
-17.04022979736328,22.27633285522461
0.0,0.0
0.0,0.0
0.0,0.0
0.0,0.0
0.0,0.0
0.0,0.0
0.0,0.0
0.0,0.0
0.0,0.0
0.0,0.0
0.0,0.0
0.0,0.0
0.0,0.0
0.0,0.0
0.0,0.0
0.0,0.0
0.0,0.0
0.0,0.0
0.0,0.0
0.0,0.0
0.0,0.0
0.0,0.0
-2.2346010208129883,81.72611999511719
-15.083062171936035,220.22222900390625
0.0,0.0
0.0,0.0
211.4932861328125,401.4902038574219
0.0,0.0
0.0,0.0
0.0,0.0
2.362370491027832,117.93791198730469
9.782729148864746,24.385576248168945
0.0,0.0
0.0,0.0
282.0845947265625,5.7209672927856445
0.0,0.0
0.0,0.0
0.0,0.0
0.0,0.0
0.0,0.0
0.0,0.0
0.0,0.0
0.0,0.0
0.0,0.0
0.0,0.0
0.0,0.0
0.0,0.0
0.0,0.0
0.0,0.0
0.0,0.0
0.0,0.0
0.0,0.0
0.0,0.0
0.0,0.0
0.0,0.0
0.0,0.0
0.0,0.0
0.0,0.0
0.0,0.0
0.0,0.0
0.0,0.0
0.0,0.0
0.0,0.0
0.0,0.0
0.0,0.0
0.0,0.0
0.0,0.0
0.0,0.0
0.0,0.0
0.0,0.0
0.0,0.0
0.0,0.0
0.0,0.0
0.0,0.0
0.0,0.0
0.0,0.0
0.0,0.0
0.0,0.0
0.0,0.0
0.0,0.0
0.0,0.0
0.0,0.0
0.0,0.0
0.0,0.0
0.0,0.0
0.0,0.0
0.0,0.0
0.0,0.0
0.0,0.0
0.0,0.0
0.0,0.0
0.0,0.0
0.0,0.0
0.0,0.0
0.0,0.0
0.0,0.0
0.0,0.0
0.0,0.0
0.0,0.0
0.0,0.0
0.0,0.0
0.0,0.0
0.0,0.0
0.0,0.0
0.0,0.0
0.0,0.0
0.0,0.0
0.0,0.0
0.0,0.0
0.0,0.0
0.0,0.0
0.0,0.0
0.0,0.0
0.0,0.0
0.0,0.0
0.0,0.0
0.0,0.0
0.0,0.0
-6.666658401489258,33.333396911621094
-13.833650588989258,22.211528778076172
0.0,0.0
0.0,0.0
0.0,0.0
0.0,0.0
0.0,0.0
0.0,0.0
-6.6666483879089355,33.33348846435547
-17.118715286254883,22.23213005065918
0.0,0.0
0.0,0.0
0.0,0.0
0.0,0.0
0.0,0.0
0.0,0.0
0.0,0.0
0.0,0.0
0.0,0.0
0.0,0.0
0.0,0.0
0.0,0.0
0.0,0.0
0.0,0.0
0.0,0.0
0.0,0.0
0.0,0.0
0.0,0.0
0.0,0.0
0.0,0.0
0.0,0.0
0.0,0.0
-6.582735061645508,33.33331298828125
-11.30082893371582,21.87178611755371
0.0,0.0
0.0,0.0
0.0,0.0
0.0,0.0
0.0,0.0
0.0,0.0
-5.982170104980469,35.03032684326172
-17.300764083862305,22.222211837768555
0.0,0.0
0.0,0.0
0.0,0.0
0.0,0.0
0.0,0.0
0.0,0.0
0.0,0.0
0.0,0.0
0.0,0.0
0.0,0.0
0.0,0.0
0.0,0.0
0.0,0.0
0.0,0.0
0.0,0.0
0.0,0.0
0.0,0.0
0.0,0.0
0.0,0.0
0.0,0.0
0.0,0.0
0.0,0.0
0.0,0.0
0.0,0.0
0.0,0.0
0.0,0.0
0.0,0.0
0.0,0.0
0.0,0.0
0.0,0.0
0.0,0.0
0.0,0.0
0.0,0.0
0.0,0.0
0.0,0.0
0.0,0.0
0.0,0.0
0.0,0.0
0.0,0.0
0.0,0.0
0.0,0.0
0.0,0.0
0.0,0.0
0.0,0.0
0.0,0.0
0.0,0.0
0.0,0.0
0.0,0.0
0.0,0.0
0.0,0.0
0.0,0.0
0.0,0.0
0.0,0.0
0.0,0.0
0.0,0.0
0.0,0.0
0.0,0.0
0.0,0.0
0.0,0.0
0.0,0.0
0.0,0.0
0.0,0.0
0.0,0.0
0.0,0.0
0.0,0.0
0.0,0.0
0.0,0.0
0.0,0.0
-6.016323566436768,33.292144775390625
-2.0,0.0
-5.3741841316223145,32.566795349121094
-2.0,0.0
0.0,0.0
0.0,0.0
0.0,0.0
0.0,0.0
-6.570653915405273,33.33328628540039
-5.331037998199463,10.738643646240234
-1.6263172626495361,19.069005966186523
0.0,0.0
0.0,0.0
0.0,0.0
0.0,0.0
0.0,0.0
-5.872666358947754,33.29585266113281
-2.0,2.0
-6.666666507720947,33.33331298828125
-11.281265258789062,16.097064971923828
0.0,0.0
0.0,0.0
0.0,0.0
0.0,0.0
-6.5409770011901855,33.333290100097656
-5.381999969482422,10.738643646240234
-6.66670036315918,33.33331298828125
-8.731644630432129,21.87178611755371
0.0,0.0
0.0,0.0
0.0,0.0
0.0,0.0
-6.237700939178467,31.191362380981445
-3.7799999713897705,6.983342170715332
-3.8074936866760254,31.98348045349121
-2.0,0.0
-1.0,3.0
0.0,0.0
0.0,0.0
0.0,0.0
-2.309683084487915,33.43150329589844
-3.799999952316284,8.354841232299805
-1.8427000045776367,20.352794647216797
0.0,0.0
-2.510974645614624,14.40435791015625
0.0,0.0
0.0,0.0
0.0,0.0
-6.289340496063232,31.579023361206055
-5.420000076293945,5.476200103759766
-6.959427356719971,33.330299377441406
-9.813575744628906,20.308565139770508
-1.0,3.0
0.0,0.0
-1.0,5.730000019073486
0.0,0.0
-6.218207359313965,212.6033172607422
-2.0,10.738643646240234
-6.645979881286621,33.333351135253906
-6.444356441497803,20.90993309020996
-1.8700000047683716,14.40435791015625
0.0,0.0
183.07225036621094,172.2617950439453
0.0,0.0
0.0,0.0
0.0,0.0
0.0,0.0
0.0,0.0
0.0,0.0
0.0,0.0
0.0,0.0
0.0,0.0
0.0,0.0
0.0,0.0
0.0,0.0
0.0,0.0
0.0,0.0
0.0,0.0
0.0,0.0
0.0,0.0
0.0,0.0
0.0,0.0
0.0,0.0
0.0,0.0
0.0,0.0
0.0,0.0
0.0,0.0
0.0,0.0
0.0,0.0
0.0,0.0
0.0,0.0
0.0,0.0
0.0,0.0
0.0,0.0
0.0,0.0
0.0,0.0
0.0,0.0
0.0,0.0
0.0,0.0
0.0,0.0
0.0,0.0
0.0,0.0
0.0,0.0
0.0,0.0
0.0,0.0
0.0,0.0
0.0,0.0
0.0,0.0
0.0,0.0
0.0,0.0
0.0,0.0
0.0,0.0
0.0,0.0
0.0,0.0
0.0,0.0
0.0,0.0
0.0,0.0
0.0,0.0
0.0,0.0
0.0,0.0
0.0,0.0
0.0,0.0
0.0,0.0
0.0,0.0
0.0,0.0
0.0,0.0
0.0,0.0
0.0,0.0
0.0,0.0
0.0,0.0
0.0,5.730000019073486
0.0,0.0
0.0,0.0
0.0,0.0
0.0,0.0
0.0,0.0
-2.391752004623413,31.542057037353516
0.0,0.0
0.0,10.47501277923584
0.0,0.0
0.0,0.0
0.0,0.0
0.0,0.0
0.0,0.0
0.0,0.0
0.0,0.0
-6.84019136428833,33.215030670166016
0.0,0.0
0.0,0.0
0.0,0.0
0.0,0.0
0.0,0.0
-3.8687195777893066,31.849977493286133
0.0,0.0
-6.666666507720947,33.33331298828125
0.0,0.0
0.0,0.0
0.0,0.0
0.0,0.0
0.0,0.0
0.0,0.0
0.0,0.0
0.0,0.0
0.0,0.0
0.0,0.0
0.0,0.0
0.0,0.0
0.0,0.0
0.0,0.0
0.0,0.0
0.0,0.0
0.0,0.0
0.0,0.0
0.0,0.0
0.0,0.0
0.0,0.0
0.0,0.0
0.0,0.0
-1.0,5.730000019073486
0.0,0.0
0.0,0.0
0.0,0.0
0.0,0.0
0.0,0.0
0.0,0.0
0.0,0.0
-4.322502136230469,31.542057037353516
0.0,0.0
0.0,0.0
0.0,0.0
0.0,0.0
0.0,0.0
0.0,0.0
0.0,0.0
0.0,0.0
0.0,0.0
0.0,0.0
0.0,0.0
0.0,0.0
0.0,0.0
0.0,0.0
0.0,0.0
0.0,0.0
0.0,0.0
0.0,0.0
0.0,0.0
0.0,0.0
0.0,0.0
0.0,0.0
0.0,0.0
0.0,0.0
0.0,0.0
0.0,0.0
0.0,0.0
0.0,0.0
0.0,0.0
0.0,0.0
0.0,0.0
0.0,0.0
0.0,0.0
0.0,0.0
0.0,0.0
0.0,0.0
0.0,0.0
0.0,0.0
0.0,0.0
0.0,0.0
0.0,0.0
0.0,0.0
0.0,0.0
0.0,0.0
0.0,0.0
0.0,0.0
0.0,0.0
0.0,0.0
0.0,0.0
0.0,0.0
0.0,0.0
0.0,0.0
0.0,0.0
0.0,0.0
0.0,0.0
0.0,0.0
0.0,0.0
0.0,0.0
0.0,0.0
0.0,0.0
0.0,0.0
0.0,0.0
0.0,0.0
0.0,0.0
0.0,0.0
0.0,0.0
0.0,0.0
0.0,0.0
0.0,0.0
