-10.045577049255371,8.777936935424805
0.0,0.0
0.0,0.0
0.0,0.0
0.0,0.0
0.0,0.0
0.0,0.0
0.0,0.0
0.0,0.0
0.0,0.0
0.0,0.0
0.0,0.0
0.0,0.0
0.0,0.0
0.0,0.0
0.0,0.0
0.0,0.0
0.0,0.0
-2.0869626998901367,15.809791564941406
-19.989849090576172,0.0
0.0,0.0
0.0,0.0
0.0,0.0
0.0,0.0
0.0,0.0
0.0,0.0
-8.434009552001953,15.325779914855957
-15.424642562866211,0.0
0.0,0.0
0.0,0.0
0.0,0.0
0.0,0.0
0.0,0.0
0.0,0.0
0.0,0.0
0.0,0.0
0.0,0.0
0.0,0.0
0.0,0.0
0.0,0.0
0.0,0.0
0.0,0.0
0.0,0.0
0.0,0.0
0.0,0.0
0.0,0.0
0.0,0.0
0.0,0.0
0.0,0.0
0.0,0.0
-8.890281677246094,11.108378410339355
-5.420000076293945,0.0
0.0,0.0
0.0,0.0
-8.851322174072266,11.111105918884277
0.0,0.0
0.0,0.0
0.0,0.0
-8.886746406555176,11.110776901245117
0.0,0.0
0.0,0.0
0.0,0.0
-7.980535984039307,11.111088752746582
0.0,0.0
0.0,0.0
0.0,0.0
0.0,0.0
0.0,0.0
0.0,0.0
0.0,0.0
0.0,0.0
0.0,0.0
0.0,0.0
0.0,0.0
0.0,0.0
0.0,0.0
0.0,0.0
0.0,0.0
0.0,0.0
0.0,0.0
0.0,0.0
0.0,0.0
-8.911048889160156,10.053032875061035
-16.725830078125,-0.4020262658596039
0.0,0.0
0.0,0.0
-7.681478500366211,11.098616600036621
-3.799999952316284,0.0
0.0,0.0
0.0,0.0
-8.888894081115723,11.111105918884277
-12.591958045959473,144.25735473632812
0.0,0.0
0.0,0.0
-7.9693284034729,11.109895706176758
-10.563395500183105,9.70665168762207
0.0,0.0
0.0,0.0
0.0,0.0
0.0,0.0
0.0,0.0
0.0,0.0
0.0,0.0
0.0,0.0
0.0,0.0
0.0,0.0
0.0,0.0
0.0,0.0
0.0,0.0
0.0,0.0
0.0,0.0
0.0,0.0
0.0,0.0
0.0,0.0
-8.272163391113281,9.863021850585938
-9.371179580688477,0.0
0.0,0.0
0.0,0.0
-3.359628915786743,4.700135707855225
-6.878000259399414,0.0
0.0,0.0
0.0,0.0
-8.927789688110352,10.835116386413574
-16.667959213256836,15.690925598144531
0.0,0.0
0.0,0.0
-8.401180267333984,11.111077308654785
-13.48532772064209,-0.2670927047729492
0.0,0.0
0.0,0.0
0.0,0.0
0.0,0.0
0.0,0.0
0.0,0.0
0.0,0.0
0.0,0.0
0.0,0.0
0.0,0.0
0.0,0.0
0.0,0.0
0.0,0.0
0.0,0.0
0.0,0.0
0.0,0.0
0.0,0.0
0.0,0.0
-6.679079532623291,13.843428611755371
-19.108999252319336,13.815911293029785
0.0,0.0
0.0,0.0
0.0,0.0
0.0,0.0
0.0,0.0
0.0,0.0
-2.3632349967956543,14.415705680847168
-19.932373046875,0.0
0.0,0.0
0.0,0.0
-3.8663899898529053,9.25952434539795
0.0,0.0
0.0,0.0
0.0,0.0
0.0,0.0
0.0,0.0
0.0,0.0
0.0,0.0
0.0,0.0
0.0,0.0
0.0,0.0
0.0,0.0
0.0,0.0
0.0,0.0
0.0,0.0
0.0,0.0
0.0,0.0
0.0,0.0
0.0,0.0
0.0,0.0
0.0,0.0
0.0,0.0
0.0,0.0
0.0,0.0
0.0,0.0
0.0,0.0
0.0,0.0
0.0,0.0
0.0,0.0
0.0,0.0
0.0,0.0
0.0,0.0
0.0,0.0
0.0,0.0
0.0,0.0
0.0,0.0
0.0,0.0
0.0,0.0
0.0,0.0
0.0,0.0
0.0,0.0
0.0,0.0
0.0,0.0
0.0,0.0
0.0,0.0
0.0,0.0
0.0,0.0
0.0,0.0
0.0,0.0
0.0,0.0
0.0,0.0
0.0,0.0
-8.912102699279785,10.87841796875
-19.674591064453125,3.490274684736505e-05
0.0,0.0
0.0,0.0
0.0,0.0
0.0,0.0
0.0,0.0
0.0,0.0
-8.932771682739258,10.63547420501709
-16.761043548583984,5.797353744506836
0.0,0.0
0.0,0.0
-9.382473945617676,8.447071075439453
-2.0,0.0
0.0,0.0
0.0,0.0
0.0,0.0
0.0,0.0
0.0,0.0
0.0,0.0
0.0,0.0
0.0,0.0
0.0,0.0
0.0,0.0
0.0,0.0
0.0,0.0
0.0,0.0
0.0,0.0
0.0,0.0
0.0,0.0
0.0,0.0
0.0,0.0
-8.888894081115723,11.111105918884277
-2.0,0.0
0.0,0.0
0.0,0.0
0.0,0.0
0.0,0.0
0.0,0.0
0.0,0.0
-8.889081001281738,11.11109447479248
-12.385132789611816,267.0685729980469
0.0,0.0
0.0,0.0
-9.10761833190918,9.718413352966309
-2.0,200.0
0.0,0.0
0.0,0.0
0.0,0.0
0.0,0.0
0.0,0.0
0.0,0.0
0.0,0.0
0.0,0.0
0.0,0.0
0.0,0.0
0.0,0.0
0.0,0.0
0.0,0.0
0.0,0.0
0.0,0.0
0.0,0.0
0.0,0.0
0.0,0.0
0.0,0.0
0.0,0.0
0.0,0.0
0.0,0.0
0.0,0.0
0.0,0.0
0.0,0.0
0.0,0.0
0.0,0.0
0.0,0.0
0.0,0.0
0.0,0.0
0.0,0.0
0.0,0.0
0.0,0.0
0.0,0.0
0.0,0.0
0.0,0.0
0.0,0.0
0.0,0.0
0.0,0.0
0.0,0.0
0.0,0.0
0.0,0.0
0.0,0.0
0.0,0.0
0.0,0.0
0.0,0.0
0.0,0.0
0.0,0.0
0.0,0.0
0.0,0.0
0.0,0.0
0.0,0.0
0.0,0.0
0.0,0.0
0.0,0.0
0.0,0.0
0.0,0.0
0.0,0.0
0.0,0.0
0.0,0.0
0.0,0.0
0.0,0.0
0.0,0.0
0.0,0.0
-9.9519624710083,-2.0643508434295654
-17.746841430664062,76.32493591308594
33.33331298828125,-25.01137924194336
14.347362518310547,-3.9618000984191895
0.0,0.0
0.0,0.0
5.730000019073486,0.0
0.0,0.0
-9.636554718017578,4.093820095062256
-20.422330856323242,-1.3542366027832031
33.33331298828125,-0.7292912006378174
16.28795623779297,-7.482071876525879
0.0,0.0
0.0,0.0
10.47501277923584,0.0
0.0,0.0
0.0,0.0
0.0,0.0
28.733436584472656,-11.720438003540039
10.738643646240234,2.107386350631714
0.0,0.0
0.0,0.0
10.47501277923584,0.0
0.0,0.0
0.0,0.0
0.0,0.0
33.33331298828125,-26.41580581665039
152.06637573242188,-3.9164516925811768
0.0,0.0
0.0,0.0
22.584150314331055,0.0
3.819999933242798,-2.180000066757202
-3.601538896560669,96.45950317382812
6.989799499511719,9.115180015563965
33.33331298828125,-12.85842514038086
6.983342170715332,-1.4673163890838623
-6.79917049407959,67.68157196044922
-5.476200103759766,0.7542586326599121
5.730000019073486,-3.0
3.819999933242798,0.0
-3.6508188247680664,63.88998794555664
-18.711801528930664,-4.3421549797058105
33.33331298828125,-23.461820602416992
14.347362518310547,-9.115700721740723
-1.766223669052124,100.3602294921875
-12.630270004272461,8.44090461730957
24.431934356689453,-2.8746774196624756
8.354841232299805,0.0
0.0,0.0
0.0,0.0
22.584150314331055,-2.8746774196624756
2.0,0.0
0.0,0.0
0.0,0.0
12.532261848449707,0.0
0.0,0.0
0.0,0.0
0.0,0.0
33.315704345703125,-20.035165786743164
13.568530082702637,-3.9800000190734863
0.0,0.0
0.0,0.0
29.14742660522461,-9.622027397155762
6.983342170715332,-4.735786437988281
0.0,0.0
0.0,0.0
0.0,0.0
0.0,0.0
0.0,0.0
0.0,0.0
0.0,0.0
0.0,0.0
0.0,0.0
0.0,0.0
0.0,0.0
0.0,0.0
0.0,0.0
0.0,0.0
0.0,0.0
0.0,0.0
0.0,0.0
0.0,0.0
0.0,0.0
0.0,0.0
0.0,0.0
0.0,0.0
0.0,0.0
0.0,0.0
0.0,0.0
0.0,0.0
0.0,0.0
0.0,0.0
0.0,0.0
0.0,0.0
0.0,0.0
0.0,0.0
0.0,0.0
0.0,0.0
0.0,0.0
0.0,0.0
0.0,0.0
0.0,0.0
0.0,0.0
0.0,0.0
0.0,0.0
0.0,0.0
0.0,0.0
0.0,0.0
0.0,0.0
0.0,0.0
0.0,0.0
0.0,0.0
0.0,0.0
0.0,0.0
0.0,0.0
0.0,0.0
0.0,0.0
0.0,0.0
0.0,0.0
0.0,0.0
0.0,0.0
0.0,0.0
0.0,0.0
0.0,0.0
0.0,0.0
0.0,0.0
0.0,0.0
0.0,0.0
0.0,0.0
0.0,0.0
-8.854545593261719,9.830548286437988
0.0,0.0
0.0,0.0
0.0,0.0
0.0,0.0
0.0,0.0
33.33331298828125,10.63121223449707
0.0,0.0
33.33331298828125,16.63201904296875
0.0,0.0
0.0,0.0
0.0,0.0
3.1253225803375244,21.52104377746582
0.0,0.0
0.0,0.0
0.0,0.0
-10.167125701904297,-1.6706918478012085
0.0,0.0
0.0,0.0
0.0,0.0
0.0,0.0
0.0,0.0
12.532261848449707,-3.0
0.0,0.0
33.33331298828125,-16.673547744750977
0.0,0.0
0.0,0.0
0.0,0.0
33.33331298828125,0.11641959846019745
0.0,0.0
0.0,0.0
0.0,0.0
-6.875566482543945,8.97910213470459
0.0,0.0
0.0,0.0
0.0,0.0
0.0,0.0
0.0,0.0
33.33331298828125,-4.144385814666748
0.0,0.0
33.33331298828125,26.203092575073242
0.0,0.0
0.0,0.0
0.0,0.0
0.0,12.532261848449707
0.0,0.0
0.0,0.0
0.0,0.0
-8.564599990844727,9.454336166381836
0.0,0.0
0.0,0.0
0.0,0.0
0.0,0.0
0.0,0.0
8.214300155639648,-5.6427001953125
0.0,0.0
33.33331298828125,-20.3170166015625
0.0,0.0
0.0,0.0
0.0,0.0
33.320045471191406,-1.0708271265029907
0.0,0.0
0.0,0.0
0.0,0.0
0.0,0.0
0.0,0.0
0.0,0.0
0.0,0.0
0.0,0.0
0.0,0.0
0.0,0.0
0.0,0.0
0.0,0.0
0.0,0.0
0.0,0.0
0.0,0.0
0.0,0.0
0.0,0.0
0.0,0.0
0.0,0.0
-0.5582830905914307,40.771183013916016
-15.48480224609375,22.57903289794922
0.0,0.0
0.0,0.0
0.0,0.0
0.0,0.0
0.0,0.0
0.0,0.0
-5.426546096801758,63.46170425415039
-17.775524139404297,22.222232818603516
0.0,0.0
0.0,0.0
0.0,0.0
0.0,0.0
0.0,0.0
0.0,0.0
0.0,0.0
0.0,0.0
0.0,0.0
0.0,0.0
0.0,0.0
0.0,0.0
0.0,0.0
0.0,0.0
0.0,0.0
0.0,0.0
0.0,0.0
0.0,0.0
0.0,0.0
0.0,0.0
0.0,0.0
0.0,0.0
-0.18097546696662903,49.72066116333008
46.980045318603516,53.12871551513672
0.0,0.0
0.0,0.0
191.824951171875,408.1805725097656
0.0,0.0
0.0,0.0
0.0,0.0
12.163435935974121,39.05821990966797
-16.008424758911133,22.308053970336914
0.0,0.0
0.0,0.0
282.0845947265625,5.7209672927856445
0.0,0.0
0.0,0.0
0.0,0.0
0.0,0.0
0.0,0.0
0.0,0.0
0.0,0.0
0.0,0.0
0.0,0.0
0.0,0.0
0.0,0.0
0.0,0.0
0.0,0.0
0.0,0.0
0.0,0.0
0.0,0.0
0.0,0.0
0.0,0.0
0.0,0.0
0.0,0.0
0.0,0.0
0.0,0.0
0.0,0.0
0.0,0.0
0.0,0.0
0.0,0.0
0.0,0.0
0.0,0.0
0.0,0.0
0.0,0.0
0.0,0.0
0.0,0.0
0.0,0.0
0.0,0.0
0.0,0.0
0.0,0.0
0.0,0.0
0.0,0.0
0.0,0.0
0.0,0.0
0.0,0.0
0.0,0.0
0.0,0.0
0.0,0.0
0.0,0.0
0.0,0.0
0.0,0.0
0.0,0.0
0.0,0.0
0.0,0.0
0.0,0.0
0.0,0.0
0.0,0.0
0.0,0.0
0.0,0.0
0.0,0.0
0.0,0.0
0.0,0.0
0.0,0.0
0.0,0.0
0.0,0.0
0.0,0.0
0.0,0.0
0.0,0.0
0.0,0.0
0.0,0.0
0.0,0.0
0.0,0.0
0.0,0.0
0.0,0.0
0.0,0.0
0.0,0.0
0.0,0.0
0.0,0.0
0.0,0.0
0.0,0.0
0.0,0.0
0.0,0.0
0.0,0.0
0.0,0.0
0.0,0.0
0.0,0.0
0.0,0.0
-6.666658401489258,33.333396911621094
-16.164480209350586,22.546905517578125
0.0,0.0
0.0,0.0
0.0,0.0
0.0,0.0
0.0,0.0
0.0,0.0
-6.6666483879089355,33.33348846435547
-17.71283531188965,22.222232818603516
0.0,0.0
0.0,0.0
0.0,0.0
0.0,0.0
0.0,0.0
0.0,0.0
0.0,0.0
0.0,0.0
0.0,0.0
0.0,0.0
0.0,0.0
0.0,0.0
0.0,0.0
0.0,0.0
0.0,0.0
0.0,0.0
0.0,0.0
0.0,0.0
0.0,0.0
0.0,0.0
0.0,0.0
0.0,0.0
-6.659973621368408,33.33331298828125
-13.05783748626709,22.216150283813477
0.0,0.0
0.0,0.0
0.0,0.0
0.0,0.0
0.0,0.0
0.0,0.0
-6.66665506362915,33.33341979980469
-17.706180572509766,22.222211837768555
0.0,0.0
0.0,0.0
0.0,0.0
0.0,0.0
0.0,0.0
0.0,0.0
0.0,0.0
0.0,0.0
0.0,0.0
0.0,0.0
0.0,0.0
0.0,0.0
0.0,0.0
0.0,0.0
0.0,0.0
0.0,0.0
0.0,0.0
0.0,0.0
0.0,0.0
0.0,0.0
0.0,0.0
0.0,0.0
0.0,0.0
0.0,0.0
0.0,0.0
0.0,0.0
0.0,0.0
0.0,0.0
0.0,0.0
0.0,0.0
0.0,0.0
0.0,0.0
0.0,0.0
0.0,0.0
0.0,0.0
0.0,0.0
0.0,0.0
0.0,0.0
0.0,0.0
0.0,0.0
0.0,0.0
0.0,0.0
0.0,0.0
0.0,0.0
0.0,0.0
0.0,0.0
0.0,0.0
0.0,0.0
0.0,0.0
0.0,0.0
0.0,0.0
0.0,0.0
0.0,0.0
0.0,0.0
0.0,0.0
0.0,0.0
0.0,0.0
0.0,0.0
0.0,0.0
0.0,0.0
0.0,0.0
0.0,0.0
0.0,0.0
0.0,0.0
0.0,0.0
0.0,0.0
0.0,0.0
0.0,0.0
-6.282761096954346,33.33284378051758
-3.799999952316284,2.0
-5.506712436676025,33.08614730834961
-2.0,0.0
0.0,0.0
0.0,0.0
0.0,0.0
0.0,0.0
-6.6733622550964355,33.297515869140625
-5.331037998199463,15.701050758361816
-2.2281696796417236,25.962085723876953
0.0,0.0
0.0,0.0
0.0,0.0
0.0,0.0
0.0,0.0
-6.359402179718018,33.33268356323242
-3.7618000507354736,3.819999933242798
-6.666666507720947,33.33331298828125
-12.580936431884766,21.201509475708008
0.0,0.0
0.0,0.0
0.0,0.0
0.0,0.0
-6.593684196472168,33.314823150634766
-7.955385684967041,14.347362518310547
-6.680843353271484,33.33331298828125
-12.438682556152344,22.197233200073242
0.0,0.0
0.0,0.0
0.0,0.0
0.0,0.0
-6.485011577606201,33.31745147705078
-5.33216667175293,8.354841232299805
-4.603074073791504,33.179080963134766
-2.0,0.0
-1.0,5.730000019073486
0.0,0.0
0.0,0.0
0.0,0.0
-4.9772443771362305,33.333492279052734
-3.799999952316284,11.772165298461914
-2.9835703372955322,23.551576614379883
0.0,0.0
-2.510974645614624,16.10796546936035
0.0,0.0
0.0,0.0
0.0,0.0
-6.576771259307861,33.314361572265625
-6.823237895965576,6.983342170715332
-6.66677713394165,33.33331298828125
-11.355457305908203,21.40331268310547
-1.8700000047683716,3.0
0.0,0.0
-1.7952498197555542,22.584150314331055
0.0,0.0
-5.4562602043151855,33.76203155517578
-3.6728732585906982,12.71267032623291
17.54228401184082,33.333351135253906
-9.536490440368652,21.932025909423828
-0.5519202947616577,213.10797119140625
0.0,0.0
183.07225036621094,159.8663330078125
0.0,0.0
0.0,0.0
0.0,0.0
0.0,0.0
0.0,0.0
0.0,0.0
0.0,0.0
0.0,0.0
0.0,0.0
0.0,0.0
0.0,0.0
0.0,0.0
0.0,0.0
0.0,0.0
0.0,0.0
0.0,0.0
0.0,0.0
0.0,0.0
0.0,0.0
0.0,0.0
0.0,0.0
0.0,0.0
0.0,0.0
0.0,0.0
0.0,0.0
0.0,0.0
0.0,0.0
0.0,0.0
0.0,0.0
0.0,0.0
0.0,0.0
0.0,0.0
0.0,0.0
0.0,0.0
0.0,0.0
0.0,0.0
0.0,0.0
0.0,0.0
0.0,0.0
0.0,0.0
0.0,0.0
0.0,0.0
0.0,0.0
0.0,0.0
0.0,0.0
0.0,0.0
0.0,0.0
0.0,0.0
0.0,0.0
0.0,0.0
0.0,0.0
0.0,0.0
0.0,0.0
0.0,0.0
0.0,0.0
0.0,0.0
0.0,0.0
0.0,0.0
0.0,0.0
0.0,0.0
0.0,0.0
0.0,0.0
0.0,0.0
0.0,0.0
0.0,0.0
0.0,0.0
0.0,0.0
0.0,5.730000019073486
0.0,0.0
0.0,0.0
0.0,0.0
0.0,0.0
0.0,0.0
-3.9043819904327393,32.566795349121094
0.0,0.0
0.0,12.532261848449707
0.0,0.0
0.0,0.0
0.0,0.0
0.0,0.0
0.0,0.0
0.0,0.0
0.0,0.0
-6.66667366027832,33.33328628540039
0.0,0.0
0.0,0.0
0.0,0.0
0.0,0.0
0.0,0.0
-4.6470465660095215,32.898040771484375
0.0,0.0
-6.666666507720947,33.33331298828125
0.0,0.0
0.0,0.0
0.0,0.0
0.0,0.0
0.0,0.0
0.0,0.0
0.0,0.0
0.0,0.0
0.0,0.0
0.0,0.0
0.0,0.0
0.0,0.0
0.0,0.0
0.0,0.0
0.0,0.0
0.0,0.0
0.0,0.0
0.0,0.0
0.0,0.0
0.0,0.0
0.0,0.0
0.0,0.0
0.0,0.0
-1.0,5.730000019073486
0.0,0.0
0.0,0.0
0.0,0.0
0.0,0.0
0.0,0.0
0.0,0.0
0.0,0.0
-4.322502136230469,32.566795349121094
0.0,0.0
0.0,0.0
0.0,0.0
0.0,0.0
0.0,0.0
0.0,0.0
0.0,0.0
0.0,0.0
0.0,0.0
0.0,0.0
0.0,0.0
0.0,0.0
0.0,0.0
0.0,0.0
0.0,0.0
0.0,0.0
0.0,0.0
0.0,0.0
0.0,0.0
0.0,0.0
0.0,0.0
0.0,0.0
0.0,0.0
0.0,0.0
0.0,0.0
0.0,0.0
0.0,0.0
0.0,0.0
0.0,0.0
0.0,0.0
0.0,0.0
0.0,0.0
0.0,0.0
0.0,0.0
0.0,0.0
0.0,0.0
0.0,0.0
0.0,0.0
0.0,0.0
0.0,0.0
0.0,0.0
0.0,0.0
0.0,0.0
0.0,0.0
0.0,0.0
0.0,0.0
0.0,0.0
0.0,0.0
0.0,0.0
0.0,0.0
0.0,0.0
0.0,0.0
0.0,0.0
0.0,0.0
0.0,0.0
0.0,0.0
0.0,0.0
0.0,0.0
0.0,0.0
0.0,0.0
0.0,0.0
0.0,0.0
0.0,0.0
0.0,0.0
0.0,0.0
0.0,0.0
0.0,0.0
0.0,0.0
0.0,0.0
