-11.372542381286621,21.124290466308594
0.0,0.0
0.0,0.0
0.0,0.0
0.0,0.0
0.0,0.0
0.0,0.0
0.0,0.0
0.0,0.0
0.0,0.0
0.0,0.0
0.0,0.0
0.0,0.0
0.0,0.0
0.0,0.0
0.0,0.0
0.0,0.0
0.0,0.0
-7.547688007354736,22.72821044921875
-11.93973159790039,31.703271865844727
0.0,0.0
0.0,0.0
0.0,0.0
0.0,0.0
0.0,0.0
0.0,0.0
-7.731235504150391,22.59222412109375
-5.153219699859619,27.229202270507812
0.0,0.0
0.0,0.0
0.0,0.0
0.0,0.0
0.0,0.0
0.0,0.0
0.0,0.0
0.0,0.0
0.0,0.0
0.0,0.0
0.0,0.0
0.0,0.0
0.0,0.0
0.0,0.0
0.0,0.0
0.0,0.0
0.0,0.0
0.0,0.0
0.0,0.0
0.0,0.0
0.0,0.0
0.0,0.0
-7.780123710632324,22.178510665893555
-12.723520278930664,32.937217712402344
0.0,0.0
0.0,0.0
-7.431990623474121,21.998516082763672
0.0,0.0
0.0,0.0
0.0,0.0
-7.779711723327637,22.211483001708984
-7.589991569519043,28.278501510620117
0.0,0.0
0.0,0.0
-7.100953102111816,22.216697692871094
0.0,0.0
0.0,0.0
0.0,0.0
0.0,0.0
0.0,0.0
0.0,0.0
0.0,0.0
0.0,0.0
0.0,0.0
0.0,0.0
0.0,0.0
0.0,0.0
0.0,0.0
0.0,0.0
0.0,0.0
0.0,0.0
0.0,0.0
0.0,0.0
0.0,0.0
-7.383818626403809,22.197772979736328
-4.973979949951172,25.962085723876953
0.0,0.0
0.0,0.0
-7.088319301605225,22.213367462158203
-2.0,5.730000019073486
0.0,0.0
0.0,0.0
-7.7733154296875,22.222211837768555
-13.159014701843262,33.317291259765625
0.0,0.0
0.0,0.0
-5.3934736251831055,22.210472106933594
-1.9693478345870972,616.63623046875
0.0,0.0
0.0,0.0
0.0,0.0
0.0,0.0
0.0,0.0
0.0,0.0
0.0,0.0
0.0,0.0
0.0,0.0
0.0,0.0
0.0,0.0
0.0,0.0
0.0,0.0
0.0,0.0
0.0,0.0
0.0,0.0
0.0,0.0
0.0,0.0
-7.763673305511475,22.222087860107422
-12.129120826721191,32.80767822265625
0.0,0.0
0.0,0.0
-1.8799999952316284,2.0
-5.0798163414001465,26.625497817993164
0.0,0.0
0.0,0.0
-7.7896928787231445,22.222211837768555
7.119139194488525,189.57875061035156
0.0,0.0
0.0,0.0
-6.747486591339111,22.1977481842041
-7.192319393157959,528.9834594726562
0.0,0.0
0.0,0.0
0.0,0.0
0.0,0.0
0.0,0.0
0.0,0.0
0.0,0.0
0.0,0.0
0.0,0.0
0.0,0.0
0.0,0.0
0.0,0.0
0.0,0.0
0.0,0.0
0.0,0.0
0.0,0.0
0.0,0.0
0.0,0.0
-7.528547286987305,22.33379554748535
-11.500100135803223,50.00525665283203
0.0,0.0
0.0,0.0
0.0,0.0
0.0,0.0
0.0,0.0
0.0,0.0
-6.6075358390808105,22.540822982788086
-16.316892623901367,33.33331298828125
0.0,0.0
0.0,0.0
-4.837435722351074,21.87178611755371
0.0,0.0
0.0,0.0
0.0,0.0
0.0,0.0
0.0,0.0
0.0,0.0
0.0,0.0
0.0,0.0
0.0,0.0
0.0,0.0
0.0,0.0
0.0,0.0
0.0,0.0
0.0,0.0
0.0,0.0
0.0,0.0
0.0,0.0
0.0,0.0
0.0,0.0
-7.778197288513184,22.222211837768555
0.0,0.0
0.0,0.0
0.0,0.0
0.0,0.0
0.0,0.0
0.0,0.0
0.0,0.0
-7.7796525955200195,22.20388412475586
-9.279047966003418,32.49098205566406
0.0,0.0
0.0,0.0
0.0,0.0
0.0,0.0
0.0,0.0
0.0,0.0
0.0,0.0
0.0,0.0
0.0,0.0
0.0,0.0
0.0,0.0
0.0,0.0
0.0,0.0
0.0,0.0
0.0,0.0
0.0,0.0
0.0,0.0
0.0,0.0
0.0,0.0
0.0,0.0
0.0,0.0
0.0,0.0
-7.808504104614258,21.915241241455078
-12.142126083374023,143.2386474609375
0.0,0.0
0.0,0.0
0.0,0.0
0.0,0.0
0.0,0.0
0.0,0.0
-7.8780083656311035,20.337303161621094
-0.7384899258613586,443.2269287109375
0.0,0.0
0.0,0.0
-8.033973693847656,21.898590087890625
0.0,12.532261848449707
0.0,0.0
0.0,0.0
0.0,0.0
0.0,0.0
0.0,0.0
0.0,0.0
0.0,0.0
0.0,0.0
0.0,0.0
0.0,0.0
0.0,0.0
0.0,0.0
0.0,0.0
0.0,0.0
0.0,0.0
0.0,0.0
0.0,0.0
0.0,0.0
-7.777791500091553,22.222211837768555
0.0,0.0
0.0,0.0
0.0,0.0
0.0,0.0
0.0,0.0
0.0,0.0
0.0,0.0
-7.793773174285889,22.196041107177734
10.366162300109863,508.39459228515625
0.0,0.0
0.0,0.0
-7.577297687530518,22.215036392211914
0.0,0.0
0.0,0.0
0.0,0.0
0.0,0.0
0.0,0.0
0.0,0.0
0.0,0.0
0.0,0.0
0.0,0.0
0.0,0.0
0.0,0.0
0.0,0.0
0.0,0.0
0.0,0.0
0.0,0.0
0.0,0.0
0.0,0.0
0.0,0.0
0.0,0.0
0.0,0.0
0.0,0.0
0.0,0.0
0.0,0.0
0.0,0.0
0.0,0.0
0.0,0.0
0.0,0.0
0.0,0.0
0.0,0.0
0.0,0.0
0.0,0.0
0.0,0.0
0.0,0.0
0.0,0.0
0.0,0.0
0.0,0.0
0.0,0.0
0.0,0.0
0.0,0.0
0.0,0.0
0.0,0.0
0.0,0.0
0.0,0.0
0.0,0.0
0.0,0.0
0.0,0.0
0.0,0.0
0.0,0.0
0.0,0.0
0.0,0.0
0.0,0.0
0.0,0.0
0.0,0.0
0.0,0.0
0.0,0.0
0.0,0.0
0.0,0.0
0.0,0.0
0.0,0.0
0.0,0.0
0.0,0.0
0.0,0.0
0.0,0.0
0.0,0.0
0.0,0.0
-9.786848068237305,9.486851692199707
0.0,0.0
11.111105918884277,-6.781115531921387
0.0,0.0
-1.0,1.0
0.0,0.0
3.491671085357666,-0.98089998960495
0.0,0.0
-9.49492359161377,10.078534126281738
0.0,0.0
11.111105918884277,-0.38566336035728455
0.0,0.0
0.0,0.0
0.0,0.0
2.738100051879883,-1.0809999704360962
0.0,0.0
0.0,0.0
0.0,0.0
7.850525379180908,-0.9282631874084473
0.0,0.0
0.0,0.0
0.0,0.0
4.80145263671875,-1.0
0.0,0.0
0.0,0.0
0.0,0.0
11.110219955444336,-7.144510746002197
0.0,0.0
0.0,0.0
0.0,0.0
6.356335163116455,-0.9411391615867615
500.0,5.0
-97.10238647460938,92.18812561035156
-109.94042205810547,97.24056243896484
-89.7871322631836,110.27814483642578
-45.60686111450195,-3.9316279888153076
-80.64827728271484,36.56156921386719
-82.0732421875,-83.46849822998047
0.0,19.100000381469727
-11.0,30.11910057067871
-97.80553436279297,40.21156311035156
-110.05306243896484,-77.55074310302734
-95.76155090332031,77.04618835449219
-37.42197036743164,30.960052490234375
-70.58897399902344,73.95658874511719
-73.82167053222656,-64.86421966552734
-26.18709945678711,51.2806510925293
-11.0,11.0
0.0,0.0
0.0,0.0
-25.458072662353516,55.81692123413086
-10.789899826049805,38.408382415771484
0.0,0.0
0.0,0.0
-10.0,0.0
-11.0,11.0
0.0,0.0
0.0,0.0
-82.54242706298828,86.35478210449219
-37.48497009277344,29.17487335205078
0.0,0.0
0.0,0.0
-33.926387786865234,59.1033821105957
-11.0,21.010000228881836
0.0,0.0
0.0,0.0
0.0,0.0
0.0,0.0
0.0,0.0
0.0,0.0
0.0,0.0
0.0,0.0
0.0,0.0
0.0,0.0
0.0,0.0
0.0,0.0
0.0,0.0
0.0,0.0
0.0,0.0
0.0,0.0
0.0,0.0
0.0,0.0
0.0,0.0
0.0,0.0
0.0,0.0
0.0,0.0
0.0,0.0
0.0,0.0
0.0,0.0
0.0,0.0
0.0,0.0
0.0,0.0
0.0,0.0
0.0,0.0
0.0,0.0
0.0,0.0
0.0,0.0
0.0,0.0
0.0,0.0
0.0,0.0
0.0,0.0
0.0,0.0
0.0,0.0
0.0,0.0
0.0,0.0
0.0,0.0
0.0,0.0
0.0,0.0
0.0,0.0
0.0,0.0
0.0,0.0
0.0,0.0
0.0,0.0
0.0,0.0
0.0,0.0
0.0,0.0
0.0,0.0
0.0,0.0
0.0,0.0
0.0,0.0
0.0,0.0
0.0,0.0
0.0,0.0
0.0,0.0
0.0,0.0
0.0,0.0
0.0,0.0
0.0,0.0
0.0,0.0
0.0,0.0
-3.314361810684204,2.7189407348632812
0.0,0.0
0.0,0.0
0.0,0.0
0.0,0.0
0.0,0.0
11.111105918884277,9.160797119140625
0.0,0.0
11.111105918884277,9.493412017822266
0.0,0.0
0.0,0.0
0.0,0.0
2.8070192337036133,5.375000476837158
0.0,0.0
0.0,0.0
0.0,0.0
-10.235725402832031,-2.356168746948242
0.0,0.0
0.0,0.0
0.0,0.0
0.0,0.0
0.0,0.0
2.738100051879883,-1.0536190271377563
0.0,0.0
11.111105918884277,-5.277220726013184
0.0,0.0
0.0,0.0
0.0,0.0
11.11087417602539,-2.878156900405884
0.0,0.0
0.0,0.0
0.0,0.0
-3.3189706802368164,5.5132575035095215
0.0,0.0
0.0,0.0
0.0,0.0
0.0,0.0
0.0,0.0
11.111105918884277,6.858676433563232
0.0,0.0
11.111105918884277,10.06285572052002
0.0,0.0
0.0,0.0
0.0,0.0
1.0,2.7463810443878174
0.0,0.0
0.0,0.0
0.0,0.0
-9.082141876220703,2.189760208129883
0.0,0.0
0.0,0.0
0.0,0.0
0.0,0.0
0.0,0.0
2.738100051879883,-0.04797615110874176
0.0,0.0
11.111105918884277,-7.636882305145264
0.0,0.0
0.0,0.0
0.0,0.0
10.830327987670898,0.2062387317419052
0.0,0.0
0.0,0.0
0.0,0.0
0.0,0.0
0.0,0.0
0.0,0.0
0.0,0.0
0.0,0.0
0.0,0.0
0.0,0.0
0.0,0.0
0.0,0.0
0.0,0.0
0.0,0.0
0.0,0.0
0.0,0.0
0.0,0.0
0.0,0.0
0.0,0.0
1.5968972444534302,105.6944808959961
-9.830209732055664,66.84581756591797
0.0,0.0
0.0,0.0
0.0,0.0
0.0,0.0
0.0,0.0
0.0,0.0
-4.443195819854736,55.555580139160156
-7.403677463531494,69.84589385986328
0.0,0.0
0.0,0.0
0.0,0.0
0.0,0.0
0.0,0.0
0.0,0.0
0.0,0.0
0.0,0.0
0.0,0.0
0.0,0.0
0.0,0.0
0.0,0.0
0.0,0.0
0.0,0.0
0.0,0.0
0.0,0.0
0.0,0.0
0.0,0.0
0.0,0.0
0.0,0.0
0.0,0.0
0.0,0.0
12.748771667480469,206.17144775390625
-0.3375411927700043,134.98568725585938
0.0,0.0
0.0,0.0
714.6594848632812,307.94189453125
0.0,0.0
0.0,0.0
0.0,0.0
5.3154215812683105,188.88385009765625
-8.679438591003418,67.27718353271484
0.0,0.0
0.0,0.0
1289.925537109375,0.0
0.0,0.0
0.0,0.0
0.0,0.0
0.0,0.0
0.0,0.0
0.0,0.0
0.0,0.0
0.0,0.0
0.0,0.0
0.0,0.0
0.0,0.0
0.0,0.0
0.0,0.0
0.0,0.0
0.0,0.0
0.0,0.0
0.0,0.0
0.0,0.0
0.0,0.0
0.0,0.0
0.0,0.0
0.0,0.0
0.0,0.0
0.0,0.0
0.0,0.0
0.0,0.0
0.0,0.0
0.0,0.0
0.0,0.0
0.0,0.0
0.0,0.0
0.0,0.0
0.0,0.0
0.0,0.0
0.0,0.0
0.0,0.0
0.0,0.0
0.0,0.0
0.0,0.0
0.0,0.0
0.0,0.0
0.0,0.0
0.0,0.0
0.0,0.0
0.0,0.0
0.0,0.0
0.0,0.0
0.0,0.0
0.0,0.0
0.0,0.0
0.0,0.0
0.0,0.0
0.0,0.0
0.0,0.0
0.0,0.0
0.0,0.0
0.0,0.0
0.0,0.0
0.0,0.0
0.0,0.0
0.0,0.0
0.0,0.0
0.0,0.0
0.0,0.0
0.0,0.0
0.0,0.0
0.0,0.0
0.0,0.0
0.0,0.0
0.0,0.0
0.0,0.0
0.0,0.0
0.0,0.0
0.0,0.0
0.0,0.0
0.0,0.0
0.0,0.0
0.0,0.0
0.0,0.0
0.0,0.0
0.0,0.0
0.0,0.0
0.0,0.0
-4.44444465637207,55.55553436279297
-10.409276008605957,66.63458251953125
0.0,0.0
0.0,0.0
0.0,0.0
0.0,0.0
0.0,0.0
0.0,0.0
-4.44444465637207,55.55553436279297
-8.742865562438965,68.09323120117188
0.0,0.0
0.0,0.0
0.0,0.0
0.0,0.0
0.0,0.0
0.0,0.0
0.0,0.0
0.0,0.0
0.0,0.0
0.0,0.0
0.0,0.0
0.0,0.0
0.0,0.0
0.0,0.0
0.0,0.0
0.0,0.0
0.0,0.0
0.0,0.0
0.0,0.0
0.0,0.0
0.0,0.0
0.0,0.0
6.285484790802002,90.85469818115234
-12.207745552062988,66.66654968261719
0.0,0.0
0.0,0.0
0.0,0.0
0.0,0.0
0.0,0.0
0.0,0.0
-4.44444465637207,55.55553436279297
-12.812288284301758,66.6666259765625
0.0,0.0
0.0,0.0
0.0,0.0
0.0,0.0
0.0,0.0
0.0,0.0
0.0,0.0
0.0,0.0
0.0,0.0
0.0,0.0
0.0,0.0
0.0,0.0
0.0,0.0
0.0,0.0
0.0,0.0
0.0,0.0
0.0,0.0
0.0,0.0
0.0,0.0
0.0,0.0
0.0,0.0
0.0,0.0
0.0,0.0
0.0,0.0
0.0,0.0
0.0,0.0
0.0,0.0
0.0,0.0
0.0,0.0
0.0,0.0
0.0,0.0
0.0,0.0
0.0,0.0
0.0,0.0
0.0,0.0
0.0,0.0
0.0,0.0
0.0,0.0
0.0,0.0
0.0,0.0
0.0,0.0
0.0,0.0
0.0,0.0
0.0,0.0
0.0,0.0
0.0,0.0
0.0,0.0
0.0,0.0
0.0,0.0
0.0,0.0
0.0,0.0
0.0,0.0
0.0,0.0
0.0,0.0
0.0,0.0
0.0,0.0
0.0,0.0
0.0,0.0
0.0,0.0
0.0,0.0
0.0,0.0
0.0,0.0
0.0,0.0
0.0,0.0
0.0,0.0
0.0,0.0
0.0,0.0
0.0,0.0
-3.9295883178710938,5.3536810874938965
0.0,0.0
6.784265041351318,0.0
0.0,0.0
0.0,0.0
0.0,0.0
0.0,0.0
0.0,0.0
-1.0,7.850525379180908
0.0,0.0
1.0,0.0
0.0,0.0
0.0,0.0
0.0,0.0
0.0,0.0
0.0,0.0
-3.378876209259033,4.536335468292236
0.0,0.0
11.110895156860352,-8.02553939819336
0.0,0.0
0.0,0.0
0.0,0.0
0.0,0.0
0.0,0.0
-2.6316637992858887,7.528049945831299
0.0,0.0
11.109930038452148,-7.735442638397217
0.0,0.0
0.0,0.0
0.0,0.0
0.0,0.0
0.0,0.0
-79.72306823730469,111.11079406738281
-29.69999885559082,30.11910057067871
-78.467041015625,111.10962677001953
-11.0,11.0
-10.0,27.381000518798828
0.0,0.0
0.0,0.0
0.0,0.0
-88.80843353271484,111.11106872558594
-36.188899993896484,78.9104995727539
-62.716590881347656,108.78594207763672
0.0,0.0
-19.0,34.916709899902344
0.0,0.0
0.0,0.0
0.0,0.0
-82.76473999023438,111.1108627319336
-20.689899444580078,38.408382415771484
-88.80298614501953,111.11116027832031
-75.59938049316406,121.39743041992188
-9.899999618530273,19.100000381469727
0.0,0.0
301.786376953125,0.0
0.0,0.0
9.572402954101562,111.11106872558594
-20.899999618530273,92.52123260498047
-88.8200454711914,111.11116027832031
-76.10822296142578,121.92994689941406
-18.650833129882812,34.916709899902344
0.0,0.0
-18.411392211914062,484.27423095703125
0.0,0.0
0.0,0.0
0.0,0.0
0.0,0.0
0.0,0.0
0.0,0.0
0.0,0.0
0.0,0.0
0.0,0.0
0.0,0.0
0.0,0.0
0.0,0.0
0.0,0.0
0.0,0.0
0.0,0.0
0.0,0.0
0.0,0.0
0.0,0.0
0.0,0.0
0.0,0.0
0.0,0.0
0.0,0.0
0.0,0.0
0.0,0.0
0.0,0.0
0.0,0.0
0.0,0.0
0.0,0.0
0.0,0.0
0.0,0.0
0.0,0.0
0.0,0.0
0.0,0.0
0.0,0.0
0.0,0.0
0.0,0.0
0.0,0.0
0.0,0.0
0.0,0.0
0.0,0.0
0.0,0.0
0.0,0.0
0.0,0.0
0.0,0.0
0.0,0.0
0.0,0.0
0.0,0.0
0.0,0.0
0.0,0.0
0.0,0.0
0.0,0.0
0.0,0.0
0.0,0.0
0.0,0.0
0.0,0.0
0.0,0.0
0.0,0.0
0.0,0.0
0.0,0.0
0.0,0.0
0.0,0.0
0.0,0.0
0.0,0.0
0.0,0.0
0.0,0.0
0.0,0.0
0.0,0.0
0.0,0.0
0.0,0.0
0.0,0.0
0.0,0.0
0.0,0.0
0.0,0.0
6.784265041351318,-3.228159189224243
0.0,0.0
1.0,-1.88100004196167
0.0,0.0
0.0,0.0
0.0,0.0
0.0,0.0
0.0,0.0
0.0,0.0
0.0,0.0
-8.888885498046875,11.111105918884277
0.0,0.0
0.0,0.0
0.0,0.0
0.0,0.0
0.0,0.0
8.411020278930664,-1.8206290006637573
0.0,0.0
11.111105918884277,-8.888885498046875
0.0,0.0
0.0,0.0
0.0,0.0
0.0,0.0
0.0,0.0
0.0,0.0
0.0,0.0
0.0,0.0
0.0,0.0
0.0,0.0
0.0,0.0
0.0,0.0
0.0,0.0
4.80145263671875,-0.9650833010673523
0.0,0.0
1.0,0.0
0.0,0.0
0.0,0.0
0.0,0.0
0.0,0.0
0.0,0.0
0.0,0.0
0.0,0.0
-4.383426666259766,10.935893058776855
0.0,0.0
0.0,0.0
0.0,0.0
0.0,0.0
0.0,0.0
5.886082649230957,-0.9463067650794983
0.0,0.0
11.111105918884277,-8.888885498046875
0.0,0.0
0.0,0.0
0.0,0.0
0.0,0.0
0.0,0.0
0.0,0.0
0.0,0.0
0.0,0.0
0.0,0.0
0.0,0.0
0.0,0.0
0.0,0.0
0.0,0.0
0.0,0.0
0.0,0.0
0.0,0.0
0.0,0.0
0.0,0.0
0.0,0.0
0.0,0.0
0.0,0.0
0.0,0.0
0.0,0.0
0.0,0.0
0.0,0.0
0.0,0.0
0.0,0.0
0.0,0.0
0.0,0.0
0.0,0.0
0.0,0.0
0.0,0.0
0.0,0.0
0.0,0.0
0.0,0.0
0.0,0.0
0.0,0.0
0.0,0.0
0.0,0.0
0.0,0.0
0.0,0.0
0.0,0.0
0.0,0.0
0.0,0.0
0.0,0.0
0.0,0.0
0.0,0.0
0.0,0.0
0.0,0.0
0.0,0.0
0.0,0.0
0.0,0.0
0.0,0.0
0.0,0.0
0.0,0.0
0.0,0.0
0.0,0.0
0.0,0.0
0.0,0.0
0.0,0.0
0.0,0.0
0.0,0.0
0.0,0.0
0.0,0.0
0.0,0.0
0.0,0.0
0.0,0.0
0.0,0.0
0.0,0.0
