-11.166845321655273,22.013898849487305
0.0,0.0
0.0,0.0
0.0,0.0
0.0,0.0
0.0,0.0
0.0,0.0
0.0,0.0
0.0,0.0
0.0,0.0
0.0,0.0
0.0,0.0
0.0,0.0
0.0,0.0
0.0,0.0
0.0,0.0
0.0,0.0
0.0,0.0
-7.852414131164551,22.60067367553711
-11.93973159790039,31.703271865844727
0.0,0.0
0.0,0.0
0.0,0.0
0.0,0.0
0.0,0.0
0.0,0.0
-7.705461502075195,22.467790603637695
-10.582335472106934,33.26732635498047
0.0,0.0
0.0,0.0
0.0,0.0
0.0,0.0
0.0,0.0
0.0,0.0
0.0,0.0
0.0,0.0
0.0,0.0
0.0,0.0
0.0,0.0
0.0,0.0
0.0,0.0
0.0,0.0
0.0,0.0
0.0,0.0
0.0,0.0
0.0,0.0
0.0,0.0
0.0,0.0
0.0,0.0
0.0,0.0
-7.779421329498291,22.20786476135254
-12.723520278930664,32.937217712402344
0.0,0.0
0.0,0.0
-7.615973472595215,22.201635360717773
0.0,0.0
0.0,0.0
0.0,0.0
-7.778348445892334,22.211265563964844
-7.589991569519043,28.278501510620117
0.0,0.0
0.0,0.0
-7.1686859130859375,22.184566497802734
0.0,0.0
0.0,0.0
0.0,0.0
0.0,0.0
0.0,0.0
0.0,0.0
0.0,0.0
0.0,0.0
0.0,0.0
0.0,0.0
0.0,0.0
0.0,0.0
0.0,0.0
0.0,0.0
0.0,0.0
0.0,0.0
0.0,0.0
0.0,0.0
0.0,0.0
-7.640534400939941,22.22193145751953
-7.287083148956299,29.86698341369629
0.0,0.0
0.0,0.0
-7.088319301605225,22.213367462158203
-2.0,5.730000019073486
0.0,0.0
0.0,0.0
-7.778658390045166,22.21270179748535
-13.509925842285156,33.3286247253418
0.0,0.0
0.0,0.0
-6.370020866394043,22.219860076904297
0.16663052141666412,777.5947875976562
0.0,0.0
0.0,0.0
0.0,0.0
0.0,0.0
0.0,0.0
0.0,0.0
0.0,0.0
0.0,0.0
0.0,0.0
0.0,0.0
0.0,0.0
0.0,0.0
0.0,0.0
0.0,0.0
0.0,0.0
0.0,0.0
0.0,0.0
0.0,0.0
-7.828671932220459,18.292869567871094
-12.129120826721191,32.972869873046875
0.0,0.0
0.0,0.0
-1.8799999952316284,2.0
-6.305579662322998,30.72119140625
0.0,0.0
0.0,0.0
-7.785865306854248,22.22169303894043
3.6738975048065186,554.7774658203125
0.0,0.0
0.0,0.0
-6.747486591339111,22.22195816040039
-3.629338026046753,443.78118896484375
0.0,0.0
0.0,0.0
0.0,0.0
0.0,0.0
0.0,0.0
0.0,0.0
0.0,0.0
0.0,0.0
0.0,0.0
0.0,0.0
0.0,0.0
0.0,0.0
0.0,0.0
0.0,0.0
0.0,0.0
0.0,0.0
0.0,0.0
0.0,0.0
-7.568480014801025,22.33379554748535
-11.329466819763184,145.23194885253906
0.0,0.0
0.0,0.0
0.0,0.0
0.0,0.0
0.0,0.0
0.0,0.0
-7.800232410430908,22.482990264892578
-16.531160354614258,33.33331298828125
0.0,0.0
0.0,0.0
-5.402156829833984,21.932025909423828
0.0,0.0
0.0,0.0
0.0,0.0
0.0,0.0
0.0,0.0
0.0,0.0
0.0,0.0
0.0,0.0
0.0,0.0
0.0,0.0
0.0,0.0
0.0,0.0
0.0,0.0
0.0,0.0
0.0,0.0
0.0,0.0
0.0,0.0
0.0,0.0
0.0,0.0
-7.832925319671631,22.117717742919922
0.0,0.0
0.0,0.0
0.0,0.0
0.0,0.0
0.0,0.0
0.0,0.0
0.0,0.0
-7.779613018035889,22.212804794311523
-9.279047966003418,32.49098205566406
0.0,0.0
0.0,0.0
0.0,0.0
0.0,0.0
0.0,0.0
0.0,0.0
0.0,0.0
0.0,0.0
0.0,0.0
0.0,0.0
0.0,0.0
0.0,0.0
0.0,0.0
0.0,0.0
0.0,0.0
0.0,0.0
0.0,0.0
0.0,0.0
0.0,0.0
0.0,0.0
0.0,0.0
0.0,0.0
-7.808919906616211,21.910491943359375
-2.6870710849761963,38.70790100097656
0.0,0.0
0.0,0.0
0.0,0.0
0.0,0.0
0.0,0.0
0.0,0.0
-7.831748962402344,21.58616065979004
-3.4433937072753906,323.3791198730469
0.0,0.0
0.0,0.0
-8.33351993560791,14.23279094696045
-3.5092811584472656,17.658248901367188
0.0,0.0
0.0,0.0
0.0,0.0
0.0,0.0
0.0,0.0
0.0,0.0
0.0,0.0
0.0,0.0
0.0,0.0
0.0,0.0
0.0,0.0
0.0,0.0
0.0,0.0
0.0,0.0
0.0,0.0
0.0,0.0
0.0,0.0
0.0,0.0
-7.838151931762695,21.938329696655273
0.0,0.0
0.0,0.0
0.0,0.0
0.0,0.0
0.0,0.0
0.0,0.0
0.0,0.0
-7.813998222351074,22.00981330871582
503.61151123046875,86.04147338867188
0.0,0.0
0.0,0.0
-7.854714393615723,20.952211380004883
0.0,0.0
0.0,0.0
0.0,0.0
0.0,0.0
0.0,0.0
0.0,0.0
0.0,0.0
0.0,0.0
0.0,0.0
0.0,0.0
0.0,0.0
0.0,0.0
0.0,0.0
0.0,0.0
0.0,0.0
0.0,0.0
0.0,0.0
0.0,0.0
0.0,0.0
0.0,0.0
0.0,0.0
0.0,0.0
0.0,0.0
0.0,0.0
0.0,0.0
0.0,0.0
0.0,0.0
0.0,0.0
0.0,0.0
0.0,0.0
0.0,0.0
0.0,0.0
0.0,0.0
0.0,0.0
0.0,0.0
0.0,0.0
0.0,0.0
0.0,0.0
0.0,0.0
0.0,0.0
0.0,0.0
0.0,0.0
0.0,0.0
0.0,0.0
0.0,0.0
0.0,0.0
0.0,0.0
0.0,0.0
0.0,0.0
0.0,0.0
0.0,0.0
0.0,0.0
0.0,0.0
0.0,0.0
0.0,0.0
0.0,0.0
0.0,0.0
0.0,0.0
0.0,0.0
0.0,0.0
0.0,0.0
0.0,0.0
0.0,0.0
0.0,0.0
0.0,0.0
-9.62932014465332,8.117158889770508
0.0,0.0
11.111105918884277,-4.784567832946777
0.0,0.0
-1.0,1.0
0.0,0.0
3.491671085357666,-0.98089998960495
0.0,0.0
-9.427623748779297,-1.9041452407836914
0.0,0.0
11.111105918884277,-3.84718918800354
0.0,0.0
0.0,0.0
0.0,0.0
3.491671085357666,-1.0809999704360962
0.0,0.0
0.0,0.0
0.0,0.0
8.875165939331055,-0.9282631874084473
0.0,0.0
0.0,0.0
0.0,0.0
4.80145263671875,-1.0
0.0,0.0
0.0,0.0
0.0,0.0
11.111092567443848,-7.744406223297119
0.0,0.0
0.0,0.0
0.0,0.0
8.143978118896484,-0.9411391615867615
455.0,5.0
-96.92803955078125,-17.829618453979492
-114.97067260742188,74.12974548339844
-94.31967163085938,46.018192291259766
-45.60686111450195,40.4522705078125
-86.51762390136719,-58.55695724487305
-88.95267486572266,-68.13026428222656
0.0,19.100000381469727
-11.0,38.408382415771484
-98.70311737060547,19.131145477294922
-106.19293975830078,607.03857421875
-97.20974731445312,40.575355529785156
-37.42197036743164,41.421024322509766
-80.75249481201172,105.48265075683594
-82.1417236328125,-78.99889373779297
-32.952735900878906,66.02461242675781
-11.0,11.0
0.0,0.0
0.0,0.0
-38.31058120727539,52.377655029296875
-10.789899826049805,45.951629638671875
0.0,0.0
0.0,0.0
-10.0,0.0
-20.790000915527344,11.0
0.0,0.0
0.0,0.0
-87.37593078613281,92.11293029785156
-37.48497009277344,38.39503860473633
0.0,0.0
0.0,0.0
-33.926387786865234,86.65434265136719
-11.0,21.010000228881836
0.0,0.0
0.0,0.0
0.0,0.0
0.0,0.0
0.0,0.0
0.0,0.0
0.0,0.0
0.0,0.0
0.0,0.0
0.0,0.0
0.0,0.0
0.0,0.0
0.0,0.0
0.0,0.0
0.0,0.0
0.0,0.0
0.0,0.0
0.0,0.0
0.0,0.0
0.0,0.0
0.0,0.0
0.0,0.0
0.0,0.0
0.0,0.0
0.0,0.0
0.0,0.0
0.0,0.0
0.0,0.0
0.0,0.0
0.0,0.0
0.0,0.0
0.0,0.0
0.0,0.0
0.0,0.0
0.0,0.0
0.0,0.0
0.0,0.0
0.0,0.0
0.0,0.0
0.0,0.0
0.0,0.0
0.0,0.0
0.0,0.0
0.0,0.0
0.0,0.0
0.0,0.0
0.0,0.0
0.0,0.0
0.0,0.0
0.0,0.0
0.0,0.0
0.0,0.0
0.0,0.0
0.0,0.0
0.0,0.0
0.0,0.0
0.0,0.0
0.0,0.0
0.0,0.0
0.0,0.0
0.0,0.0
0.0,0.0
0.0,0.0
0.0,0.0
0.0,0.0
0.0,0.0
-5.918331146240234,4.366984844207764
0.0,0.0
0.0,0.0
0.0,0.0
0.0,0.0
0.0,0.0
11.111105918884277,8.5704984664917
0.0,0.0
11.111105918884277,3.0146868228912354
0.0,0.0
0.0,0.0
0.0,0.0
4.901979446411133,5.8912506103515625
0.0,0.0
0.0,0.0
0.0,0.0
-10.205446243286133,-2.0533854961395264
0.0,0.0
0.0,0.0
0.0,0.0
0.0,0.0
0.0,0.0
3.491671085357666,-1.0536190271377563
0.0,0.0
11.111105918884277,-3.468820095062256
0.0,0.0
0.0,0.0
0.0,0.0
11.111103057861328,2.4956576824188232
0.0,0.0
0.0,0.0
0.0,0.0
-3.931941032409668,3.9452431201934814
0.0,0.0
0.0,0.0
0.0,0.0
0.0,0.0
0.0,0.0
11.111105918884277,3.1999576091766357
0.0,0.0
11.111105918884277,3.1487069129943848
0.0,0.0
0.0,0.0
0.0,0.0
1.0,2.7463810443878174
0.0,0.0
0.0,0.0
0.0,0.0
-9.54946231842041,3.0383121967315674
0.0,0.0
0.0,0.0
0.0,0.0
0.0,0.0
0.0,0.0
4.177420616149902,-0.04797615110874176
0.0,0.0
11.111105918884277,-6.830835342407227
0.0,0.0
0.0,0.0
0.0,0.0
11.049018859863281,2.8675084114074707
0.0,0.0
0.0,0.0
0.0,0.0
0.0,0.0
0.0,0.0
0.0,0.0
0.0,0.0
0.0,0.0
0.0,0.0
0.0,0.0
0.0,0.0
0.0,0.0
0.0,0.0
0.0,0.0
0.0,0.0
0.0,0.0
0.0,0.0
0.0,0.0
0.0,0.0
7.329430103302002,55.614784240722656
-12.748147964477539,66.66670227050781
0.0,0.0
0.0,0.0
0.0,0.0
0.0,0.0
0.0,0.0
0.0,0.0
-3.5294189453125,55.60560607910156
-3.887796401977539,128.7018585205078
0.0,0.0
0.0,0.0
0.0,0.0
0.0,0.0
0.0,0.0
0.0,0.0
0.0,0.0
0.0,0.0
0.0,0.0
0.0,0.0
0.0,0.0
0.0,0.0
0.0,0.0
0.0,0.0
0.0,0.0
0.0,0.0
0.0,0.0
0.0,0.0
0.0,0.0
0.0,0.0
0.0,0.0
0.0,0.0
38.581443786621094,150.70468139648438
-8.485633850097656,101.09005737304688
0.0,0.0
0.0,0.0
1320.5667724609375,791.66455078125
0.0,0.0
0.0,0.0
0.0,0.0
159.00131225585938,183.27468872070312
1.9555357694625854,78.89759826660156
0.0,0.0
0.0,0.0
1567.27734375,0.0
0.0,0.0
0.0,0.0
0.0,0.0
0.0,0.0
0.0,0.0
0.0,0.0
0.0,0.0
0.0,0.0
0.0,0.0
0.0,0.0
0.0,0.0
0.0,0.0
0.0,0.0
0.0,0.0
0.0,0.0
0.0,0.0
0.0,0.0
0.0,0.0
0.0,0.0
0.0,0.0
0.0,0.0
0.0,0.0
0.0,0.0
0.0,0.0
0.0,0.0
0.0,0.0
0.0,0.0
0.0,0.0
0.0,0.0
0.0,0.0
0.0,0.0
0.0,0.0
0.0,0.0
0.0,0.0
0.0,0.0
0.0,0.0
0.0,0.0
0.0,0.0
0.0,0.0
0.0,0.0
0.0,0.0
0.0,0.0
0.0,0.0
0.0,0.0
0.0,0.0
0.0,0.0
0.0,0.0
0.0,0.0
0.0,0.0
0.0,0.0
0.0,0.0
0.0,0.0
0.0,0.0
0.0,0.0
0.0,0.0
0.0,0.0
0.0,0.0
0.0,0.0
0.0,0.0
0.0,0.0
0.0,0.0
0.0,0.0
0.0,0.0
0.0,0.0
0.0,0.0
0.0,0.0
0.0,0.0
0.0,0.0
0.0,0.0
0.0,0.0
0.0,0.0
0.0,0.0
0.0,0.0
0.0,0.0
0.0,0.0
0.0,0.0
0.0,0.0
0.0,0.0
0.0,0.0
0.0,0.0
0.0,0.0
0.0,0.0
0.0,0.0
-4.44444465637207,55.55553436279297
-12.200593948364258,66.6666259765625
0.0,0.0
0.0,0.0
0.0,0.0
0.0,0.0
0.0,0.0
0.0,0.0
-4.44444465637207,55.55553436279297
-10.305946350097656,66.68529510498047
0.0,0.0
0.0,0.0
0.0,0.0
0.0,0.0
0.0,0.0
0.0,0.0
0.0,0.0
0.0,0.0
0.0,0.0
0.0,0.0
0.0,0.0
0.0,0.0
0.0,0.0
0.0,0.0
0.0,0.0
0.0,0.0
0.0,0.0
0.0,0.0
0.0,0.0
0.0,0.0
0.0,0.0
0.0,0.0
-4.325002193450928,55.55557632446289
-12.940868377685547,66.6666259765625
0.0,0.0
0.0,0.0
0.0,0.0
0.0,0.0
0.0,0.0
0.0,0.0
-4.306408405303955,56.83218002319336
-13.3030366897583,66.6666259765625
0.0,0.0
0.0,0.0
0.0,0.0
0.0,0.0
0.0,0.0
0.0,0.0
0.0,0.0
0.0,0.0
0.0,0.0
0.0,0.0
0.0,0.0
0.0,0.0
0.0,0.0
0.0,0.0
0.0,0.0
0.0,0.0
0.0,0.0
0.0,0.0
0.0,0.0
0.0,0.0
0.0,0.0
0.0,0.0
0.0,0.0
0.0,0.0
0.0,0.0
0.0,0.0
0.0,0.0
0.0,0.0
0.0,0.0
0.0,0.0
0.0,0.0
0.0,0.0
0.0,0.0
0.0,0.0
0.0,0.0
0.0,0.0
0.0,0.0
0.0,0.0
0.0,0.0
0.0,0.0
0.0,0.0
0.0,0.0
0.0,0.0
0.0,0.0
0.0,0.0
0.0,0.0
0.0,0.0
0.0,0.0
0.0,0.0
0.0,0.0
0.0,0.0
0.0,0.0
0.0,0.0
0.0,0.0
0.0,0.0
0.0,0.0
0.0,0.0
0.0,0.0
0.0,0.0
0.0,0.0
0.0,0.0
0.0,0.0
0.0,0.0
0.0,0.0
0.0,0.0
0.0,0.0
0.0,0.0
0.0,0.0
-4.473195552825928,7.8416428565979
0.0,0.0
7.173681259155273,0.0
0.0,0.0
0.0,0.0
0.0,0.0
0.0,0.0
0.0,0.0
-1.0,9.25952434539795
0.0,0.0
1.909999966621399,-0.9900000095367432
0.0,0.0
0.0,0.0
0.0,0.0
0.0,0.0
0.0,0.0
-3.9956252574920654,7.377498149871826
0.0,0.0
11.111105918884277,-8.554410934448242
0.0,0.0
0.0,0.0
0.0,0.0
0.0,0.0
0.0,0.0
-3.289992094039917,8.875165939331055
0.0,0.0
11.111105918884277,-8.651412010192871
0.0,0.0
0.0,0.0
0.0,0.0
0.0,0.0
0.0,0.0
-85.82633209228516,110.79571533203125
-37.345916748046875,38.408382415771484
-85.94548034667969,111.11106872558594
-11.0,30.11910057067871
-10.0,48.0145263671875
0.0,0.0
0.0,0.0
0.0,0.0
-89.08784484863281,109.03129577636719
-36.188899993896484,97.6268310546875
-71.73440551757812,110.72364044189453
0.0,0.0
-19.0,48.0145263671875
0.0,0.0
0.0,0.0
0.0,0.0
-86.68082427978516,110.82410430908203
-20.689899444580078,52.815982818603516
-88.88970184326172,111.1110610961914
-79.82128143310547,122.10840606689453
-9.899999618530273,447.5431823730469
0.0,0.0
200.03646850585938,12.646256446838379
0.0,0.0
-65.80314636230469,109.01481628417969
-28.88478660583496,103.68785095214844
-89.5985107421875,111.04027557373047
-83.5665283203125,122.20137786865234
-26.36800765991211,41.77420425415039
0.0,0.0
-25.350126266479492,420.1274719238281
0.0,0.0
0.0,0.0
0.0,0.0
0.0,0.0
0.0,0.0
0.0,0.0
0.0,0.0
0.0,0.0
0.0,0.0
0.0,0.0
0.0,0.0
0.0,0.0
0.0,0.0
0.0,0.0
0.0,0.0
0.0,0.0
0.0,0.0
0.0,0.0
0.0,0.0
0.0,0.0
0.0,0.0
0.0,0.0
0.0,0.0
0.0,0.0
0.0,0.0
0.0,0.0
0.0,0.0
0.0,0.0
0.0,0.0
0.0,0.0
0.0,0.0
0.0,0.0
0.0,0.0
0.0,0.0
0.0,0.0
0.0,0.0
0.0,0.0
0.0,0.0
0.0,0.0
0.0,0.0
0.0,0.0
0.0,0.0
0.0,0.0
0.0,0.0
0.0,0.0
0.0,0.0
0.0,0.0
0.0,0.0
0.0,0.0
0.0,0.0
0.0,0.0
0.0,0.0
0.0,0.0
0.0,0.0
0.0,0.0
0.0,0.0
0.0,0.0
0.0,0.0
0.0,0.0
0.0,0.0
0.0,0.0
0.0,0.0
0.0,0.0
0.0,0.0
0.0,0.0
0.0,0.0
0.0,0.0
-1.0,0.0
0.0,0.0
0.0,0.0
0.0,0.0
0.0,0.0
0.0,0.0
9.841385841369629,-3.228159189224243
0.0,0.0
1.909999966621399,-1.88100004196167
0.0,0.0
0.0,0.0
0.0,0.0
0.0,0.0
0.0,0.0
0.0,0.0
0.0,0.0
-8.888885498046875,11.111105918884277
0.0,0.0
0.0,0.0
0.0,0.0
0.0,0.0
0.0,0.0
10.240397453308105,-3.1987602710723877
0.0,0.0
11.111105918884277,-8.888885498046875
0.0,0.0
0.0,0.0
0.0,0.0
0.0,0.0
0.0,0.0
0.0,0.0
0.0,0.0
0.0,0.0
0.0,0.0
0.0,0.0
0.0,0.0
0.0,0.0
0.0,0.0
5.886082649230957,-0.9650833010673523
0.0,0.0
1.0,0.0
0.0,0.0
0.0,0.0
0.0,0.0
0.0,0.0
0.0,0.0
0.0,0.0
0.0,0.0
-4.835174560546875,11.049018859863281
0.0,0.0
0.0,0.0
0.0,0.0
0.0,0.0
0.0,0.0
6.784265041351318,-0.9463067650794983
0.0,0.0
11.111105918884277,-8.888885498046875
0.0,0.0
0.0,0.0
0.0,0.0
0.0,0.0
0.0,0.0
0.0,0.0
0.0,0.0
0.0,0.0
0.0,0.0
0.0,0.0
0.0,0.0
0.0,0.0
0.0,0.0
0.0,0.0
0.0,0.0
0.0,0.0
0.0,0.0
0.0,0.0
0.0,0.0
0.0,0.0
0.0,0.0
0.0,0.0
0.0,0.0
0.0,0.0
0.0,0.0
0.0,0.0
0.0,0.0
0.0,0.0
0.0,0.0
0.0,0.0
0.0,0.0
0.0,0.0
0.0,0.0
0.0,0.0
0.0,0.0
0.0,0.0
0.0,0.0
0.0,0.0
0.0,0.0
0.0,0.0
0.0,0.0
0.0,0.0
0.0,0.0
0.0,0.0
0.0,0.0
0.0,0.0
0.0,0.0
0.0,0.0
0.0,0.0
0.0,0.0
0.0,0.0
0.0,0.0
0.0,0.0
0.0,0.0
0.0,0.0
0.0,0.0
0.0,0.0
0.0,0.0
0.0,0.0
0.0,0.0
0.0,0.0
0.0,0.0
0.0,0.0
0.0,0.0
0.0,0.0
0.0,0.0
0.0,0.0
0.0,0.0
0.0,0.0
