-10.78458309173584,9.266180038452148
0.0,0.0
0.0,0.0
0.0,0.0
0.0,0.0
0.0,0.0
0.0,0.0
0.0,0.0
0.0,0.0
0.0,0.0
0.0,0.0
0.0,0.0
0.0,0.0
0.0,0.0
0.0,0.0
0.0,0.0
0.0,0.0
0.0,0.0
-0.69436115026474,15.817270278930664
-19.990863800048828,0.0
0.0,0.0
0.0,0.0
0.0,0.0
0.0,0.0
0.0,0.0
0.0,0.0
-5.818146705627441,15.31083869934082
-18.953304290771484,0.0
0.0,0.0
0.0,0.0
0.0,0.0
0.0,0.0
0.0,0.0
0.0,0.0
0.0,0.0
0.0,0.0
0.0,0.0
0.0,0.0
0.0,0.0
0.0,0.0
0.0,0.0
0.0,0.0
0.0,0.0
0.0,0.0
0.0,0.0
0.0,0.0
0.0,0.0
0.0,0.0
0.0,0.0
0.0,0.0
-8.88853931427002,11.111120223999023
-5.420000076293945,0.0
0.0,0.0
0.0,0.0
-8.886198043823242,10.999927520751953
0.0,0.0
0.0,0.0
0.0,0.0
-8.889662742614746,11.110705375671387
0.0,0.0
0.0,0.0
0.0,0.0
-8.226922988891602,11.108556747436523
0.0,0.0
0.0,0.0
0.0,0.0
0.0,0.0
0.0,0.0
0.0,0.0
0.0,0.0
0.0,0.0
0.0,0.0
0.0,0.0
0.0,0.0
0.0,0.0
0.0,0.0
0.0,0.0
0.0,0.0
0.0,0.0
0.0,0.0
0.0,0.0
0.0,0.0
-8.902606964111328,11.111105918884277
-18.441282272338867,-0.017890414223074913
0.0,0.0
0.0,0.0
-8.096978187561035,11.11003589630127
-5.420000076293945,0.0
0.0,0.0
0.0,0.0
-9.02788257598877,10.951288223266602
186.05416870117188,2.431319262541365e-05
0.0,0.0
0.0,0.0
-8.532635688781738,11.111105918884277
-14.315922737121582,0.7606537938117981
0.0,0.0
0.0,0.0
0.0,0.0
0.0,0.0
0.0,0.0
0.0,0.0
0.0,0.0
0.0,0.0
0.0,0.0
0.0,0.0
0.0,0.0
0.0,0.0
0.0,0.0
0.0,0.0
0.0,0.0
0.0,0.0
0.0,0.0
0.0,0.0
-8.658652305603027,11.108126640319824
-9.371179580688477,0.0
0.0,0.0
0.0,0.0
-3.359628915786743,5.802182197570801
-8.190199851989746,0.0
0.0,0.0
0.0,0.0
-8.899811744689941,9.291090965270996
-9.956788063049316,70.47119903564453
0.0,0.0
0.0,0.0
-8.568902969360352,11.111105918884277
-14.137835502624512,-0.05374841392040253
0.0,0.0
0.0,0.0
0.0,0.0
0.0,0.0
0.0,0.0
0.0,0.0
0.0,0.0
0.0,0.0
0.0,0.0
0.0,0.0
0.0,0.0
0.0,0.0
0.0,0.0
0.0,0.0
0.0,0.0
0.0,0.0
0.0,0.0
0.0,0.0
-6.679111003875732,13.843428611755371
-19.036006927490234,8.05429744720459
0.0,0.0
0.0,0.0
0.0,0.0
0.0,0.0
0.0,0.0
0.0,0.0
-6.879458427429199,14.428098678588867
-19.982810974121094,0.0
0.0,0.0
0.0,0.0
-4.852662086486816,10.240397453308105
0.0,0.0
0.0,0.0
0.0,0.0
0.0,0.0
0.0,0.0
0.0,0.0
0.0,0.0
0.0,0.0
0.0,0.0
0.0,0.0
0.0,0.0
0.0,0.0
0.0,0.0
0.0,0.0
0.0,0.0
0.0,0.0
0.0,0.0
0.0,0.0
0.0,0.0
0.0,0.0
0.0,0.0
0.0,0.0
0.0,0.0
0.0,0.0
0.0,0.0
0.0,0.0
0.0,0.0
0.0,0.0
0.0,0.0
0.0,0.0
0.0,0.0
0.0,0.0
0.0,0.0
0.0,0.0
0.0,0.0
0.0,0.0
0.0,0.0
0.0,0.0
0.0,0.0
0.0,0.0
0.0,0.0
0.0,0.0
0.0,0.0
0.0,0.0
0.0,0.0
0.0,0.0
0.0,0.0
0.0,0.0
0.0,0.0
0.0,0.0
0.0,0.0
-8.912102699279785,10.87841796875
-18.920869827270508,0.5219723582267761
0.0,0.0
0.0,0.0
0.0,0.0
0.0,0.0
0.0,0.0
0.0,0.0
-8.935626983642578,10.642803192138672
-0.5559214949607849,56.70846176147461
0.0,0.0
0.0,0.0
-9.27875804901123,6.9549431800842285
-3.799999952316284,365.6199951171875
0.0,0.0
0.0,0.0
0.0,0.0
0.0,0.0
0.0,0.0
0.0,0.0
0.0,0.0
0.0,0.0
0.0,0.0
0.0,0.0
0.0,0.0
0.0,0.0
0.0,0.0
0.0,0.0
0.0,0.0
0.0,0.0
0.0,0.0
0.0,0.0
-8.88913631439209,11.111102104187012
-2.0,0.0
0.0,0.0
0.0,0.0
0.0,0.0
0.0,0.0
0.0,0.0
0.0,0.0
-8.92894458770752,10.871416091918945
-7.408629894256592,272.0458068847656
0.0,0.0
0.0,0.0
-9.125497817993164,8.680700302124023
-2.0,200.0
0.0,0.0
0.0,0.0
0.0,0.0
0.0,0.0
0.0,0.0
0.0,0.0
0.0,0.0
0.0,0.0
0.0,0.0
0.0,0.0
0.0,0.0
0.0,0.0
0.0,0.0
0.0,0.0
0.0,0.0
0.0,0.0
0.0,0.0
0.0,0.0
0.0,0.0
0.0,0.0
0.0,0.0
0.0,0.0
0.0,0.0
0.0,0.0
0.0,0.0
0.0,0.0
0.0,0.0
0.0,0.0
0.0,0.0
0.0,0.0
0.0,0.0
0.0,0.0
0.0,0.0
0.0,0.0
0.0,0.0
0.0,0.0
0.0,0.0
0.0,0.0
0.0,0.0
0.0,0.0
0.0,0.0
0.0,0.0
0.0,0.0
0.0,0.0
0.0,0.0
0.0,0.0
0.0,0.0
0.0,0.0
0.0,0.0
0.0,0.0
0.0,0.0
0.0,0.0
0.0,0.0
0.0,0.0
0.0,0.0
0.0,0.0
0.0,0.0
0.0,0.0
0.0,0.0
0.0,0.0
0.0,0.0
0.0,0.0
0.0,0.0
0.0,0.0
-9.506141662597656,5.264345645904541
-16.451066970825195,9.584667205810547
33.33331298828125,-26.312009811401367
15.701050758361816,-3.9618000984191895
0.0,0.0
0.0,0.0
12.532261848449707,0.0
2.0,0.0
-9.691625595092773,3.2136993408203125
-20.858928680419922,-20.048404693603516
33.33331298828125,-12.885115623474121
19.682771682739258,-4.565644264221191
0.0,0.0
0.0,0.0
21.52104377746582,0.0
2.0,0.0
0.0,0.0
0.0,0.0
32.566795349121094,-11.551933288574219
11.772165298461914,0.32135239243507385
0.0,0.0
0.0,0.0
19.069005966186523,0.0
2.0,0.0
0.0,0.0
0.0,0.0
33.33331298828125,-17.74568748474121
77.7863998413086,-6.565239429473877
0.0,0.0
0.0,0.0
29.14742660522461,0.0
8.354841232299805,-5.907238006591797
-2.9934239387512207,94.0345458984375
-16.190658569335938,21.95417022705078
33.33331298828125,-24.376909255981445
6.983342170715332,0.7492486834526062
-6.139545440673828,103.37730407714844
-6.947150230407715,35.64554214477539
8.214300155639648,-3.0
3.819999933242798,0.0
-3.355147123336792,64.52366638183594
-17.00909996032715,-3.037675380706787
33.33331298828125,-26.463706970214844
17.75033187866211,-6.035910129547119
-3.6631693840026855,100.5755615234375
-14.998004913330078,-3.1245293617248535
28.278501510620117,-2.8746774196624756
11.772165298461914,0.0
0.0,0.0
0.0,0.0
26.625497817993164,-5.361368179321289
2.0,0.0
0.0,0.0
0.0,0.0
14.40435791015625,0.0
0.0,0.0
0.0,0.0
0.0,0.0
33.333251953125,-23.494993209838867
16.28795623779297,-7.438526153564453
0.0,0.0
0.0,0.0
31.170217514038086,-7.536273956298828
9.6029052734375,-4.735786437988281
0.0,0.0
0.0,0.0
0.0,0.0
0.0,0.0
0.0,0.0
0.0,0.0
0.0,0.0
0.0,0.0
0.0,0.0
0.0,0.0
0.0,0.0
0.0,0.0
0.0,0.0
0.0,0.0
0.0,0.0
0.0,0.0
0.0,0.0
0.0,0.0
0.0,0.0
0.0,0.0
0.0,0.0
0.0,0.0
0.0,0.0
0.0,0.0
0.0,0.0
0.0,0.0
0.0,0.0
0.0,0.0
0.0,0.0
0.0,0.0
0.0,0.0
0.0,0.0
0.0,0.0
0.0,0.0
0.0,0.0
0.0,0.0
0.0,0.0
0.0,0.0
0.0,0.0
0.0,0.0
0.0,0.0
0.0,0.0
0.0,0.0
0.0,0.0
0.0,0.0
0.0,0.0
0.0,0.0
0.0,0.0
0.0,0.0
0.0,0.0
0.0,0.0
0.0,0.0
0.0,0.0
0.0,0.0
0.0,0.0
0.0,0.0
0.0,0.0
0.0,0.0
0.0,0.0
0.0,0.0
0.0,0.0
0.0,0.0
0.0,0.0
0.0,0.0
0.0,0.0
0.0,0.0
-9.143590927124023,10.449460983276367
0.0,0.0
0.0,0.0
0.0,0.0
0.0,0.0
0.0,0.0
33.33331298828125,20.747827529907227
0.0,0.0
33.33331298828125,9.106157302856445
0.0,0.0
0.0,0.0
0.0,0.0
6.065120697021484,26.625497817993164
0.0,0.0
0.0,0.0
0.0,0.0
-10.16712474822998,-1.6717019081115723
0.0,0.0
0.0,0.0
0.0,0.0
0.0,0.0
0.0,0.0
19.069005966186523,-3.0
0.0,0.0
33.33331298828125,-15.779923439025879
0.0,0.0
0.0,0.0
0.0,0.0
33.33331298828125,2.042041063308716
0.0,0.0
0.0,0.0
0.0,0.0
-7.44743537902832,9.03254508972168
0.0,0.0
0.0,0.0
0.0,0.0
0.0,0.0
0.0,0.0
33.33331298828125,23.060237884521484
0.0,0.0
33.33331298828125,20.50193977355957
0.0,0.0
0.0,0.0
0.0,0.0
0.0,14.40435791015625
0.0,0.0
0.0,0.0
0.0,0.0
-8.898689270019531,9.03010082244873
0.0,0.0
0.0,0.0
0.0,0.0
0.0,0.0
0.0,0.0
12.532261848449707,-5.6427001953125
0.0,0.0
33.33331298828125,-21.951431274414062
0.0,0.0
0.0,0.0
0.0,0.0
33.33308410644531,-5.499346733093262
0.0,0.0
0.0,0.0
0.0,0.0
0.0,0.0
0.0,0.0
0.0,0.0
0.0,0.0
0.0,0.0
0.0,0.0
0.0,0.0
0.0,0.0
0.0,0.0
0.0,0.0
0.0,0.0
0.0,0.0
0.0,0.0
0.0,0.0
0.0,0.0
0.0,0.0
13.823786735534668,69.90473175048828
-6.81975793838501,372.17828369140625
0.0,0.0
0.0,0.0
0.0,0.0
0.0,0.0
0.0,0.0
0.0,0.0
38.90755844116211,58.08676528930664
-11.865721702575684,31.462833404541016
0.0,0.0
0.0,0.0
0.0,0.0
0.0,0.0
0.0,0.0
0.0,0.0
0.0,0.0
0.0,0.0
0.0,0.0
0.0,0.0
0.0,0.0
0.0,0.0
0.0,0.0
0.0,0.0
0.0,0.0
0.0,0.0
0.0,0.0
0.0,0.0
0.0,0.0
0.0,0.0
0.0,0.0
0.0,0.0
4.086231708526611,201.55751037597656
29.350805282592773,32.516754150390625
0.0,0.0
0.0,0.0
175.72425842285156,607.1270751953125
0.0,0.0
0.0,0.0
0.0,0.0
-2.9678235054016113,71.88197326660156
-13.672927856445312,57.77616500854492
0.0,0.0
0.0,0.0
615.1819458007812,211.30068969726562
0.0,0.0
0.0,0.0
0.0,0.0
0.0,0.0
0.0,0.0
0.0,0.0
0.0,0.0
0.0,0.0
0.0,0.0
0.0,0.0
0.0,0.0
0.0,0.0
0.0,0.0
0.0,0.0
0.0,0.0
0.0,0.0
0.0,0.0
0.0,0.0
0.0,0.0
0.0,0.0
0.0,0.0
0.0,0.0
0.0,0.0
0.0,0.0
0.0,0.0
0.0,0.0
0.0,0.0
0.0,0.0
0.0,0.0
0.0,0.0
0.0,0.0
0.0,0.0
0.0,0.0
0.0,0.0
0.0,0.0
0.0,0.0
0.0,0.0
0.0,0.0
0.0,0.0
0.0,0.0
0.0,0.0
0.0,0.0
0.0,0.0
0.0,0.0
0.0,0.0
0.0,0.0
0.0,0.0
0.0,0.0
0.0,0.0
0.0,0.0
0.0,0.0
0.0,0.0
0.0,0.0
0.0,0.0
0.0,0.0
0.0,0.0
0.0,0.0
0.0,0.0
0.0,0.0
0.0,0.0
0.0,0.0
0.0,0.0
0.0,0.0
0.0,0.0
0.0,0.0
0.0,0.0
0.0,0.0
0.0,0.0
0.0,0.0
0.0,0.0
0.0,0.0
0.0,0.0
0.0,0.0
0.0,0.0
0.0,0.0
0.0,0.0
0.0,0.0
0.0,0.0
0.0,0.0
0.0,0.0
0.0,0.0
0.0,0.0
0.0,0.0
-6.414669036865234,33.333396911621094
-16.1933536529541,22.22968864440918
0.0,0.0
0.0,0.0
0.0,0.0
0.0,0.0
0.0,0.0
0.0,0.0
-6.6666483879089355,33.33351516723633
-17.242786407470703,22.28168487548828
0.0,0.0
0.0,0.0
0.0,0.0
0.0,0.0
0.0,0.0
0.0,0.0
0.0,0.0
0.0,0.0
0.0,0.0
0.0,0.0
0.0,0.0
0.0,0.0
0.0,0.0
0.0,0.0
0.0,0.0
0.0,0.0
0.0,0.0
0.0,0.0
0.0,0.0
0.0,0.0
0.0,0.0
0.0,0.0
-6.346880912780762,33.333351135253906
-15.746017456054688,22.222185134887695
0.0,0.0
0.0,0.0
0.0,0.0
0.0,0.0
0.0,0.0
0.0,0.0
-6.665919303894043,33.33837890625
-17.775320053100586,22.222211837768555
0.0,0.0
0.0,0.0
0.0,0.0
0.0,0.0
0.0,0.0
0.0,0.0
0.0,0.0
0.0,0.0
0.0,0.0
0.0,0.0
0.0,0.0
0.0,0.0
0.0,0.0
0.0,0.0
0.0,0.0
0.0,0.0
0.0,0.0
0.0,0.0
0.0,0.0
0.0,0.0
0.0,0.0
0.0,0.0
0.0,0.0
0.0,0.0
0.0,0.0
0.0,0.0
0.0,0.0
0.0,0.0
0.0,0.0
0.0,0.0
0.0,0.0
0.0,0.0
0.0,0.0
0.0,0.0
0.0,0.0
0.0,0.0
0.0,0.0
0.0,0.0
0.0,0.0
0.0,0.0
0.0,0.0
0.0,0.0
0.0,0.0
0.0,0.0
0.0,0.0
0.0,0.0
0.0,0.0
0.0,0.0
0.0,0.0
0.0,0.0
0.0,0.0
0.0,0.0
0.0,0.0
0.0,0.0
0.0,0.0
0.0,0.0
0.0,0.0
0.0,0.0
0.0,0.0
0.0,0.0
0.0,0.0
0.0,0.0
0.0,0.0
0.0,0.0
0.0,0.0
0.0,0.0
0.0,0.0
0.0,0.0
-6.501411437988281,33.33331298828125
-3.799999952316284,5.476200103759766
-5.823182106018066,33.31873321533203
-2.0,0.0
0.0,0.0
0.0,0.0
0.0,0.0
0.0,0.0
-6.66701078414917,33.33331298828125
-6.629714012145996,18.85233497619629
-2.7066829204559326,30.72119140625
0.0,0.0
0.0,0.0
0.0,0.0
0.0,0.0
0.0,0.0
-6.503379821777344,33.33331298828125
-3.7618000507354736,8.354841232299805
-6.666666507720947,33.33331298828125
-13.575883865356445,22.016820907592773
0.0,0.0
0.0,0.0
0.0,0.0
0.0,0.0
-6.658692836761475,33.33331298828125
-7.955385684967041,18.5190486907959
-6.649797439575195,33.33335876464844
-12.438682556152344,22.221864700317383
0.0,0.0
0.0,0.0
0.0,0.0
0.0,0.0
-6.625219821929932,33.33331298828125
-5.33216667175293,11.772165298461914
-5.450610160827637,33.32708740234375
-2.0,0.0
-1.8427000045776367,12.532261848449707
0.0,0.0
0.0,0.0
0.0,0.0
-6.461270332336426,33.333351135253906
-5.27652645111084,14.347362518310547
-3.449697494506836,29.14742660522461
0.0,0.0
-2.510974645614624,19.069005966186523
0.0,0.0
0.0,0.0
0.0,0.0
-6.6385321617126465,33.33331298828125
-6.823237895965576,10.738643646240234
-6.057013034820557,33.7502326965332
-13.10867691040039,22.1782169342041
-2.6008570194244385,8.214300155639648
0.0,0.0
-2.3242504596710205,30.956283569335938
0.0,0.0
-6.385641574859619,33.333351135253906
-3.6728732585906982,16.822040557861328
-6.665171146392822,33.333351135253906
-11.773214340209961,22.194761276245117
-0.5519202947616577,182.2047119140625
0.0,0.0
89.38590240478516,105.18753814697266
0.0,0.0
0.0,0.0
0.0,0.0
0.0,0.0
0.0,0.0
0.0,0.0
0.0,0.0
0.0,0.0
0.0,0.0
0.0,0.0
0.0,0.0
0.0,0.0
0.0,0.0
0.0,0.0
0.0,0.0
0.0,0.0
0.0,0.0
0.0,0.0
0.0,0.0
0.0,0.0
0.0,0.0
0.0,0.0
0.0,0.0
0.0,0.0
0.0,0.0
0.0,0.0
0.0,0.0
0.0,0.0
0.0,0.0
0.0,0.0
0.0,0.0
0.0,0.0
0.0,0.0
0.0,0.0
0.0,0.0
0.0,0.0
0.0,0.0
0.0,0.0
0.0,0.0
0.0,0.0
0.0,0.0
0.0,0.0
0.0,0.0
0.0,0.0
0.0,0.0
0.0,0.0
0.0,0.0
0.0,0.0
0.0,0.0
0.0,0.0
0.0,0.0
0.0,0.0
0.0,0.0
0.0,0.0
0.0,0.0
0.0,0.0
0.0,0.0
0.0,0.0
0.0,0.0
0.0,0.0
0.0,0.0
0.0,0.0
0.0,0.0
0.0,0.0
0.0,0.0
0.0,0.0
0.0,0.0
0.0,12.532261848449707
0.0,0.0
0.0,0.0
0.0,0.0
0.0,0.0
0.0,0.0
-4.658355236053467,33.29585266113281
0.0,0.0
-0.8559564352035522,14.40435791015625
0.0,0.0
0.0,0.0
0.0,0.0
0.0,0.0
0.0,0.0
0.0,0.0
0.0,0.0
-6.666681289672852,33.33321762084961
0.0,0.0
0.0,0.0
0.0,0.0
0.0,0.0
0.0,0.0
-5.03329610824585,33.320045471191406
0.0,0.0
-6.666666507720947,33.33331298828125
0.0,0.0
0.0,0.0
0.0,0.0
0.0,0.0
0.0,0.0
0.0,0.0
0.0,0.0
0.0,0.0
0.0,0.0
0.0,0.0
0.0,0.0
0.0,0.0
0.0,0.0
0.0,0.0
0.0,0.0
-1.0,0.0
0.0,0.0
0.0,0.0
0.0,0.0
0.0,0.0
0.0,0.0
0.0,0.0
0.0,0.0
-1.0,8.214300155639648
0.0,0.0
0.0,0.0
0.0,0.0
0.0,0.0
0.0,0.0
0.0,0.0
0.0,0.0
-4.55733060836792,33.320045471191406
0.0,0.0
0.0,0.0
0.0,0.0
0.0,0.0
0.0,0.0
0.0,0.0
0.0,0.0
0.0,0.0
0.0,0.0
0.0,0.0
0.0,0.0
0.0,0.0
0.0,0.0
0.0,0.0
0.0,0.0
0.0,0.0
0.0,0.0
0.0,0.0
0.0,0.0
0.0,0.0
0.0,0.0
0.0,0.0
0.0,0.0
0.0,0.0
0.0,0.0
0.0,0.0
0.0,0.0
0.0,0.0
0.0,0.0
0.0,0.0
0.0,0.0
0.0,0.0
0.0,0.0
0.0,0.0
0.0,0.0
0.0,0.0
0.0,0.0
0.0,0.0
0.0,0.0
0.0,0.0
0.0,0.0
0.0,0.0
0.0,0.0
0.0,0.0
0.0,0.0
0.0,0.0
0.0,0.0
0.0,0.0
0.0,0.0
0.0,0.0
0.0,0.0
0.0,0.0
0.0,0.0
0.0,0.0
0.0,0.0
0.0,0.0
0.0,0.0
0.0,0.0
0.0,0.0
0.0,0.0
0.0,0.0
0.0,0.0
0.0,0.0
0.0,0.0
0.0,0.0
0.0,0.0
0.0,0.0
0.0,0.0
0.0,0.0
