-11.798296928405762,8.58169937133789
0.0,0.0
0.0,0.0
0.0,0.0
0.0,0.0
0.0,0.0
0.0,0.0
0.0,0.0
0.0,0.0
0.0,0.0
0.0,0.0
0.0,0.0
0.0,0.0
0.0,0.0
0.0,0.0
0.0,0.0
0.0,0.0
0.0,0.0
-3.504589796066284,15.817423820495605
-19.996814727783203,0.0
0.0,0.0
0.0,0.0
0.0,0.0
0.0,0.0
0.0,0.0
0.0,0.0
-3.481870651245117,15.31157112121582
-19.236957550048828,0.0
0.0,0.0
0.0,0.0
0.0,0.0
0.0,0.0
0.0,0.0
0.0,0.0
0.0,0.0
0.0,0.0
0.0,0.0
0.0,0.0
0.0,0.0
0.0,0.0
0.0,0.0
0.0,0.0
0.0,0.0
0.0,0.0
0.0,0.0
0.0,0.0
0.0,0.0
0.0,0.0
0.0,0.0
0.0,0.0
-8.888949394226074,11.053226470947266
-5.420000076293945,0.0
0.0,0.0
0.0,0.0
-8.888824462890625,11.111105918884277
0.0,0.0
0.0,0.0
0.0,0.0
-8.98985481262207,11.110074043273926
0.0,0.0
0.0,0.0
0.0,0.0
-8.659663200378418,11.086539268493652
0.0,0.0
0.0,0.0
0.0,0.0
0.0,0.0
0.0,0.0
0.0,0.0
0.0,0.0
0.0,0.0
0.0,0.0
0.0,0.0
0.0,0.0
0.0,0.0
0.0,0.0
0.0,0.0
0.0,0.0
0.0,0.0
0.0,0.0
0.0,0.0
0.0,0.0
-8.892059326171875,11.111105918884277
-18.89371109008789,-0.09782562404870987
0.0,0.0
0.0,0.0
-8.247457504272461,11.110824584960938
-5.420000076293945,0.0
0.0,0.0
0.0,0.0
-8.91518497467041,11.103649139404297
-16.63822364807129,0.001043670461513102
0.0,0.0
0.0,0.0
-8.629179954528809,6.757024765014648
-14.315922737121582,200.2452850341797
0.0,0.0
0.0,0.0
0.0,0.0
0.0,0.0
0.0,0.0
0.0,0.0
0.0,0.0
0.0,0.0
0.0,0.0
0.0,0.0
0.0,0.0
0.0,0.0
0.0,0.0
0.0,0.0
0.0,0.0
0.0,0.0
0.0,0.0
0.0,0.0
-8.702417373657227,11.110451698303223
-10.434062004089355,0.0
0.0,0.0
0.0,0.0
-3.359628915786743,5.802182197570801
-9.371179580688477,0.0
0.0,0.0
0.0,0.0
-8.89191722869873,11.111105918884277
-13.28764820098877,3.8048784732818604
0.0,0.0
0.0,0.0
-8.853877067565918,9.111105918884277
-14.137835502624512,-0.04050324484705925
0.0,0.0
0.0,0.0
0.0,0.0
0.0,0.0
0.0,0.0
0.0,0.0
0.0,0.0
0.0,0.0
0.0,0.0
0.0,0.0
0.0,0.0
0.0,0.0
0.0,0.0
0.0,0.0
0.0,0.0
0.0,0.0
0.0,0.0
0.0,0.0
-6.678339958190918,13.843428611755371
-13.167673110961914,9.372118949890137
0.0,0.0
0.0,0.0
0.0,0.0
0.0,0.0
0.0,0.0
0.0,0.0
-4.054238796234131,14.428338050842285
-12.617838859558105,1.3304905223776586e-05
0.0,0.0
0.0,0.0
-4.852662086486816,11.01161003112793
0.0,0.0
0.0,0.0
0.0,0.0
0.0,0.0
0.0,0.0
0.0,0.0
0.0,0.0
0.0,0.0
0.0,0.0
0.0,0.0
0.0,0.0
0.0,0.0
0.0,0.0
0.0,0.0
0.0,0.0
0.0,0.0
0.0,0.0
0.0,0.0
0.0,0.0
0.0,0.0
0.0,0.0
0.0,0.0
0.0,0.0
0.0,0.0
0.0,0.0
0.0,0.0
0.0,0.0
0.0,0.0
0.0,0.0
0.0,0.0
0.0,0.0
0.0,0.0
0.0,0.0
0.0,0.0
0.0,0.0
0.0,0.0
0.0,0.0
0.0,0.0
0.0,0.0
0.0,0.0
0.0,0.0
0.0,0.0
0.0,0.0
0.0,0.0
0.0,0.0
0.0,0.0
0.0,0.0
0.0,0.0
0.0,0.0
0.0,0.0
0.0,0.0
-8.912102699279785,10.87841796875
-13.73575496673584,68.6688232421875
0.0,0.0
0.0,0.0
0.0,0.0
0.0,0.0
0.0,0.0
0.0,0.0
-8.935290336608887,10.646839141845703
40.257568359375,74.25059509277344
0.0,0.0
0.0,0.0
-9.452085494995117,3.795722484588623
-3.799999952316284,365.6199951171875
0.0,0.0
0.0,0.0
0.0,0.0
0.0,0.0
0.0,0.0
0.0,0.0
0.0,0.0
0.0,0.0
0.0,0.0
0.0,0.0
0.0,0.0
0.0,0.0
0.0,0.0
0.0,0.0
0.0,0.0
0.0,0.0
0.0,0.0
0.0,0.0
-8.91637134552002,9.942623138427734
-2.0,200.0
0.0,0.0
0.0,0.0
0.0,0.0
0.0,0.0
0.0,0.0
0.0,0.0
-8.934468269348145,10.736578941345215
42.852298736572266,10.166757583618164
0.0,0.0
0.0,0.0
-9.152167320251465,9.830350875854492
-2.0,200.0
0.0,0.0
0.0,0.0
0.0,0.0
0.0,0.0
0.0,0.0
0.0,0.0
0.0,0.0
0.0,0.0
0.0,0.0
0.0,0.0
0.0,0.0
0.0,0.0
0.0,0.0
0.0,0.0
0.0,0.0
0.0,0.0
0.0,0.0
0.0,0.0
0.0,0.0
0.0,0.0
0.0,0.0
0.0,0.0
0.0,0.0
0.0,0.0
0.0,0.0
0.0,0.0
0.0,0.0
0.0,0.0
0.0,0.0
0.0,0.0
0.0,0.0
0.0,0.0
0.0,0.0
0.0,0.0
0.0,0.0
0.0,0.0
0.0,0.0
0.0,0.0
0.0,0.0
0.0,0.0
0.0,0.0
0.0,0.0
0.0,0.0
0.0,0.0
0.0,0.0
0.0,0.0
0.0,0.0
0.0,0.0
0.0,0.0
0.0,0.0
0.0,0.0
0.0,0.0
0.0,0.0
0.0,0.0
0.0,0.0
0.0,0.0
0.0,0.0
0.0,0.0
0.0,0.0
0.0,0.0
0.0,0.0
0.0,0.0
0.0,0.0
0.0,0.0
-9.60250473022461,6.360973834991455
-17.859413146972656,-13.29903793334961
33.33331298828125,-24.793827056884766
18.5190486907959,-7.39739990234375
0.0,0.0
0.0,0.0
14.40435791015625,-2.8746774196624756
2.0,0.0
-9.618285179138184,3.8484718799591064
-19.6516056060791,-14.697236061096191
33.33331298828125,-18.616199493408203
21.477014541625977,-4.565644264221191
0.0,0.0
0.0,0.0
23.551576614379883,0.0
3.819999933242798,0.0
0.0,0.0
0.0,0.0
33.23707580566406,-13.068663597106934
14.347362518310547,-3.5673091411590576
0.0,0.0
0.0,0.0
20.352794647216797,-2.809309959411621
2.0,0.0
0.0,0.0
0.0,0.0
33.33331298828125,-22.599512100219727
99.5749282836914,-6.565239429473877
0.0,0.0
0.0,0.0
31.364898681640625,0.0
9.6029052734375,-5.907238006591797
-2.170187473297119,86.06421661376953
-16.253318786621094,-15.179402351379395
33.33331298828125,-26.66031265258789
15.701050758361816,0.7492486834526062
-3.878835439682007,104.14358520507812
-5.863382339477539,128.7176971435547
8.214300155639648,-3.0
5.476200103759766,0.0
-2.724255323410034,72.17597961425781
-20.701778411865234,53.93690490722656
33.33331298828125,-15.9913330078125
20.637523651123047,-6.035910129547119
-3.3528239727020264,33.339134216308594
-15.704185485839844,0.6671577095985413
31.849977493286133,-2.8746774196624756
13.568530082702637,0.0
0.0,0.0
0.0,0.0
28.278501510620117,-7.542446136474609
5.476200103759766,0.0
0.0,0.0
0.0,0.0
14.40435791015625,0.0
2.0,0.0
0.0,0.0
0.0,0.0
33.33331298828125,-23.678823471069336
20.11930274963379,-10.531793594360352
0.0,0.0
0.0,0.0
32.85498809814453,-11.183109283447266
9.6029052734375,-4.735786437988281
0.0,0.0
0.0,0.0
0.0,0.0
0.0,0.0
0.0,0.0
0.0,0.0
0.0,0.0
0.0,0.0
0.0,0.0
0.0,0.0
0.0,0.0
0.0,0.0
0.0,0.0
0.0,0.0
0.0,0.0
0.0,0.0
0.0,0.0
0.0,0.0
0.0,0.0
0.0,0.0
0.0,0.0
0.0,0.0
0.0,0.0
0.0,0.0
0.0,0.0
0.0,0.0
0.0,0.0
0.0,0.0
0.0,0.0
0.0,0.0
0.0,0.0
0.0,0.0
0.0,0.0
0.0,0.0
0.0,0.0
0.0,0.0
0.0,0.0
0.0,0.0
0.0,0.0
0.0,0.0
0.0,0.0
0.0,0.0
0.0,0.0
0.0,0.0
0.0,0.0
0.0,0.0
0.0,0.0
0.0,0.0
0.0,0.0
0.0,0.0
0.0,0.0
0.0,0.0
0.0,0.0
0.0,0.0
0.0,0.0
0.0,0.0
0.0,0.0
0.0,0.0
0.0,0.0
0.0,0.0
0.0,0.0
0.0,0.0
0.0,0.0
0.0,0.0
0.0,0.0
0.0,0.0
-9.086008071899414,10.515759468078613
0.0,0.0
0.0,0.0
0.0,0.0
0.0,0.0
0.0,0.0
33.33331298828125,13.3447847366333
0.0,0.0
33.33331298828125,29.490339279174805
0.0,0.0
0.0,0.0
0.0,0.0
6.065120697021484,31.170217514038086
0.0,0.0
0.0,0.0
0.0,0.0
-10.16712474822998,-1.6717019081115723
0.0,0.0
0.0,0.0
0.0,0.0
0.0,0.0
0.0,0.0
28.733436584472656,-3.0
0.0,0.0
33.33331298828125,-11.75512981414795
0.0,0.0
0.0,0.0
0.0,0.0
33.33331298828125,12.669983863830566
0.0,0.0
0.0,0.0
0.0,0.0
-8.381507873535156,10.859234809875488
0.0,0.0
0.0,0.0
0.0,0.0
0.0,0.0
0.0,0.0
33.33331298828125,13.258082389831543
0.0,0.0
33.33331298828125,26.09403419494629
0.0,0.0
0.0,0.0
0.0,0.0
0.0,19.069005966186523
0.0,0.0
0.0,0.0
0.0,0.0
-8.985822677612305,10.921026229858398
0.0,0.0
0.0,0.0
0.0,0.0
0.0,0.0
0.0,0.0
12.532261848449707,-5.6427001953125
0.0,0.0
33.33331298828125,-13.91855525970459
0.0,0.0
0.0,0.0
0.0,0.0
33.33331298828125,-3.793576955795288
0.0,0.0
0.0,0.0
0.0,0.0
0.0,0.0
0.0,0.0
0.0,0.0
0.0,0.0
0.0,0.0
0.0,0.0
0.0,0.0
0.0,0.0
0.0,0.0
0.0,0.0
0.0,0.0
0.0,0.0
0.0,0.0
0.0,0.0
0.0,0.0
0.0,0.0
-1.6219463348388672,66.22874450683594
-3.6154167652130127,191.72903442382812
0.0,0.0
0.0,0.0
0.0,0.0
0.0,0.0
0.0,0.0
0.0,0.0
7.073328495025635,54.853233337402344
-14.845440864562988,170.94561767578125
0.0,0.0
0.0,0.0
0.0,0.0
0.0,0.0
0.0,0.0
0.0,0.0
0.0,0.0
0.0,0.0
0.0,0.0
0.0,0.0
0.0,0.0
0.0,0.0
0.0,0.0
0.0,0.0
0.0,0.0
0.0,0.0
0.0,0.0
0.0,0.0
0.0,0.0
0.0,0.0
0.0,0.0
0.0,0.0
14.804309844970703,97.18561553955078
-15.642337799072266,23.803260803222656
0.0,0.0
0.0,0.0
364.82427978515625,601.4718627929688
0.0,0.0
0.0,0.0
0.0,0.0
-0.23679368197917938,84.2593002319336
-12.437934875488281,93.54241180419922
0.0,0.0
0.0,0.0
779.1422119140625,554.803955078125
0.0,0.0
0.0,0.0
0.0,0.0
0.0,0.0
0.0,0.0
0.0,0.0
0.0,0.0
0.0,0.0
0.0,0.0
0.0,0.0
0.0,0.0
0.0,0.0
0.0,0.0
0.0,0.0
0.0,0.0
0.0,0.0
0.0,0.0
0.0,0.0
0.0,0.0
0.0,0.0
0.0,0.0
0.0,0.0
0.0,0.0
0.0,0.0
0.0,0.0
0.0,0.0
0.0,0.0
0.0,0.0
0.0,0.0
0.0,0.0
0.0,0.0
0.0,0.0
0.0,0.0
0.0,0.0
0.0,0.0
0.0,0.0
0.0,0.0
0.0,0.0
0.0,0.0
0.0,0.0
0.0,0.0
0.0,0.0
0.0,0.0
0.0,0.0
0.0,0.0
0.0,0.0
0.0,0.0
0.0,0.0
0.0,0.0
0.0,0.0
0.0,0.0
0.0,0.0
0.0,0.0
0.0,0.0
0.0,0.0
0.0,0.0
0.0,0.0
0.0,0.0
0.0,0.0
0.0,0.0
0.0,0.0
0.0,0.0
0.0,0.0
0.0,0.0
0.0,0.0
0.0,0.0
0.0,0.0
0.0,0.0
0.0,0.0
0.0,0.0
0.0,0.0
0.0,0.0
0.0,0.0
0.0,0.0
0.0,0.0
0.0,0.0
0.0,0.0
0.0,0.0
0.0,0.0
0.0,0.0
0.0,0.0
0.0,0.0
0.0,0.0
-6.604640483856201,33.333396911621094
-17.685640335083008,22.222232818603516
0.0,0.0
0.0,0.0
0.0,0.0
0.0,0.0
0.0,0.0
0.0,0.0
-6.6666483879089355,33.33351516723633
-17.140653610229492,22.222471237182617
0.0,0.0
0.0,0.0
0.0,0.0
0.0,0.0
0.0,0.0
0.0,0.0
0.0,0.0
0.0,0.0
0.0,0.0
0.0,0.0
0.0,0.0
0.0,0.0
0.0,0.0
0.0,0.0
0.0,0.0
0.0,0.0
0.0,0.0
0.0,0.0
0.0,0.0
0.0,0.0
0.0,0.0
0.0,0.0
-6.477835178375244,33.333351135253906
-17.261333465576172,22.222211837768555
0.0,0.0
0.0,0.0
0.0,0.0
0.0,0.0
0.0,0.0
0.0,0.0
-6.5223493576049805,34.48662185668945
-17.7772159576416,22.222211837768555
0.0,0.0
0.0,0.0
0.0,0.0
0.0,0.0
0.0,0.0
0.0,0.0
0.0,0.0
0.0,0.0
0.0,0.0
0.0,0.0
0.0,0.0
0.0,0.0
0.0,0.0
0.0,0.0
0.0,0.0
0.0,0.0
0.0,0.0
0.0,0.0
0.0,0.0
0.0,0.0
0.0,0.0
0.0,0.0
0.0,0.0
0.0,0.0
0.0,0.0
0.0,0.0
0.0,0.0
0.0,0.0
0.0,0.0
0.0,0.0
0.0,0.0
0.0,0.0
0.0,0.0
0.0,0.0
0.0,0.0
0.0,0.0
0.0,0.0
0.0,0.0
0.0,0.0
0.0,0.0
0.0,0.0
0.0,0.0
0.0,0.0
0.0,0.0
0.0,0.0
0.0,0.0
0.0,0.0
0.0,0.0
0.0,0.0
0.0,0.0
0.0,0.0
0.0,0.0
0.0,0.0
0.0,0.0
0.0,0.0
0.0,0.0
0.0,0.0
0.0,0.0
0.0,0.0
0.0,0.0
0.0,0.0
0.0,0.0
0.0,0.0
0.0,0.0
0.0,0.0
0.0,0.0
0.0,0.0
0.0,0.0
-6.5955305099487305,33.33331298828125
-3.799999952316284,10.738643646240234
-5.983486652374268,33.33218765258789
-2.0,0.0
0.0,0.0
0.0,0.0
0.0,0.0
0.0,0.0
-6.680306434631348,33.33331298828125
-6.629714012145996,20.11930274963379
-3.4916512966156006,32.316123962402344
0.0,0.0
0.0,0.0
0.0,0.0
0.0,0.0
0.0,0.0
-6.609734058380127,33.33331298828125
-5.2678985595703125,11.772165298461914
-6.666666507720947,33.33331298828125
-13.997038841247559,22.14943504333496
0.0,0.0
0.0,0.0
0.0,0.0
0.0,0.0
-6.6650261878967285,33.33331298828125
-7.955385684967041,20.11930274963379
-6.606236934661865,33.333370208740234
-13.453112602233887,22.2221736907959
0.0,0.0
0.0,0.0
0.0,0.0
0.0,0.0
-3.8727524280548096,36.439945220947266
-5.33216667175293,13.568530082702637
-5.681671142578125,33.33292770385742
-2.0,2.0
-2.533107280731201,14.40435791015625
0.0,0.0
0.0,0.0
0.0,0.0
-6.644803047180176,33.33331298828125
-5.27652645111084,16.28795623779297
-3.449697494506836,30.72119140625
0.0,0.0
-2.510974645614624,22.584150314331055
0.0,0.0
0.0,0.0
0.0,0.0
-6.65951681137085,33.33331298828125
-6.823237895965576,13.568530082702637
17.54352378845215,33.34004592895508
-14.374898910522461,22.210472106933594
-2.6008570194244385,12.532261848449707
0.0,0.0
-2.776404857635498,32.1049690246582
0.0,0.0
-6.674792289733887,33.33331298828125
-3.6728732585906982,18.5190486907959
-6.666175842285156,33.33330535888672
-12.914341926574707,22.219860076904297
-0.5519202947616577,135.4218292236328
0.0,0.0
57.859840393066406,185.88717651367188
0.0,0.0
0.0,0.0
0.0,0.0
0.0,0.0
0.0,0.0
0.0,0.0
0.0,0.0
0.0,0.0
0.0,0.0
0.0,0.0
0.0,0.0
0.0,0.0
0.0,0.0
0.0,0.0
0.0,0.0
0.0,0.0
0.0,0.0
0.0,0.0
0.0,0.0
0.0,0.0
0.0,0.0
0.0,0.0
0.0,0.0
0.0,0.0
0.0,0.0
0.0,0.0
0.0,0.0
0.0,0.0
0.0,0.0
0.0,0.0
0.0,0.0
0.0,0.0
0.0,0.0
0.0,0.0
0.0,0.0
0.0,0.0
0.0,0.0
0.0,0.0
0.0,0.0
0.0,0.0
0.0,0.0
0.0,0.0
0.0,0.0
0.0,0.0
0.0,0.0
0.0,0.0
0.0,0.0
0.0,0.0
0.0,0.0
0.0,0.0
0.0,0.0
0.0,0.0
0.0,0.0
0.0,0.0
0.0,0.0
0.0,0.0
0.0,0.0
0.0,0.0
0.0,0.0
0.0,0.0
0.0,0.0
0.0,0.0
0.0,0.0
0.0,0.0
0.0,0.0
0.0,0.0
0.0,0.0
0.0,14.40435791015625
0.0,0.0
0.0,0.0
0.0,0.0
0.0,0.0
0.0,0.0
-5.349612712860107,33.32646942138672
0.0,0.0
-0.8559564352035522,17.658248901367188
0.0,0.0
0.0,0.0
0.0,0.0
0.0,0.0
0.0,0.0
0.0,0.0
0.0,0.0
-6.787556171417236,32.29391860961914
0.0,0.0
0.0,0.0
0.0,0.0
0.0,0.0
0.0,0.0
-5.508815765380859,32.52714157104492
0.0,0.0
-6.666782855987549,33.33324432373047
0.0,0.0
0.0,0.0
0.0,0.0
0.0,0.0
0.0,0.0
0.0,0.0
0.0,0.0
0.0,0.0
0.0,0.0
0.0,0.0
0.0,0.0
0.0,0.0
0.0,0.0
-1.0,0.0
0.0,0.0
-1.0,0.0
0.0,0.0
0.0,0.0
0.0,0.0
0.0,0.0
0.0,0.0
0.0,0.0
0.0,0.0
-1.0,20.352794647216797
0.0,0.0
0.0,0.0
0.0,0.0
0.0,0.0
0.0,0.0
0.0,0.0
0.0,0.0
-5.421314239501953,33.332740783691406
0.0,0.0
0.0,0.0
0.0,0.0
0.0,0.0
0.0,0.0
0.0,0.0
0.0,0.0
0.0,0.0
0.0,0.0
0.0,0.0
0.0,0.0
0.0,0.0
0.0,0.0
0.0,0.0
0.0,0.0
0.0,0.0
0.0,0.0
0.0,0.0
0.0,0.0
0.0,0.0
0.0,0.0
0.0,0.0
0.0,0.0
0.0,0.0
0.0,0.0
0.0,0.0
0.0,0.0
0.0,0.0
0.0,0.0
0.0,0.0
0.0,0.0
0.0,0.0
0.0,0.0
0.0,0.0
0.0,0.0
0.0,0.0
0.0,0.0
0.0,0.0
0.0,0.0
0.0,0.0
0.0,0.0
0.0,0.0
0.0,0.0
0.0,0.0
0.0,0.0
0.0,0.0
0.0,0.0
0.0,0.0
0.0,0.0
0.0,0.0
0.0,0.0
0.0,0.0
0.0,0.0
0.0,0.0
0.0,0.0
0.0,0.0
0.0,0.0
0.0,0.0
0.0,0.0
0.0,0.0
0.0,0.0
0.0,0.0
0.0,0.0
0.0,0.0
0.0,0.0
0.0,0.0
0.0,0.0
0.0,0.0
0.0,0.0
