-10.183309555053711,20.53611183166504
0.0,0.0
0.0,0.0
0.0,0.0
0.0,0.0
0.0,0.0
0.0,0.0
0.0,0.0
0.0,0.0
0.0,0.0
0.0,0.0
0.0,0.0
0.0,0.0
0.0,0.0
0.0,0.0
0.0,0.0
0.0,0.0
0.0,0.0
-7.793809413909912,22.448883056640625
-16.51593589782715,33.33331298828125
0.0,0.0
0.0,0.0
0.0,0.0
0.0,0.0
0.0,0.0
0.0,0.0
-7.782344341278076,22.426326751708984
-15.834634780883789,33.33331298828125
0.0,0.0
0.0,0.0
0.0,0.0
0.0,0.0
0.0,0.0
0.0,0.0
0.0,0.0
0.0,0.0
0.0,0.0
0.0,0.0
0.0,0.0
0.0,0.0
0.0,0.0
0.0,0.0
0.0,0.0
0.0,0.0
0.0,0.0
0.0,0.0
0.0,0.0
0.0,0.0
0.0,0.0
0.0,0.0
-7.782264232635498,22.125226974487305
-8.61019229888916,30.178955078125
0.0,0.0
0.0,0.0
-7.744680404663086,22.222211837768555
0.0,0.0
0.0,0.0
0.0,0.0
-7.779900074005127,22.210514068603516
-2.0,0.0
0.0,0.0
0.0,0.0
-4.893637657165527,22.192045211791992
0.0,0.0
0.0,0.0
0.0,0.0
0.0,0.0
0.0,0.0
0.0,0.0
0.0,0.0
0.0,0.0
0.0,0.0
0.0,0.0
0.0,0.0
0.0,0.0
0.0,0.0
0.0,0.0
0.0,0.0
0.0,0.0
0.0,0.0
0.0,0.0
0.0,0.0
-7.784218788146973,22.222211837768555
-15.286202430725098,33.33331298828125
0.0,0.0
0.0,0.0
-5.9792070388793945,22.185781478881836
0.0,0.0
0.0,0.0
0.0,0.0
-7.794353008270264,22.205331802368164
15.871609687805176,34.97272872924805
0.0,0.0
0.0,0.0
-7.207830905914307,19.765371322631836
80.6627426147461,50.2667236328125
0.0,0.0
0.0,0.0
0.0,0.0
0.0,0.0
0.0,0.0
0.0,0.0
0.0,0.0
0.0,0.0
0.0,0.0
0.0,0.0
0.0,0.0
0.0,0.0
0.0,0.0
0.0,0.0
0.0,0.0
0.0,0.0
0.0,0.0
0.0,0.0
-6.592028617858887,22.221111297607422
-11.620680809020996,32.898040771484375
0.0,0.0
0.0,0.0
-2.4521124362945557,18.5190486907959
-10.490488052368164,28.278501510620117
0.0,0.0
0.0,0.0
-7.7766523361206055,22.222211837768555
-0.016093464568257332,273.69268798828125
0.0,0.0
0.0,0.0
-7.520826816558838,21.96228790283203
-1.1808534860610962,214.3371124267578
0.0,0.0
0.0,0.0
0.0,0.0
0.0,0.0
0.0,0.0
0.0,0.0
0.0,0.0
0.0,0.0
0.0,0.0
0.0,0.0
0.0,0.0
0.0,0.0
0.0,0.0
0.0,0.0
0.0,0.0
0.0,0.0
0.0,0.0
0.0,0.0
-7.556286334991455,22.33316993713379
28.783493041992188,34.796207427978516
0.0,0.0
0.0,0.0
0.0,0.0
0.0,0.0
0.0,0.0
0.0,0.0
-7.658132553100586,22.38854217529297
-16.663923263549805,33.33331298828125
0.0,0.0
0.0,0.0
-5.3148884773254395,20.90993309020996
0.0,0.0
0.0,0.0
0.0,0.0
0.0,0.0
0.0,0.0
0.0,0.0
0.0,0.0
0.0,0.0
0.0,0.0
0.0,0.0
0.0,0.0
0.0,0.0
0.0,0.0
0.0,0.0
0.0,0.0
0.0,0.0
0.0,0.0
0.0,0.0
0.0,0.0
0.0,0.0
0.0,0.0
0.0,0.0
0.0,0.0
0.0,0.0
0.0,0.0
0.0,0.0
0.0,0.0
0.0,0.0
0.0,0.0
0.0,0.0
0.0,0.0
0.0,0.0
0.0,0.0
0.0,0.0
0.0,0.0
0.0,0.0
0.0,0.0
0.0,0.0
0.0,0.0
0.0,0.0
0.0,0.0
0.0,0.0
0.0,0.0
0.0,0.0
0.0,0.0
0.0,0.0
0.0,0.0
0.0,0.0
0.0,0.0
0.0,0.0
0.0,0.0
-7.811441898345947,21.885269165039062
-10.857237815856934,62.68310546875
0.0,0.0
0.0,0.0
0.0,0.0
0.0,0.0
0.0,0.0
0.0,0.0
-7.831896781921387,21.685298919677734
-3.03474760055542,175.44149780273438
0.0,0.0
0.0,0.0
-8.238734245300293,12.459539413452148
912.22998046875,0.0
0.0,0.0
0.0,0.0
0.0,0.0
0.0,0.0
0.0,0.0
0.0,0.0
0.0,0.0
0.0,0.0
0.0,0.0
0.0,0.0
0.0,0.0
0.0,0.0
0.0,0.0
0.0,0.0
0.0,0.0
0.0,0.0
0.0,0.0
0.0,0.0
-7.778534889221191,22.222209930419922
0.0,0.0
0.0,0.0
0.0,0.0
0.0,0.0
0.0,0.0
0.0,0.0
0.0,0.0
-7.828047752380371,19.92037010192871
10.246150970458984,33.46507263183594
0.0,0.0
0.0,0.0
-8.147872924804688,19.757349014282227
0.0,0.0
0.0,0.0
0.0,0.0
0.0,0.0
0.0,0.0
0.0,0.0
0.0,0.0
0.0,0.0
0.0,0.0
0.0,0.0
0.0,0.0
0.0,0.0
0.0,0.0
0.0,0.0
0.0,0.0
0.0,0.0
0.0,0.0
0.0,0.0
0.0,0.0
0.0,0.0
0.0,0.0
0.0,0.0
0.0,0.0
0.0,0.0
0.0,0.0
0.0,0.0
0.0,0.0
0.0,0.0
0.0,0.0
0.0,0.0
0.0,0.0
0.0,0.0
0.0,0.0
0.0,0.0
0.0,0.0
0.0,0.0
0.0,0.0
0.0,0.0
0.0,0.0
0.0,0.0
0.0,0.0
0.0,0.0
0.0,0.0
0.0,0.0
0.0,0.0
0.0,0.0
0.0,0.0
0.0,0.0
0.0,0.0
0.0,0.0
0.0,0.0
0.0,0.0
0.0,0.0
0.0,0.0
0.0,0.0
0.0,0.0
0.0,0.0
0.0,0.0
0.0,0.0
0.0,0.0
0.0,0.0
0.0,0.0
0.0,0.0
0.0,0.0
0.0,0.0
-9.411367416381836,7.092118263244629
-20.191417694091797,-17.528566360473633
11.111105918884277,-6.430075168609619
0.0,0.0
0.0,0.0
0.0,0.0
3.491671085357666,0.0
0.0,0.0
-9.692516326904297,3.0377986431121826
-19.157020568847656,9.840828895568848
11.111105918884277,-7.685141563415527
0.0,0.0
0.0,0.0
0.0,0.0
2.738100051879883,-1.8899999856948853
0.0,0.0
0.0,0.0
0.0,0.0
10.514019966125488,-3.7228500843048096
0.0,0.0
0.0,0.0
0.0,0.0
3.491671085357666,-2.6497931480407715
0.0,0.0
0.0,0.0
0.0,0.0
11.111105918884277,-7.7749505043029785
376.7854919433594,4.550000190734863
0.0,0.0
0.0,0.0
7.173681259155273,0.0
0.0,0.0
-94.35575103759766,76.82035064697266
-113.84649658203125,-58.40901184082031
-96.5023422241211,79.11634063720703
0.0,45.951629638671875
-91.4217758178711,-11.112512588500977
-69.53604125976562,-73.08355712890625
-10.0,10.0
-11.0,-0.9900000095367432
-96.09945678710938,50.933006286621094
-118.61136627197266,-96.89789581298828
-97.73556518554688,80.41876220703125
-29.59417724609375,-11.6498441696167
-97.98077392578125,-78.64256286621094
-74.62692260742188,-75.00401306152344
-33.5252685546875,53.21788024902344
-29.55304527282715,18.388381958007812
0.0,0.0
0.0,0.0
-33.503299713134766,53.69321823120117
-20.790000915527344,11.0
0.0,0.0
0.0,0.0
-10.0,19.100000381469727
-11.0,21.010000228881836
0.0,0.0
0.0,0.0
-80.47789001464844,107.4670181274414
-20.524595260620117,37.54043197631836
0.0,0.0
0.0,0.0
-26.696290969848633,59.620704650878906
-20.59880828857422,3.9316279888153076
0.0,0.0
0.0,0.0
0.0,0.0
0.0,0.0
0.0,0.0
0.0,0.0
0.0,0.0
0.0,0.0
0.0,0.0
0.0,0.0
0.0,0.0
0.0,0.0
0.0,0.0
0.0,0.0
0.0,0.0
0.0,0.0
0.0,0.0
0.0,0.0
0.0,0.0
0.0,0.0
0.0,0.0
0.0,0.0
0.0,0.0
0.0,0.0
0.0,0.0
0.0,0.0
0.0,0.0
0.0,0.0
0.0,0.0
0.0,0.0
0.0,0.0
0.0,0.0
0.0,0.0
0.0,0.0
0.0,0.0
0.0,0.0
0.0,0.0
0.0,0.0
0.0,0.0
0.0,0.0
0.0,0.0
0.0,0.0
0.0,0.0
0.0,0.0
0.0,0.0
0.0,0.0
0.0,0.0
0.0,0.0
0.0,0.0
0.0,0.0
0.0,0.0
0.0,0.0
0.0,0.0
0.0,0.0
0.0,0.0
0.0,0.0
0.0,0.0
0.0,0.0
0.0,0.0
0.0,0.0
0.0,0.0
0.0,0.0
0.0,0.0
0.0,0.0
0.0,0.0
0.0,0.0
-7.46190071105957,7.282370090484619
0.0,0.0
0.0,0.0
0.0,0.0
0.0,0.0
0.0,0.0
11.111163139343262,4.26730489730835
0.0,0.0
11.111105918884277,6.322491645812988
0.0,0.0
0.0,0.0
0.0,0.0
6.356387138366699,1.0099999904632568
0.0,0.0
0.0,0.0
0.0,0.0
-10.184680938720703,-1.8479938507080078
0.0,0.0
0.0,0.0
0.0,0.0
0.0,0.0
0.0,0.0
6.784265041351318,-1.8205604553222656
0.0,0.0
11.111105918884277,-5.186503887176514
0.0,0.0
0.0,0.0
0.0,0.0
11.111105918884277,-4.03732967376709
0.0,0.0
0.0,0.0
0.0,0.0
-3.4539544582366943,-0.14020149409770966
0.0,0.0
0.0,0.0
0.0,0.0
0.0,0.0
0.0,0.0
11.111105918884277,4.639904499053955
0.0,0.0
11.111105918884277,6.551444053649902
0.0,0.0
0.0,0.0
0.0,0.0
4.177420616149902,0.0
0.0,0.0
0.0,0.0
0.0,0.0
-8.5634765625,-0.7794744372367859
0.0,0.0
0.0,0.0
0.0,0.0
0.0,0.0
0.0,0.0
4.177420616149902,1.0273809432983398
0.0,0.0
11.111105918884277,-0.15457455813884735
0.0,0.0
0.0,0.0
0.0,0.0
11.103314399719238,4.777885913848877
0.0,0.0
0.0,0.0
0.0,0.0
0.0,0.0
0.0,0.0
0.0,0.0
0.0,0.0
0.0,0.0
0.0,0.0
0.0,0.0
0.0,0.0
0.0,0.0
0.0,0.0
0.0,0.0
0.0,0.0
0.0,0.0
0.0,0.0
0.0,0.0
0.0,0.0
6.391018867492676,126.34173583984375
-5.778504371643066,69.17973327636719
0.0,0.0
0.0,0.0
0.0,0.0
0.0,0.0
0.0,0.0
0.0,0.0
4.746787071228027,110.3565673828125
-13.2313871383667,66.66671752929688
0.0,0.0
0.0,0.0
0.0,0.0
0.0,0.0
0.0,0.0
0.0,0.0
0.0,0.0
0.0,0.0
0.0,0.0
0.0,0.0
0.0,0.0
0.0,0.0
0.0,0.0
0.0,0.0
0.0,0.0
0.0,0.0
0.0,0.0
0.0,0.0
0.0,0.0
0.0,0.0
0.0,0.0
0.0,0.0
3.2869722843170166,351.4598693847656
24.89754295349121,182.54891967773438
0.0,0.0
0.0,0.0
1582.04541015625,980.00341796875
0.0,0.0
0.0,0.0
0.0,0.0
13.356268882751465,92.31713104248047
-12.847332954406738,66.66670227050781
0.0,0.0
0.0,0.0
42.77448272705078,2130.792236328125
0.0,0.0
0.0,0.0
0.0,0.0
0.0,0.0
0.0,0.0
0.0,0.0
0.0,0.0
0.0,0.0
0.0,0.0
0.0,0.0
0.0,0.0
0.0,0.0
0.0,0.0
0.0,0.0
0.0,0.0
0.0,0.0
0.0,0.0
0.0,0.0
0.0,0.0
0.0,0.0
0.0,0.0
0.0,0.0
0.0,0.0
0.0,0.0
0.0,0.0
0.0,0.0
0.0,0.0
0.0,0.0
0.0,0.0
0.0,0.0
0.0,0.0
0.0,0.0
0.0,0.0
0.0,0.0
0.0,0.0
0.0,0.0
0.0,0.0
0.0,0.0
0.0,0.0
0.0,0.0
0.0,0.0
0.0,0.0
0.0,0.0
0.0,0.0
0.0,0.0
0.0,0.0
0.0,0.0
0.0,0.0
0.0,0.0
0.0,0.0
0.0,0.0
0.0,0.0
0.0,0.0
0.0,0.0
0.0,0.0
0.0,0.0
0.0,0.0
0.0,0.0
0.0,0.0
0.0,0.0
0.0,0.0
0.0,0.0
0.0,0.0
0.0,0.0
0.0,0.0
0.0,0.0
0.0,0.0
0.0,0.0
0.0,0.0
0.0,0.0
0.0,0.0
0.0,0.0
0.0,0.0
0.0,0.0
0.0,0.0
0.0,0.0
0.0,0.0
0.0,0.0
0.0,0.0
0.0,0.0
0.0,0.0
0.0,0.0
0.0,0.0
-4.44444465637207,55.55553436279297
-8.63209342956543,68.38951873779297
0.0,0.0
0.0,0.0
0.0,0.0
0.0,0.0
0.0,0.0
0.0,0.0
-4.44444465637207,55.55553436279297
-13.280074119567871,66.66670227050781
0.0,0.0
0.0,0.0
0.0,0.0
0.0,0.0
0.0,0.0
0.0,0.0
0.0,0.0
0.0,0.0
0.0,0.0
0.0,0.0
0.0,0.0
0.0,0.0
0.0,0.0
0.0,0.0
0.0,0.0
0.0,0.0
0.0,0.0
0.0,0.0
0.0,0.0
0.0,0.0
0.0,0.0
0.0,0.0
-3.6951904296875,55.55561447143555
-12.351232528686523,66.43418884277344
0.0,0.0
0.0,0.0
0.0,0.0
0.0,0.0
0.0,0.0
0.0,0.0
-4.444437503814697,55.55560302734375
-13.316740989685059,66.6666259765625
0.0,0.0
0.0,0.0
0.0,0.0
0.0,0.0
0.0,0.0
0.0,0.0
0.0,0.0
0.0,0.0
0.0,0.0
0.0,0.0
0.0,0.0
0.0,0.0
0.0,0.0
0.0,0.0
0.0,0.0
0.0,0.0
0.0,0.0
0.0,0.0
0.0,0.0
0.0,0.0
0.0,0.0
0.0,0.0
0.0,0.0
0.0,0.0
0.0,0.0
0.0,0.0
0.0,0.0
0.0,0.0
0.0,0.0
0.0,0.0
0.0,0.0
0.0,0.0
0.0,0.0
0.0,0.0
0.0,0.0
0.0,0.0
0.0,0.0
0.0,0.0
0.0,0.0
0.0,0.0
0.0,0.0
0.0,0.0
0.0,0.0
0.0,0.0
0.0,0.0
0.0,0.0
0.0,0.0
0.0,0.0
0.0,0.0
0.0,0.0
0.0,0.0
0.0,0.0
0.0,0.0
0.0,0.0
0.0,0.0
0.0,0.0
0.0,0.0
0.0,0.0
0.0,0.0
0.0,0.0
0.0,0.0
0.0,0.0
0.0,0.0
0.0,0.0
0.0,0.0
0.0,0.0
0.0,0.0
0.0,0.0
-8.508279800415039,9.687315940856934
-2.0,3.819999933242798
11.08191204071045,-3.8218116760253906
0.0,0.0
0.0,0.0
0.0,0.0
0.0,0.0
0.0,0.0
-8.581558227539062,11.111116409301758
-3.6822783946990967,12.71267032623291
10.154282569885254,-0.98089998960495
0.0,0.0
0.0,0.0
0.0,0.0
0.0,0.0
0.0,0.0
-5.187463760375977,19.17148780822754
-5.381800174713135,3.819999933242798
11.111117362976074,-8.803834915161133
0.0,0.0
0.0,0.0
0.0,0.0
0.0,0.0
0.0,0.0
-8.097404479980469,11.11212158203125
-2.0,13.568530082702637
11.111116409301758,-8.888883590698242
0.0,0.0
0.0,0.0
0.0,0.0
0.0,0.0
0.0,0.0
-75.82441711425781,165.53799438476562
0.0,38.408382415771484
-81.7362289428711,110.69859313964844
0.0,11.0
-10.0,41.77420425415039
0.0,0.0
0.0,0.0
0.0,0.0
-87.5553207397461,111.11106872558594
-44.041908264160156,59.06254577636719
-48.21757507324219,104.54966735839844
0.0,0.0
-10.0,34.916709899902344
0.0,0.0
0.0,0.0
0.0,0.0
-82.99263763427734,111.11009216308594
-10.540483474731445,45.951629638671875
-88.90843200683594,111.11106872558594
-70.998046875,130.1595916748047
-19.0,19.100000381469727
0.0,0.0
22.81853485107422,100.10115051269531
0.0,0.0
-88.44068908691406,111.11103820800781
-20.101802825927734,82.80855560302734
-80.44010925292969,111.63347625732422
-76.84677124023438,121.95625305175781
0.0,53.69321823120117
0.0,0.0
-23.400684356689453,1023.7781982421875
0.0,0.0
0.0,0.0
0.0,0.0
0.0,0.0
0.0,0.0
0.0,0.0
0.0,0.0
0.0,0.0
0.0,0.0
0.0,0.0
0.0,0.0
0.0,0.0
0.0,0.0
0.0,0.0
0.0,0.0
0.0,0.0
0.0,0.0
0.0,0.0
0.0,0.0
0.0,0.0
0.0,0.0
0.0,0.0
0.0,0.0
0.0,0.0
0.0,0.0
0.0,0.0
0.0,0.0
0.0,0.0
0.0,0.0
0.0,0.0
0.0,0.0
0.0,0.0
0.0,0.0
0.0,0.0
0.0,0.0
0.0,0.0
0.0,0.0
0.0,0.0
0.0,0.0
0.0,0.0
0.0,0.0
0.0,0.0
0.0,0.0
0.0,0.0
0.0,0.0
0.0,0.0
0.0,0.0
0.0,0.0
0.0,0.0
0.0,0.0
0.0,0.0
0.0,0.0
0.0,0.0
0.0,0.0
0.0,0.0
0.0,0.0
0.0,0.0
0.0,0.0
0.0,0.0
0.0,0.0
0.0,0.0
0.0,0.0
0.0,0.0
0.0,0.0
0.0,0.0
0.0,0.0
0.0,0.0
-1.0,1.909999966621399
0.0,0.0
0.0,0.0
0.0,0.0
0.0,0.0
0.0,0.0
10.616660118103027,-4.316650390625
0.0,0.0
4.80145263671875,-1.833582878112793
0.0,0.0
0.0,0.0
0.0,0.0
0.0,0.0
0.0,0.0
0.0,0.0
0.0,0.0
-8.924184799194336,11.103025436401367
0.0,0.0
0.0,0.0
0.0,0.0
0.0,0.0
0.0,0.0
10.802557945251465,-5.165843486785889
0.0,0.0
11.111105918884277,-8.888885498046875
0.0,0.0
0.0,0.0
0.0,0.0
0.0,0.0
0.0,0.0
0.0,0.0
0.0,0.0
0.0,0.0
0.0,0.0
0.0,0.0
0.0,0.0
0.0,0.0
0.0,0.0
0.0,0.0
0.0,0.0
0.0,0.0
0.0,0.0
0.0,0.0
0.0,0.0
0.0,0.0
0.0,0.0
0.0,0.0
0.0,0.0
0.0,2.738100051879883
0.0,0.0
0.0,0.0
0.0,0.0
0.0,0.0
0.0,0.0
0.0,0.0
0.0,0.0
11.110132217407227,-7.994874477386475
0.0,0.0
0.0,0.0
0.0,0.0
0.0,0.0
0.0,0.0
0.0,0.0
0.0,0.0
0.0,0.0
0.0,0.0
0.0,0.0
0.0,0.0
0.0,0.0
0.0,0.0
0.0,0.0
0.0,0.0
0.0,0.0
0.0,0.0
0.0,0.0
0.0,0.0
0.0,0.0
0.0,0.0
0.0,0.0
0.0,0.0
0.0,0.0
0.0,0.0
0.0,0.0
0.0,0.0
0.0,0.0
0.0,0.0
0.0,0.0
0.0,0.0
0.0,0.0
0.0,0.0
0.0,0.0
0.0,0.0
0.0,0.0
0.0,0.0
0.0,0.0
0.0,0.0
0.0,0.0
0.0,0.0
0.0,0.0
0.0,0.0
0.0,0.0
0.0,0.0
0.0,0.0
0.0,0.0
0.0,0.0
0.0,0.0
0.0,0.0
0.0,0.0
0.0,0.0
0.0,0.0
0.0,0.0
0.0,0.0
0.0,0.0
0.0,0.0
0.0,0.0
0.0,0.0
0.0,0.0
0.0,0.0
0.0,0.0
0.0,0.0
0.0,0.0
0.0,0.0
0.0,0.0
0.0,0.0
0.0,0.0
0.0,0.0
