-11.578182220458984,20.257726669311523
0.0,0.0
0.0,0.0
0.0,0.0
0.0,0.0
0.0,0.0
0.0,0.0
0.0,0.0
0.0,0.0
0.0,0.0
0.0,0.0
0.0,0.0
0.0,0.0
0.0,0.0
0.0,0.0
0.0,0.0
0.0,0.0
0.0,0.0
-5.2512593269348145,22.567142486572266
-11.93973159790039,31.703271865844727
0.0,0.0
0.0,0.0
0.0,0.0
0.0,0.0
0.0,0.0
0.0,0.0
-5.878181457519531,22.610395431518555
-10.582335472106934,33.26732635498047
0.0,0.0
0.0,0.0
0.0,0.0
0.0,0.0
0.0,0.0
0.0,0.0
0.0,0.0
0.0,0.0
0.0,0.0
0.0,0.0
0.0,0.0
0.0,0.0
0.0,0.0
0.0,0.0
0.0,0.0
0.0,0.0
0.0,0.0
0.0,0.0
0.0,0.0
0.0,0.0
0.0,0.0
0.0,0.0
-7.78043270111084,22.19622230529785
-12.723520278930664,32.937217712402344
0.0,0.0
0.0,0.0
-7.577003002166748,22.11990737915039
0.0,0.0
0.0,0.0
0.0,0.0
-7.778600215911865,22.20793342590332
-7.589991569519043,28.278501510620117
0.0,0.0
0.0,0.0
-7.1686859130859375,22.035099029541016
0.0,0.0
0.0,0.0
0.0,0.0
0.0,0.0
0.0,0.0
0.0,0.0
0.0,0.0
0.0,0.0
0.0,0.0
0.0,0.0
0.0,0.0
0.0,0.0
0.0,0.0
0.0,0.0
0.0,0.0
0.0,0.0
0.0,0.0
0.0,0.0
0.0,0.0
-7.568563938140869,22.221229553222656
-7.287083148956299,29.86698341369629
0.0,0.0
0.0,0.0
-7.088319301605225,22.213367462158203
-2.0,5.730000019073486
0.0,0.0
0.0,0.0
-7.777528762817383,22.14640998840332
-13.509925842285156,33.32646942138672
0.0,0.0
0.0,0.0
-5.3934736251831055,22.216697692871094
-1.9693478345870972,559.1389770507812
0.0,0.0
0.0,0.0
0.0,0.0
0.0,0.0
0.0,0.0
0.0,0.0
0.0,0.0
0.0,0.0
0.0,0.0
0.0,0.0
0.0,0.0
0.0,0.0
0.0,0.0
0.0,0.0
0.0,0.0
0.0,0.0
0.0,0.0
0.0,0.0
-7.776235580444336,22.222211837768555
-12.129120826721191,32.972869873046875
0.0,0.0
0.0,0.0
-1.8799999952316284,2.0
-6.305579662322998,30.72119140625
0.0,0.0
0.0,0.0
-7.7783403396606445,22.222211837768555
10.830911636352539,69.86116790771484
0.0,0.0
0.0,0.0
-6.747486591339111,22.221797943115234
-3.629338026046753,443.78118896484375
0.0,0.0
0.0,0.0
0.0,0.0
0.0,0.0
0.0,0.0
0.0,0.0
0.0,0.0
0.0,0.0
0.0,0.0
0.0,0.0
0.0,0.0
0.0,0.0
0.0,0.0
0.0,0.0
0.0,0.0
0.0,0.0
0.0,0.0
0.0,0.0
-7.574255466461182,22.33379554748535
25.853740692138672,136.8241729736328
0.0,0.0
0.0,0.0
0.0,0.0
0.0,0.0
0.0,0.0
0.0,0.0
-7.776934623718262,22.492137908935547
-16.480785369873047,33.33331298828125
0.0,0.0
0.0,0.0
-5.402156829833984,21.932025909423828
0.0,0.0
0.0,0.0
0.0,0.0
0.0,0.0
0.0,0.0
0.0,0.0
0.0,0.0
0.0,0.0
0.0,0.0
0.0,0.0
0.0,0.0
0.0,0.0
0.0,0.0
0.0,0.0
0.0,0.0
0.0,0.0
0.0,0.0
0.0,0.0
0.0,0.0
-8.003808975219727,22.218339920043945
0.0,0.0
0.0,0.0
0.0,0.0
0.0,0.0
0.0,0.0
0.0,0.0
0.0,0.0
-7.845231533050537,22.192665100097656
-9.279047966003418,32.49098205566406
0.0,0.0
0.0,0.0
0.0,0.0
0.0,0.0
0.0,0.0
0.0,0.0
0.0,0.0
0.0,0.0
0.0,0.0
0.0,0.0
0.0,0.0
0.0,0.0
0.0,0.0
0.0,0.0
0.0,0.0
0.0,0.0
0.0,0.0
0.0,0.0
0.0,0.0
0.0,0.0
0.0,0.0
0.0,0.0
-7.808906555175781,21.91069984436035
-15.99323844909668,33.333900451660156
0.0,0.0
0.0,0.0
0.0,0.0
0.0,0.0
0.0,0.0
0.0,0.0
-7.807973384857178,21.899459838867188
-1.3471752405166626,521.9415893554688
0.0,0.0
0.0,0.0
-8.184061050415039,17.464412689208984
-3.5092811584472656,17.658248901367188
0.0,0.0
0.0,0.0
0.0,0.0
0.0,0.0
0.0,0.0
0.0,0.0
0.0,0.0
0.0,0.0
0.0,0.0
0.0,0.0
0.0,0.0
0.0,0.0
0.0,0.0
0.0,0.0
0.0,0.0
0.0,0.0
0.0,0.0
0.0,0.0
-7.790319442749023,22.22201919555664
0.0,0.0
0.0,0.0
0.0,0.0
0.0,0.0
0.0,0.0
0.0,0.0
0.0,0.0
-7.8711018562316895,20.716114044189453
7.741427421569824,65.02177429199219
0.0,0.0
0.0,0.0
-7.823819637298584,18.638355255126953
0.0,0.0
0.0,0.0
0.0,0.0
0.0,0.0
0.0,0.0
0.0,0.0
0.0,0.0
0.0,0.0
0.0,0.0
0.0,0.0
0.0,0.0
0.0,0.0
0.0,0.0
0.0,0.0
0.0,0.0
0.0,0.0
0.0,0.0
0.0,0.0
0.0,0.0
0.0,0.0
0.0,0.0
0.0,0.0
0.0,0.0
0.0,0.0
0.0,0.0
0.0,0.0
0.0,0.0
0.0,0.0
0.0,0.0
0.0,0.0
0.0,0.0
0.0,0.0
0.0,0.0
0.0,0.0
0.0,0.0
0.0,0.0
0.0,0.0
0.0,0.0
0.0,0.0
0.0,0.0
0.0,0.0
0.0,0.0
0.0,0.0
0.0,0.0
0.0,0.0
0.0,0.0
0.0,0.0
0.0,0.0
0.0,0.0
0.0,0.0
0.0,0.0
0.0,0.0
0.0,0.0
0.0,0.0
0.0,0.0
0.0,0.0
0.0,0.0
0.0,0.0
0.0,0.0
0.0,0.0
0.0,0.0
0.0,0.0
0.0,0.0
0.0,0.0
0.0,0.0
-9.733014106750488,2.3953349590301514
0.0,0.0
11.111105918884277,-4.63889741897583
0.0,0.0
-1.0,1.0
0.0,0.0
3.491671085357666,-0.98089998960495
0.0,0.0
-9.945772171020508,0.8847465515136719
0.0,0.0
11.111105918884277,-5.683844089508057
0.0,0.0
0.0,0.0
0.0,0.0
3.491671085357666,-1.0809999704360962
0.0,0.0
0.0,0.0
0.0,0.0
8.65402889251709,-0.9282631874084473
0.0,0.0
0.0,0.0
0.0,0.0
4.80145263671875,-1.0
0.0,0.0
0.0,0.0
0.0,0.0
11.111042022705078,-7.617240905761719
0.0,0.0
0.0,0.0
0.0,0.0
7.850525379180908,-0.9411391615867615
455.0,5.0
-96.84709930419922,36.66112518310547
-116.23571014404297,19.952739715576172
-92.40127563476562,71.72712707519531
-45.60686111450195,32.36513137817383
-86.51762390136719,-58.55695724487305
-88.95267486572266,-68.13026428222656
0.0,19.100000381469727
-11.0,38.408382415771484
-97.3565673828125,27.986480712890625
-106.19293975830078,117.62483978271484
-98.22351837158203,47.2576904296875
-37.42197036743164,33.4296989440918
-77.15433502197266,66.29034423828125
-82.1417236328125,-78.99889373779297
-32.952735900878906,61.56550979614258
-11.0,11.0
0.0,0.0
0.0,0.0
-32.21783447265625,59.711238861083984
-10.789899826049805,45.951629638671875
0.0,0.0
0.0,0.0
-10.0,0.0
-20.790000915527344,11.0
0.0,0.0
0.0,0.0
-84.19549560546875,103.65567779541016
-37.48497009277344,30.10443878173828
0.0,0.0
0.0,0.0
-33.926387786865234,84.23554229736328
-11.0,21.010000228881836
0.0,0.0
0.0,0.0
0.0,0.0
0.0,0.0
0.0,0.0
0.0,0.0
0.0,0.0
0.0,0.0
0.0,0.0
0.0,0.0
0.0,0.0
0.0,0.0
0.0,0.0
0.0,0.0
0.0,0.0
0.0,0.0
0.0,0.0
0.0,0.0
0.0,0.0
0.0,0.0
0.0,0.0
0.0,0.0
0.0,0.0
0.0,0.0
0.0,0.0
0.0,0.0
0.0,0.0
0.0,0.0
0.0,0.0
0.0,0.0
0.0,0.0
0.0,0.0
0.0,0.0
0.0,0.0
0.0,0.0
0.0,0.0
0.0,0.0
0.0,0.0
0.0,0.0
0.0,0.0
0.0,0.0
0.0,0.0
0.0,0.0
0.0,0.0
0.0,0.0
0.0,0.0
0.0,0.0
0.0,0.0
0.0,0.0
0.0,0.0
0.0,0.0
0.0,0.0
0.0,0.0
0.0,0.0
0.0,0.0
0.0,0.0
0.0,0.0
0.0,0.0
0.0,0.0
0.0,0.0
0.0,0.0
0.0,0.0
0.0,0.0
0.0,0.0
0.0,0.0
0.0,0.0
-5.04769229888916,3.6999833583831787
0.0,0.0
0.0,0.0
0.0,0.0
0.0,0.0
0.0,0.0
11.111105918884277,6.117403984069824
0.0,0.0
11.111105918884277,6.265674114227295
0.0,0.0
0.0,0.0
0.0,0.0
4.275810718536377,5.375000476837158
0.0,0.0
0.0,0.0
0.0,0.0
-10.207412719726562,-2.069927215576172
0.0,0.0
0.0,0.0
0.0,0.0
0.0,0.0
0.0,0.0
2.738100051879883,-1.0536190271377563
0.0,0.0
11.111105918884277,-3.251340389251709
0.0,0.0
0.0,0.0
0.0,0.0
11.111088752746582,1.538385272026062
0.0,0.0
0.0,0.0
0.0,0.0
-3.931941032409668,4.017064094543457
0.0,0.0
0.0,0.0
0.0,0.0
0.0,0.0
0.0,0.0
11.111105918884277,1.9539573192596436
0.0,0.0
11.111105918884277,5.285431861877441
0.0,0.0
0.0,0.0
0.0,0.0
1.0,2.7463810443878174
0.0,0.0
0.0,0.0
0.0,0.0
-9.199673652648926,-5.618866920471191
0.0,0.0
0.0,0.0
0.0,0.0
0.0,0.0
0.0,0.0
4.177420616149902,-0.04797615110874176
0.0,0.0
11.111105918884277,-5.574381351470947
0.0,0.0
0.0,0.0
0.0,0.0
11.03612995147705,2.8675084114074707
0.0,0.0
0.0,0.0
0.0,0.0
0.0,0.0
0.0,0.0
0.0,0.0
0.0,0.0
0.0,0.0
0.0,0.0
0.0,0.0
0.0,0.0
0.0,0.0
0.0,0.0
0.0,0.0
0.0,0.0
0.0,0.0
0.0,0.0
0.0,0.0
0.0,0.0
-4.251931190490723,55.565025329589844
-12.232213973999023,66.66683197021484
0.0,0.0
0.0,0.0
0.0,0.0
0.0,0.0
0.0,0.0
0.0,0.0
-4.4315056800842285,55.55559158325195
-11.016223907470703,560.667236328125
0.0,0.0
0.0,0.0
0.0,0.0
0.0,0.0
0.0,0.0
0.0,0.0
0.0,0.0
0.0,0.0
0.0,0.0
0.0,0.0
0.0,0.0
0.0,0.0
0.0,0.0
0.0,0.0
0.0,0.0
0.0,0.0
0.0,0.0
0.0,0.0
0.0,0.0
0.0,0.0
0.0,0.0
0.0,0.0
8.722546577453613,185.0745086669922
-9.700482368469238,67.8480224609375
0.0,0.0
0.0,0.0
1150.340087890625,307.94189453125
0.0,0.0
0.0,0.0
0.0,0.0
102.40386199951172,106.95264434814453
-4.758584022521973,107.99667358398438
0.0,0.0
0.0,0.0
1567.27734375,0.0
0.0,0.0
0.0,0.0
0.0,0.0
0.0,0.0
0.0,0.0
0.0,0.0
0.0,0.0
0.0,0.0
0.0,0.0
0.0,0.0
0.0,0.0
0.0,0.0
0.0,0.0
0.0,0.0
0.0,0.0
0.0,0.0
0.0,0.0
0.0,0.0
0.0,0.0
0.0,0.0
0.0,0.0
0.0,0.0
0.0,0.0
0.0,0.0
0.0,0.0
0.0,0.0
0.0,0.0
0.0,0.0
0.0,0.0
0.0,0.0
0.0,0.0
0.0,0.0
0.0,0.0
0.0,0.0
0.0,0.0
0.0,0.0
0.0,0.0
0.0,0.0
0.0,0.0
0.0,0.0
0.0,0.0
0.0,0.0
0.0,0.0
0.0,0.0
0.0,0.0
0.0,0.0
0.0,0.0
0.0,0.0
0.0,0.0
0.0,0.0
0.0,0.0
0.0,0.0
0.0,0.0
0.0,0.0
0.0,0.0
0.0,0.0
0.0,0.0
0.0,0.0
0.0,0.0
0.0,0.0
0.0,0.0
0.0,0.0
0.0,0.0
0.0,0.0
0.0,0.0
0.0,0.0
0.0,0.0
0.0,0.0
0.0,0.0
0.0,0.0
0.0,0.0
0.0,0.0
0.0,0.0
0.0,0.0
0.0,0.0
0.0,0.0
0.0,0.0
0.0,0.0
0.0,0.0
0.0,0.0
0.0,0.0
0.0,0.0
0.0,0.0
-4.44444465637207,55.55553436279297
-11.41501522064209,66.66585540771484
0.0,0.0
0.0,0.0
0.0,0.0
0.0,0.0
0.0,0.0
0.0,0.0
-4.44444465637207,55.55553436279297
-10.305946350097656,66.68529510498047
0.0,0.0
0.0,0.0
0.0,0.0
0.0,0.0
0.0,0.0
0.0,0.0
0.0,0.0
0.0,0.0
0.0,0.0
0.0,0.0
0.0,0.0
0.0,0.0
0.0,0.0
0.0,0.0
0.0,0.0
0.0,0.0
0.0,0.0
0.0,0.0
0.0,0.0
0.0,0.0
0.0,0.0
0.0,0.0
-3.7282636165618896,55.55580139160156
-12.512782096862793,66.6666259765625
0.0,0.0
0.0,0.0
0.0,0.0
0.0,0.0
0.0,0.0
0.0,0.0
-4.224721431732178,59.047096252441406
-13.291773796081543,66.6666259765625
0.0,0.0
0.0,0.0
0.0,0.0
0.0,0.0
0.0,0.0
0.0,0.0
0.0,0.0
0.0,0.0
0.0,0.0
0.0,0.0
0.0,0.0
0.0,0.0
0.0,0.0
0.0,0.0
0.0,0.0
0.0,0.0
0.0,0.0
0.0,0.0
0.0,0.0
0.0,0.0
0.0,0.0
0.0,0.0
0.0,0.0
0.0,0.0
0.0,0.0
0.0,0.0
0.0,0.0
0.0,0.0
0.0,0.0
0.0,0.0
0.0,0.0
0.0,0.0
0.0,0.0
0.0,0.0
0.0,0.0
0.0,0.0
0.0,0.0
0.0,0.0
0.0,0.0
0.0,0.0
0.0,0.0
0.0,0.0
0.0,0.0
0.0,0.0
0.0,0.0
0.0,0.0
0.0,0.0
0.0,0.0
0.0,0.0
0.0,0.0
0.0,0.0
0.0,0.0
0.0,0.0
0.0,0.0
0.0,0.0
0.0,0.0
0.0,0.0
0.0,0.0
0.0,0.0
0.0,0.0
0.0,0.0
0.0,0.0
0.0,0.0
0.0,0.0
0.0,0.0
0.0,0.0
0.0,0.0
0.0,0.0
-4.473195552825928,6.343383312225342
0.0,0.0
6.784265041351318,0.0
0.0,0.0
0.0,0.0
0.0,0.0
0.0,0.0
0.0,0.0
-1.0,8.143978118896484
0.0,0.0
1.909999966621399,-0.9900000095367432
0.0,0.0
0.0,0.0
0.0,0.0
0.0,0.0
0.0,0.0
-3.9956252574920654,5.666539192199707
0.0,0.0
11.111099243164062,-8.3224458694458
0.0,0.0
0.0,0.0
0.0,0.0
0.0,0.0
0.0,0.0
-2.6316637992858887,7.850525379180908
0.0,0.0
11.111102104187012,-8.625025749206543
0.0,0.0
0.0,0.0
0.0,0.0
0.0,0.0
0.0,0.0
-84.66273498535156,110.2210922241211
-29.69999885559082,38.408382415771484
-84.85128021240234,111.11101531982422
-11.0,21.010000228881836
-10.0,34.916709899902344
0.0,0.0
0.0,0.0
0.0,0.0
-88.8636474609375,111.11106872558594
-36.188899993896484,97.6268310546875
-65.3420639038086,110.596923828125
0.0,0.0
-19.0,34.916709899902344
0.0,0.0
0.0,0.0
0.0,0.0
-86.14716339111328,110.2210922241211
-20.689899444580078,45.951629638671875
-88.89703369140625,111.1110610961914
-77.82472229003906,121.98019409179688
-9.899999618530273,517.3809814453125
0.0,0.0
301.786376953125,0.0
0.0,0.0
-44.854454040527344,118.83821868896484
-28.88478660583496,103.68785095214844
-87.75584411621094,111.29181671142578
-83.5665283203125,122.19456481933594
-18.650833129882812,34.916709899902344
0.0,0.0
-18.411392211914062,450.6895446777344
0.0,0.0
0.0,0.0
0.0,0.0
0.0,0.0
0.0,0.0
0.0,0.0
0.0,0.0
0.0,0.0
0.0,0.0
0.0,0.0
0.0,0.0
0.0,0.0
0.0,0.0
0.0,0.0
0.0,0.0
0.0,0.0
0.0,0.0
0.0,0.0
0.0,0.0
0.0,0.0
0.0,0.0
0.0,0.0
0.0,0.0
0.0,0.0
0.0,0.0
0.0,0.0
0.0,0.0
0.0,0.0
0.0,0.0
0.0,0.0
0.0,0.0
0.0,0.0
0.0,0.0
0.0,0.0
0.0,0.0
0.0,0.0
0.0,0.0
0.0,0.0
0.0,0.0
0.0,0.0
0.0,0.0
0.0,0.0
0.0,0.0
0.0,0.0
0.0,0.0
0.0,0.0
0.0,0.0
0.0,0.0
0.0,0.0
0.0,0.0
0.0,0.0
0.0,0.0
0.0,0.0
0.0,0.0
0.0,0.0
0.0,0.0
0.0,0.0
0.0,0.0
0.0,0.0
0.0,0.0
0.0,0.0
0.0,0.0
0.0,0.0
0.0,0.0
0.0,0.0
0.0,0.0
0.0,0.0
-1.0,0.0
0.0,0.0
0.0,0.0
0.0,0.0
0.0,0.0
0.0,0.0
9.577812194824219,-3.228159189224243
0.0,0.0
1.909999966621399,-1.88100004196167
0.0,0.0
0.0,0.0
0.0,0.0
0.0,0.0
0.0,0.0
0.0,0.0
0.0,0.0
-8.888885498046875,11.111105918884277
0.0,0.0
0.0,0.0
0.0,0.0
0.0,0.0
0.0,0.0
10.059651374816895,-3.1987602710723877
0.0,0.0
11.111105918884277,-8.888885498046875
0.0,0.0
0.0,0.0
0.0,0.0
0.0,0.0
0.0,0.0
0.0,0.0
0.0,0.0
0.0,0.0
0.0,0.0
0.0,0.0
0.0,0.0
0.0,0.0
0.0,0.0
5.886082649230957,-0.9650833010673523
0.0,0.0
1.0,0.0
0.0,0.0
0.0,0.0
0.0,0.0
0.0,0.0
0.0,0.0
0.0,0.0
0.0,0.0
-4.383426666259766,10.990955352783203
0.0,0.0
0.0,0.0
0.0,0.0
0.0,0.0
0.0,0.0
6.784265041351318,-0.9463067650794983
0.0,0.0
11.111105918884277,-8.888885498046875
0.0,0.0
0.0,0.0
0.0,0.0
0.0,0.0
0.0,0.0
0.0,0.0
0.0,0.0
0.0,0.0
0.0,0.0
0.0,0.0
0.0,0.0
0.0,0.0
0.0,0.0
0.0,0.0
0.0,0.0
0.0,0.0
0.0,0.0
0.0,0.0
0.0,0.0
0.0,0.0
0.0,0.0
0.0,0.0
0.0,0.0
0.0,0.0
0.0,0.0
0.0,0.0
0.0,0.0
0.0,0.0
0.0,0.0
0.0,0.0
0.0,0.0
0.0,0.0
0.0,0.0
0.0,0.0
0.0,0.0
0.0,0.0
0.0,0.0
0.0,0.0
0.0,0.0
0.0,0.0
0.0,0.0
0.0,0.0
0.0,0.0
0.0,0.0
0.0,0.0
0.0,0.0
0.0,0.0
0.0,0.0
0.0,0.0
0.0,0.0
0.0,0.0
0.0,0.0
0.0,0.0
0.0,0.0
0.0,0.0
0.0,0.0
0.0,0.0
0.0,0.0
0.0,0.0
0.0,0.0
0.0,0.0
0.0,0.0
0.0,0.0
0.0,0.0
0.0,0.0
0.0,0.0
0.0,0.0
0.0,0.0
0.0,0.0
