-10.080462455749512,8.920940399169922
0.0,0.0
0.0,0.0
0.0,0.0
0.0,0.0
0.0,0.0
0.0,0.0
0.0,0.0
0.0,0.0
0.0,0.0
0.0,0.0
0.0,0.0
0.0,0.0
0.0,0.0
0.0,0.0
0.0,0.0
0.0,0.0
0.0,0.0
-5.313722133636475,15.81666374206543
-19.989849090576172,0.0
0.0,0.0
0.0,0.0
0.0,0.0
0.0,0.0
0.0,0.0
0.0,0.0
-8.336179733276367,15.31046199798584
-15.424642562866211,0.0
0.0,0.0
0.0,0.0
0.0,0.0
0.0,0.0
0.0,0.0
0.0,0.0
0.0,0.0
0.0,0.0
0.0,0.0
0.0,0.0
0.0,0.0
0.0,0.0
0.0,0.0
0.0,0.0
0.0,0.0
0.0,0.0
0.0,0.0
0.0,0.0
0.0,0.0
0.0,0.0
0.0,0.0
0.0,0.0
-8.83958625793457,11.111120223999023
-5.420000076293945,0.0
0.0,0.0
0.0,0.0
-8.882993698120117,11.090278625488281
0.0,0.0
0.0,0.0
0.0,0.0
-8.889041900634766,11.111104965209961
0.0,0.0
0.0,0.0
0.0,0.0
-8.226922988891602,11.107385635375977
0.0,0.0
0.0,0.0
0.0,0.0
0.0,0.0
0.0,0.0
0.0,0.0
0.0,0.0
0.0,0.0
0.0,0.0
0.0,0.0
0.0,0.0
0.0,0.0
0.0,0.0
0.0,0.0
0.0,0.0
0.0,0.0
0.0,0.0
0.0,0.0
0.0,0.0
-8.909796714782715,11.111105918884277
-18.441282272338867,-0.017890414223074913
0.0,0.0
0.0,0.0
-8.096978187561035,11.108075141906738
-5.420000076293945,0.0
0.0,0.0
0.0,0.0
-9.038728713989258,8.102333068847656
-10.582008361816406,0.004781057592481375
0.0,0.0
0.0,0.0
-8.345900535583496,11.111105918884277
-14.315922737121582,0.7606537938117981
0.0,0.0
0.0,0.0
0.0,0.0
0.0,0.0
0.0,0.0
0.0,0.0
0.0,0.0
0.0,0.0
0.0,0.0
0.0,0.0
0.0,0.0
0.0,0.0
0.0,0.0
0.0,0.0
0.0,0.0
0.0,0.0
0.0,0.0
0.0,0.0
-8.658652305603027,11.108126640319824
-9.371179580688477,0.0
0.0,0.0
0.0,0.0
-3.359628915786743,5.802182197570801
-8.190199851989746,0.0
0.0,0.0
0.0,0.0
-8.899811744689941,11.111054420471191
-11.784080505371094,240.14501953125
0.0,0.0
0.0,0.0
-8.568902969360352,11.111105918884277
-14.137835502624512,-0.05374841392040253
0.0,0.0
0.0,0.0
0.0,0.0
0.0,0.0
0.0,0.0
0.0,0.0
0.0,0.0
0.0,0.0
0.0,0.0
0.0,0.0
0.0,0.0
0.0,0.0
0.0,0.0
0.0,0.0
0.0,0.0
0.0,0.0
0.0,0.0
0.0,0.0
-6.679102420806885,13.843428611755371
-18.48423194885254,9.437256813049316
0.0,0.0
0.0,0.0
0.0,0.0
0.0,0.0
0.0,0.0
0.0,0.0
-4.089653015136719,14.427279472351074
-19.970890045166016,0.0
0.0,0.0
0.0,0.0
-4.852662086486816,10.240397453308105
0.0,0.0
0.0,0.0
0.0,0.0
0.0,0.0
0.0,0.0
0.0,0.0
0.0,0.0
0.0,0.0
0.0,0.0
0.0,0.0
0.0,0.0
0.0,0.0
0.0,0.0
0.0,0.0
0.0,0.0
0.0,0.0
0.0,0.0
0.0,0.0
0.0,0.0
0.0,0.0
0.0,0.0
0.0,0.0
0.0,0.0
0.0,0.0
0.0,0.0
0.0,0.0
0.0,0.0
0.0,0.0
0.0,0.0
0.0,0.0
0.0,0.0
0.0,0.0
0.0,0.0
0.0,0.0
0.0,0.0
0.0,0.0
0.0,0.0
0.0,0.0
0.0,0.0
0.0,0.0
0.0,0.0
0.0,0.0
0.0,0.0
0.0,0.0
0.0,0.0
0.0,0.0
0.0,0.0
0.0,0.0
0.0,0.0
0.0,0.0
0.0,0.0
-8.912102699279785,10.87841796875
-19.97897720336914,1.4351950234242514e-16
0.0,0.0
0.0,0.0
0.0,0.0
0.0,0.0
0.0,0.0
0.0,0.0
-8.934369087219238,10.655585289001465
-8.100933074951172,86.10018920898438
0.0,0.0
0.0,0.0
-9.191411972045898,10.938020706176758
-3.799999952316284,365.6199951171875
0.0,0.0
0.0,0.0
0.0,0.0
0.0,0.0
0.0,0.0
0.0,0.0
0.0,0.0
0.0,0.0
0.0,0.0
0.0,0.0
0.0,0.0
0.0,0.0
0.0,0.0
0.0,0.0
0.0,0.0
0.0,0.0
0.0,0.0
0.0,0.0
-8.903912544250488,11.111034393310547
-2.0,0.0
0.0,0.0
0.0,0.0
0.0,0.0
0.0,0.0
0.0,0.0
0.0,0.0
-8.976068496704102,9.684357643127441
-8.189266204833984,283.5006103515625
0.0,0.0
0.0,0.0
-9.1395845413208,8.544626235961914
-2.0,200.0
0.0,0.0
0.0,0.0
0.0,0.0
0.0,0.0
0.0,0.0
0.0,0.0
0.0,0.0
0.0,0.0
0.0,0.0
0.0,0.0
0.0,0.0
0.0,0.0
0.0,0.0
0.0,0.0
0.0,0.0
0.0,0.0
0.0,0.0
0.0,0.0
0.0,0.0
0.0,0.0
0.0,0.0
0.0,0.0
0.0,0.0
0.0,0.0
0.0,0.0
0.0,0.0
0.0,0.0
0.0,0.0
0.0,0.0
0.0,0.0
0.0,0.0
0.0,0.0
0.0,0.0
0.0,0.0
0.0,0.0
0.0,0.0
0.0,0.0
0.0,0.0
0.0,0.0
0.0,0.0
0.0,0.0
0.0,0.0
0.0,0.0
0.0,0.0
0.0,0.0
0.0,0.0
0.0,0.0
0.0,0.0
0.0,0.0
0.0,0.0
0.0,0.0
0.0,0.0
0.0,0.0
0.0,0.0
0.0,0.0
0.0,0.0
0.0,0.0
0.0,0.0
0.0,0.0
0.0,0.0
0.0,0.0
0.0,0.0
0.0,0.0
0.0,0.0
-9.663187026977539,5.162712097167969
-16.451066970825195,9.584667205810547
33.33331298828125,-25.991737365722656
15.701050758361816,-3.9618000984191895
0.0,0.0
0.0,0.0
12.532261848449707,0.0
2.0,0.0
-9.738536834716797,2.8913328647613525
-20.735427856445312,-8.705461502075195
33.33331298828125,-23.839641571044922
18.5190486907959,-4.565644264221191
0.0,0.0
0.0,0.0
19.069005966186523,0.0
2.0,0.0
0.0,0.0
0.0,0.0
32.21552276611328,-11.551933288574219
11.772165298461914,0.32135239243507385
0.0,0.0
0.0,0.0
17.658248901367188,0.0
2.0,0.0
0.0,0.0
0.0,0.0
33.33331298828125,-16.54693603515625
103.24915313720703,-3.9164516925811768
0.0,0.0
0.0,0.0
27.229202270507812,0.0
8.354841232299805,-5.907238006591797
-3.545894145965576,88.78670501708984
-12.250442504882812,47.80036926269531
33.33331298828125,-26.630849838256836
6.983342170715332,0.7492486834526062
-6.139545440673828,55.067813873291016
-6.947150230407715,35.64554214477539
8.214300155639648,-3.0
3.819999933242798,0.0
-2.627755880355835,79.2835464477539
-17.468679428100586,92.66908264160156
33.33331298828125,-15.992416381835938
17.30805778503418,-6.035910129547119
-4.938586235046387,67.18257141113281
-13.902568817138672,19.582027435302734
28.278501510620117,-2.8746774196624756
10.738643646240234,0.0
0.0,0.0
0.0,0.0
26.625497817993164,-5.361368179321289
2.0,0.0
0.0,0.0
0.0,0.0
14.40435791015625,0.0
0.0,0.0
0.0,0.0
0.0,0.0
33.33292770385742,-21.832523345947266
15.701050758361816,-7.438526153564453
0.0,0.0
0.0,0.0
31.170217514038086,-7.536273956298828
9.6029052734375,-4.735786437988281
0.0,0.0
0.0,0.0
0.0,0.0
0.0,0.0
0.0,0.0
0.0,0.0
0.0,0.0
0.0,0.0
0.0,0.0
0.0,0.0
0.0,0.0
0.0,0.0
0.0,0.0
0.0,0.0
0.0,0.0
0.0,0.0
0.0,0.0
0.0,0.0
0.0,0.0
0.0,0.0
0.0,0.0
0.0,0.0
0.0,0.0
0.0,0.0
0.0,0.0
0.0,0.0
0.0,0.0
0.0,0.0
0.0,0.0
0.0,0.0
0.0,0.0
0.0,0.0
0.0,0.0
0.0,0.0
0.0,0.0
0.0,0.0
0.0,0.0
0.0,0.0
0.0,0.0
0.0,0.0
0.0,0.0
0.0,0.0
0.0,0.0
0.0,0.0
0.0,0.0
0.0,0.0
0.0,0.0
0.0,0.0
0.0,0.0
0.0,0.0
0.0,0.0
0.0,0.0
0.0,0.0
0.0,0.0
0.0,0.0
0.0,0.0
0.0,0.0
0.0,0.0
0.0,0.0
0.0,0.0
0.0,0.0
0.0,0.0
0.0,0.0
0.0,0.0
0.0,0.0
0.0,0.0
-9.127775192260742,7.736302852630615
0.0,0.0
0.0,0.0
0.0,0.0
0.0,0.0
0.0,0.0
33.33331298828125,19.33049964904785
0.0,0.0
33.33331298828125,12.095626831054688
0.0,0.0
0.0,0.0
0.0,0.0
3.1253225803375244,25.233060836791992
0.0,0.0
0.0,0.0
0.0,0.0
-10.16712474822998,-1.6716936826705933
0.0,0.0
0.0,0.0
0.0,0.0
0.0,0.0
0.0,0.0
17.658248901367188,-3.0
0.0,0.0
33.33331298828125,-14.851244926452637
0.0,0.0
0.0,0.0
0.0,0.0
33.33331298828125,7.383444786071777
0.0,0.0
0.0,0.0
0.0,0.0
-7.44743537902832,10.889402389526367
0.0,0.0
0.0,0.0
0.0,0.0
0.0,0.0
0.0,0.0
33.33331298828125,13.718329429626465
0.0,0.0
33.33331298828125,3.2795839309692383
0.0,0.0
0.0,0.0
0.0,0.0
0.0,14.40435791015625
0.0,0.0
0.0,0.0
0.0,0.0
-8.885021209716797,10.170393943786621
0.0,0.0
0.0,0.0
0.0,0.0
0.0,0.0
0.0,0.0
10.47501277923584,-5.6427001953125
0.0,0.0
33.33331298828125,-17.7901554107666
0.0,0.0
0.0,0.0
0.0,0.0
33.33284378051758,-5.499346733093262
0.0,0.0
0.0,0.0
0.0,0.0
0.0,0.0
0.0,0.0
0.0,0.0
0.0,0.0
0.0,0.0
0.0,0.0
0.0,0.0
0.0,0.0
0.0,0.0
0.0,0.0
0.0,0.0
0.0,0.0
0.0,0.0
0.0,0.0
0.0,0.0
0.0,0.0
-5.176248550415039,50.699729919433594
-4.719703197479248,121.21416473388672
0.0,0.0
0.0,0.0
0.0,0.0
0.0,0.0
0.0,0.0
0.0,0.0
-3.8622517585754395,59.018829345703125
-15.366772651672363,170.76544189453125
0.0,0.0
0.0,0.0
0.0,0.0
0.0,0.0
0.0,0.0
0.0,0.0
0.0,0.0
0.0,0.0
0.0,0.0
0.0,0.0
0.0,0.0
0.0,0.0
0.0,0.0
0.0,0.0
0.0,0.0
0.0,0.0
0.0,0.0
0.0,0.0
0.0,0.0
0.0,0.0
0.0,0.0
0.0,0.0
1.116520881652832,121.95626831054688
-13.206904411315918,313.65692138671875
0.0,0.0
0.0,0.0
175.72425842285156,447.3923645019531
0.0,0.0
0.0,0.0
0.0,0.0
-2.6545588970184326,46.172584533691406
-15.987793922424316,22.24113655090332
0.0,0.0
0.0,0.0
615.1819458007812,211.30068969726562
0.0,0.0
0.0,0.0
0.0,0.0
0.0,0.0
0.0,0.0
0.0,0.0
0.0,0.0
0.0,0.0
0.0,0.0
0.0,0.0
0.0,0.0
0.0,0.0
0.0,0.0
0.0,0.0
0.0,0.0
0.0,0.0
0.0,0.0
0.0,0.0
0.0,0.0
0.0,0.0
0.0,0.0
0.0,0.0
0.0,0.0
0.0,0.0
0.0,0.0
0.0,0.0
0.0,0.0
0.0,0.0
0.0,0.0
0.0,0.0
0.0,0.0
0.0,0.0
0.0,0.0
0.0,0.0
0.0,0.0
0.0,0.0
0.0,0.0
0.0,0.0
0.0,0.0
0.0,0.0
0.0,0.0
0.0,0.0
0.0,0.0
0.0,0.0
0.0,0.0
0.0,0.0
0.0,0.0
0.0,0.0
0.0,0.0
0.0,0.0
0.0,0.0
0.0,0.0
0.0,0.0
0.0,0.0
0.0,0.0
0.0,0.0
0.0,0.0
0.0,0.0
0.0,0.0
0.0,0.0
0.0,0.0
0.0,0.0
0.0,0.0
0.0,0.0
0.0,0.0
0.0,0.0
0.0,0.0
0.0,0.0
0.0,0.0
0.0,0.0
0.0,0.0
0.0,0.0
0.0,0.0
0.0,0.0
0.0,0.0
0.0,0.0
0.0,0.0
0.0,0.0
0.0,0.0
0.0,0.0
0.0,0.0
0.0,0.0
0.0,0.0
-6.071488380432129,33.333396911621094
-14.130455017089844,23.328697204589844
0.0,0.0
0.0,0.0
0.0,0.0
0.0,0.0
0.0,0.0
0.0,0.0
-6.6666483879089355,33.33351516723633
-16.895963668823242,62.0667610168457
0.0,0.0
0.0,0.0
0.0,0.0
0.0,0.0
0.0,0.0
0.0,0.0
0.0,0.0
0.0,0.0
0.0,0.0
0.0,0.0
0.0,0.0
0.0,0.0
0.0,0.0
0.0,0.0
0.0,0.0
0.0,0.0
0.0,0.0
0.0,0.0
0.0,0.0
0.0,0.0
0.0,0.0
0.0,0.0
-5.923799991607666,33.3344612121582
-14.681049346923828,22.222070693969727
0.0,0.0
0.0,0.0
0.0,0.0
0.0,0.0
0.0,0.0
0.0,0.0
-6.554614543914795,33.93370819091797
-17.77440643310547,22.222211837768555
0.0,0.0
0.0,0.0
0.0,0.0
0.0,0.0
0.0,0.0
0.0,0.0
0.0,0.0
0.0,0.0
0.0,0.0
0.0,0.0
0.0,0.0
0.0,0.0
0.0,0.0
0.0,0.0
0.0,0.0
0.0,0.0
0.0,0.0
0.0,0.0
0.0,0.0
0.0,0.0
0.0,0.0
0.0,0.0
0.0,0.0
0.0,0.0
0.0,0.0
0.0,0.0
0.0,0.0
0.0,0.0
0.0,0.0
0.0,0.0
0.0,0.0
0.0,0.0
0.0,0.0
0.0,0.0
0.0,0.0
0.0,0.0
0.0,0.0
0.0,0.0
0.0,0.0
0.0,0.0
0.0,0.0
0.0,0.0
0.0,0.0
0.0,0.0
0.0,0.0
0.0,0.0
0.0,0.0
0.0,0.0
0.0,0.0
0.0,0.0
0.0,0.0
0.0,0.0
0.0,0.0
0.0,0.0
0.0,0.0
0.0,0.0
0.0,0.0
0.0,0.0
0.0,0.0
0.0,0.0
0.0,0.0
0.0,0.0
0.0,0.0
0.0,0.0
0.0,0.0
0.0,0.0
0.0,0.0
0.0,0.0
-6.462647438049316,33.33331298828125
-3.799999952316284,3.819999933242798
-5.823182106018066,33.299224853515625
-2.0,0.0
0.0,0.0
0.0,0.0
0.0,0.0
0.0,0.0
-6.667384147644043,33.33331298828125
-6.629714012145996,18.5190486907959
-2.2281696796417236,29.86698341369629
0.0,0.0
0.0,0.0
0.0,0.0
0.0,0.0
0.0,0.0
-6.485236644744873,33.33331298828125
-3.7618000507354736,6.983342170715332
-6.666666507720947,33.33331298828125
-13.575883865356445,21.996505737304688
0.0,0.0
0.0,0.0
0.0,0.0
0.0,0.0
-6.651660442352295,33.33331298828125
-7.955385684967041,18.152801513671875
-6.565529823303223,33.33340835571289
-12.438682556152344,22.221649169921875
0.0,0.0
0.0,0.0
0.0,0.0
0.0,0.0
-6.5886712074279785,33.333126068115234
-5.33216667175293,10.738643646240234
-5.450610160827637,33.317291259765625
-2.0,0.0
-1.8427000045776367,10.47501277923584
0.0,0.0
0.0,0.0
0.0,0.0
-6.280179023742676,33.333351135253906
-3.799999952316284,14.347362518310547
-3.449697494506836,28.733436584472656
0.0,0.0
-2.510974645614624,17.658248901367188
0.0,0.0
0.0,0.0
0.0,0.0
-6.623782634735107,33.333106994628906
-6.823237895965576,9.6029052734375
-6.666670799255371,33.33331298828125
-12.589239120483398,22.05742835998535
-1.8700000047683716,8.214300155639648
0.0,0.0
-2.3242504596710205,30.178955078125
0.0,0.0
-6.238341331481934,33.333351135253906
-3.6728732585906982,16.28795623779297
-6.653012752532959,33.333351135253906
-11.773214340209961,22.1782169342041
-0.5519202947616577,196.92825317382812
0.0,0.0
122.05006408691406,128.6849365234375
0.0,0.0
0.0,0.0
0.0,0.0
0.0,0.0
0.0,0.0
0.0,0.0
0.0,0.0
0.0,0.0
0.0,0.0
0.0,0.0
0.0,0.0
0.0,0.0
0.0,0.0
0.0,0.0
0.0,0.0
0.0,0.0
0.0,0.0
0.0,0.0
0.0,0.0
0.0,0.0
0.0,0.0
0.0,0.0
0.0,0.0
0.0,0.0
0.0,0.0
0.0,0.0
0.0,0.0
0.0,0.0
0.0,0.0
0.0,0.0
0.0,0.0
0.0,0.0
0.0,0.0
0.0,0.0
0.0,0.0
0.0,0.0
0.0,0.0
0.0,0.0
0.0,0.0
0.0,0.0
0.0,0.0
0.0,0.0
0.0,0.0
0.0,0.0
0.0,0.0
0.0,0.0
0.0,0.0
0.0,0.0
0.0,0.0
0.0,0.0
0.0,0.0
0.0,0.0
0.0,0.0
0.0,0.0
0.0,0.0
0.0,0.0
0.0,0.0
0.0,0.0
0.0,0.0
0.0,0.0
0.0,0.0
0.0,0.0
0.0,0.0
0.0,0.0
0.0,0.0
0.0,0.0
0.0,0.0
0.0,12.532261848449707
0.0,0.0
0.0,0.0
0.0,0.0
0.0,0.0
0.0,0.0
-4.658355236053467,33.260799407958984
0.0,0.0
-0.8559564352035522,14.40435791015625
0.0,0.0
0.0,0.0
0.0,0.0
0.0,0.0
0.0,0.0
0.0,0.0
0.0,0.0
-6.6667070388793945,33.33321762084961
0.0,0.0
0.0,0.0
0.0,0.0
0.0,0.0
0.0,0.0
-5.03329610824585,33.3076286315918
0.0,0.0
-6.666666507720947,33.33331298828125
0.0,0.0
0.0,0.0
0.0,0.0
0.0,0.0
0.0,0.0
0.0,0.0
0.0,0.0
0.0,0.0
0.0,0.0
0.0,0.0
0.0,0.0
0.0,0.0
0.0,0.0
0.0,0.0
0.0,0.0
0.0,0.0
0.0,0.0
0.0,0.0
0.0,0.0
0.0,0.0
0.0,0.0
0.0,0.0
0.0,0.0
-1.0,8.214300155639648
0.0,0.0
0.0,0.0
0.0,0.0
0.0,0.0
0.0,0.0
0.0,0.0
0.0,0.0
-4.55733060836792,33.292144775390625
0.0,0.0
0.0,0.0
0.0,0.0
0.0,0.0
0.0,0.0
0.0,0.0
0.0,0.0
0.0,0.0
0.0,0.0
0.0,0.0
0.0,0.0
0.0,0.0
0.0,0.0
0.0,0.0
0.0,0.0
0.0,0.0
0.0,0.0
0.0,0.0
0.0,0.0
0.0,0.0
0.0,0.0
0.0,0.0
0.0,0.0
0.0,0.0
0.0,0.0
0.0,0.0
0.0,0.0
0.0,0.0
0.0,0.0
0.0,0.0
0.0,0.0
0.0,0.0
0.0,0.0
0.0,0.0
0.0,0.0
0.0,0.0
0.0,0.0
0.0,0.0
0.0,0.0
0.0,0.0
0.0,0.0
0.0,0.0
0.0,0.0
0.0,0.0
0.0,0.0
0.0,0.0
0.0,0.0
0.0,0.0
0.0,0.0
0.0,0.0
0.0,0.0
0.0,0.0
0.0,0.0
0.0,0.0
0.0,0.0
0.0,0.0
0.0,0.0
0.0,0.0
0.0,0.0
0.0,0.0
0.0,0.0
0.0,0.0
0.0,0.0
0.0,0.0
0.0,0.0
0.0,0.0
0.0,0.0
0.0,0.0
0.0,0.0
