-4.524488925933838,8.255638122558594
0.0,0.0
0.0,0.0
0.0,0.0
0.0,0.0
0.0,0.0
0.0,0.0
0.0,0.0
0.0,0.0
0.0,0.0
0.0,0.0
0.0,0.0
0.0,0.0
0.0,0.0
0.0,0.0
0.0,0.0
0.0,0.0
0.0,0.0
12.744149208068848,30.670257568359375
22.218059539794922,-7.452332019805908
0.0,0.0
0.0,0.0
0.0,0.0
0.0,0.0
0.0,0.0
0.0,0.0
11.512531280517578,27.11583709716797
22.22189712524414,-11.089521408081055
0.0,0.0
0.0,0.0
-3.9736056327819824,8.875165939331055
0.0,0.0
0.0,0.0
0.0,0.0
0.0,0.0
0.0,0.0
0.0,0.0
0.0,0.0
0.0,0.0
0.0,0.0
0.0,0.0
0.0,0.0
0.0,0.0
0.0,0.0
0.0,0.0
0.0,0.0
0.0,0.0
0.0,0.0
0.0,0.0
0.0,0.0
-8.902600288391113,11.103689193725586
11.772165298461914,0.0
0.0,0.0
0.0,0.0
-8.889422416687012,11.111104965209961
5.476200103759766,0.0
0.0,0.0
0.0,0.0
-8.890615463256836,11.107661247253418
20.11930274963379,-1.7988070249557495
0.0,0.0
0.0,0.0
-8.884180068969727,11.111105918884277
0.0,0.0
0.0,0.0
0.0,0.0
0.0,0.0
0.0,0.0
0.0,0.0
0.0,0.0
0.0,0.0
0.0,0.0
0.0,0.0
0.0,0.0
0.0,0.0
0.0,0.0
0.0,0.0
0.0,0.0
0.0,0.0
0.0,0.0
0.0,0.0
0.0,0.0
-8.931687355041504,11.088741302490234
22.222211837768555,-17.606388092041016
0.0,0.0
0.0,0.0
-8.875272750854492,11.111105918884277
22.21936798095703,-10.17329216003418
0.0,0.0
0.0,0.0
-8.908814430236816,10.855609893798828
22.222164154052734,-17.757102966308594
0.0,0.0
0.0,0.0
-8.989864349365234,9.106771469116211
22.222211837768555,-17.777973175048828
0.0,0.0
0.0,0.0
0.0,0.0
0.0,0.0
0.0,0.0
0.0,0.0
0.0,0.0
0.0,0.0
0.0,0.0
0.0,0.0
0.0,0.0
0.0,0.0
0.0,0.0
0.0,0.0
0.0,0.0
0.0,0.0
0.0,0.0
0.0,0.0
-8.914060592651367,10.907455444335938
22.222211837768555,-17.777503967285156
0.0,0.0
0.0,0.0
-8.9027738571167,11.111104965209961
22.222211837768555,-17.75722312927246
0.0,0.0
0.0,0.0
-8.917553901672363,10.924190521240234
22.222204208374023,-16.0159854888916
0.0,0.0
0.0,0.0
-8.912174224853516,11.066205978393555
22.222211837768555,-17.77775001525879
0.0,0.0
0.0,0.0
0.0,0.0
0.0,0.0
0.0,0.0
0.0,0.0
0.0,0.0
0.0,0.0
0.0,0.0
0.0,0.0
0.0,0.0
0.0,0.0
0.0,0.0
0.0,0.0
0.0,0.0
0.0,0.0
0.0,0.0
0.0,0.0
0.5754470229148865,19.65741729736328
19.826967239379883,-18.02302360534668
0.0,0.0
0.0,0.0
0.0,0.0
0.0,0.0
0.0,0.0
0.0,0.0
3.8434672355651855,22.63897132873535
22.222211837768555,-17.49329948425293
0.0,0.0
0.0,0.0
-8.609939575195312,11.111105918884277
5.476200103759766,-1.9800000190734863
0.0,0.0
0.0,0.0
0.0,0.0
0.0,0.0
0.0,0.0
0.0,0.0
0.0,0.0
0.0,0.0
0.0,0.0
0.0,0.0
0.0,0.0
0.0,0.0
0.0,0.0
0.0,0.0
0.0,0.0
0.0,0.0
0.0,0.0
0.0,0.0
0.0,0.0
0.0,0.0
0.0,0.0
0.0,0.0
0.0,0.0
0.0,0.0
0.0,0.0
0.0,0.0
0.0,0.0
0.0,0.0
0.0,0.0
0.0,0.0
0.0,0.0
0.0,0.0
0.0,0.0
0.0,0.0
0.0,0.0
0.0,0.0
0.0,0.0
0.0,0.0
0.0,0.0
0.0,0.0
0.0,0.0
0.0,0.0
0.0,0.0
0.0,0.0
0.0,0.0
0.0,0.0
0.0,0.0
0.0,0.0
0.0,0.0
0.0,0.0
-8.913383483886719,10.86561107635498
0.0,0.0
0.0,0.0
0.0,0.0
0.0,0.0
0.0,0.0
0.0,0.0
0.0,0.0
-8.925058364868164,10.749130249023438
22.222116470336914,-17.777799606323242
0.0,0.0
0.0,0.0
-9.336374282836914,5.955077171325684
0.0,0.0
0.0,0.0
0.0,0.0
0.0,0.0
0.0,0.0
0.0,0.0
0.0,0.0
0.0,0.0
0.0,0.0
0.0,0.0
0.0,0.0
0.0,0.0
0.0,0.0
0.0,0.0
0.0,0.0
0.0,0.0
0.0,0.0
0.0,0.0
0.0,0.0
-8.895454406738281,11.111089706420898
0.0,0.0
0.0,0.0
0.0,0.0
0.0,0.0
0.0,0.0
0.0,0.0
0.0,0.0
-8.96663761138916,10.333769798278809
22.222211837768555,-17.77777099609375
0.0,0.0
0.0,0.0
-9.242486000061035,8.46375846862793
0.0,0.0
0.0,0.0
0.0,0.0
0.0,0.0
0.0,0.0
0.0,0.0
0.0,0.0
0.0,0.0
0.0,0.0
0.0,0.0
0.0,0.0
0.0,0.0
0.0,0.0
0.0,0.0
0.0,0.0
0.0,0.0
0.0,0.0
0.0,0.0
0.0,0.0
0.0,0.0
0.0,0.0
0.0,0.0
0.0,0.0
0.0,0.0
0.0,0.0
0.0,0.0
0.0,0.0
0.0,0.0
0.0,0.0
0.0,0.0
0.0,0.0
0.0,0.0
0.0,0.0
0.0,0.0
0.0,0.0
0.0,0.0
0.0,0.0
0.0,0.0
0.0,0.0
0.0,0.0
0.0,0.0
0.0,0.0
0.0,0.0
0.0,0.0
0.0,0.0
0.0,0.0
0.0,0.0
0.0,0.0
0.0,0.0
0.0,0.0
0.0,0.0
0.0,0.0
0.0,0.0
0.0,0.0
0.0,0.0
0.0,0.0
0.0,0.0
0.0,0.0
0.0,0.0
0.0,0.0
0.0,0.0
0.0,0.0
0.0,0.0
0.0,0.0
0.0,0.0
11.111105918884277,-6.849467754364014
44.44442367553711,-23.05242156982422
11.111105918884277,-8.033730506896973
42.95402908325195,-3.9235999584198
1.909999966621399,-0.9900000095367432
0.0,0.0
7.173681259155273,-0.9726189970970154
0.0,0.0
11.111105918884277,-6.917503356933594
44.44442367553711,-14.710999488830566
11.111105918884277,-7.935942649841309
44.3564338684082,2.5160765647888184
0.0,0.0
0.0,0.0
10.661160469055176,-0.905738353729248
0.0,0.0
0.0,0.0
0.0,0.0
-9.13399887084961,5.893522262573242
20.11930274963379,-2.2846877574920654
0.0,0.0
0.0,0.0
-2.6750831604003906,8.480691909790039
0.0,0.0
0.0,0.0
0.0,0.0
-9.371030807495117,4.7335429191589355
22.144725799560547,-2.556058883666992
0.0,0.0
0.0,0.0
-5.643322467803955,2.584918737411499
3.819999933242798,0.0
11.111105918884277,-7.51239538192749
44.44442367553711,-27.89994239807129
11.111105918884277,-7.913510799407959
41.5602912902832,0.9967688918113708
11.111105918884277,-8.619697570800781
0.0,0.0
10.3900728225708,-0.05636192113161087
0.0,0.0
11.111105918884277,-7.023221969604492
44.44442367553711,-31.2071590423584
11.111105918884277,-2.2357356548309326
44.196075439453125,1.1423532962799072
11.111105918884277,-8.849300384521484
28.694725036621094,-4.0
11.108597755432129,-4.335111141204834
32.57591247558594,-7.460333347320557
0.0,0.0
0.0,0.0
-4.567045211791992,2.4901998043060303
20.7801456451416,2.1505610942840576
0.0,0.0
0.0,0.0
-3.3242547512054443,9.197535514831543
0.0,0.0
0.0,0.0
0.0,0.0
-8.886486053466797,6.0221076011657715
21.028039932250977,-0.8958060145378113
0.0,0.0
0.0,0.0
-7.910912990570068,6.39215612411499
20.637523651123047,-7.672824382781982
0.0,0.0
0.0,0.0
0.0,0.0
0.0,0.0
0.0,0.0
0.0,0.0
0.0,0.0
0.0,0.0
0.0,0.0
0.0,0.0
0.0,0.0
0.0,0.0
0.0,0.0
0.0,0.0
0.0,0.0
0.0,0.0
0.0,0.0
0.0,0.0
0.0,0.0
0.0,0.0
0.0,0.0
0.0,0.0
0.0,0.0
0.0,0.0
0.0,0.0
0.0,0.0
0.0,0.0
0.0,0.0
0.0,0.0
0.0,0.0
0.0,0.0
0.0,0.0
0.0,0.0
0.0,0.0
0.0,0.0
0.0,0.0
0.0,0.0
0.0,0.0
0.0,0.0
0.0,0.0
0.0,0.0
0.0,0.0
0.0,0.0
0.0,0.0
0.0,0.0
0.0,0.0
0.0,0.0
0.0,0.0
0.0,0.0
0.0,0.0
0.0,0.0
0.0,0.0
0.0,0.0
0.0,0.0
0.0,0.0
0.0,0.0
0.0,0.0
0.0,0.0
0.0,0.0
0.0,0.0
0.0,0.0
0.0,0.0
0.0,0.0
0.0,0.0
0.0,0.0
0.0,0.0
11.111105918884277,-7.415384292602539
0.0,0.0
0.0,0.0
0.0,0.0
0.0,0.0
0.0,0.0
11.099748611450195,2.99747896194458
0.0,0.0
11.111105918884277,3.8995330333709717
0.0,0.0
0.0,0.0
0.0,0.0
10.979071617126465,6.1212477684021
0.0,0.0
0.0,0.0
0.0,0.0
-10.100895881652832,-1.0092036724090576
0.0,0.0
0.0,0.0
0.0,0.0
0.0,0.0
0.0,0.0
-8.880937576293945,11.111105918884277
0.0,0.0
-9.700718879699707,2.9929027557373047
0.0,0.0
0.0,0.0
0.0,0.0
-10.119123458862305,-5.036887168884277
0.0,0.0
0.0,0.0
0.0,0.0
11.111105918884277,-8.541829109191895
0.0,0.0
0.0,0.0
0.0,0.0
0.0,0.0
0.0,0.0
11.111105918884277,5.940573215484619
0.0,0.0
11.111105918884277,3.67216157913208
0.0,0.0
0.0,0.0
0.0,0.0
8.411020278930664,1.0273809432983398
0.0,0.0
0.0,0.0
0.0,0.0
-8.90964126586914,11.057995796203613
0.0,0.0
0.0,0.0
0.0,0.0
0.0,0.0
0.0,0.0
-7.778227806091309,11.111088752746582
0.0,0.0
-9.719576835632324,0.2041972130537033
0.0,0.0
0.0,0.0
0.0,0.0
-9.742670059204102,4.621344089508057
0.0,0.0
0.0,0.0
0.0,0.0
0.0,0.0
0.0,0.0
0.0,0.0
0.0,0.0
0.0,0.0
0.0,0.0
0.0,0.0
0.0,0.0
0.0,0.0
0.0,0.0
0.0,0.0
0.0,0.0
0.0,0.0
0.0,0.0
0.0,0.0
0.0,0.0
-9.344178199768066,6.664708614349365
22.222211837768555,-20.279693603515625
0.0,0.0
0.0,0.0
0.0,0.0
0.0,0.0
0.0,0.0
0.0,0.0
-9.056198120117188,10.231465339660645
21.73719024658203,-224.6344757080078
0.0,0.0
0.0,0.0
0.0,0.0
0.0,0.0
0.0,0.0
0.0,0.0
0.0,0.0
0.0,0.0
0.0,0.0
0.0,0.0
0.0,0.0
0.0,0.0
0.0,0.0
0.0,0.0
0.0,0.0
0.0,0.0
0.0,0.0
0.0,0.0
0.0,0.0
0.0,0.0
0.0,0.0
0.0,0.0
-11.055987358093262,11.106305122375488
22.222211837768555,-19.41046905517578
0.0,0.0
0.0,0.0
-19.2873592376709,-299.7405700683594
0.0,0.0
0.0,0.0
0.0,0.0
-11.111360549926758,-29.034015655517578
22.222211837768555,-97.82989501953125
0.0,0.0
0.0,0.0
-465.6568298339844,-628.250732421875
0.0,0.0
0.0,0.0
0.0,0.0
0.0,0.0
0.0,0.0
0.0,0.0
0.0,0.0
0.0,0.0
0.0,0.0
0.0,0.0
0.0,0.0
0.0,0.0
0.0,0.0
0.0,0.0
0.0,0.0
0.0,0.0
0.0,0.0
0.0,0.0
0.0,0.0
0.0,0.0
0.0,0.0
0.0,0.0
0.0,0.0
0.0,0.0
0.0,0.0
0.0,0.0
0.0,0.0
0.0,0.0
0.0,0.0
0.0,0.0
0.0,0.0
0.0,0.0
0.0,0.0
0.0,0.0
0.0,0.0
0.0,0.0
0.0,0.0
0.0,0.0
0.0,0.0
0.0,0.0
0.0,0.0
0.0,0.0
0.0,0.0
0.0,0.0
0.0,0.0
0.0,0.0
0.0,0.0
0.0,0.0
0.0,0.0
0.0,0.0
0.0,0.0
0.0,0.0
0.0,0.0
0.0,0.0
0.0,0.0
0.0,0.0
0.0,0.0
0.0,0.0
0.0,0.0
0.0,0.0
0.0,0.0
0.0,0.0
0.0,0.0
0.0,0.0
0.0,0.0
0.0,0.0
0.0,0.0
0.0,0.0
0.0,0.0
0.0,0.0
0.0,0.0
0.0,0.0
0.0,0.0
0.0,0.0
0.0,0.0
0.0,0.0
0.0,0.0
0.0,0.0
0.0,0.0
0.0,0.0
0.0,0.0
0.0,0.0
0.0,0.0
-8.888885498046875,11.111105918884277
22.222211837768555,-17.59398078918457
0.0,0.0
0.0,0.0
0.0,0.0
0.0,0.0
0.0,0.0
0.0,0.0
-8.888973236083984,11.111105918884277
22.222211837768555,-15.17724323272705
0.0,0.0
0.0,0.0
0.0,0.0
0.0,0.0
0.0,0.0
0.0,0.0
0.0,0.0
0.0,0.0
0.0,0.0
0.0,0.0
0.0,0.0
0.0,0.0
0.0,0.0
0.0,0.0
0.0,0.0
0.0,0.0
0.0,0.0
0.0,0.0
0.0,0.0
0.0,0.0
0.0,0.0
0.0,0.0
-11.111105918884277,10.032120704650879
22.222211837768555,-16.87272071838379
0.0,0.0
0.0,0.0
0.0,0.0
0.0,0.0
0.0,0.0
0.0,0.0
-8.915398597717285,10.846829414367676
22.221529006958008,-14.698349952697754
0.0,0.0
0.0,0.0
0.0,0.0
0.0,0.0
0.0,0.0
0.0,0.0
0.0,0.0
0.0,0.0
0.0,0.0
0.0,0.0
0.0,0.0
0.0,0.0
0.0,0.0
0.0,0.0
0.0,0.0
0.0,0.0
0.0,0.0
0.0,0.0
0.0,0.0
0.0,0.0
0.0,0.0
0.0,0.0
0.0,0.0
0.0,0.0
0.0,0.0
0.0,0.0
0.0,0.0
0.0,0.0
0.0,0.0
0.0,0.0
0.0,0.0
0.0,0.0
0.0,0.0
0.0,0.0
0.0,0.0
0.0,0.0
0.0,0.0
0.0,0.0
0.0,0.0
0.0,0.0
0.0,0.0
0.0,0.0
0.0,0.0
0.0,0.0
0.0,0.0
0.0,0.0
0.0,0.0
0.0,0.0
0.0,0.0
0.0,0.0
0.0,0.0
0.0,0.0
0.0,0.0
0.0,0.0
0.0,0.0
0.0,0.0
0.0,0.0
0.0,0.0
0.0,0.0
0.0,0.0
0.0,0.0
0.0,0.0
0.0,0.0
0.0,0.0
0.0,0.0
0.0,0.0
0.0,0.0
0.0,0.0
11.111105918884277,-8.320022583007812
39.8226432800293,-10.345582962036133
11.11098861694336,-6.673618793487549
4.0,0.0
0.0,0.0
0.0,0.0
0.0,0.0
0.0,0.0
-169.99526977539062,-10.121537208557129
43.74357223510742,-3.590384006500244
11.072362899780273,-4.765602111816406
0.0,0.0
0.0,0.0
0.0,0.0
0.0,0.0
0.0,0.0
-11.111054420471191,-27.9335880279541
20.308565139770508,-4.941464900970459
-11.111102104187012,-14.788168907165527
22.222211837768555,-17.777719497680664
0.0,0.0
0.0,0.0
0.0,0.0
0.0,0.0
-8.837578773498535,11.111105918884277
21.711196899414062,-10.455469131469727
-54.31999969482422,11.111099243164062
22.222211837768555,-17.77777099609375
0.0,0.0
0.0,0.0
0.0,0.0
0.0,0.0
11.111105918884277,-8.038442611694336
36.30560302734375,-15.785006523132324
11.11050033569336,-6.951415538787842
4.0,0.0
7.850525379180908,-1.7799392938613892
0.0,0.0
0.0,0.0
0.0,0.0
11.111105918884277,-8.840433120727539
42.6446418762207,-10.31395149230957
11.042878150939941,-2.527561902999878
0.0,0.0
9.841385841369629,-3.8262157440185547
0.0,0.0
0.0,0.0
0.0,0.0
-8.666203498840332,11.11109733581543
19.431617736816406,-1.9617999792099
-15.819597244262695,-95.82764434814453
22.222211837768555,-17.77692413330078
-1.8429855108261108,7.850525379180908
0.0,0.0
-336.19293212890625,-252.81033325195312
0.0,0.0
-8.888757705688477,11.100918769836426
21.40331268310547,-3.65360164642334
-90.4913558959961,-30.12479019165039
22.222211837768555,-17.77737045288086
-2.544396162033081,10.154282569885254
0.0,0.0
-398.6859130859375,-235.497802734375
0.0,0.0
0.0,0.0
0.0,0.0
0.0,0.0
0.0,0.0
0.0,0.0
0.0,0.0
0.0,0.0
0.0,0.0
0.0,0.0
0.0,0.0
0.0,0.0
0.0,0.0
0.0,0.0
0.0,0.0
0.0,0.0
0.0,0.0
0.0,0.0
0.0,0.0
0.0,0.0
0.0,0.0
0.0,0.0
0.0,0.0
0.0,0.0
0.0,0.0
0.0,0.0
0.0,0.0
0.0,0.0
0.0,0.0
0.0,0.0
0.0,0.0
0.0,0.0
0.0,0.0
0.0,0.0
0.0,0.0
0.0,0.0
0.0,0.0
0.0,0.0
0.0,0.0
0.0,0.0
0.0,0.0
0.0,0.0
0.0,0.0
0.0,0.0
0.0,0.0
0.0,0.0
0.0,0.0
0.0,0.0
0.0,0.0
0.0,0.0
0.0,0.0
0.0,0.0
0.0,0.0
0.0,0.0
0.0,0.0
0.0,0.0
0.0,0.0
0.0,0.0
0.0,0.0
0.0,0.0
0.0,0.0
0.0,0.0
0.0,0.0
0.0,0.0
0.0,0.0
0.0,0.0
0.0,0.0
5.886082649230957,0.0
0.0,0.0
0.0,0.0
0.0,0.0
0.0,0.0
0.0,0.0
11.111105918884277,-8.327367782592773
0.0,0.0
10.3900728225708,-2.77947998046875
0.0,0.0
0.0,0.0
0.0,0.0
0.0,0.0
0.0,0.0
0.0,0.0
0.0,0.0
-8.889021873474121,11.109858512878418
0.0,0.0
0.0,0.0
0.0,0.0
0.0,0.0
0.0,0.0
-171.98443603515625,10.476664543151855
0.0,0.0
-8.901788711547852,11.052595138549805
0.0,0.0
0.0,0.0
0.0,0.0
0.0,0.0
0.0,0.0
0.0,0.0
0.0,0.0
0.0,0.0
0.0,0.0
0.0,0.0
0.0,0.0
0.0,0.0
0.0,0.0
4.80145263671875,0.0
0.0,0.0
0.0,0.0
0.0,0.0
0.0,0.0
0.0,0.0
0.0,0.0
0.0,0.0
0.0,0.0
0.0,0.0
-4.360333442687988,11.049018859863281
0.0,0.0
0.0,0.0
0.0,0.0
0.0,0.0
0.0,0.0
-1.899999976158142,5.369321823120117
0.0,0.0
-8.630117416381836,11.110918045043945
0.0,0.0
0.0,0.0
0.0,0.0
0.0,0.0
0.0,0.0
0.0,0.0
0.0,0.0
0.0,0.0
0.0,0.0
0.0,0.0
0.0,0.0
0.0,0.0
0.0,0.0
0.0,0.0
0.0,0.0
0.0,0.0
0.0,0.0
0.0,0.0
0.0,0.0
0.0,0.0
0.0,0.0
0.0,0.0
0.0,0.0
0.0,0.0
0.0,0.0
0.0,0.0
0.0,0.0
0.0,0.0
0.0,0.0
0.0,0.0
0.0,0.0
0.0,0.0
0.0,0.0
0.0,0.0
0.0,0.0
0.0,0.0
0.0,0.0
0.0,0.0
0.0,0.0
0.0,0.0
0.0,0.0
0.0,0.0
0.0,0.0
0.0,0.0
0.0,0.0
0.0,0.0
0.0,0.0
0.0,0.0
0.0,0.0
0.0,0.0
0.0,0.0
0.0,0.0
0.0,0.0
0.0,0.0
0.0,0.0
0.0,0.0
0.0,0.0
0.0,0.0
0.0,0.0
0.0,0.0
0.0,0.0
0.0,0.0
0.0,0.0
0.0,0.0
0.0,0.0
0.0,0.0
0.0,0.0
0.0,0.0
0.0,0.0
