-7.4720330238342285,8.081849098205566
0.0,0.0
0.0,0.0
0.0,0.0
0.0,0.0
0.0,0.0
0.0,0.0
0.0,0.0
0.0,0.0
0.0,0.0
0.0,0.0
0.0,0.0
0.0,0.0
0.0,0.0
0.0,0.0
0.0,0.0
0.0,0.0
0.0,0.0
6.286288738250732,29.711532592773438
22.085756301879883,-6.313778400421143
0.0,0.0
0.0,0.0
0.0,0.0
0.0,0.0
0.0,0.0
0.0,0.0
17.5794677734375,29.483692169189453
21.837127685546875,-8.722358703613281
0.0,0.0
0.0,0.0
-2.608839988708496,8.65402889251709
0.0,0.0
0.0,0.0
0.0,0.0
0.0,0.0
0.0,0.0
0.0,0.0
0.0,0.0
0.0,0.0
0.0,0.0
0.0,0.0
0.0,0.0
0.0,0.0
0.0,0.0
0.0,0.0
0.0,0.0
0.0,0.0
0.0,0.0
0.0,0.0
0.0,0.0
-8.890806198120117,11.103166580200195
16.822040557861328,-5.137569427490234
0.0,0.0
0.0,0.0
-8.889111518859863,11.111105918884277
0.0,0.0
0.0,0.0
0.0,0.0
-8.890079498291016,11.10035228729248
11.772165298461914,-1.9301666021347046
0.0,0.0
0.0,0.0
-8.883684158325195,10.999995231628418
0.0,0.0
0.0,0.0
0.0,0.0
0.0,0.0
0.0,0.0
0.0,0.0
0.0,0.0
0.0,0.0
0.0,0.0
0.0,0.0
0.0,0.0
0.0,0.0
0.0,0.0
0.0,0.0
0.0,0.0
0.0,0.0
0.0,0.0
0.0,0.0
0.0,0.0
-8.960980415344238,9.544811248779297
22.222211837768555,-17.77750015258789
0.0,0.0
0.0,0.0
-8.759797096252441,11.111105918884277
22.21416473388672,-6.145223617553711
0.0,0.0
0.0,0.0
-8.89708137512207,11.109766006469727
22.222116470336914,-17.777799606323242
0.0,0.0
0.0,0.0
-8.930787086486816,8.068215370178223
22.222211837768555,-17.777713775634766
0.0,0.0
0.0,0.0
0.0,0.0
0.0,0.0
0.0,0.0
0.0,0.0
0.0,0.0
0.0,0.0
0.0,0.0
0.0,0.0
0.0,0.0
0.0,0.0
0.0,0.0
0.0,0.0
0.0,0.0
0.0,0.0
0.0,0.0
0.0,0.0
-8.902520179748535,11.111104965209961
22.222211837768555,-17.774776458740234
0.0,0.0
0.0,0.0
-8.888882637023926,11.111105918884277
22.222211837768555,-17.76976776123047
0.0,0.0
0.0,0.0
-8.892537117004395,11.110569953918457
22.222211837768555,-17.777496337890625
0.0,0.0
0.0,0.0
-8.896533012390137,11.111096382141113
22.222211837768555,-17.759174346923828
0.0,0.0
0.0,0.0
0.0,0.0
0.0,0.0
0.0,0.0
0.0,0.0
0.0,0.0
0.0,0.0
0.0,0.0
0.0,0.0
0.0,0.0
0.0,0.0
0.0,0.0
0.0,0.0
0.0,0.0
0.0,0.0
0.0,0.0
0.0,0.0
0.3283382058143616,19.290306091308594
22.22197151184082,-17.27760124206543
0.0,0.0
0.0,0.0
0.0,0.0
0.0,0.0
0.0,0.0
0.0,0.0
11.255212783813477,22.948305130004883
22.222211837768555,-17.363014221191406
0.0,0.0
0.0,0.0
-8.14648151397705,11.11109733581543
10.738643646240234,-1.9301666021347046
0.0,0.0
0.0,0.0
0.0,0.0
0.0,0.0
0.0,0.0
0.0,0.0
0.0,0.0
0.0,0.0
0.0,0.0
0.0,0.0
0.0,0.0
0.0,0.0
0.0,0.0
0.0,0.0
0.0,0.0
0.0,0.0
0.0,0.0
0.0,0.0
0.0,0.0
0.0,0.0
0.0,0.0
0.0,0.0
0.0,0.0
0.0,0.0
0.0,0.0
0.0,0.0
0.0,0.0
0.0,0.0
0.0,0.0
0.0,0.0
0.0,0.0
0.0,0.0
0.0,0.0
0.0,0.0
0.0,0.0
0.0,0.0
0.0,0.0
0.0,0.0
0.0,0.0
0.0,0.0
0.0,0.0
0.0,0.0
0.0,0.0
0.0,0.0
0.0,0.0
0.0,0.0
0.0,0.0
0.0,0.0
0.0,0.0
0.0,0.0
-8.912080764770508,10.87862491607666
0.0,0.0
0.0,0.0
0.0,0.0
0.0,0.0
0.0,0.0
0.0,0.0
0.0,0.0
-8.926264762878418,10.737083435058594
22.222034454345703,-17.777809143066406
0.0,0.0
0.0,0.0
-9.109771728515625,10.142132759094238
3.4761998653411865,0.0
0.0,0.0
0.0,0.0
0.0,0.0
0.0,0.0
0.0,0.0
0.0,0.0
0.0,0.0
0.0,0.0
0.0,0.0
0.0,0.0
0.0,0.0
0.0,0.0
0.0,0.0
0.0,0.0
0.0,0.0
0.0,0.0
0.0,0.0
0.0,0.0
-8.889252662658691,11.111099243164062
0.0,0.0
0.0,0.0
0.0,0.0
0.0,0.0
0.0,0.0
0.0,0.0
0.0,0.0
-8.993551254272461,10.064032554626465
22.222211837768555,-17.776695251464844
0.0,0.0
0.0,0.0
-9.156601905822754,6.484086513519287
0.0,0.0
0.0,0.0
0.0,0.0
0.0,0.0
0.0,0.0
0.0,0.0
0.0,0.0
0.0,0.0
0.0,0.0
0.0,0.0
0.0,0.0
0.0,0.0
0.0,0.0
0.0,0.0
0.0,0.0
0.0,0.0
0.0,0.0
0.0,0.0
0.0,0.0
0.0,0.0
0.0,0.0
0.0,0.0
0.0,0.0
0.0,0.0
0.0,0.0
0.0,0.0
0.0,0.0
0.0,0.0
0.0,0.0
0.0,0.0
0.0,0.0
0.0,0.0
0.0,0.0
0.0,0.0
0.0,0.0
0.0,0.0
0.0,0.0
0.0,0.0
0.0,0.0
0.0,0.0
0.0,0.0
0.0,0.0
0.0,0.0
0.0,0.0
0.0,0.0
0.0,0.0
0.0,0.0
0.0,0.0
0.0,0.0
0.0,0.0
0.0,0.0
0.0,0.0
0.0,0.0
0.0,0.0
0.0,0.0
0.0,0.0
0.0,0.0
0.0,0.0
0.0,0.0
0.0,0.0
0.0,0.0
0.0,0.0
0.0,0.0
0.0,0.0
0.0,0.0
-10.06030559539795,0.4053782820701599
22.222211837768555,-2.899609088897705
-9.502297401428223,9.385683059692383
19.431617736816406,-1.9617999792099
-1.0,0.0
0.0,0.0
-1.909999966621399,1.0140786170959473
0.0,0.0
-9.88432788848877,1.12803316116333
22.222211837768555,-8.393041610717773
-9.587873458862305,8.22642707824707
21.711196899414062,2.211355209350586
0.0,0.0
0.0,0.0
-2.5698862075805664,8.502827644348145
0.0,0.0
0.0,0.0
0.0,0.0
-8.860190391540527,1.8859364986419678
15.701050758361816,-3.310150384902954
0.0,0.0
0.0,0.0
-2.690516948699951,3.5233843326568604
0.0,0.0
0.0,0.0
0.0,0.0
-9.345124244689941,8.987018585205078
20.781200408935547,-5.417966842651367
0.0,0.0
0.0,0.0
-5.354219436645508,5.595355033874512
0.0,0.0
-9.932941436767578,0.9965734481811523
22.222211837768555,-12.129779815673828
-9.464872360229492,2.17769455909729
20.308565139770508,-5.108758449554443
-9.249631881713867,8.486358642578125
0.0,0.0
-1.899999976158142,5.864794731140137
0.0,0.0
-9.749342918395996,2.566708564758301
22.222211837768555,2.9226748943328857
-9.884991645812988,4.978706359863281
21.477014541625977,-1.4199999570846558
-9.339066505432129,0.7791190147399902
15.701050758361816,-5.206447124481201
-6.421950340270996,2.704070806503296
15.701050758361816,-3.606187343597412
0.0,0.0
0.0,0.0
-4.45147705078125,6.042768478393555
18.152801513671875,-1.1703908443450928
0.0,0.0
0.0,0.0
-1.8578205108642578,8.249375343322754
2.0,0.0
0.0,0.0
0.0,0.0
-7.398270130157471,6.500551700592041
19.431617736816406,2.2696382999420166
0.0,0.0
0.0,0.0
-7.956164836883545,1.3507394790649414
19.91132164001465,2.508901596069336
0.0,0.0
0.0,0.0
0.0,0.0
0.0,0.0
0.0,0.0
0.0,0.0
0.0,0.0
0.0,0.0
0.0,0.0
0.0,0.0
0.0,0.0
0.0,0.0
0.0,0.0
0.0,0.0
0.0,0.0
0.0,0.0
0.0,0.0
0.0,0.0
0.0,0.0
0.0,0.0
0.0,0.0
0.0,0.0
0.0,0.0
0.0,0.0
0.0,0.0
0.0,0.0
0.0,0.0
0.0,0.0
0.0,0.0
0.0,0.0
0.0,0.0
0.0,0.0
0.0,0.0
0.0,0.0
0.0,0.0
0.0,0.0
0.0,0.0
0.0,0.0
0.0,0.0
0.0,0.0
0.0,0.0
0.0,0.0
0.0,0.0
0.0,0.0
0.0,0.0
0.0,0.0
0.0,0.0
0.0,0.0
0.0,0.0
0.0,0.0
0.0,0.0
0.0,0.0
0.0,0.0
0.0,0.0
0.0,0.0
0.0,0.0
0.0,0.0
0.0,0.0
0.0,0.0
0.0,0.0
0.0,0.0
0.0,0.0
0.0,0.0
0.0,0.0
0.0,0.0
0.0,0.0
-9.085949897766113,-3.261537790298462
0.0,0.0
0.0,0.0
0.0,0.0
0.0,0.0
0.0,0.0
-10.566720008850098,-5.664941787719727
0.0,0.0
-10.645642280578613,-6.6486945152282715
0.0,0.0
0.0,0.0
0.0,0.0
-8.65402889251709,-8.411020278930664
0.0,0.0
0.0,0.0
0.0,0.0
-10.195734024047852,-1.9577696323394775
0.0,0.0
0.0,0.0
0.0,0.0
0.0,0.0
0.0,0.0
-0.927247166633606,7.2752814292907715
0.0,0.0
-9.862814903259277,1.3719085454940796
0.0,0.0
0.0,0.0
0.0,0.0
-9.993293762207031,-1.9517340660095215
0.0,0.0
0.0,0.0
0.0,0.0
-3.3974802494049072,2.1064260005950928
0.0,0.0
0.0,0.0
0.0,0.0
0.0,0.0
0.0,0.0
-10.502242088317871,-4.973668575286865
0.0,0.0
-10.682619094848633,-10.0344877243042
0.0,0.0
0.0,0.0
0.0,0.0
-4.169885158538818,-4.177420616149902
0.0,0.0
0.0,0.0
0.0,0.0
-8.249055862426758,5.681095123291016
0.0,0.0
0.0,0.0
0.0,0.0
0.0,0.0
0.0,0.0
-1.909999966621399,-1.0140786170959473
0.0,0.0
-10.069315910339355,-0.8007017374038696
0.0,0.0
0.0,0.0
0.0,0.0
-9.252715110778809,-2.888829469680786
0.0,0.0
0.0,0.0
0.0,0.0
0.0,0.0
0.0,0.0
0.0,0.0
0.0,0.0
0.0,0.0
0.0,0.0
0.0,0.0
0.0,0.0
0.0,0.0
0.0,0.0
0.0,0.0
0.0,0.0
0.0,0.0
0.0,0.0
0.0,0.0
0.0,0.0
-17.78822898864746,22.08066749572754
11.102548599243164,-8.8929443359375
0.0,0.0
0.0,0.0
0.0,0.0
0.0,0.0
0.0,0.0
0.0,0.0
-17.744003295898438,22.05531883239746
10.879414558410645,-8.905145645141602
0.0,0.0
0.0,0.0
0.0,0.0
0.0,0.0
0.0,0.0
0.0,0.0
0.0,0.0
0.0,0.0
0.0,0.0
0.0,0.0
0.0,0.0
0.0,0.0
0.0,0.0
0.0,0.0
0.0,0.0
0.0,0.0
0.0,0.0
0.0,0.0
0.0,0.0
0.0,0.0
0.0,0.0
0.0,0.0
-16.30063819885254,21.993797302246094
11.111105918884277,-8.886427879333496
0.0,0.0
0.0,0.0
-10.406445503234863,17.991783142089844
0.0,0.0
0.0,0.0
0.0,0.0
-17.791481018066406,21.995174407958984
11.111104965209961,-8.887651443481445
0.0,0.0
0.0,0.0
-9.449928283691406,12.765912055969238
0.0,0.0
0.0,0.0
0.0,0.0
0.0,0.0
0.0,0.0
0.0,0.0
0.0,0.0
0.0,0.0
0.0,0.0
0.0,0.0
0.0,0.0
0.0,0.0
0.0,0.0
0.0,0.0
0.0,0.0
0.0,0.0
0.0,0.0
0.0,0.0
0.0,0.0
0.0,0.0
0.0,0.0
0.0,0.0
0.0,0.0
0.0,0.0
0.0,0.0
0.0,0.0
0.0,0.0
0.0,0.0
0.0,0.0
0.0,0.0
0.0,0.0
0.0,0.0
0.0,0.0
0.0,0.0
0.0,0.0
0.0,0.0
0.0,0.0
0.0,0.0
0.0,0.0
0.0,0.0
0.0,0.0
0.0,0.0
0.0,0.0
0.0,0.0
0.0,0.0
0.0,0.0
0.0,0.0
0.0,0.0
0.0,0.0
0.0,0.0
0.0,0.0
0.0,0.0
0.0,0.0
0.0,0.0
0.0,0.0
0.0,0.0
0.0,0.0
0.0,0.0
0.0,0.0
0.0,0.0
0.0,0.0
0.0,0.0
0.0,0.0
0.0,0.0
0.0,0.0
0.0,0.0
0.0,0.0
0.0,0.0
0.0,0.0
0.0,0.0
0.0,0.0
0.0,0.0
0.0,0.0
0.0,0.0
0.0,0.0
0.0,0.0
0.0,0.0
0.0,0.0
0.0,0.0
0.0,0.0
0.0,0.0
0.0,0.0
0.0,0.0
-17.77777099609375,22.222211837768555
11.111105918884277,-8.450236320495605
0.0,0.0
0.0,0.0
0.0,0.0
0.0,0.0
0.0,0.0
0.0,0.0
-17.77777099609375,22.222211837768555
11.111105918884277,-8.83427619934082
0.0,0.0
0.0,0.0
0.0,0.0
0.0,0.0
0.0,0.0
0.0,0.0
0.0,0.0
0.0,0.0
0.0,0.0
0.0,0.0
0.0,0.0
0.0,0.0
0.0,0.0
0.0,0.0
0.0,0.0
0.0,0.0
0.0,0.0
0.0,0.0
0.0,0.0
0.0,0.0
0.0,0.0
0.0,0.0
-17.77777099609375,22.222211837768555
11.111105918884277,-8.679931640625
0.0,0.0
0.0,0.0
0.0,0.0
0.0,0.0
0.0,0.0
0.0,0.0
-17.777788162231445,22.222204208374023
11.111105918884277,-8.86882209777832
0.0,0.0
0.0,0.0
0.0,0.0
0.0,0.0
0.0,0.0
0.0,0.0
0.0,0.0
0.0,0.0
0.0,0.0
0.0,0.0
0.0,0.0
0.0,0.0
0.0,0.0
0.0,0.0
0.0,0.0
0.0,0.0
0.0,0.0
0.0,0.0
0.0,0.0
0.0,0.0
0.0,0.0
0.0,0.0
0.0,0.0
0.0,0.0
0.0,0.0
0.0,0.0
0.0,0.0
0.0,0.0
0.0,0.0
0.0,0.0
0.0,0.0
0.0,0.0
0.0,0.0
0.0,0.0
0.0,0.0
0.0,0.0
0.0,0.0
0.0,0.0
0.0,0.0
0.0,0.0
0.0,0.0
0.0,0.0
0.0,0.0
0.0,0.0
0.0,0.0
0.0,0.0
0.0,0.0
0.0,0.0
0.0,0.0
0.0,0.0
0.0,0.0
0.0,0.0
0.0,0.0
0.0,0.0
0.0,0.0
0.0,0.0
0.0,0.0
0.0,0.0
0.0,0.0
0.0,0.0
0.0,0.0
0.0,0.0
0.0,0.0
0.0,0.0
0.0,0.0
0.0,0.0
0.0,0.0
0.0,0.0
-17.671083450317383,22.222211837768555
7.528049945831299,0.0
-15.760457038879395,22.222211837768555
4.177420616149902,0.0
0.0,0.0
0.0,0.0
0.0,0.0
0.0,0.0
-17.77082633972168,22.222211837768555
6.784265041351318,-2.651125907897949
-16.108186721801758,22.219860076904297
0.0,0.0
0.0,0.0
0.0,0.0
0.0,0.0
0.0,0.0
-17.5933895111084,22.222211837768555
7.850525379180908,-1.819263219833374
-17.77777099609375,22.222211837768555
11.111092567443848,-7.749253749847412
0.0,0.0
0.0,0.0
0.0,0.0
0.0,0.0
-17.77267074584961,22.222211837768555
7.850525379180908,-1.7932236194610596
-17.777788162231445,22.222209930419922
11.111019134521484,-7.8432135581970215
0.0,0.0
0.0,0.0
0.0,0.0
0.0,0.0
-17.691701889038086,22.222211837768555
5.369321823120117,-0.9726189970970154
-17.348621368408203,22.222211837768555
3.491671085357666,0.0
-2.0,15.056099891662598
0.0,0.0
0.0,0.0
0.0,0.0
-17.77467155456543,22.222211837768555
4.80145263671875,-1.8404403924942017
-13.670849800109863,22.221111297607422
0.0,0.0
-1.7799999713897705,18.152801513671875
0.0,0.0
0.0,0.0
0.0,0.0
-17.670028686523438,22.222169876098633
7.528049945831299,-0.9900000095367432
-17.777860641479492,21.440189361572266
11.065631866455078,-4.231882572174072
-3.6643147468566895,15.056099891662598
0.0,0.0
-7.660523414611816,21.75718879699707
0.0,0.0
-17.777416229248047,22.222211837768555
5.886082649230957,0.0
-17.78370475769043,22.222204208374023
11.108597755432129,-7.639450550079346
-7.6664323806762695,18.152801513671875
0.0,0.0
-10.294745445251465,22.210472106933594
0.0,0.0
0.0,0.0
0.0,0.0
0.0,0.0
0.0,0.0
0.0,0.0
0.0,0.0
0.0,0.0
0.0,0.0
0.0,0.0
0.0,0.0
0.0,0.0
0.0,0.0
0.0,0.0
0.0,0.0
0.0,0.0
0.0,0.0
0.0,0.0
0.0,0.0
0.0,0.0
0.0,0.0
0.0,0.0
0.0,0.0
0.0,0.0
0.0,0.0
0.0,0.0
0.0,0.0
0.0,0.0
0.0,0.0
0.0,0.0
0.0,0.0
0.0,0.0
0.0,0.0
0.0,0.0
0.0,0.0
0.0,0.0
0.0,0.0
0.0,0.0
0.0,0.0
0.0,0.0
0.0,0.0
0.0,0.0
0.0,0.0
0.0,0.0
0.0,0.0
0.0,0.0
0.0,0.0
0.0,0.0
0.0,0.0
0.0,0.0
0.0,0.0
0.0,0.0
0.0,0.0
0.0,0.0
0.0,0.0
0.0,0.0
0.0,0.0
0.0,0.0
0.0,0.0
0.0,0.0
0.0,0.0
0.0,0.0
0.0,0.0
0.0,0.0
0.0,0.0
0.0,0.0
0.0,0.0
-2.0,6.983342170715332
0.0,0.0
0.0,0.0
0.0,0.0
0.0,0.0
0.0,0.0
-16.599699020385742,22.221952438354492
0.0,0.0
-7.812796592712402,21.32232093811035
0.0,0.0
0.0,0.0
0.0,0.0
0.0,0.0
0.0,0.0
0.0,0.0
0.0,0.0
-17.77777099609375,22.222211837768555
0.0,0.0
0.0,0.0
0.0,0.0
0.0,0.0
0.0,0.0
-15.317769050598145,22.22170066833496
0.0,0.0
-17.77777099609375,22.222211837768555
0.0,0.0
0.0,0.0
0.0,0.0
0.0,0.0
0.0,0.0
0.0,0.0
0.0,0.0
0.0,0.0
0.0,0.0
0.0,0.0
0.0,0.0
0.0,0.0
0.0,0.0
-5.116274833679199,17.30805778503418
0.0,0.0
-2.0,2.0
0.0,0.0
0.0,0.0
0.0,0.0
0.0,0.0
0.0,0.0
0.0,0.0
0.0,0.0
-2.0,0.0
0.0,0.0
0.0,0.0
0.0,0.0
0.0,0.0
0.0,0.0
-3.799999952316284,16.822040557861328
0.0,0.0
-15.516518592834473,22.222185134887695
0.0,0.0
0.0,0.0
0.0,0.0
0.0,0.0
0.0,0.0
0.0,0.0
0.0,0.0
0.0,0.0
0.0,0.0
0.0,0.0
0.0,0.0
0.0,0.0
0.0,0.0
0.0,0.0
0.0,0.0
0.0,0.0
0.0,0.0
0.0,0.0
0.0,0.0
0.0,0.0
0.0,0.0
0.0,0.0
0.0,0.0
0.0,0.0
0.0,0.0
0.0,0.0
0.0,0.0
0.0,0.0
0.0,0.0
0.0,0.0
0.0,0.0
0.0,0.0
0.0,0.0
0.0,0.0
0.0,0.0
0.0,0.0
0.0,0.0
0.0,0.0
0.0,0.0
0.0,0.0
0.0,0.0
0.0,0.0
0.0,0.0
0.0,0.0
0.0,0.0
0.0,0.0
0.0,0.0
0.0,0.0
0.0,0.0
0.0,0.0
0.0,0.0
0.0,0.0
0.0,0.0
0.0,0.0
0.0,0.0
0.0,0.0
0.0,0.0
0.0,0.0
0.0,0.0
0.0,0.0
0.0,0.0
0.0,0.0
0.0,0.0
0.0,0.0
0.0,0.0
0.0,0.0
0.0,0.0
0.0,0.0
0.0,0.0
