-9.236330032348633,8.028754234313965
0.0,0.0
0.0,0.0
0.0,0.0
0.0,0.0
0.0,0.0
0.0,0.0
0.0,0.0
0.0,0.0
0.0,0.0
0.0,0.0
0.0,0.0
0.0,0.0
0.0,0.0
0.0,0.0
0.0,0.0
0.0,0.0
0.0,0.0
6.716567516326904,29.711532592773438
22.213367462158203,-7.460285186767578
0.0,0.0
0.0,0.0
0.0,0.0
0.0,0.0
0.0,0.0
0.0,0.0
11.97201919555664,29.483692169189453
22.220439910888672,-11.177833557128906
0.0,0.0
0.0,0.0
-3.823772430419922,10.802557945251465
0.0,0.0
0.0,0.0
0.0,0.0
0.0,0.0
0.0,0.0
0.0,0.0
0.0,0.0
0.0,0.0
0.0,0.0
0.0,0.0
0.0,0.0
0.0,0.0
0.0,0.0
0.0,0.0
0.0,0.0
0.0,0.0
0.0,0.0
0.0,0.0
0.0,0.0
-8.889652252197266,11.102986335754395
16.822040557861328,-5.137569427490234
0.0,0.0
0.0,0.0
-8.888976097106934,11.111105918884277
0.0,0.0
0.0,0.0
0.0,0.0
-8.889790534973145,11.109114646911621
11.772165298461914,-1.9301666021347046
0.0,0.0
0.0,0.0
-8.886038780212402,10.999995231628418
0.0,0.0
0.0,0.0
0.0,0.0
0.0,0.0
0.0,0.0
0.0,0.0
0.0,0.0
0.0,0.0
0.0,0.0
0.0,0.0
0.0,0.0
0.0,0.0
0.0,0.0
0.0,0.0
0.0,0.0
0.0,0.0
0.0,0.0
0.0,0.0
0.0,0.0
-8.916362762451172,11.091801643371582
22.222211837768555,-17.777759552001953
0.0,0.0
0.0,0.0
-8.772706031799316,11.111105918884277
22.221302032470703,-6.145223617553711
0.0,0.0
0.0,0.0
-8.901615142822266,11.06136703491211
22.22102165222168,-17.778194427490234
0.0,0.0
0.0,0.0
-8.974076271057129,7.109318256378174
22.222211837768555,-17.77777099609375
0.0,0.0
0.0,0.0
0.0,0.0
0.0,0.0
0.0,0.0
0.0,0.0
0.0,0.0
0.0,0.0
0.0,0.0
0.0,0.0
0.0,0.0
0.0,0.0
0.0,0.0
0.0,0.0
0.0,0.0
0.0,0.0
0.0,0.0
0.0,0.0
-8.893985748291016,11.11105728149414
22.222211837768555,-17.77709197998047
0.0,0.0
0.0,0.0
-8.888885498046875,11.111105918884277
22.222211837768555,-17.774330139160156
0.0,0.0
0.0,0.0
-8.892901420593262,11.11109447479248
22.222211837768555,-17.777767181396484
0.0,0.0
0.0,0.0
-8.889333724975586,11.111104965209961
22.222211837768555,-16.85960578918457
0.0,0.0
0.0,0.0
0.0,0.0
0.0,0.0
0.0,0.0
0.0,0.0
0.0,0.0
0.0,0.0
0.0,0.0
0.0,0.0
0.0,0.0
0.0,0.0
0.0,0.0
0.0,0.0
0.0,0.0
0.0,0.0
0.0,0.0
0.0,0.0
0.3283419907093048,19.290306091308594
22.203672409057617,-17.779802322387695
0.0,0.0
0.0,0.0
0.0,0.0
0.0,0.0
0.0,0.0
0.0,0.0
8.771871566772461,22.948305130004883
22.222211837768555,-17.557357788085938
0.0,0.0
0.0,0.0
-8.347673416137695,11.111105918884277
10.738643646240234,-1.9301666021347046
0.0,0.0
0.0,0.0
0.0,0.0
0.0,0.0
0.0,0.0
0.0,0.0
0.0,0.0
0.0,0.0
0.0,0.0
0.0,0.0
0.0,0.0
0.0,0.0
0.0,0.0
0.0,0.0
0.0,0.0
0.0,0.0
0.0,0.0
0.0,0.0
0.0,0.0
0.0,0.0
0.0,0.0
0.0,0.0
0.0,0.0
0.0,0.0
0.0,0.0
0.0,0.0
0.0,0.0
0.0,0.0
0.0,0.0
0.0,0.0
0.0,0.0
0.0,0.0
0.0,0.0
0.0,0.0
0.0,0.0
0.0,0.0
0.0,0.0
0.0,0.0
0.0,0.0
0.0,0.0
0.0,0.0
0.0,0.0
0.0,0.0
0.0,0.0
0.0,0.0
0.0,0.0
0.0,0.0
0.0,0.0
0.0,0.0
0.0,0.0
-8.912080764770508,10.87862491607666
0.0,0.0
0.0,0.0
0.0,0.0
0.0,0.0
0.0,0.0
0.0,0.0
0.0,0.0
-8.926284790039062,10.73688793182373
22.222034454345703,-17.777809143066406
0.0,0.0
0.0,0.0
-9.17011833190918,5.936122417449951
3.4761998653411865,0.0
0.0,0.0
0.0,0.0
0.0,0.0
0.0,0.0
0.0,0.0
0.0,0.0
0.0,0.0
0.0,0.0
0.0,0.0
0.0,0.0
0.0,0.0
0.0,0.0
0.0,0.0
0.0,0.0
0.0,0.0
0.0,0.0
0.0,0.0
0.0,0.0
-8.89320182800293,11.11109447479248
0.0,0.0
0.0,0.0
0.0,0.0
0.0,0.0
0.0,0.0
0.0,0.0
0.0,0.0
-8.935874938964844,10.64141845703125
22.222211837768555,-17.777599334716797
0.0,0.0
0.0,0.0
-9.166110038757324,4.392982482910156
0.0,0.0
0.0,0.0
0.0,0.0
0.0,0.0
0.0,0.0
0.0,0.0
0.0,0.0
0.0,0.0
0.0,0.0
0.0,0.0
0.0,0.0
0.0,0.0
0.0,0.0
0.0,0.0
0.0,0.0
0.0,0.0
0.0,0.0
0.0,0.0
0.0,0.0
0.0,0.0
0.0,0.0
0.0,0.0
0.0,0.0
0.0,0.0
0.0,0.0
0.0,0.0
0.0,0.0
0.0,0.0
0.0,0.0
0.0,0.0
0.0,0.0
0.0,0.0
0.0,0.0
0.0,0.0
0.0,0.0
0.0,0.0
0.0,0.0
0.0,0.0
0.0,0.0
0.0,0.0
0.0,0.0
0.0,0.0
0.0,0.0
0.0,0.0
0.0,0.0
0.0,0.0
0.0,0.0
0.0,0.0
0.0,0.0
0.0,0.0
0.0,0.0
0.0,0.0
0.0,0.0
0.0,0.0
0.0,0.0
0.0,0.0
0.0,0.0
0.0,0.0
0.0,0.0
0.0,0.0
0.0,0.0
0.0,0.0
0.0,0.0
0.0,0.0
0.0,0.0
-9.896284103393555,1.5861241817474365
22.222211837768555,-5.887906551361084
-9.526155471801758,3.980567216873169
20.48079490661621,-1.9617999792099
-1.0,0.0
0.0,0.0
-1.909999966621399,1.7825390100479126
0.0,0.0
-9.873586654663086,1.2721213102340698
22.222211837768555,-6.838409423828125
-9.630057334899902,5.929314136505127
21.932025909423828,2.211355209350586
0.0,0.0
0.0,0.0
-2.5698862075805664,6.466605186462402
0.0,0.0
0.0,0.0
0.0,0.0
-9.15903377532959,4.87843656539917
17.75033187866211,-3.310150384902954
0.0,0.0
0.0,0.0
-2.690516948699951,7.190069675445557
0.0,0.0
0.0,0.0
0.0,0.0
-9.376757621765137,4.608883380889893
21.544578552246094,-5.417966842651367
0.0,0.0
0.0,0.0
-5.354219436645508,-1.1042454242706299
0.0,0.0
-9.857320785522461,1.9436339139938354
22.222211837768555,-6.304736614227295
-9.734041213989258,5.013603210449219
21.477014541625977,-5.108758449554443
-9.452540397644043,9.833747863769531
0.0,0.0
-1.899999976158142,5.51345157623291
0.0,0.0
-9.774652481079102,2.2302286624908447
22.222211837768555,5.098642826080322
-9.660384178161621,8.495390892028809
22.04113006591797,-4.536813259124756
-9.356874465942383,2.21449875831604
17.75033187866211,-6.522922992706299
-6.749959468841553,2.979566812515259
17.75033187866211,-3.606187343597412
0.0,0.0
0.0,0.0
-4.45147705078125,6.829050540924072
20.48079490661621,-1.1703908443450928
0.0,0.0
0.0,0.0
-1.8578205108642578,7.486019611358643
3.819999933242798,0.0
0.0,0.0
0.0,0.0
-7.398270130157471,7.422367572784424
21.233320236206055,0.23699064552783966
0.0,0.0
0.0,0.0
-8.225196838378906,5.14916467666626
20.90993309020996,4.457124710083008
0.0,0.0
0.0,0.0
0.0,0.0
0.0,0.0
0.0,0.0
0.0,0.0
0.0,0.0
0.0,0.0
0.0,0.0
0.0,0.0
0.0,0.0
0.0,0.0
0.0,0.0
0.0,0.0
0.0,0.0
0.0,0.0
0.0,0.0
0.0,0.0
0.0,0.0
0.0,0.0
0.0,0.0
0.0,0.0
0.0,0.0
0.0,0.0
0.0,0.0
0.0,0.0
0.0,0.0
0.0,0.0
0.0,0.0
0.0,0.0
0.0,0.0
0.0,0.0
0.0,0.0
0.0,0.0
0.0,0.0
0.0,0.0
0.0,0.0
0.0,0.0
0.0,0.0
0.0,0.0
0.0,0.0
0.0,0.0
0.0,0.0
0.0,0.0
0.0,0.0
0.0,0.0
0.0,0.0
0.0,0.0
0.0,0.0
0.0,0.0
0.0,0.0
0.0,0.0
0.0,0.0
0.0,0.0
0.0,0.0
0.0,0.0
0.0,0.0
0.0,0.0
0.0,0.0
0.0,0.0
0.0,0.0
0.0,0.0
0.0,0.0
0.0,0.0
0.0,0.0
0.0,0.0
-9.489633560180664,-4.760067462921143
0.0,0.0
0.0,0.0
0.0,0.0
0.0,0.0
0.0,0.0
-10.567166328430176,-5.671713352203369
0.0,0.0
-10.666610717773438,-6.714158535003662
0.0,0.0
0.0,0.0
0.0,0.0
-9.715808868408203,-9.577812194824219
0.0,0.0
0.0,0.0
0.0,0.0
-10.195734024047852,-1.9577696323394775
0.0,0.0
0.0,0.0
0.0,0.0
0.0,0.0
0.0,0.0
-1.7551758289337158,8.480691909790039
0.0,0.0
-9.862777709960938,1.3720792531967163
0.0,0.0
0.0,0.0
0.0,0.0
-9.995927810668945,-6.7042012214660645
0.0,0.0
0.0,0.0
0.0,0.0
-4.028436660766602,2.529362201690674
0.0,0.0
0.0,0.0
0.0,0.0
0.0,0.0
0.0,0.0
-10.608798027038574,-6.0147175788879395
0.0,0.0
-10.754199981689453,-0.7609080672264099
0.0,0.0
0.0,0.0
0.0,0.0
-5.363081932067871,-4.80145263671875
0.0,0.0
0.0,0.0
0.0,0.0
-8.401528358459473,1.9027090072631836
0.0,0.0
0.0,0.0
0.0,0.0
0.0,0.0
0.0,0.0
-1.909999966621399,2.796267032623291
0.0,0.0
-10.086669921875,3.7163476943969727
0.0,0.0
0.0,0.0
0.0,0.0
-9.296394348144531,-0.6059708595275879
0.0,0.0
0.0,0.0
0.0,0.0
0.0,0.0
0.0,0.0
0.0,0.0
0.0,0.0
0.0,0.0
0.0,0.0
0.0,0.0
0.0,0.0
0.0,0.0
0.0,0.0
0.0,0.0
0.0,0.0
0.0,0.0
0.0,0.0
0.0,0.0
0.0,0.0
-17.777137756347656,22.079166412353516
11.111104965209961,-8.889720916748047
0.0,0.0
0.0,0.0
0.0,0.0
0.0,0.0
0.0,0.0
0.0,0.0
-17.597017288208008,22.052732467651367
11.111102104187012,-8.892159461975098
0.0,0.0
0.0,0.0
0.0,0.0
0.0,0.0
0.0,0.0
0.0,0.0
0.0,0.0
0.0,0.0
0.0,0.0
0.0,0.0
0.0,0.0
0.0,0.0
0.0,0.0
0.0,0.0
0.0,0.0
0.0,0.0
0.0,0.0
0.0,0.0
0.0,0.0
0.0,0.0
0.0,0.0
0.0,0.0
-17.749279022216797,21.962026596069336
11.07880687713623,-8.891362190246582
0.0,0.0
0.0,0.0
-11.213571548461914,14.426092147827148
0.0,0.0
0.0,0.0
0.0,0.0
-17.80308723449707,21.94704246520996
11.111102104187012,-8.891716957092285
0.0,0.0
0.0,0.0
-10.377861976623535,13.485284805297852
0.0,0.0
0.0,0.0
0.0,0.0
0.0,0.0
0.0,0.0
0.0,0.0
0.0,0.0
0.0,0.0
0.0,0.0
0.0,0.0
0.0,0.0
0.0,0.0
0.0,0.0
0.0,0.0
0.0,0.0
0.0,0.0
0.0,0.0
0.0,0.0
0.0,0.0
0.0,0.0
0.0,0.0
0.0,0.0
0.0,0.0
0.0,0.0
0.0,0.0
0.0,0.0
0.0,0.0
0.0,0.0
0.0,0.0
0.0,0.0
0.0,0.0
0.0,0.0
0.0,0.0
0.0,0.0
0.0,0.0
0.0,0.0
0.0,0.0
0.0,0.0
0.0,0.0
0.0,0.0
0.0,0.0
0.0,0.0
0.0,0.0
0.0,0.0
0.0,0.0
0.0,0.0
0.0,0.0
0.0,0.0
0.0,0.0
0.0,0.0
0.0,0.0
0.0,0.0
0.0,0.0
0.0,0.0
0.0,0.0
0.0,0.0
0.0,0.0
0.0,0.0
0.0,0.0
0.0,0.0
0.0,0.0
0.0,0.0
0.0,0.0
0.0,0.0
0.0,0.0
0.0,0.0
0.0,0.0
0.0,0.0
0.0,0.0
0.0,0.0
0.0,0.0
0.0,0.0
0.0,0.0
0.0,0.0
0.0,0.0
0.0,0.0
0.0,0.0
0.0,0.0
0.0,0.0
0.0,0.0
0.0,0.0
0.0,0.0
0.0,0.0
-17.77777099609375,22.222211837768555
11.111105918884277,-8.62986946105957
0.0,0.0
0.0,0.0
0.0,0.0
0.0,0.0
0.0,0.0
0.0,0.0
-17.77777099609375,22.222211837768555
11.111105918884277,-8.862768173217773
0.0,0.0
0.0,0.0
0.0,0.0
0.0,0.0
0.0,0.0
0.0,0.0
0.0,0.0
0.0,0.0
0.0,0.0
0.0,0.0
0.0,0.0
0.0,0.0
0.0,0.0
0.0,0.0
0.0,0.0
0.0,0.0
0.0,0.0
0.0,0.0
0.0,0.0
0.0,0.0
0.0,0.0
0.0,0.0
-17.77777099609375,22.222211837768555
11.111105918884277,-8.751792907714844
0.0,0.0
0.0,0.0
0.0,0.0
0.0,0.0
0.0,0.0
0.0,0.0
-17.777788162231445,22.222204208374023
11.111105918884277,-8.878225326538086
0.0,0.0
0.0,0.0
0.0,0.0
0.0,0.0
0.0,0.0
0.0,0.0
0.0,0.0
0.0,0.0
0.0,0.0
0.0,0.0
0.0,0.0
0.0,0.0
0.0,0.0
0.0,0.0
0.0,0.0
0.0,0.0
0.0,0.0
0.0,0.0
0.0,0.0
0.0,0.0
0.0,0.0
0.0,0.0
0.0,0.0
0.0,0.0
0.0,0.0
0.0,0.0
0.0,0.0
0.0,0.0
0.0,0.0
0.0,0.0
0.0,0.0
0.0,0.0
0.0,0.0
0.0,0.0
0.0,0.0
0.0,0.0
0.0,0.0
0.0,0.0
0.0,0.0
0.0,0.0
0.0,0.0
0.0,0.0
0.0,0.0
0.0,0.0
0.0,0.0
0.0,0.0
0.0,0.0
0.0,0.0
0.0,0.0
0.0,0.0
0.0,0.0
0.0,0.0
0.0,0.0
0.0,0.0
0.0,0.0
0.0,0.0
0.0,0.0
0.0,0.0
0.0,0.0
0.0,0.0
0.0,0.0
0.0,0.0
0.0,0.0
0.0,0.0
0.0,0.0
0.0,0.0
0.0,0.0
0.0,0.0
-17.69999885559082,22.222211837768555
7.528049945831299,0.0
-15.962189674377441,22.222211837768555
4.177420616149902,-0.9582257866859436
0.0,0.0
0.0,0.0
0.0,0.0
0.0,0.0
-17.775814056396484,22.222211837768555
8.143978118896484,-2.651125907897949
-16.275148391723633,22.222177505493164
0.0,0.0
0.0,0.0
0.0,0.0
0.0,0.0
0.0,0.0
-17.656801223754883,22.222211837768555
7.850525379180908,-1.819263219833374
-17.77777099609375,22.222211837768555
11.111101150512695,-7.749253749847412
0.0,0.0
0.0,0.0
0.0,0.0
0.0,0.0
-17.77557945251465,22.222211837768555
8.875165939331055,-2.535396099090576
-17.778730392456055,22.22209358215332
11.111105918884277,-8.202821731567383
0.0,0.0
0.0,0.0
0.0,0.0
0.0,0.0
-17.740726470947266,22.222211837768555
7.173681259155273,-1.8216638565063477
-17.49620819091797,22.222211837768555
4.80145263671875,0.0
-3.64298939704895,16.822040557861328
0.0,0.0
0.0,0.0
0.0,0.0
-17.786415100097656,22.2221736907959
4.80145263671875,-1.8404403924942017
-14.081548690795898,22.222200393676758
0.0,0.0
-1.7799999713897705,20.11930274963379
0.0,0.0
0.0,0.0
0.0,0.0
-17.707082748413086,22.222211837768555
9.076400756835938,-0.9900000095367432
-17.77802276611328,22.222204208374023
11.110856056213379,-4.231882572174072
-3.6643147468566895,17.75033187866211
0.0,0.0
-7.660523414611816,22.158048629760742
0.0,0.0
-17.777605056762695,22.222211837768555
5.886082649230957,0.0
-17.778532028198242,22.222204208374023
11.10981273651123,-7.639450550079346
-7.6664323806762695,20.308565139770508
0.0,0.0
-11.043166160583496,21.91731071472168
0.0,0.0
0.0,0.0
0.0,0.0
0.0,0.0
0.0,0.0
0.0,0.0
0.0,0.0
0.0,0.0
0.0,0.0
0.0,0.0
0.0,0.0
0.0,0.0
0.0,0.0
0.0,0.0
0.0,0.0
0.0,0.0
0.0,0.0
0.0,0.0
0.0,0.0
0.0,0.0
0.0,0.0
0.0,0.0
0.0,0.0
0.0,0.0
0.0,0.0
0.0,0.0
0.0,0.0
0.0,0.0
0.0,0.0
0.0,0.0
0.0,0.0
0.0,0.0
0.0,0.0
0.0,0.0
0.0,0.0
0.0,0.0
0.0,0.0
0.0,0.0
0.0,0.0
0.0,0.0
0.0,0.0
0.0,0.0
0.0,0.0
0.0,0.0
0.0,0.0
0.0,0.0
0.0,0.0
0.0,0.0
0.0,0.0
0.0,0.0
0.0,0.0
0.0,0.0
0.0,0.0
0.0,0.0
0.0,0.0
0.0,0.0
0.0,0.0
0.0,0.0
0.0,0.0
0.0,0.0
0.0,0.0
0.0,0.0
0.0,0.0
0.0,0.0
0.0,0.0
0.0,0.0
0.0,0.0
-2.0,10.738643646240234
0.0,0.0
0.0,0.0
0.0,0.0
0.0,0.0
0.0,0.0
-16.82353401184082,22.222211837768555
0.0,0.0
-8.815465927124023,22.02322006225586
0.0,0.0
0.0,0.0
0.0,0.0
0.0,0.0
0.0,0.0
0.0,0.0
0.0,0.0
-17.77777099609375,22.222211837768555
0.0,0.0
0.0,0.0
0.0,0.0
0.0,0.0
0.0,0.0
-15.785174369812012,22.222206115722656
0.0,0.0
-17.77777099609375,22.222211837768555
0.0,0.0
0.0,0.0
0.0,0.0
0.0,0.0
0.0,0.0
0.0,0.0
0.0,0.0
0.0,0.0
0.0,0.0
0.0,0.0
0.0,0.0
0.0,0.0
0.0,0.0
-5.116274833679199,19.155624389648438
0.0,0.0
-2.0,5.476200103759766
0.0,0.0
0.0,0.0
0.0,0.0
0.0,0.0
0.0,0.0
0.0,0.0
0.0,0.0
-3.7301666736602783,6.983342170715332
0.0,0.0
0.0,0.0
0.0,0.0
0.0,0.0
0.0,0.0
-3.799999952316284,20.637523651123047
0.0,0.0
-15.742644309997559,22.222211837768555
0.0,0.0
0.0,0.0
0.0,0.0
0.0,0.0
0.0,0.0
0.0,0.0
0.0,0.0
0.0,0.0
0.0,0.0
0.0,0.0
0.0,0.0
0.0,0.0
0.0,0.0
0.0,0.0
0.0,0.0
0.0,0.0
0.0,0.0
0.0,0.0
0.0,0.0
0.0,0.0
0.0,0.0
0.0,0.0
0.0,0.0
0.0,0.0
0.0,0.0
0.0,0.0
0.0,0.0
0.0,0.0
0.0,0.0
0.0,0.0
0.0,0.0
0.0,0.0
0.0,0.0
0.0,0.0
0.0,0.0
0.0,0.0
0.0,0.0
0.0,0.0
0.0,0.0
0.0,0.0
0.0,0.0
0.0,0.0
0.0,0.0
0.0,0.0
0.0,0.0
0.0,0.0
0.0,0.0
0.0,0.0
0.0,0.0
0.0,0.0
0.0,0.0
0.0,0.0
0.0,0.0
0.0,0.0
0.0,0.0
0.0,0.0
0.0,0.0
0.0,0.0
0.0,0.0
0.0,0.0
0.0,0.0
0.0,0.0
0.0,0.0
0.0,0.0
0.0,0.0
0.0,0.0
0.0,0.0
0.0,0.0
0.0,0.0
