-9.490262031555176,6.332602024078369
0.0,0.0
0.0,0.0
0.0,0.0
0.0,0.0
0.0,0.0
0.0,0.0
0.0,0.0
0.0,0.0
0.0,0.0
0.0,0.0
0.0,0.0
0.0,0.0
0.0,0.0
0.0,0.0
0.0,0.0
0.0,0.0
0.0,0.0
5.14788293838501,29.711532592773438
22.16908073425293,-6.313778400421143
0.0,0.0
0.0,0.0
0.0,0.0
0.0,0.0
0.0,0.0
0.0,0.0
13.311920166015625,29.483692169189453
22.1782169342041,-9.628929138183594
0.0,0.0
0.0,0.0
-2.608839988708496,8.65402889251709
0.0,0.0
0.0,0.0
0.0,0.0
0.0,0.0
0.0,0.0
0.0,0.0
0.0,0.0
0.0,0.0
0.0,0.0
0.0,0.0
0.0,0.0
0.0,0.0
0.0,0.0
0.0,0.0
0.0,0.0
0.0,0.0
0.0,0.0
0.0,0.0
0.0,0.0
-8.889730453491211,11.097567558288574
16.822040557861328,-5.137569427490234
0.0,0.0
0.0,0.0
-8.88905143737793,11.111105918884277
0.0,0.0
0.0,0.0
0.0,0.0
-8.890019416809082,11.088946342468262
11.772165298461914,-1.9301666021347046
0.0,0.0
0.0,0.0
-8.88536262512207,11.109359741210938
0.0,0.0
0.0,0.0
0.0,0.0
0.0,0.0
0.0,0.0
0.0,0.0
0.0,0.0
0.0,0.0
0.0,0.0
0.0,0.0
0.0,0.0
0.0,0.0
0.0,0.0
0.0,0.0
0.0,0.0
0.0,0.0
0.0,0.0
0.0,0.0
0.0,0.0
-8.932092666625977,11.087408065795898
22.222211837768555,-17.777685165405273
0.0,0.0
0.0,0.0
-8.759797096252441,11.111105918884277
22.21416473388672,-6.145223617553711
0.0,0.0
0.0,0.0
-8.941543579101562,10.50299072265625
22.222116470336914,-17.777799606323242
0.0,0.0
0.0,0.0
-8.96074390411377,10.72899341583252
22.222211837768555,-17.777751922607422
0.0,0.0
0.0,0.0
0.0,0.0
0.0,0.0
0.0,0.0
0.0,0.0
0.0,0.0
0.0,0.0
0.0,0.0
0.0,0.0
0.0,0.0
0.0,0.0
0.0,0.0
0.0,0.0
0.0,0.0
0.0,0.0
0.0,0.0
0.0,0.0
-8.898826599121094,11.111104965209961
22.222211837768555,-17.775346755981445
0.0,0.0
0.0,0.0
-8.888885498046875,11.111105918884277
22.222211837768555,-17.77056884765625
0.0,0.0
0.0,0.0
-8.897005081176758,11.110319137573242
22.222211837768555,-17.777572631835938
0.0,0.0
0.0,0.0
-8.895769119262695,11.111104965209961
22.222211837768555,-15.14448070526123
0.0,0.0
0.0,0.0
0.0,0.0
0.0,0.0
0.0,0.0
0.0,0.0
0.0,0.0
0.0,0.0
0.0,0.0
0.0,0.0
0.0,0.0
0.0,0.0
0.0,0.0
0.0,0.0
0.0,0.0
0.0,0.0
0.0,0.0
0.0,0.0
0.3283401131629944,19.290306091308594
22.201263427734375,-17.769424438476562
0.0,0.0
0.0,0.0
0.0,0.0
0.0,0.0
0.0,0.0
0.0,0.0
4.618218898773193,22.948305130004883
22.222211837768555,-17.47541618347168
0.0,0.0
0.0,0.0
-8.220722198486328,11.111104965209961
10.738643646240234,-1.9301666021347046
0.0,0.0
0.0,0.0
0.0,0.0
0.0,0.0
0.0,0.0
0.0,0.0
0.0,0.0
0.0,0.0
0.0,0.0
0.0,0.0
0.0,0.0
0.0,0.0
0.0,0.0
0.0,0.0
0.0,0.0
0.0,0.0
0.0,0.0
0.0,0.0
0.0,0.0
0.0,0.0
0.0,0.0
0.0,0.0
0.0,0.0
0.0,0.0
0.0,0.0
0.0,0.0
0.0,0.0
0.0,0.0
0.0,0.0
0.0,0.0
0.0,0.0
0.0,0.0
0.0,0.0
0.0,0.0
0.0,0.0
0.0,0.0
0.0,0.0
0.0,0.0
0.0,0.0
0.0,0.0
0.0,0.0
0.0,0.0
0.0,0.0
0.0,0.0
0.0,0.0
0.0,0.0
0.0,0.0
0.0,0.0
0.0,0.0
0.0,0.0
-8.912080764770508,10.87862491607666
0.0,0.0
0.0,0.0
0.0,0.0
0.0,0.0
0.0,0.0
0.0,0.0
0.0,0.0
-8.926279067993164,10.736950874328613
22.222034454345703,-17.777809143066406
0.0,0.0
0.0,0.0
-9.124391555786133,8.131382942199707
3.4761998653411865,0.0
0.0,0.0
0.0,0.0
0.0,0.0
0.0,0.0
0.0,0.0
0.0,0.0
0.0,0.0
0.0,0.0
0.0,0.0
0.0,0.0
0.0,0.0
0.0,0.0
0.0,0.0
0.0,0.0
0.0,0.0
0.0,0.0
0.0,0.0
0.0,0.0
-8.889031410217285,11.111099243164062
0.0,0.0
0.0,0.0
0.0,0.0
0.0,0.0
0.0,0.0
0.0,0.0
0.0,0.0
-8.967747688293457,10.715734481811523
22.222211837768555,-17.777067184448242
0.0,0.0
0.0,0.0
-9.218448638916016,5.642759323120117
0.0,0.0
0.0,0.0
0.0,0.0
0.0,0.0
0.0,0.0
0.0,0.0
0.0,0.0
0.0,0.0
0.0,0.0
0.0,0.0
0.0,0.0
0.0,0.0
0.0,0.0
0.0,0.0
0.0,0.0
0.0,0.0
0.0,0.0
0.0,0.0
0.0,0.0
0.0,0.0
0.0,0.0
0.0,0.0
0.0,0.0
0.0,0.0
0.0,0.0
0.0,0.0
0.0,0.0
0.0,0.0
0.0,0.0
0.0,0.0
0.0,0.0
0.0,0.0
0.0,0.0
0.0,0.0
0.0,0.0
0.0,0.0
0.0,0.0
0.0,0.0
0.0,0.0
0.0,0.0
0.0,0.0
0.0,0.0
0.0,0.0
0.0,0.0
0.0,0.0
0.0,0.0
0.0,0.0
0.0,0.0
0.0,0.0
0.0,0.0
0.0,0.0
0.0,0.0
0.0,0.0
0.0,0.0
0.0,0.0
0.0,0.0
0.0,0.0
0.0,0.0
0.0,0.0
0.0,0.0
0.0,0.0
0.0,0.0
0.0,0.0
0.0,0.0
0.0,0.0
-10.01407241821289,-0.42299455404281616
22.222211837768555,-4.387425899505615
-9.700922966003418,3.8945491313934326
19.682771682739258,-1.9617999792099
-1.0,0.0
0.0,0.0
-1.909999966621399,1.0140786170959473
0.0,0.0
-9.879862785339355,1.206602692604065
22.222211837768555,-2.7717854976654053
-9.884095191955566,-1.792646884918213
21.799041748046875,2.211355209350586
0.0,0.0
0.0,0.0
-2.5698862075805664,8.737573623657227
0.0,0.0
0.0,0.0
0.0,0.0
-8.860190391540527,2.367818832397461
16.28795623779297,-3.310150384902954
0.0,0.0
0.0,0.0
-2.690516948699951,3.5233843326568604
0.0,0.0
0.0,0.0
0.0,0.0
-9.345124244689941,4.458018779754639
21.136308670043945,-5.417966842651367
0.0,0.0
0.0,0.0
-5.354219436645508,4.543513298034668
0.0,0.0
-9.676680564880371,3.4897587299346924
22.222211837768555,-9.202899932861328
-9.718534469604492,6.91364049911499
20.48079490661621,-5.108758449554443
-9.249631881713867,5.491188049316406
0.0,0.0
-1.899999976158142,6.336963176727295
0.0,0.0
-9.765707015991211,2.246521234512329
22.222211837768555,-1.010411262512207
-9.68830680847168,7.436456680297852
21.60511589050293,-1.4199999570846558
-9.339066505432129,6.3377203941345215
15.701050758361816,-5.206447124481201
-6.421950340270996,3.4607043266296387
16.28795623779297,-3.606187343597412
0.0,0.0
0.0,0.0
-4.45147705078125,7.635497093200684
18.152801513671875,-1.1703908443450928
0.0,0.0
0.0,0.0
-1.8578205108642578,8.741307258605957
2.0,0.0
0.0,0.0
0.0,0.0
-7.398270130157471,5.349387168884277
19.431617736816406,0.23699064552783966
0.0,0.0
0.0,0.0
-7.956164836883545,1.9359781742095947
20.11930274963379,4.457124710083008
0.0,0.0
0.0,0.0
0.0,0.0
0.0,0.0
0.0,0.0
0.0,0.0
0.0,0.0
0.0,0.0
0.0,0.0
0.0,0.0
0.0,0.0
0.0,0.0
0.0,0.0
0.0,0.0
0.0,0.0
0.0,0.0
0.0,0.0
0.0,0.0
0.0,0.0
0.0,0.0
0.0,0.0
0.0,0.0
0.0,0.0
0.0,0.0
0.0,0.0
0.0,0.0
0.0,0.0
0.0,0.0
0.0,0.0
0.0,0.0
0.0,0.0
0.0,0.0
0.0,0.0
0.0,0.0
0.0,0.0
0.0,0.0
0.0,0.0
0.0,0.0
0.0,0.0
0.0,0.0
0.0,0.0
0.0,0.0
0.0,0.0
0.0,0.0
0.0,0.0
0.0,0.0
0.0,0.0
0.0,0.0
0.0,0.0
0.0,0.0
0.0,0.0
0.0,0.0
0.0,0.0
0.0,0.0
0.0,0.0
0.0,0.0
0.0,0.0
0.0,0.0
0.0,0.0
0.0,0.0
0.0,0.0
0.0,0.0
0.0,0.0
0.0,0.0
0.0,0.0
0.0,0.0
-9.227715492248535,-5.036026477813721
0.0,0.0
0.0,0.0
0.0,0.0
0.0,0.0
0.0,0.0
-10.566878318786621,-5.669381141662598
0.0,0.0
-10.743864059448242,-6.531191349029541
0.0,0.0
0.0,0.0
0.0,0.0
-8.875165939331055,-8.65402889251709
0.0,0.0
0.0,0.0
0.0,0.0
-10.195734024047852,-1.9577696323394775
0.0,0.0
0.0,0.0
0.0,0.0
0.0,0.0
0.0,0.0
-0.927247166633606,7.620506286621094
0.0,0.0
-9.862789154052734,1.3719936609268188
0.0,0.0
0.0,0.0
0.0,0.0
-10.007304191589355,2.2007009983062744
0.0,0.0
0.0,0.0
0.0,0.0
-3.3974802494049072,2.6692416667938232
0.0,0.0
0.0,0.0
0.0,0.0
0.0,0.0
0.0,0.0
-10.665043830871582,-7.611471176147461
0.0,0.0
-11.011739730834961,-0.09001097083091736
0.0,0.0
0.0,0.0
0.0,0.0
-4.794595718383789,-4.80145263671875
0.0,0.0
0.0,0.0
0.0,0.0
-8.249055862426758,2.411386728286743
0.0,0.0
0.0,0.0
0.0,0.0
0.0,0.0
0.0,0.0
-1.909999966621399,-1.0140786170959473
0.0,0.0
-9.993124008178711,1.4945156574249268
0.0,0.0
0.0,0.0
0.0,0.0
-9.252715110778809,-4.400147914886475
0.0,0.0
0.0,0.0
0.0,0.0
0.0,0.0
0.0,0.0
0.0,0.0
0.0,0.0
0.0,0.0
0.0,0.0
0.0,0.0
0.0,0.0
0.0,0.0
0.0,0.0
0.0,0.0
0.0,0.0
0.0,0.0
0.0,0.0
0.0,0.0
0.0,0.0
-17.400325775146484,22.07991600036621
11.1110200881958,-8.891592979431152
0.0,0.0
0.0,0.0
0.0,0.0
0.0,0.0
0.0,0.0
0.0,0.0
-17.79422378540039,22.054210662841797
10.987674713134766,-8.910709381103516
0.0,0.0
0.0,0.0
0.0,0.0
0.0,0.0
0.0,0.0
0.0,0.0
0.0,0.0
0.0,0.0
0.0,0.0
0.0,0.0
0.0,0.0
0.0,0.0
0.0,0.0
0.0,0.0
0.0,0.0
0.0,0.0
0.0,0.0
0.0,0.0
0.0,0.0
0.0,0.0
0.0,0.0
0.0,0.0
-17.636240005493164,21.908649444580078
10.682311058044434,-8.886895179748535
0.0,0.0
0.0,0.0
-10.406445503234863,17.991783142089844
0.0,0.0
0.0,0.0
0.0,0.0
-17.703006744384766,21.98558807373047
10.912322044372559,-8.888077735900879
0.0,0.0
0.0,0.0
-9.449928283691406,14.391451835632324
0.0,0.0
0.0,0.0
0.0,0.0
0.0,0.0
0.0,0.0
0.0,0.0
0.0,0.0
0.0,0.0
0.0,0.0
0.0,0.0
0.0,0.0
0.0,0.0
0.0,0.0
0.0,0.0
0.0,0.0
0.0,0.0
0.0,0.0
0.0,0.0
0.0,0.0
0.0,0.0
0.0,0.0
0.0,0.0
0.0,0.0
0.0,0.0
0.0,0.0
0.0,0.0
0.0,0.0
0.0,0.0
0.0,0.0
0.0,0.0
0.0,0.0
0.0,0.0
0.0,0.0
0.0,0.0
0.0,0.0
0.0,0.0
0.0,0.0
0.0,0.0
0.0,0.0
0.0,0.0
0.0,0.0
0.0,0.0
0.0,0.0
0.0,0.0
0.0,0.0
0.0,0.0
0.0,0.0
0.0,0.0
0.0,0.0
0.0,0.0
0.0,0.0
0.0,0.0
0.0,0.0
0.0,0.0
0.0,0.0
0.0,0.0
0.0,0.0
0.0,0.0
0.0,0.0
0.0,0.0
0.0,0.0
0.0,0.0
0.0,0.0
0.0,0.0
0.0,0.0
0.0,0.0
0.0,0.0
0.0,0.0
0.0,0.0
0.0,0.0
0.0,0.0
0.0,0.0
0.0,0.0
0.0,0.0
0.0,0.0
0.0,0.0
0.0,0.0
0.0,0.0
0.0,0.0
0.0,0.0
0.0,0.0
0.0,0.0
0.0,0.0
-17.77777099609375,22.222211837768555
11.111105918884277,-8.450236320495605
0.0,0.0
0.0,0.0
0.0,0.0
0.0,0.0
0.0,0.0
0.0,0.0
-17.77777099609375,22.222211837768555
11.111105918884277,-8.83427619934082
0.0,0.0
0.0,0.0
0.0,0.0
0.0,0.0
0.0,0.0
0.0,0.0
0.0,0.0
0.0,0.0
0.0,0.0
0.0,0.0
0.0,0.0
0.0,0.0
0.0,0.0
0.0,0.0
0.0,0.0
0.0,0.0
0.0,0.0
0.0,0.0
0.0,0.0
0.0,0.0
0.0,0.0
0.0,0.0
-17.77777099609375,22.222211837768555
11.111105918884277,-8.719634056091309
0.0,0.0
0.0,0.0
0.0,0.0
0.0,0.0
0.0,0.0
0.0,0.0
-17.777788162231445,22.222204208374023
11.111105918884277,-8.875722885131836
0.0,0.0
0.0,0.0
0.0,0.0
0.0,0.0
0.0,0.0
0.0,0.0
0.0,0.0
0.0,0.0
0.0,0.0
0.0,0.0
0.0,0.0
0.0,0.0
0.0,0.0
0.0,0.0
0.0,0.0
0.0,0.0
0.0,0.0
0.0,0.0
0.0,0.0
0.0,0.0
0.0,0.0
0.0,0.0
0.0,0.0
0.0,0.0
0.0,0.0
0.0,0.0
0.0,0.0
0.0,0.0
0.0,0.0
0.0,0.0
0.0,0.0
0.0,0.0
0.0,0.0
0.0,0.0
0.0,0.0
0.0,0.0
0.0,0.0
0.0,0.0
0.0,0.0
0.0,0.0
0.0,0.0
0.0,0.0
0.0,0.0
0.0,0.0
0.0,0.0
0.0,0.0
0.0,0.0
0.0,0.0
0.0,0.0
0.0,0.0
0.0,0.0
0.0,0.0
0.0,0.0
0.0,0.0
0.0,0.0
0.0,0.0
0.0,0.0
0.0,0.0
0.0,0.0
0.0,0.0
0.0,0.0
0.0,0.0
0.0,0.0
0.0,0.0
0.0,0.0
0.0,0.0
0.0,0.0
0.0,0.0
-17.681753158569336,22.222211837768555
7.528049945831299,0.0
-15.962189674377441,22.222211837768555
4.177420616149902,0.0
0.0,0.0
0.0,0.0
0.0,0.0
0.0,0.0
-17.771522521972656,22.222211837768555
6.784265041351318,-2.651125907897949
-16.108186721801758,22.220600128173828
0.0,0.0
0.0,0.0
0.0,0.0
0.0,0.0
0.0,0.0
-17.5933895111084,22.222211837768555
7.850525379180908,-1.819263219833374
-17.77777099609375,22.222211837768555
11.111092567443848,-7.749253749847412
0.0,0.0
0.0,0.0
0.0,0.0
0.0,0.0
-17.77405548095703,22.222211837768555
7.850525379180908,-1.7932236194610596
-17.777788162231445,22.222209930419922
11.111019134521484,-7.8432135581970215
0.0,0.0
0.0,0.0
0.0,0.0
0.0,0.0
-17.691701889038086,22.222211837768555
5.369321823120117,-1.8216638565063477
-17.391536712646484,22.222211837768555
4.177420616149902,0.0
-2.0,15.056099891662598
0.0,0.0
0.0,0.0
0.0,0.0
-17.7752628326416,22.222211837768555
4.80145263671875,-1.8404403924942017
-13.670849800109863,22.221460342407227
0.0,0.0
-1.7799999713897705,18.152801513671875
0.0,0.0
0.0,0.0
0.0,0.0
-17.670028686523438,22.222211837768555
7.850525379180908,-0.9900000095367432
-17.781145095825195,22.22060775756836
11.087608337402344,-4.231882572174072
-3.6643147468566895,15.056099891662598
0.0,0.0
-7.660523414611816,21.75718879699707
0.0,0.0
-17.77745246887207,22.222211837768555
5.886082649230957,0.0
-17.785924911499023,22.039630889892578
11.108823776245117,-7.639450550079346
-7.6664323806762695,18.152801513671875
0.0,0.0
-10.294745445251465,22.210472106933594
0.0,0.0
0.0,0.0
0.0,0.0
0.0,0.0
0.0,0.0
0.0,0.0
0.0,0.0
0.0,0.0
0.0,0.0
0.0,0.0
0.0,0.0
0.0,0.0
0.0,0.0
0.0,0.0
0.0,0.0
0.0,0.0
0.0,0.0
0.0,0.0
0.0,0.0
0.0,0.0
0.0,0.0
0.0,0.0
0.0,0.0
0.0,0.0
0.0,0.0
0.0,0.0
0.0,0.0
0.0,0.0
0.0,0.0
0.0,0.0
0.0,0.0
0.0,0.0
0.0,0.0
0.0,0.0
0.0,0.0
0.0,0.0
0.0,0.0
0.0,0.0
0.0,0.0
0.0,0.0
0.0,0.0
0.0,0.0
0.0,0.0
0.0,0.0
0.0,0.0
0.0,0.0
0.0,0.0
0.0,0.0
0.0,0.0
0.0,0.0
0.0,0.0
0.0,0.0
0.0,0.0
0.0,0.0
0.0,0.0
0.0,0.0
0.0,0.0
0.0,0.0
0.0,0.0
0.0,0.0
0.0,0.0
0.0,0.0
0.0,0.0
0.0,0.0
0.0,0.0
0.0,0.0
0.0,0.0
-2.0,9.6029052734375
0.0,0.0
0.0,0.0
0.0,0.0
0.0,0.0
0.0,0.0
-16.599699020385742,22.222108840942383
0.0,0.0
-7.812796592712402,21.544082641601562
0.0,0.0
0.0,0.0
0.0,0.0
0.0,0.0
0.0,0.0
0.0,0.0
0.0,0.0
-17.77777099609375,22.222211837768555
0.0,0.0
0.0,0.0
0.0,0.0
0.0,0.0
0.0,0.0
-15.317769050598145,22.221952438354492
0.0,0.0
-17.77777099609375,22.222211837768555
0.0,0.0
0.0,0.0
0.0,0.0
0.0,0.0
0.0,0.0
0.0,0.0
0.0,0.0
0.0,0.0
0.0,0.0
0.0,0.0
0.0,0.0
0.0,0.0
0.0,0.0
-5.116274833679199,17.75033187866211
0.0,0.0
-2.0,2.0
0.0,0.0
0.0,0.0
0.0,0.0
0.0,0.0
0.0,0.0
0.0,0.0
0.0,0.0
-2.0,0.0
0.0,0.0
0.0,0.0
0.0,0.0
0.0,0.0
0.0,0.0
-3.799999952316284,18.152801513671875
0.0,0.0
-15.516518592834473,22.222200393676758
0.0,0.0
0.0,0.0
0.0,0.0
0.0,0.0
0.0,0.0
0.0,0.0
0.0,0.0
0.0,0.0
0.0,0.0
0.0,0.0
0.0,0.0
0.0,0.0
0.0,0.0
0.0,0.0
0.0,0.0
0.0,0.0
0.0,0.0
0.0,0.0
0.0,0.0
0.0,0.0
0.0,0.0
0.0,0.0
0.0,0.0
0.0,0.0
0.0,0.0
0.0,0.0
0.0,0.0
0.0,0.0
0.0,0.0
0.0,0.0
0.0,0.0
0.0,0.0
0.0,0.0
0.0,0.0
0.0,0.0
0.0,0.0
0.0,0.0
0.0,0.0
0.0,0.0
0.0,0.0
0.0,0.0
0.0,0.0
0.0,0.0
0.0,0.0
0.0,0.0
0.0,0.0
0.0,0.0
0.0,0.0
0.0,0.0
0.0,0.0
0.0,0.0
0.0,0.0
0.0,0.0
0.0,0.0
0.0,0.0
0.0,0.0
0.0,0.0
0.0,0.0
0.0,0.0
0.0,0.0
0.0,0.0
0.0,0.0
0.0,0.0
0.0,0.0
0.0,0.0
0.0,0.0
0.0,0.0
0.0,0.0
0.0,0.0
