-7.296072006225586,7.538878440856934
0.0,0.0
0.0,0.0
0.0,0.0
0.0,0.0
0.0,0.0
0.0,0.0
0.0,0.0
0.0,0.0
0.0,0.0
0.0,0.0
0.0,0.0
0.0,0.0
0.0,0.0
0.0,0.0
0.0,0.0
0.0,0.0
0.0,0.0
9.512104034423828,29.711532592773438
22.213367462158203,-7.460285186767578
0.0,0.0
0.0,0.0
0.0,0.0
0.0,0.0
0.0,0.0
0.0,0.0
6.760992050170898,29.483692169189453
22.220439910888672,-11.177833557128906
0.0,0.0
0.0,0.0
-3.823772430419922,10.802557945251465
0.0,0.0
0.0,0.0
0.0,0.0
0.0,0.0
0.0,0.0
0.0,0.0
0.0,0.0
0.0,0.0
0.0,0.0
0.0,0.0
0.0,0.0
0.0,0.0
0.0,0.0
0.0,0.0
0.0,0.0
0.0,0.0
0.0,0.0
0.0,0.0
0.0,0.0
-8.890149116516113,11.0999174118042
16.822040557861328,-5.137569427490234
0.0,0.0
0.0,0.0
-8.888985633850098,11.111105918884277
0.0,0.0
0.0,0.0
0.0,0.0
-8.88998031616211,11.110732078552246
11.772165298461914,-1.9301666021347046
0.0,0.0
0.0,0.0
-8.886038780212402,11.111105918884277
0.0,0.0
0.0,0.0
0.0,0.0
0.0,0.0
0.0,0.0
0.0,0.0
0.0,0.0
0.0,0.0
0.0,0.0
0.0,0.0
0.0,0.0
0.0,0.0
0.0,0.0
0.0,0.0
0.0,0.0
0.0,0.0
0.0,0.0
0.0,0.0
0.0,0.0
-8.906744003295898,10.897550582885742
22.222211837768555,-17.777755737304688
0.0,0.0
0.0,0.0
-8.772706031799316,11.111105918884277
22.218774795532227,-6.145223617553711
0.0,0.0
0.0,0.0
-8.899907112121582,10.835844993591309
22.216766357421875,-17.77918243408203
0.0,0.0
0.0,0.0
-8.974076271057129,10.759315490722656
22.222211837768555,-17.77777099609375
0.0,0.0
0.0,0.0
0.0,0.0
0.0,0.0
0.0,0.0
0.0,0.0
0.0,0.0
0.0,0.0
0.0,0.0
0.0,0.0
0.0,0.0
0.0,0.0
0.0,0.0
0.0,0.0
0.0,0.0
0.0,0.0
0.0,0.0
0.0,0.0
-8.895174980163574,8.211203575134277
22.222211837768555,-17.776838302612305
0.0,0.0
0.0,0.0
-8.888885498046875,11.111105918884277
22.222211837768555,-17.77394676208496
0.0,0.0
0.0,0.0
-8.897210121154785,11.094260215759277
22.222211837768555,-17.777761459350586
0.0,0.0
0.0,0.0
-8.889642715454102,11.111104965209961
22.222211837768555,-16.757585525512695
0.0,0.0
0.0,0.0
0.0,0.0
0.0,0.0
0.0,0.0
0.0,0.0
0.0,0.0
0.0,0.0
0.0,0.0
0.0,0.0
0.0,0.0
0.0,0.0
0.0,0.0
0.0,0.0
0.0,0.0
0.0,0.0
0.0,0.0
0.0,0.0
0.3283417820930481,19.290306091308594
22.20151138305664,-17.779909133911133
0.0,0.0
0.0,0.0
0.0,0.0
0.0,0.0
0.0,0.0
0.0,0.0
12.485136032104492,22.948305130004883
22.222211837768555,-17.557357788085938
0.0,0.0
0.0,0.0
-8.347673416137695,11.111105918884277
10.738643646240234,-1.9301666021347046
0.0,0.0
0.0,0.0
0.0,0.0
0.0,0.0
0.0,0.0
0.0,0.0
0.0,0.0
0.0,0.0
0.0,0.0
0.0,0.0
0.0,0.0
0.0,0.0
0.0,0.0
0.0,0.0
0.0,0.0
0.0,0.0
0.0,0.0
0.0,0.0
0.0,0.0
0.0,0.0
0.0,0.0
0.0,0.0
0.0,0.0
0.0,0.0
0.0,0.0
0.0,0.0
0.0,0.0
0.0,0.0
0.0,0.0
0.0,0.0
0.0,0.0
0.0,0.0
0.0,0.0
0.0,0.0
0.0,0.0
0.0,0.0
0.0,0.0
0.0,0.0
0.0,0.0
0.0,0.0
0.0,0.0
0.0,0.0
0.0,0.0
0.0,0.0
0.0,0.0
0.0,0.0
0.0,0.0
0.0,0.0
0.0,0.0
0.0,0.0
-8.912080764770508,10.87862491607666
0.0,0.0
0.0,0.0
0.0,0.0
0.0,0.0
0.0,0.0
0.0,0.0
0.0,0.0
-8.926284790039062,10.73688793182373
22.222034454345703,-17.777809143066406
0.0,0.0
0.0,0.0
-9.160587310791016,7.93917179107666
3.4761998653411865,0.0
0.0,0.0
0.0,0.0
0.0,0.0
0.0,0.0
0.0,0.0
0.0,0.0
0.0,0.0
0.0,0.0
0.0,0.0
0.0,0.0
0.0,0.0
0.0,0.0
0.0,0.0
0.0,0.0
0.0,0.0
0.0,0.0
0.0,0.0
0.0,0.0
-8.898903846740723,11.11109447479248
0.0,0.0
0.0,0.0
0.0,0.0
0.0,0.0
0.0,0.0
0.0,0.0
0.0,0.0
-8.933075904846191,10.720451354980469
22.222211837768555,-17.777578353881836
0.0,0.0
0.0,0.0
-9.166110038757324,9.28950023651123
0.0,0.0
0.0,0.0
0.0,0.0
0.0,0.0
0.0,0.0
0.0,0.0
0.0,0.0
0.0,0.0
0.0,0.0
0.0,0.0
0.0,0.0
0.0,0.0
0.0,0.0
0.0,0.0
0.0,0.0
0.0,0.0
0.0,0.0
0.0,0.0
0.0,0.0
0.0,0.0
0.0,0.0
0.0,0.0
0.0,0.0
0.0,0.0
0.0,0.0
0.0,0.0
0.0,0.0
0.0,0.0
0.0,0.0
0.0,0.0
0.0,0.0
0.0,0.0
0.0,0.0
0.0,0.0
0.0,0.0
0.0,0.0
0.0,0.0
0.0,0.0
0.0,0.0
0.0,0.0
0.0,0.0
0.0,0.0
0.0,0.0
0.0,0.0
0.0,0.0
0.0,0.0
0.0,0.0
0.0,0.0
0.0,0.0
0.0,0.0
0.0,0.0
0.0,0.0
0.0,0.0
0.0,0.0
0.0,0.0
0.0,0.0
0.0,0.0
0.0,0.0
0.0,0.0
0.0,0.0
0.0,0.0
0.0,0.0
0.0,0.0
0.0,0.0
0.0,0.0
-9.958200454711914,0.52711421251297
22.222211837768555,-4.4162116050720215
-9.486684799194336,2.7709081172943115
20.308565139770508,-1.9617999792099
-1.0,0.0
0.0,0.0
-1.909999966621399,1.7825390100479126
0.0,0.0
-9.873905181884766,1.2622650861740112
22.222211837768555,-6.838409423828125
-9.724447250366211,2.573244333267212
21.932025909423828,2.211355209350586
0.0,0.0
0.0,0.0
-2.5698862075805664,6.466605186462402
0.0,0.0
0.0,0.0
0.0,0.0
-9.116464614868164,4.5784831047058105
17.30805778503418,-3.310150384902954
0.0,0.0
0.0,0.0
-2.690516948699951,7.190069675445557
0.0,0.0
0.0,0.0
0.0,0.0
-9.376757621765137,7.448063373565674
21.544578552246094,-5.417966842651367
0.0,0.0
0.0,0.0
-5.354219436645508,0.9730160236358643
0.0,0.0
-9.89525318145752,0.6845648884773254
22.222211837768555,-7.526691913604736
-9.558127403259277,8.05352783203125
21.32232093811035,-5.108758449554443
-9.452540397644043,9.833747863769531
0.0,0.0
-1.899999976158142,7.157639026641846
0.0,0.0
-9.775731086730957,2.230196952819824
22.222211837768555,-3.8768160343170166
-9.51595401763916,1.022404670715332
21.799041748046875,-4.536813259124756
-9.386330604553223,6.79686164855957
17.75033187866211,-6.522922992706299
-6.421950340270996,2.979566812515259
17.30805778503418,-3.606187343597412
0.0,0.0
0.0,0.0
-4.45147705078125,4.747220039367676
20.308565139770508,-1.1703908443450928
0.0,0.0
0.0,0.0
-1.8578205108642578,9.325296401977539
2.0,0.0
0.0,0.0
0.0,0.0
-7.398270130157471,5.508872985839844
20.11930274963379,0.23699064552783966
0.0,0.0
0.0,0.0
-8.225196838378906,2.417053699493408
20.637523651123047,4.457124710083008
0.0,0.0
0.0,0.0
0.0,0.0
0.0,0.0
0.0,0.0
0.0,0.0
0.0,0.0
0.0,0.0
0.0,0.0
0.0,0.0
0.0,0.0
0.0,0.0
0.0,0.0
0.0,0.0
0.0,0.0
0.0,0.0
0.0,0.0
0.0,0.0
0.0,0.0
0.0,0.0
0.0,0.0
0.0,0.0
0.0,0.0
0.0,0.0
0.0,0.0
0.0,0.0
0.0,0.0
0.0,0.0
0.0,0.0
0.0,0.0
0.0,0.0
0.0,0.0
0.0,0.0
0.0,0.0
0.0,0.0
0.0,0.0
0.0,0.0
0.0,0.0
0.0,0.0
0.0,0.0
0.0,0.0
0.0,0.0
0.0,0.0
0.0,0.0
0.0,0.0
0.0,0.0
0.0,0.0
0.0,0.0
0.0,0.0
0.0,0.0
0.0,0.0
0.0,0.0
0.0,0.0
0.0,0.0
0.0,0.0
0.0,0.0
0.0,0.0
0.0,0.0
0.0,0.0
0.0,0.0
0.0,0.0
0.0,0.0
0.0,0.0
0.0,0.0
0.0,0.0
0.0,0.0
-9.489633560180664,-4.850218296051025
0.0,0.0
0.0,0.0
0.0,0.0
0.0,0.0
0.0,0.0
-10.567166328430176,-5.671598434448242
0.0,0.0
-10.651061058044434,-6.696359157562256
0.0,0.0
0.0,0.0
0.0,0.0
-9.577812194824219,-9.426167488098145
0.0,0.0
0.0,0.0
0.0,0.0
-10.195734024047852,-1.9577696323394775
0.0,0.0
0.0,0.0
0.0,0.0
0.0,0.0
0.0,0.0
-1.7551758289337158,7.934660911560059
0.0,0.0
-9.862777709960938,1.3720735311508179
0.0,0.0
0.0,0.0
0.0,0.0
-9.995927810668945,-3.725580930709839
0.0,0.0
0.0,0.0
0.0,0.0
-4.028436660766602,2.929563045501709
0.0,0.0
0.0,0.0
0.0,0.0
0.0,0.0
0.0,0.0
-10.66287899017334,-5.926416397094727
0.0,0.0
-10.904399871826172,-8.39653205871582
0.0,0.0
0.0,0.0
0.0,0.0
-4.794595718383789,-4.80145263671875
0.0,0.0
0.0,0.0
0.0,0.0
-8.401528358459473,3.0585906505584717
0.0,0.0
0.0,0.0
0.0,0.0
0.0,0.0
0.0,0.0
-1.909999966621399,2.796267032623291
0.0,0.0
-10.094751358032227,1.5312193632125854
0.0,0.0
0.0,0.0
0.0,0.0
-9.252715110778809,4.140384674072266
0.0,0.0
0.0,0.0
0.0,0.0
0.0,0.0
0.0,0.0
0.0,0.0
0.0,0.0
0.0,0.0
0.0,0.0
0.0,0.0
0.0,0.0
0.0,0.0
0.0,0.0
0.0,0.0
0.0,0.0
0.0,0.0
0.0,0.0
0.0,0.0
0.0,0.0
-17.549760818481445,22.079206466674805
11.111071586608887,-8.88991641998291
0.0,0.0
0.0,0.0
0.0,0.0
0.0,0.0
0.0,0.0
0.0,0.0
-17.77515411376953,22.052783966064453
11.111102104187012,-8.894427299499512
0.0,0.0
0.0,0.0
0.0,0.0
0.0,0.0
0.0,0.0
0.0,0.0
0.0,0.0
0.0,0.0
0.0,0.0
0.0,0.0
0.0,0.0
0.0,0.0
0.0,0.0
0.0,0.0
0.0,0.0
0.0,0.0
0.0,0.0
0.0,0.0
0.0,0.0
0.0,0.0
0.0,0.0
0.0,0.0
-17.197376251220703,21.87727928161621
11.111104965209961,-8.889097213745117
0.0,0.0
0.0,0.0
-10.406445503234863,16.075151443481445
0.0,0.0
0.0,0.0
0.0,0.0
-17.7890567779541,21.945327758789062
11.084912300109863,-8.893178939819336
0.0,0.0
0.0,0.0
-10.377861976623535,14.818994522094727
0.0,0.0
0.0,0.0
0.0,0.0
0.0,0.0
0.0,0.0
0.0,0.0
0.0,0.0
0.0,0.0
0.0,0.0
0.0,0.0
0.0,0.0
0.0,0.0
0.0,0.0
0.0,0.0
0.0,0.0
0.0,0.0
0.0,0.0
0.0,0.0
0.0,0.0
0.0,0.0
0.0,0.0
0.0,0.0
0.0,0.0
0.0,0.0
0.0,0.0
0.0,0.0
0.0,0.0
0.0,0.0
0.0,0.0
0.0,0.0
0.0,0.0
0.0,0.0
0.0,0.0
0.0,0.0
0.0,0.0
0.0,0.0
0.0,0.0
0.0,0.0
0.0,0.0
0.0,0.0
0.0,0.0
0.0,0.0
0.0,0.0
0.0,0.0
0.0,0.0
0.0,0.0
0.0,0.0
0.0,0.0
0.0,0.0
0.0,0.0
0.0,0.0
0.0,0.0
0.0,0.0
0.0,0.0
0.0,0.0
0.0,0.0
0.0,0.0
0.0,0.0
0.0,0.0
0.0,0.0
0.0,0.0
0.0,0.0
0.0,0.0
0.0,0.0
0.0,0.0
0.0,0.0
0.0,0.0
0.0,0.0
0.0,0.0
0.0,0.0
0.0,0.0
0.0,0.0
0.0,0.0
0.0,0.0
0.0,0.0
0.0,0.0
0.0,0.0
0.0,0.0
0.0,0.0
0.0,0.0
0.0,0.0
0.0,0.0
0.0,0.0
-17.77777099609375,22.222211837768555
11.111105918884277,-8.601089477539062
0.0,0.0
0.0,0.0
0.0,0.0
0.0,0.0
0.0,0.0
0.0,0.0
-17.77777099609375,22.222211837768555
11.111105918884277,-8.862768173217773
0.0,0.0
0.0,0.0
0.0,0.0
0.0,0.0
0.0,0.0
0.0,0.0
0.0,0.0
0.0,0.0
0.0,0.0
0.0,0.0
0.0,0.0
0.0,0.0
0.0,0.0
0.0,0.0
0.0,0.0
0.0,0.0
0.0,0.0
0.0,0.0
0.0,0.0
0.0,0.0
0.0,0.0
0.0,0.0
-17.77777099609375,22.222211837768555
11.111105918884277,-8.751792907714844
0.0,0.0
0.0,0.0
0.0,0.0
0.0,0.0
0.0,0.0
0.0,0.0
-17.777788162231445,22.222204208374023
11.111105918884277,-8.877039909362793
0.0,0.0
0.0,0.0
0.0,0.0
0.0,0.0
0.0,0.0
0.0,0.0
0.0,0.0
0.0,0.0
0.0,0.0
0.0,0.0
0.0,0.0
0.0,0.0
0.0,0.0
0.0,0.0
0.0,0.0
0.0,0.0
0.0,0.0
0.0,0.0
0.0,0.0
0.0,0.0
0.0,0.0
0.0,0.0
0.0,0.0
0.0,0.0
0.0,0.0
0.0,0.0
0.0,0.0
0.0,0.0
0.0,0.0
0.0,0.0
0.0,0.0
0.0,0.0
0.0,0.0
0.0,0.0
0.0,0.0
0.0,0.0
0.0,0.0
0.0,0.0
0.0,0.0
0.0,0.0
0.0,0.0
0.0,0.0
0.0,0.0
0.0,0.0
0.0,0.0
0.0,0.0
0.0,0.0
0.0,0.0
0.0,0.0
0.0,0.0
0.0,0.0
0.0,0.0
0.0,0.0
0.0,0.0
0.0,0.0
0.0,0.0
0.0,0.0
0.0,0.0
0.0,0.0
0.0,0.0
0.0,0.0
0.0,0.0
0.0,0.0
0.0,0.0
0.0,0.0
0.0,0.0
0.0,0.0
0.0,0.0
-17.691356658935547,22.222211837768555
7.528049945831299,0.0
-15.962189674377441,22.222211837768555
4.177420616149902,-0.9582257866859436
0.0,0.0
0.0,0.0
0.0,0.0
0.0,0.0
-17.7747859954834,22.222211837768555
8.143978118896484,-2.651125907897949
-16.275148391723633,22.222070693969727
0.0,0.0
0.0,0.0
0.0,0.0
0.0,0.0
0.0,0.0
-17.656801223754883,22.222211837768555
7.850525379180908,-1.819263219833374
-17.77777099609375,22.222211837768555
11.111101150512695,-7.749253749847412
0.0,0.0
0.0,0.0
0.0,0.0
0.0,0.0
-17.77557945251465,22.222211837768555
8.875165939331055,-2.535396099090576
-17.777788162231445,21.71209144592285
11.111105918884277,-8.202821731567383
0.0,0.0
0.0,0.0
0.0,0.0
0.0,0.0
-17.736608505249023,22.222211837768555
6.784265041351318,-1.8216638565063477
-17.49620819091797,22.222211837768555
4.80145263671875,0.0
-3.64298939704895,16.28795623779297
0.0,0.0
0.0,0.0
0.0,0.0
-17.78842544555664,22.2073917388916
4.80145263671875,-1.8404403924942017
-14.081548690795898,22.2221622467041
0.0,0.0
-1.7799999713897705,19.682771682739258
0.0,0.0
0.0,0.0
0.0,0.0
-17.707082748413086,22.222211837768555
8.875165939331055,-0.9900000095367432
-17.778188705444336,22.222204208374023
11.10996150970459,-4.231882572174072
-3.6643147468566895,17.30805778503418
0.0,0.0
-7.660523414611816,22.137062072753906
0.0,0.0
-17.777585983276367,22.222211837768555
5.886082649230957,0.0
-17.779054641723633,22.222204208374023
11.10981273651123,-7.639450550079346
-7.6664323806762695,19.91132164001465
0.0,0.0
-11.043166160583496,21.77758026123047
0.0,0.0
0.0,0.0
0.0,0.0
0.0,0.0
0.0,0.0
0.0,0.0
0.0,0.0
0.0,0.0
0.0,0.0
0.0,0.0
0.0,0.0
0.0,0.0
0.0,0.0
0.0,0.0
0.0,0.0
0.0,0.0
0.0,0.0
0.0,0.0
0.0,0.0
0.0,0.0
0.0,0.0
0.0,0.0
0.0,0.0
0.0,0.0
0.0,0.0
0.0,0.0
0.0,0.0
0.0,0.0
0.0,0.0
0.0,0.0
0.0,0.0
0.0,0.0
0.0,0.0
0.0,0.0
0.0,0.0
0.0,0.0
0.0,0.0
0.0,0.0
0.0,0.0
0.0,0.0
0.0,0.0
0.0,0.0
0.0,0.0
0.0,0.0
0.0,0.0
0.0,0.0
0.0,0.0
0.0,0.0
0.0,0.0
0.0,0.0
0.0,0.0
0.0,0.0
0.0,0.0
0.0,0.0
0.0,0.0
0.0,0.0
0.0,0.0
0.0,0.0
0.0,0.0
0.0,0.0
0.0,0.0
0.0,0.0
0.0,0.0
0.0,0.0
0.0,0.0
0.0,0.0
0.0,0.0
-2.0,10.738643646240234
0.0,0.0
0.0,0.0
0.0,0.0
0.0,0.0
0.0,0.0
-16.82353401184082,22.222211837768555
0.0,0.0
-8.815465927124023,21.981910705566406
0.0,0.0
0.0,0.0
0.0,0.0
0.0,0.0
0.0,0.0
0.0,0.0
0.0,0.0
-17.77777099609375,22.222211837768555
0.0,0.0
0.0,0.0
0.0,0.0
0.0,0.0
0.0,0.0
-15.785174369812012,22.22219467163086
0.0,0.0
-17.77777099609375,22.222211837768555
0.0,0.0
0.0,0.0
0.0,0.0
0.0,0.0
0.0,0.0
0.0,0.0
0.0,0.0
0.0,0.0
0.0,0.0
0.0,0.0
0.0,0.0
0.0,0.0
0.0,0.0
-5.116274833679199,19.155624389648438
0.0,0.0
-2.0,2.0
0.0,0.0
0.0,0.0
0.0,0.0
0.0,0.0
0.0,0.0
0.0,0.0
0.0,0.0
-3.7301666736602783,6.983342170715332
0.0,0.0
0.0,0.0
0.0,0.0
0.0,0.0
0.0,0.0
-3.799999952316284,20.48079490661621
0.0,0.0
-15.742644309997559,22.222211837768555
0.0,0.0
0.0,0.0
0.0,0.0
0.0,0.0
0.0,0.0
0.0,0.0
0.0,0.0
0.0,0.0
0.0,0.0
0.0,0.0
0.0,0.0
0.0,0.0
0.0,0.0
0.0,0.0
0.0,0.0
0.0,0.0
0.0,0.0
0.0,0.0
0.0,0.0
0.0,0.0
0.0,0.0
0.0,0.0
0.0,0.0
0.0,0.0
0.0,0.0
0.0,0.0
0.0,0.0
0.0,0.0
0.0,0.0
0.0,0.0
0.0,0.0
0.0,0.0
0.0,0.0
0.0,0.0
0.0,0.0
0.0,0.0
0.0,0.0
0.0,0.0
0.0,0.0
0.0,0.0
0.0,0.0
0.0,0.0
0.0,0.0
0.0,0.0
0.0,0.0
0.0,0.0
0.0,0.0
0.0,0.0
0.0,0.0
0.0,0.0
0.0,0.0
0.0,0.0
0.0,0.0
0.0,0.0
0.0,0.0
0.0,0.0
0.0,0.0
0.0,0.0
0.0,0.0
0.0,0.0
0.0,0.0
0.0,0.0
0.0,0.0
0.0,0.0
0.0,0.0
0.0,0.0
0.0,0.0
0.0,0.0
0.0,0.0
