-8.12536907196045,7.791314601898193
0.0,0.0
0.0,0.0
0.0,0.0
0.0,0.0
0.0,0.0
0.0,0.0
0.0,0.0
0.0,0.0
0.0,0.0
0.0,0.0
0.0,0.0
0.0,0.0
0.0,0.0
0.0,0.0
0.0,0.0
0.0,0.0
0.0,0.0
10.85762882232666,29.711532592773438
22.218774795532227,-7.460285186767578
0.0,0.0
0.0,0.0
0.0,0.0
0.0,0.0
0.0,0.0
0.0,0.0
6.8810858726501465,29.483692169189453
22.22216796875,-11.177833557128906
0.0,0.0
0.0,0.0
-3.823772430419922,10.802557945251465
0.0,0.0
0.0,0.0
0.0,0.0
0.0,0.0
0.0,0.0
0.0,0.0
0.0,0.0
0.0,0.0
0.0,0.0
0.0,0.0
0.0,0.0
0.0,0.0
0.0,0.0
0.0,0.0
0.0,0.0
0.0,0.0
0.0,0.0
0.0,0.0
0.0,0.0
-8.890859603881836,11.095294952392578
16.822040557861328,-5.137569427490234
0.0,0.0
0.0,0.0
-8.888967514038086,11.111105918884277
0.0,0.0
0.0,0.0
0.0,0.0
-8.970793724060059,11.111006736755371
11.772165298461914,-1.9301666021347046
0.0,0.0
0.0,0.0
-8.886038780212402,11.103899955749512
0.0,0.0
0.0,0.0
0.0,0.0
0.0,0.0
0.0,0.0
0.0,0.0
0.0,0.0
0.0,0.0
0.0,0.0
0.0,0.0
0.0,0.0
0.0,0.0
0.0,0.0
0.0,0.0
0.0,0.0
0.0,0.0
0.0,0.0
0.0,0.0
0.0,0.0
-8.937702178955078,10.422675132751465
22.222211837768555,-17.77777099609375
0.0,0.0
0.0,0.0
-8.772706031799316,11.111105918884277
22.221384048461914,-6.145223617553711
0.0,0.0
0.0,0.0
-8.918461799621582,10.713113784790039
22.221628189086914,-17.777864456176758
0.0,0.0
0.0,0.0
-8.974076271057129,11.067835807800293
22.222211837768555,-17.77777099609375
0.0,0.0
0.0,0.0
0.0,0.0
0.0,0.0
0.0,0.0
0.0,0.0
0.0,0.0
0.0,0.0
0.0,0.0
0.0,0.0
0.0,0.0
0.0,0.0
0.0,0.0
0.0,0.0
0.0,0.0
0.0,0.0
0.0,0.0
0.0,0.0
-8.893017768859863,11.111104965209961
22.222211837768555,-17.77727699279785
0.0,0.0
0.0,0.0
-8.888885498046875,11.111105918884277
22.222211837768555,-17.774986267089844
0.0,0.0
0.0,0.0
-8.901020050048828,11.08077335357666
22.222211837768555,-17.77777099609375
0.0,0.0
0.0,0.0
-8.892767906188965,9.910614967346191
22.222211837768555,-17.034059524536133
0.0,0.0
0.0,0.0
0.0,0.0
0.0,0.0
0.0,0.0
0.0,0.0
0.0,0.0
0.0,0.0
0.0,0.0
0.0,0.0
0.0,0.0
0.0,0.0
0.0,0.0
0.0,0.0
0.0,0.0
0.0,0.0
0.0,0.0
0.0,0.0
0.32834216952323914,19.290306091308594
22.20768928527832,-17.77937126159668
0.0,0.0
0.0,0.0
0.0,0.0
0.0,0.0
0.0,0.0
0.0,0.0
11.482146263122559,22.948305130004883
22.222211837768555,-17.5992374420166
0.0,0.0
0.0,0.0
-8.347673416137695,11.111105918884277
10.738643646240234,-1.9301666021347046
0.0,0.0
0.0,0.0
0.0,0.0
0.0,0.0
0.0,0.0
0.0,0.0
0.0,0.0
0.0,0.0
0.0,0.0
0.0,0.0
0.0,0.0
0.0,0.0
0.0,0.0
0.0,0.0
0.0,0.0
0.0,0.0
0.0,0.0
0.0,0.0
0.0,0.0
0.0,0.0
0.0,0.0
0.0,0.0
0.0,0.0
0.0,0.0
0.0,0.0
0.0,0.0
0.0,0.0
0.0,0.0
0.0,0.0
0.0,0.0
0.0,0.0
0.0,0.0
0.0,0.0
0.0,0.0
0.0,0.0
0.0,0.0
0.0,0.0
0.0,0.0
0.0,0.0
0.0,0.0
0.0,0.0
0.0,0.0
0.0,0.0
0.0,0.0
0.0,0.0
0.0,0.0
0.0,0.0
0.0,0.0
0.0,0.0
0.0,0.0
-8.912080764770508,10.87862491607666
0.0,0.0
0.0,0.0
0.0,0.0
0.0,0.0
0.0,0.0
0.0,0.0
0.0,0.0
-8.926284790039062,10.73688793182373
22.222034454345703,-17.777809143066406
0.0,0.0
0.0,0.0
-9.199572563171387,7.742745399475098
3.4761998653411865,0.0
0.0,0.0
0.0,0.0
0.0,0.0
0.0,0.0
0.0,0.0
0.0,0.0
0.0,0.0
0.0,0.0
0.0,0.0
0.0,0.0
0.0,0.0
0.0,0.0
0.0,0.0
0.0,0.0
0.0,0.0
0.0,0.0
0.0,0.0
0.0,0.0
-8.897330284118652,11.110864639282227
0.0,0.0
0.0,0.0
0.0,0.0
0.0,0.0
0.0,0.0
0.0,0.0
0.0,0.0
-8.95627498626709,10.264167785644531
22.222211837768555,-17.777616500854492
0.0,0.0
0.0,0.0
-9.200204849243164,4.981171131134033
0.0,0.0
0.0,0.0
0.0,0.0
0.0,0.0
0.0,0.0
0.0,0.0
0.0,0.0
0.0,0.0
0.0,0.0
0.0,0.0
0.0,0.0
0.0,0.0
0.0,0.0
0.0,0.0
0.0,0.0
0.0,0.0
0.0,0.0
0.0,0.0
0.0,0.0
0.0,0.0
0.0,0.0
0.0,0.0
0.0,0.0
0.0,0.0
0.0,0.0
0.0,0.0
0.0,0.0
0.0,0.0
0.0,0.0
0.0,0.0
0.0,0.0
0.0,0.0
0.0,0.0
0.0,0.0
0.0,0.0
0.0,0.0
0.0,0.0
0.0,0.0
0.0,0.0
0.0,0.0
0.0,0.0
0.0,0.0
0.0,0.0
0.0,0.0
0.0,0.0
0.0,0.0
0.0,0.0
0.0,0.0
0.0,0.0
0.0,0.0
0.0,0.0
0.0,0.0
0.0,0.0
0.0,0.0
0.0,0.0
0.0,0.0
0.0,0.0
0.0,0.0
0.0,0.0
0.0,0.0
0.0,0.0
0.0,0.0
0.0,0.0
0.0,0.0
0.0,0.0
-9.946873664855957,-0.2555578649044037
22.222211837768555,-5.887906551361084
-9.56966781616211,5.249910354614258
20.637523651123047,-1.9617999792099
-1.0,0.0
0.0,0.0
-1.909999966621399,2.622110605239868
0.0,0.0
-9.873039245605469,1.2686846256256104
22.222211837768555,-6.838409423828125
-9.789207458496094,1.3421509265899658
21.932025909423828,2.211355209350586
0.0,0.0
0.0,0.0
-2.5698862075805664,6.392789840698242
0.0,0.0
0.0,0.0
0.0,0.0
-9.261832237243652,0.38593998551368713
18.152801513671875,-3.310150384902954
0.0,0.0
0.0,0.0
-3.349564552307129,7.54296350479126
0.0,0.0
0.0,0.0
0.0,0.0
-9.376757621765137,1.1119821071624756
21.544578552246094,-5.417966842651367
0.0,0.0
0.0,0.0
-5.354219436645508,0.8261447548866272
0.0,0.0
-9.844183921813965,1.107162594795227
22.222211837768555,-4.484614372253418
-9.620452880859375,7.267943859100342
21.660655975341797,-5.108758449554443
-9.452540397644043,10.736265182495117
0.0,0.0
-1.899999976158142,6.892877578735352
0.0,0.0
-9.778717994689941,2.2073776721954346
22.222211837768555,6.4991326332092285
-9.570281982421875,6.8226094245910645
22.05742835998535,-4.536813259124756
-9.356874465942383,10.864053726196289
19.431617736816406,-6.522922992706299
-6.749959468841553,5.534907817840576
18.5190486907959,-3.606187343597412
0.0,0.0
0.0,0.0
-4.45147705078125,3.734966993331909
20.90993309020996,-1.1703908443450928
0.0,0.0
0.0,0.0
-2.5971782207489014,8.625205993652344
3.819999933242798,0.0
0.0,0.0
0.0,0.0
-7.398270130157471,6.128405570983887
21.233320236206055,0.23699064552783966
0.0,0.0
0.0,0.0
-8.361984252929688,3.2797913551330566
21.233320236206055,4.457124710083008
0.0,0.0
0.0,0.0
0.0,0.0
0.0,0.0
0.0,0.0
0.0,0.0
0.0,0.0
0.0,0.0
0.0,0.0
0.0,0.0
0.0,0.0
0.0,0.0
0.0,0.0
0.0,0.0
0.0,0.0
0.0,0.0
0.0,0.0
0.0,0.0
0.0,0.0
0.0,0.0
0.0,0.0
0.0,0.0
0.0,0.0
0.0,0.0
0.0,0.0
0.0,0.0
0.0,0.0
0.0,0.0
0.0,0.0
0.0,0.0
0.0,0.0
0.0,0.0
0.0,0.0
0.0,0.0
0.0,0.0
0.0,0.0
0.0,0.0
0.0,0.0
0.0,0.0
0.0,0.0
0.0,0.0
0.0,0.0
0.0,0.0
0.0,0.0
0.0,0.0
0.0,0.0
0.0,0.0
0.0,0.0
0.0,0.0
0.0,0.0
0.0,0.0
0.0,0.0
0.0,0.0
0.0,0.0
0.0,0.0
0.0,0.0
0.0,0.0
0.0,0.0
0.0,0.0
0.0,0.0
0.0,0.0
0.0,0.0
0.0,0.0
0.0,0.0
0.0,0.0
0.0,0.0
-9.489633560180664,-6.3335089683532715
0.0,0.0
0.0,0.0
0.0,0.0
0.0,0.0
0.0,0.0
-10.567170143127441,-5.671582221984863
0.0,0.0
-10.681476593017578,-6.867739200592041
0.0,0.0
0.0,0.0
0.0,0.0
-9.955660820007324,-9.841385841369629
0.0,0.0
0.0,0.0
0.0,0.0
-10.195734024047852,-1.9577696323394775
0.0,0.0
0.0,0.0
0.0,0.0
0.0,0.0
0.0,0.0
-1.7551758289337158,9.469645500183105
0.0,0.0
-9.862777709960938,1.3720247745513916
0.0,0.0
0.0,0.0
0.0,0.0
-9.975751876831055,-0.20553357899188995
0.0,0.0
0.0,0.0
0.0,0.0
-4.028436660766602,4.0045647621154785
0.0,0.0
0.0,0.0
0.0,0.0
0.0,0.0
0.0,0.0
-10.539156913757324,-4.317175388336182
0.0,0.0
-10.671528816223145,-7.560791015625
0.0,0.0
0.0,0.0
0.0,0.0
-5.363081932067871,-4.80145263671875
0.0,0.0
0.0,0.0
0.0,0.0
-8.401528358459473,5.2736945152282715
0.0,0.0
0.0,0.0
0.0,0.0
0.0,0.0
0.0,0.0
-1.909999966621399,2.4055886268615723
0.0,0.0
-10.041686058044434,-0.22770272195339203
0.0,0.0
0.0,0.0
0.0,0.0
-9.296394348144531,-2.979003429412842
0.0,0.0
0.0,0.0
0.0,0.0
0.0,0.0
0.0,0.0
0.0,0.0
0.0,0.0
0.0,0.0
0.0,0.0
0.0,0.0
0.0,0.0
0.0,0.0
0.0,0.0
0.0,0.0
0.0,0.0
0.0,0.0
0.0,0.0
0.0,0.0
0.0,0.0
-17.791160583496094,22.079166412353516
11.111104965209961,-8.889287948608398
0.0,0.0
0.0,0.0
0.0,0.0
0.0,0.0
0.0,0.0
0.0,0.0
-17.627426147460938,22.052701950073242
11.111102104187012,-8.892159461975098
0.0,0.0
0.0,0.0
0.0,0.0
0.0,0.0
0.0,0.0
0.0,0.0
0.0,0.0
0.0,0.0
0.0,0.0
0.0,0.0
0.0,0.0
0.0,0.0
0.0,0.0
0.0,0.0
0.0,0.0
0.0,0.0
0.0,0.0
0.0,0.0
0.0,0.0
0.0,0.0
0.0,0.0
0.0,0.0
-17.798086166381836,21.954669952392578
11.111104965209961,-8.890905380249023
0.0,0.0
0.0,0.0
-11.213571548461914,15.679141998291016
0.0,0.0
0.0,0.0
0.0,0.0
-17.80439567565918,21.957538604736328
11.111102104187012,-8.890559196472168
0.0,0.0
0.0,0.0
-10.377861976623535,13.485284805297852
0.0,0.0
0.0,0.0
0.0,0.0
0.0,0.0
0.0,0.0
0.0,0.0
0.0,0.0
0.0,0.0
0.0,0.0
0.0,0.0
0.0,0.0
0.0,0.0
0.0,0.0
0.0,0.0
0.0,0.0
0.0,0.0
0.0,0.0
0.0,0.0
0.0,0.0
0.0,0.0
0.0,0.0
0.0,0.0
0.0,0.0
0.0,0.0
0.0,0.0
0.0,0.0
0.0,0.0
0.0,0.0
0.0,0.0
0.0,0.0
0.0,0.0
0.0,0.0
0.0,0.0
0.0,0.0
0.0,0.0
0.0,0.0
0.0,0.0
0.0,0.0
0.0,0.0
0.0,0.0
0.0,0.0
0.0,0.0
0.0,0.0
0.0,0.0
0.0,0.0
0.0,0.0
0.0,0.0
0.0,0.0
0.0,0.0
0.0,0.0
0.0,0.0
0.0,0.0
0.0,0.0
0.0,0.0
0.0,0.0
0.0,0.0
0.0,0.0
0.0,0.0
0.0,0.0
0.0,0.0
0.0,0.0
0.0,0.0
0.0,0.0
0.0,0.0
0.0,0.0
0.0,0.0
0.0,0.0
0.0,0.0
0.0,0.0
0.0,0.0
0.0,0.0
0.0,0.0
0.0,0.0
0.0,0.0
0.0,0.0
0.0,0.0
0.0,0.0
0.0,0.0
0.0,0.0
0.0,0.0
0.0,0.0
0.0,0.0
0.0,0.0
-17.77777099609375,22.222211837768555
11.111105918884277,-8.62986946105957
0.0,0.0
0.0,0.0
0.0,0.0
0.0,0.0
0.0,0.0
0.0,0.0
-17.77777099609375,22.222211837768555
11.111105918884277,-8.86538028717041
0.0,0.0
0.0,0.0
0.0,0.0
0.0,0.0
0.0,0.0
0.0,0.0
0.0,0.0
0.0,0.0
0.0,0.0
0.0,0.0
0.0,0.0
0.0,0.0
0.0,0.0
0.0,0.0
0.0,0.0
0.0,0.0
0.0,0.0
0.0,0.0
0.0,0.0
0.0,0.0
0.0,0.0
0.0,0.0
-17.77777099609375,22.222211837768555
11.111105918884277,-8.7655029296875
0.0,0.0
0.0,0.0
0.0,0.0
0.0,0.0
0.0,0.0
0.0,0.0
-17.777788162231445,22.222204208374023
11.111105918884277,-8.880250930786133
0.0,0.0
0.0,0.0
0.0,0.0
0.0,0.0
0.0,0.0
0.0,0.0
0.0,0.0
0.0,0.0
0.0,0.0
0.0,0.0
0.0,0.0
0.0,0.0
0.0,0.0
0.0,0.0
0.0,0.0
0.0,0.0
0.0,0.0
0.0,0.0
0.0,0.0
0.0,0.0
0.0,0.0
0.0,0.0
0.0,0.0
0.0,0.0
0.0,0.0
0.0,0.0
0.0,0.0
0.0,0.0
0.0,0.0
0.0,0.0
0.0,0.0
0.0,0.0
0.0,0.0
0.0,0.0
0.0,0.0
0.0,0.0
0.0,0.0
0.0,0.0
0.0,0.0
0.0,0.0
0.0,0.0
0.0,0.0
0.0,0.0
0.0,0.0
0.0,0.0
0.0,0.0
0.0,0.0
0.0,0.0
0.0,0.0
0.0,0.0
0.0,0.0
0.0,0.0
0.0,0.0
0.0,0.0
0.0,0.0
0.0,0.0
0.0,0.0
0.0,0.0
0.0,0.0
0.0,0.0
0.0,0.0
0.0,0.0
0.0,0.0
0.0,0.0
0.0,0.0
0.0,0.0
0.0,0.0
0.0,0.0
-17.69999885559082,22.222211837768555
7.850525379180908,0.0
-15.962189674377441,22.222211837768555
4.80145263671875,-0.9582257866859436
0.0,0.0
0.0,0.0
0.0,0.0
0.0,0.0
-17.776187896728516,22.222211837768555
8.143978118896484,-2.651125907897949
-16.275148391723633,22.222206115722656
0.0,0.0
0.0,0.0
0.0,0.0
0.0,0.0
0.0,0.0
-17.668899536132812,22.222211837768555
8.143978118896484,-1.819263219833374
-17.77777099609375,22.222211837768555
11.111105918884277,-7.863217353820801
0.0,0.0
0.0,0.0
0.0,0.0
0.0,0.0
-17.775798797607422,22.222211837768555
8.875165939331055,-2.535396099090576
-17.778148651123047,22.222198486328125
11.111105918884277,-8.202821731567383
0.0,0.0
0.0,0.0
0.0,0.0
0.0,0.0
-17.740726470947266,22.222211837768555
7.173681259155273,-1.8216638565063477
-17.549705505371094,22.222211837768555
5.369321823120117,0.0
-3.64298939704895,17.30805778503418
0.0,0.0
0.0,0.0
0.0,0.0
-17.786415100097656,22.222211837768555
5.886082649230957,-1.8404403924942017
-14.451171875,22.222211837768555
0.0,0.0
-1.7799999713897705,20.11930274963379
0.0,0.0
0.0,0.0
0.0,0.0
-17.714153289794922,22.222211837768555
9.076400756835938,-0.9900000095367432
-17.777873992919922,22.222204208374023
11.111011505126953,-4.231882572174072
-3.6643147468566895,18.152801513671875
0.0,0.0
-7.660523414611816,22.18217658996582
0.0,0.0
-17.777650833129883,22.222211837768555
6.784265041351318,0.0
-17.778179168701172,22.222204208374023
11.110605239868164,-7.764400482177734
-7.6664323806762695,20.308565139770508
0.0,0.0
-11.043166160583496,21.91731071472168
0.0,0.0
0.0,0.0
0.0,0.0
0.0,0.0
0.0,0.0
0.0,0.0
0.0,0.0
0.0,0.0
0.0,0.0
0.0,0.0
0.0,0.0
0.0,0.0
0.0,0.0
0.0,0.0
0.0,0.0
0.0,0.0
0.0,0.0
0.0,0.0
0.0,0.0
0.0,0.0
0.0,0.0
0.0,0.0
0.0,0.0
0.0,0.0
0.0,0.0
0.0,0.0
0.0,0.0
0.0,0.0
0.0,0.0
0.0,0.0
0.0,0.0
0.0,0.0
0.0,0.0
0.0,0.0
0.0,0.0
0.0,0.0
0.0,0.0
0.0,0.0
0.0,0.0
0.0,0.0
0.0,0.0
0.0,0.0
0.0,0.0
0.0,0.0
0.0,0.0
0.0,0.0
0.0,0.0
0.0,0.0
0.0,0.0
0.0,0.0
0.0,0.0
0.0,0.0
0.0,0.0
0.0,0.0
0.0,0.0
0.0,0.0
0.0,0.0
0.0,0.0
0.0,0.0
0.0,0.0
0.0,0.0
0.0,0.0
0.0,0.0
0.0,0.0
0.0,0.0
0.0,0.0
0.0,0.0
-2.0,11.772165298461914
0.0,0.0
0.0,0.0
0.0,0.0
0.0,0.0
0.0,0.0
-16.91895866394043,22.222211837768555
0.0,0.0
-8.815465927124023,22.0722599029541
0.0,0.0
0.0,0.0
0.0,0.0
0.0,0.0
0.0,0.0
0.0,0.0
0.0,0.0
-17.77777099609375,22.222211837768555
0.0,0.0
0.0,0.0
0.0,0.0
0.0,0.0
0.0,0.0
-15.984435081481934,22.222211837768555
0.0,0.0
-17.77777099609375,22.222211837768555
0.0,0.0
0.0,0.0
0.0,0.0
0.0,0.0
0.0,0.0
0.0,0.0
0.0,0.0
0.0,0.0
0.0,0.0
0.0,0.0
0.0,0.0
0.0,0.0
0.0,0.0
-5.116274833679199,19.155624389648438
0.0,0.0
-3.7452380657196045,6.983342170715332
0.0,0.0
0.0,0.0
0.0,0.0
0.0,0.0
0.0,0.0
0.0,0.0
0.0,0.0
-3.7301666736602783,6.983342170715332
0.0,0.0
0.0,0.0
0.0,0.0
0.0,0.0
0.0,0.0
-3.799999952316284,20.637523651123047
0.0,0.0
-15.742644309997559,22.222211837768555
0.0,0.0
0.0,0.0
0.0,0.0
0.0,0.0
0.0,0.0
0.0,0.0
0.0,0.0
0.0,0.0
0.0,0.0
0.0,0.0
0.0,0.0
0.0,0.0
0.0,0.0
0.0,0.0
0.0,0.0
0.0,0.0
0.0,0.0
0.0,0.0
0.0,0.0
0.0,0.0
0.0,0.0
0.0,0.0
0.0,0.0
0.0,0.0
0.0,0.0
0.0,0.0
0.0,0.0
0.0,0.0
0.0,0.0
0.0,0.0
0.0,0.0
0.0,0.0
0.0,0.0
0.0,0.0
0.0,0.0
0.0,0.0
0.0,0.0
0.0,0.0
0.0,0.0
0.0,0.0
0.0,0.0
0.0,0.0
0.0,0.0
0.0,0.0
0.0,0.0
0.0,0.0
0.0,0.0
0.0,0.0
0.0,0.0
0.0,0.0
0.0,0.0
0.0,0.0
0.0,0.0
0.0,0.0
0.0,0.0
0.0,0.0
0.0,0.0
0.0,0.0
0.0,0.0
0.0,0.0
0.0,0.0
0.0,0.0
0.0,0.0
0.0,0.0
0.0,0.0
0.0,0.0
0.0,0.0
0.0,0.0
0.0,0.0
