-9.057197570800781,8.769174575805664
0.0,0.0
0.0,0.0
0.0,0.0
0.0,0.0
0.0,0.0
0.0,0.0
0.0,0.0
0.0,0.0
0.0,0.0
0.0,0.0
0.0,0.0
0.0,0.0
0.0,0.0
0.0,0.0
0.0,0.0
0.0,0.0
0.0,0.0
7.083138465881348,29.711532592773438
22.213367462158203,-7.460285186767578
0.0,0.0
0.0,0.0
0.0,0.0
0.0,0.0
0.0,0.0
0.0,0.0
13.156062126159668,29.483692169189453
22.220439910888672,-11.177833557128906
0.0,0.0
0.0,0.0
-3.823772430419922,10.802557945251465
0.0,0.0
0.0,0.0
0.0,0.0
0.0,0.0
0.0,0.0
0.0,0.0
0.0,0.0
0.0,0.0
0.0,0.0
0.0,0.0
0.0,0.0
0.0,0.0
0.0,0.0
0.0,0.0
0.0,0.0
0.0,0.0
0.0,0.0
0.0,0.0
0.0,0.0
-8.889595031738281,11.098313331604004
16.822040557861328,-5.137569427490234
0.0,0.0
0.0,0.0
-8.888976097106934,11.111105918884277
0.0,0.0
0.0,0.0
0.0,0.0
-8.889734268188477,11.095582962036133
11.772165298461914,-1.9301666021347046
0.0,0.0
0.0,0.0
-8.886038780212402,11.111105918884277
0.0,0.0
0.0,0.0
0.0,0.0
0.0,0.0
0.0,0.0
0.0,0.0
0.0,0.0
0.0,0.0
0.0,0.0
0.0,0.0
0.0,0.0
0.0,0.0
0.0,0.0
0.0,0.0
0.0,0.0
0.0,0.0
0.0,0.0
0.0,0.0
0.0,0.0
-8.918442726135254,11.015701293945312
22.222211837768555,-17.777759552001953
0.0,0.0
0.0,0.0
-8.772706031799316,11.111105918884277
22.218774795532227,-6.145223617553711
0.0,0.0
0.0,0.0
-8.902376174926758,11.017435073852539
22.220918655395508,-17.778194427490234
0.0,0.0
0.0,0.0
-8.974076271057129,7.109318256378174
22.222211837768555,-17.77777099609375
0.0,0.0
0.0,0.0
0.0,0.0
0.0,0.0
0.0,0.0
0.0,0.0
0.0,0.0
0.0,0.0
0.0,0.0
0.0,0.0
0.0,0.0
0.0,0.0
0.0,0.0
0.0,0.0
0.0,0.0
0.0,0.0
0.0,0.0
0.0,0.0
-8.895174980163574,11.11010456085205
22.222211837768555,-17.77709197998047
0.0,0.0
0.0,0.0
-8.888885498046875,11.111105918884277
22.222211837768555,-17.774330139160156
0.0,0.0
0.0,0.0
-8.893346786499023,11.11109447479248
22.222211837768555,-17.777767181396484
0.0,0.0
0.0,0.0
-8.889383316040039,11.111104965209961
22.222211837768555,-16.85960578918457
0.0,0.0
0.0,0.0
0.0,0.0
0.0,0.0
0.0,0.0
0.0,0.0
0.0,0.0
0.0,0.0
0.0,0.0
0.0,0.0
0.0,0.0
0.0,0.0
0.0,0.0
0.0,0.0
0.0,0.0
0.0,0.0
0.0,0.0
0.0,0.0
0.32834193110466003,19.290306091308594
22.202775955200195,-17.779869079589844
0.0,0.0
0.0,0.0
0.0,0.0
0.0,0.0
0.0,0.0
0.0,0.0
9.518433570861816,22.948305130004883
22.222211837768555,-17.557357788085938
0.0,0.0
0.0,0.0
-8.347673416137695,11.111105918884277
10.738643646240234,-1.9301666021347046
0.0,0.0
0.0,0.0
0.0,0.0
0.0,0.0
0.0,0.0
0.0,0.0
0.0,0.0
0.0,0.0
0.0,0.0
0.0,0.0
0.0,0.0
0.0,0.0
0.0,0.0
0.0,0.0
0.0,0.0
0.0,0.0
0.0,0.0
0.0,0.0
0.0,0.0
0.0,0.0
0.0,0.0
0.0,0.0
0.0,0.0
0.0,0.0
0.0,0.0
0.0,0.0
0.0,0.0
0.0,0.0
0.0,0.0
0.0,0.0
0.0,0.0
0.0,0.0
0.0,0.0
0.0,0.0
0.0,0.0
0.0,0.0
0.0,0.0
0.0,0.0
0.0,0.0
0.0,0.0
0.0,0.0
0.0,0.0
0.0,0.0
0.0,0.0
0.0,0.0
0.0,0.0
0.0,0.0
0.0,0.0
0.0,0.0
0.0,0.0
-8.912080764770508,10.87862491607666
0.0,0.0
0.0,0.0
0.0,0.0
0.0,0.0
0.0,0.0
0.0,0.0
0.0,0.0
-8.926284790039062,10.73688793182373
22.222034454345703,-17.777809143066406
0.0,0.0
0.0,0.0
-9.17011833190918,5.621517658233643
3.4761998653411865,0.0
0.0,0.0
0.0,0.0
0.0,0.0
0.0,0.0
0.0,0.0
0.0,0.0
0.0,0.0
0.0,0.0
0.0,0.0
0.0,0.0
0.0,0.0
0.0,0.0
0.0,0.0
0.0,0.0
0.0,0.0
0.0,0.0
0.0,0.0
0.0,0.0
-8.89421272277832,11.11109447479248
0.0,0.0
0.0,0.0
0.0,0.0
0.0,0.0
0.0,0.0
0.0,0.0
0.0,0.0
-8.934082984924316,10.651657104492188
22.222211837768555,-17.777599334716797
0.0,0.0
0.0,0.0
-9.166110038757324,3.7285523414611816
0.0,0.0
0.0,0.0
0.0,0.0
0.0,0.0
0.0,0.0
0.0,0.0
0.0,0.0
0.0,0.0
0.0,0.0
0.0,0.0
0.0,0.0
0.0,0.0
0.0,0.0
0.0,0.0
0.0,0.0
0.0,0.0
0.0,0.0
0.0,0.0
0.0,0.0
0.0,0.0
0.0,0.0
0.0,0.0
0.0,0.0
0.0,0.0
0.0,0.0
0.0,0.0
0.0,0.0
0.0,0.0
0.0,0.0
0.0,0.0
0.0,0.0
0.0,0.0
0.0,0.0
0.0,0.0
0.0,0.0
0.0,0.0
0.0,0.0
0.0,0.0
0.0,0.0
0.0,0.0
0.0,0.0
0.0,0.0
0.0,0.0
0.0,0.0
0.0,0.0
0.0,0.0
0.0,0.0
0.0,0.0
0.0,0.0
0.0,0.0
0.0,0.0
0.0,0.0
0.0,0.0
0.0,0.0
0.0,0.0
0.0,0.0
0.0,0.0
0.0,0.0
0.0,0.0
0.0,0.0
0.0,0.0
0.0,0.0
0.0,0.0
0.0,0.0
0.0,0.0
-9.92348861694336,1.5323950052261353
22.222211837768555,-5.887906551361084
-9.515801429748535,6.178878307342529
20.48079490661621,-1.9617999792099
-1.0,0.0
0.0,0.0
-1.909999966621399,1.7825390100479126
0.0,0.0
-9.873723030090332,1.269605040550232
22.222211837768555,-6.838409423828125
-9.632225036621094,2.7092621326446533
21.932025909423828,2.211355209350586
0.0,0.0
0.0,0.0
-2.5698862075805664,6.466605186462402
0.0,0.0
0.0,0.0
0.0,0.0
-9.15903377532959,3.5846352577209473
17.75033187866211,-3.310150384902954
0.0,0.0
0.0,0.0
-2.690516948699951,7.190069675445557
0.0,0.0
0.0,0.0
0.0,0.0
-9.376757621765137,4.680359363555908
21.544578552246094,-5.417966842651367
0.0,0.0
0.0,0.0
-5.354219436645508,-1.1042454242706299
0.0,0.0
-9.880655288696289,2.0303642749786377
22.222211837768555,-9.474398612976074
-9.727707862854004,1.2230108976364136
21.40331268310547,-5.108758449554443
-9.452540397644043,9.833747863769531
0.0,0.0
-1.899999976158142,7.157639026641846
0.0,0.0
-9.774292945861816,2.2597572803497314
22.222211837768555,5.098642826080322
-9.766609191894531,0.8333798050880432
22.003538131713867,-4.536813259124756
-9.356874465942383,2.21449875831604
17.75033187866211,-6.522922992706299
-6.749959468841553,2.979566812515259
17.75033187866211,-3.606187343597412
0.0,0.0
0.0,0.0
-4.45147705078125,6.829050540924072
20.308565139770508,-1.1703908443450928
0.0,0.0
0.0,0.0
-1.8578205108642578,9.325296401977539
3.819999933242798,0.0
0.0,0.0
0.0,0.0
-7.398270130157471,6.656644821166992
21.028039932250977,0.23699064552783966
0.0,0.0
0.0,0.0
-8.225196838378906,3.911562204360962
20.90993309020996,4.457124710083008
0.0,0.0
0.0,0.0
0.0,0.0
0.0,0.0
0.0,0.0
0.0,0.0
0.0,0.0
0.0,0.0
0.0,0.0
0.0,0.0
0.0,0.0
0.0,0.0
0.0,0.0
0.0,0.0
0.0,0.0
0.0,0.0
0.0,0.0
0.0,0.0
0.0,0.0
0.0,0.0
0.0,0.0
0.0,0.0
0.0,0.0
0.0,0.0
0.0,0.0
0.0,0.0
0.0,0.0
0.0,0.0
0.0,0.0
0.0,0.0
0.0,0.0
0.0,0.0
0.0,0.0
0.0,0.0
0.0,0.0
0.0,0.0
0.0,0.0
0.0,0.0
0.0,0.0
0.0,0.0
0.0,0.0
0.0,0.0
0.0,0.0
0.0,0.0
0.0,0.0
0.0,0.0
0.0,0.0
0.0,0.0
0.0,0.0
0.0,0.0
0.0,0.0
0.0,0.0
0.0,0.0
0.0,0.0
0.0,0.0
0.0,0.0
0.0,0.0
0.0,0.0
0.0,0.0
0.0,0.0
0.0,0.0
0.0,0.0
0.0,0.0
0.0,0.0
0.0,0.0
0.0,0.0
-9.489633560180664,-4.131942272186279
0.0,0.0
0.0,0.0
0.0,0.0
0.0,0.0
0.0,0.0
-10.567166328430176,-5.671645164489746
0.0,0.0
-10.667710304260254,-6.6913323402404785
0.0,0.0
0.0,0.0
0.0,0.0
-9.577812194824219,-9.577812194824219
0.0,0.0
0.0,0.0
0.0,0.0
-10.195734024047852,-1.9577696323394775
0.0,0.0
0.0,0.0
0.0,0.0
0.0,0.0
0.0,0.0
-1.7551758289337158,8.480691909790039
0.0,0.0
-9.862777709960938,1.3720725774765015
0.0,0.0
0.0,0.0
0.0,0.0
-9.995927810668945,-5.263075351715088
0.0,0.0
0.0,0.0
0.0,0.0
-4.028436660766602,2.529362201690674
0.0,0.0
0.0,0.0
0.0,0.0
0.0,0.0
0.0,0.0
-10.608798027038574,-5.6322736740112305
0.0,0.0
-10.855664253234863,-9.05751895904541
0.0,0.0
0.0,0.0
0.0,0.0
-5.363081932067871,-4.80145263671875
0.0,0.0
0.0,0.0
0.0,0.0
-8.401528358459473,1.9027090072631836
0.0,0.0
0.0,0.0
0.0,0.0
0.0,0.0
0.0,0.0
-1.909999966621399,2.796267032623291
0.0,0.0
-10.086669921875,2.321789264678955
0.0,0.0
0.0,0.0
0.0,0.0
-9.296394348144531,-3.03824520111084
0.0,0.0
0.0,0.0
0.0,0.0
0.0,0.0
0.0,0.0
0.0,0.0
0.0,0.0
0.0,0.0
0.0,0.0
0.0,0.0
0.0,0.0
0.0,0.0
0.0,0.0
0.0,0.0
0.0,0.0
0.0,0.0
0.0,0.0
0.0,0.0
0.0,0.0
-17.7701358795166,22.079166412353516
11.111104965209961,-8.889813423156738
0.0,0.0
0.0,0.0
0.0,0.0
0.0,0.0
0.0,0.0
0.0,0.0
-17.490093231201172,22.052738189697266
11.111102104187012,-8.892159461975098
0.0,0.0
0.0,0.0
0.0,0.0
0.0,0.0
0.0,0.0
0.0,0.0
0.0,0.0
0.0,0.0
0.0,0.0
0.0,0.0
0.0,0.0
0.0,0.0
0.0,0.0
0.0,0.0
0.0,0.0
0.0,0.0
0.0,0.0
0.0,0.0
0.0,0.0
0.0,0.0
0.0,0.0
0.0,0.0
-17.715604782104492,21.897537231445312
10.361104965209961,-8.889097213745117
0.0,0.0
0.0,0.0
-11.213571548461914,14.426092147827148
0.0,0.0
0.0,0.0
0.0,0.0
-17.802268981933594,21.943679809570312
11.110990524291992,-8.892379760742188
0.0,0.0
0.0,0.0
-10.377861976623535,13.485284805297852
0.0,0.0
0.0,0.0
0.0,0.0
0.0,0.0
0.0,0.0
0.0,0.0
0.0,0.0
0.0,0.0
0.0,0.0
0.0,0.0
0.0,0.0
0.0,0.0
0.0,0.0
0.0,0.0
0.0,0.0
0.0,0.0
0.0,0.0
0.0,0.0
0.0,0.0
0.0,0.0
0.0,0.0
0.0,0.0
0.0,0.0
0.0,0.0
0.0,0.0
0.0,0.0
0.0,0.0
0.0,0.0
0.0,0.0
0.0,0.0
0.0,0.0
0.0,0.0
0.0,0.0
0.0,0.0
0.0,0.0
0.0,0.0
0.0,0.0
0.0,0.0
0.0,0.0
0.0,0.0
0.0,0.0
0.0,0.0
0.0,0.0
0.0,0.0
0.0,0.0
0.0,0.0
0.0,0.0
0.0,0.0
0.0,0.0
0.0,0.0
0.0,0.0
0.0,0.0
0.0,0.0
0.0,0.0
0.0,0.0
0.0,0.0
0.0,0.0
0.0,0.0
0.0,0.0
0.0,0.0
0.0,0.0
0.0,0.0
0.0,0.0
0.0,0.0
0.0,0.0
0.0,0.0
0.0,0.0
0.0,0.0
0.0,0.0
0.0,0.0
0.0,0.0
0.0,0.0
0.0,0.0
0.0,0.0
0.0,0.0
0.0,0.0
0.0,0.0
0.0,0.0
0.0,0.0
0.0,0.0
0.0,0.0
0.0,0.0
0.0,0.0
-17.77777099609375,22.222211837768555
11.111105918884277,-8.601089477539062
0.0,0.0
0.0,0.0
0.0,0.0
0.0,0.0
0.0,0.0
0.0,0.0
-17.77777099609375,22.222211837768555
11.111105918884277,-8.862768173217773
0.0,0.0
0.0,0.0
0.0,0.0
0.0,0.0
0.0,0.0
0.0,0.0
0.0,0.0
0.0,0.0
0.0,0.0
0.0,0.0
0.0,0.0
0.0,0.0
0.0,0.0
0.0,0.0
0.0,0.0
0.0,0.0
0.0,0.0
0.0,0.0
0.0,0.0
0.0,0.0
0.0,0.0
0.0,0.0
-17.77777099609375,22.222211837768555
11.111105918884277,-8.751792907714844
0.0,0.0
0.0,0.0
0.0,0.0
0.0,0.0
0.0,0.0
0.0,0.0
-17.777788162231445,22.222204208374023
11.111105918884277,-8.877039909362793
0.0,0.0
0.0,0.0
0.0,0.0
0.0,0.0
0.0,0.0
0.0,0.0
0.0,0.0
0.0,0.0
0.0,0.0
0.0,0.0
0.0,0.0
0.0,0.0
0.0,0.0
0.0,0.0
0.0,0.0
0.0,0.0
0.0,0.0
0.0,0.0
0.0,0.0
0.0,0.0
0.0,0.0
0.0,0.0
0.0,0.0
0.0,0.0
0.0,0.0
0.0,0.0
0.0,0.0
0.0,0.0
0.0,0.0
0.0,0.0
0.0,0.0
0.0,0.0
0.0,0.0
0.0,0.0
0.0,0.0
0.0,0.0
0.0,0.0
0.0,0.0
0.0,0.0
0.0,0.0
0.0,0.0
0.0,0.0
0.0,0.0
0.0,0.0
0.0,0.0
0.0,0.0
0.0,0.0
0.0,0.0
0.0,0.0
0.0,0.0
0.0,0.0
0.0,0.0
0.0,0.0
0.0,0.0
0.0,0.0
0.0,0.0
0.0,0.0
0.0,0.0
0.0,0.0
0.0,0.0
0.0,0.0
0.0,0.0
0.0,0.0
0.0,0.0
0.0,0.0
0.0,0.0
0.0,0.0
0.0,0.0
-17.691356658935547,22.222211837768555
7.528049945831299,0.0
-15.962189674377441,22.222211837768555
4.177420616149902,-0.9582257866859436
0.0,0.0
0.0,0.0
0.0,0.0
0.0,0.0
-17.775814056396484,22.222211837768555
8.143978118896484,-2.651125907897949
-16.275148391723633,22.222150802612305
0.0,0.0
0.0,0.0
0.0,0.0
0.0,0.0
0.0,0.0
-17.656801223754883,22.222211837768555
7.850525379180908,-1.819263219833374
-17.77777099609375,22.222211837768555
11.111101150512695,-7.749253749847412
0.0,0.0
0.0,0.0
0.0,0.0
0.0,0.0
-17.77557945251465,22.222211837768555
8.875165939331055,-2.535396099090576
-17.77894401550293,22.221616744995117
11.111105918884277,-8.202821731567383
0.0,0.0
0.0,0.0
0.0,0.0
0.0,0.0
-17.740726470947266,22.222211837768555
7.173681259155273,-1.8216638565063477
-17.49620819091797,22.222211837768555
4.80145263671875,0.0
-3.64298939704895,16.822040557861328
0.0,0.0
0.0,0.0
0.0,0.0
-17.786415100097656,22.222137451171875
4.80145263671875,-1.8404403924942017
-14.081548690795898,22.22218894958496
0.0,0.0
-1.7799999713897705,20.11930274963379
0.0,0.0
0.0,0.0
0.0,0.0
-17.707082748413086,22.222211837768555
9.076400756835938,-0.9900000095367432
-17.778112411499023,22.222204208374023
11.110856056213379,-4.231882572174072
-3.6643147468566895,17.75033187866211
0.0,0.0
-7.660523414611816,22.158048629760742
0.0,0.0
-17.777605056762695,22.222211837768555
5.886082649230957,0.0
-17.778709411621094,22.222204208374023
11.10981273651123,-7.639450550079346
-7.6664323806762695,20.308565139770508
0.0,0.0
-11.043166160583496,21.91731071472168
0.0,0.0
0.0,0.0
0.0,0.0
0.0,0.0
0.0,0.0
0.0,0.0
0.0,0.0
0.0,0.0
0.0,0.0
0.0,0.0
0.0,0.0
0.0,0.0
0.0,0.0
0.0,0.0
0.0,0.0
0.0,0.0
0.0,0.0
0.0,0.0
0.0,0.0
0.0,0.0
0.0,0.0
0.0,0.0
0.0,0.0
0.0,0.0
0.0,0.0
0.0,0.0
0.0,0.0
0.0,0.0
0.0,0.0
0.0,0.0
0.0,0.0
0.0,0.0
0.0,0.0
0.0,0.0
0.0,0.0
0.0,0.0
0.0,0.0
0.0,0.0
0.0,0.0
0.0,0.0
0.0,0.0
0.0,0.0
0.0,0.0
0.0,0.0
0.0,0.0
0.0,0.0
0.0,0.0
0.0,0.0
0.0,0.0
0.0,0.0
0.0,0.0
0.0,0.0
0.0,0.0
0.0,0.0
0.0,0.0
0.0,0.0
0.0,0.0
0.0,0.0
0.0,0.0
0.0,0.0
0.0,0.0
0.0,0.0
0.0,0.0
0.0,0.0
0.0,0.0
0.0,0.0
0.0,0.0
-2.0,10.738643646240234
0.0,0.0
0.0,0.0
0.0,0.0
0.0,0.0
0.0,0.0
-16.82353401184082,22.222211837768555
0.0,0.0
-8.815465927124023,22.02322006225586
0.0,0.0
0.0,0.0
0.0,0.0
0.0,0.0
0.0,0.0
0.0,0.0
0.0,0.0
-17.77777099609375,22.222211837768555
0.0,0.0
0.0,0.0
0.0,0.0
0.0,0.0
0.0,0.0
-15.785174369812012,22.222204208374023
0.0,0.0
-17.77777099609375,22.222211837768555
0.0,0.0
0.0,0.0
0.0,0.0
0.0,0.0
0.0,0.0
0.0,0.0
0.0,0.0
0.0,0.0
0.0,0.0
0.0,0.0
0.0,0.0
0.0,0.0
0.0,0.0
-5.116274833679199,19.155624389648438
0.0,0.0
-2.0,3.819999933242798
0.0,0.0
0.0,0.0
0.0,0.0
0.0,0.0
0.0,0.0
0.0,0.0
0.0,0.0
-3.7301666736602783,6.983342170715332
0.0,0.0
0.0,0.0
0.0,0.0
0.0,0.0
0.0,0.0
-3.799999952316284,20.637523651123047
0.0,0.0
-15.742644309997559,22.222211837768555
0.0,0.0
0.0,0.0
0.0,0.0
0.0,0.0
0.0,0.0
0.0,0.0
0.0,0.0
0.0,0.0
0.0,0.0
0.0,0.0
0.0,0.0
0.0,0.0
0.0,0.0
0.0,0.0
0.0,0.0
0.0,0.0
0.0,0.0
0.0,0.0
0.0,0.0
0.0,0.0
0.0,0.0
0.0,0.0
0.0,0.0
0.0,0.0
0.0,0.0
0.0,0.0
0.0,0.0
0.0,0.0
0.0,0.0
0.0,0.0
0.0,0.0
0.0,0.0
0.0,0.0
0.0,0.0
0.0,0.0
0.0,0.0
0.0,0.0
0.0,0.0
0.0,0.0
0.0,0.0
0.0,0.0
0.0,0.0
0.0,0.0
0.0,0.0
0.0,0.0
0.0,0.0
0.0,0.0
0.0,0.0
0.0,0.0
0.0,0.0
0.0,0.0
0.0,0.0
0.0,0.0
0.0,0.0
0.0,0.0
0.0,0.0
0.0,0.0
0.0,0.0
0.0,0.0
0.0,0.0
0.0,0.0
0.0,0.0
0.0,0.0
0.0,0.0
0.0,0.0
0.0,0.0
0.0,0.0
0.0,0.0
0.0,0.0
