-8.745365142822266,6.054383754730225
0.0,0.0
0.0,0.0
0.0,0.0
0.0,0.0
0.0,0.0
0.0,0.0
0.0,0.0
0.0,0.0
0.0,0.0
0.0,0.0
0.0,0.0
0.0,0.0
0.0,0.0
0.0,0.0
0.0,0.0
0.0,0.0
0.0,0.0
-6.196743488311768,29.708452224731445
18.5190486907959,-3.5925393104553223
0.0,0.0
0.0,0.0
0.0,0.0
0.0,0.0
0.0,0.0
0.0,0.0
2.6310062408447266,29.482900619506836
15.701050758361816,-6.584743499755859
0.0,0.0
0.0,0.0
-2.608839988708496,8.143978118896484
0.0,0.0
0.0,0.0
0.0,0.0
0.0,0.0
0.0,0.0
0.0,0.0
0.0,0.0
0.0,0.0
0.0,0.0
0.0,0.0
0.0,0.0
0.0,0.0
0.0,0.0
0.0,0.0
0.0,0.0
0.0,0.0
0.0,0.0
0.0,0.0
0.0,0.0
-8.889498710632324,11.110915184020996
0.0,0.0
0.0,0.0
0.0,0.0
-8.888079643249512,11.019095420837402
0.0,0.0
0.0,0.0
0.0,0.0
-8.889070510864258,11.111104965209961
0.0,0.0
0.0,0.0
0.0,0.0
-8.830109596252441,11.107720375061035
0.0,0.0
0.0,0.0
0.0,0.0
0.0,0.0
0.0,0.0
0.0,0.0
0.0,0.0
0.0,0.0
0.0,0.0
0.0,0.0
0.0,0.0
0.0,0.0
0.0,0.0
0.0,0.0
0.0,0.0
0.0,0.0
0.0,0.0
0.0,0.0
0.0,0.0
-8.929060935974121,11.03679084777832
22.222211837768555,-17.333242416381836
0.0,0.0
0.0,0.0
-8.261852264404297,11.10632038116455
18.152801513671875,0.0
0.0,0.0
0.0,0.0
-8.946932792663574,10.783294677734375
22.222198486328125,-17.777801513671875
0.0,0.0
0.0,0.0
-8.792645454406738,10.466157913208008
22.21923828125,-17.721477508544922
0.0,0.0
0.0,0.0
0.0,0.0
0.0,0.0
0.0,0.0
0.0,0.0
0.0,0.0
0.0,0.0
0.0,0.0
0.0,0.0
0.0,0.0
0.0,0.0
0.0,0.0
0.0,0.0
0.0,0.0
0.0,0.0
0.0,0.0
0.0,0.0
-8.89702033996582,11.110737800598145
22.222211837768555,-17.61324691772461
0.0,0.0
0.0,0.0
-8.856006622314453,10.885527610778809
22.222211837768555,-17.338743209838867
0.0,0.0
0.0,0.0
-8.89129638671875,11.111104965209961
22.22068214416504,-17.785673141479492
0.0,0.0
0.0,0.0
-8.89095401763916,11.111105918884277
22.222211837768555,-17.737707138061523
0.0,0.0
0.0,0.0
0.0,0.0
0.0,0.0
0.0,0.0
0.0,0.0
0.0,0.0
0.0,0.0
0.0,0.0
0.0,0.0
0.0,0.0
0.0,0.0
0.0,0.0
0.0,0.0
0.0,0.0
0.0,0.0
0.0,0.0
0.0,0.0
0.32527685165405273,19.290306091308594
22.2217960357666,-17.778329849243164
0.0,0.0
0.0,0.0
0.0,0.0
0.0,0.0
0.0,0.0
0.0,0.0
-7.231776237487793,22.94501304626465
21.544082641601562,-13.968485832214355
0.0,0.0
0.0,0.0
-4.432246208190918,10.878594398498535
0.0,0.0
0.0,0.0
0.0,0.0
0.0,0.0
0.0,0.0
0.0,0.0
0.0,0.0
0.0,0.0
0.0,0.0
0.0,0.0
0.0,0.0
0.0,0.0
0.0,0.0
0.0,0.0
0.0,0.0
0.0,0.0
0.0,0.0
0.0,0.0
0.0,0.0
0.0,0.0
0.0,0.0
0.0,0.0
0.0,0.0
0.0,0.0
0.0,0.0
0.0,0.0
0.0,0.0
0.0,0.0
0.0,0.0
0.0,0.0
0.0,0.0
0.0,0.0
0.0,0.0
0.0,0.0
0.0,0.0
0.0,0.0
0.0,0.0
0.0,0.0
0.0,0.0
0.0,0.0
0.0,0.0
0.0,0.0
0.0,0.0
0.0,0.0
0.0,0.0
0.0,0.0
0.0,0.0
0.0,0.0
0.0,0.0
0.0,0.0
0.0,0.0
-8.912080764770508,10.87862491607666
0.0,0.0
0.0,0.0
0.0,0.0
0.0,0.0
0.0,0.0
0.0,0.0
0.0,0.0
-8.9288969039917,10.720985412597656
22.222211837768555,-17.77777099609375
0.0,0.0
0.0,0.0
-9.051440238952637,6.946266174316406
0.0,0.0
0.0,0.0
0.0,0.0
0.0,0.0
0.0,0.0
0.0,0.0
0.0,0.0
0.0,0.0
0.0,0.0
0.0,0.0
0.0,0.0
0.0,0.0
0.0,0.0
0.0,0.0
0.0,0.0
0.0,0.0
0.0,0.0
0.0,0.0
0.0,0.0
-8.889849662780762,11.111104965209961
0.0,0.0
0.0,0.0
0.0,0.0
0.0,0.0
0.0,0.0
0.0,0.0
0.0,0.0
-8.901888847351074,11.061808586120605
22.222211837768555,-17.65349006652832
0.0,0.0
0.0,0.0
-8.928080558776855,10.120426177978516
0.0,0.0
0.0,0.0
0.0,0.0
0.0,0.0
0.0,0.0
0.0,0.0
0.0,0.0
0.0,0.0
0.0,0.0
0.0,0.0
0.0,0.0
0.0,0.0
0.0,0.0
0.0,0.0
0.0,0.0
0.0,0.0
0.0,0.0
0.0,0.0
0.0,0.0
0.0,0.0
0.0,0.0
0.0,0.0
0.0,0.0
0.0,0.0
0.0,0.0
0.0,0.0
0.0,0.0
0.0,0.0
0.0,0.0
0.0,0.0
0.0,0.0
0.0,0.0
0.0,0.0
0.0,0.0
0.0,0.0
0.0,0.0
0.0,0.0
0.0,0.0
0.0,0.0
0.0,0.0
0.0,0.0
0.0,0.0
0.0,0.0
0.0,0.0
0.0,0.0
0.0,0.0
0.0,0.0
0.0,0.0
0.0,0.0
0.0,0.0
0.0,0.0
0.0,0.0
0.0,0.0
0.0,0.0
0.0,0.0
0.0,0.0
0.0,0.0
0.0,0.0
0.0,0.0
0.0,0.0
0.0,0.0
0.0,0.0
0.0,0.0
0.0,0.0
0.0,0.0
-10.146047592163086,-6.455244064331055
22.222211837768555,4.897388458251953
-9.740259170532227,6.987990379333496
16.28795623779297,-1.9617999792099
0.0,0.0
0.0,0.0
-1.909999966621399,-1.0819000005722046
0.0,0.0
-9.970471382141113,0.07500540465116501
22.222211837768555,14.126791000366211
-10.306710243225098,-3.0706584453582764
17.30805778503418,0.0
0.0,0.0
0.0,0.0
-1.8387939929962158,5.015990257263184
0.0,0.0
0.0,0.0
0.0,0.0
-7.678437232971191,6.694291591644287
12.71267032623291,-1.6301788091659546
0.0,0.0
0.0,0.0
-1.899999976158142,1.0420842170715332
0.0,0.0
0.0,0.0
0.0,0.0
-9.064570426940918,4.055552959442139
13.574848175048828,-2.458760976791382
0.0,0.0
0.0,0.0
-3.8911685943603516,7.395637035369873
0.0,0.0
-9.60757064819336,6.483345031738281
22.222211837768555,-16.97064971923828
-9.451629638671875,7.504688262939453
13.568530082702637,-3.6728732585906982
-8.826847076416016,8.618566513061523
0.0,0.0
-1.899999976158142,1.909999966621399
0.0,0.0
-9.710487365722656,3.202484130859375
22.222211837768555,12.97863483428955
-9.604676246643066,7.288331031799316
17.30805778503418,-1.4199999570846558
-8.427326202392578,10.48980712890625
10.738643646240234,-3.7039709091186523
-5.617766380310059,0.15555842220783234
9.6029052734375,-1.9039709568023682
0.0,0.0
0.0,0.0
-1.8582258224487305,6.6277241706848145
10.738643646240234,-3.6820716857910156
0.0,0.0
0.0,0.0
-1.0,4.984836578369141
0.0,0.0
0.0,0.0
0.0,0.0
-5.9485321044921875,2.7448480129241943
12.71267032623291,0.12514188885688782
0.0,0.0
0.0,0.0
-6.570628643035889,5.7747721672058105
15.056099891662598,-2.0
0.0,0.0
0.0,0.0
0.0,0.0
0.0,0.0
0.0,0.0
0.0,0.0
0.0,0.0
0.0,0.0
0.0,0.0
0.0,0.0
0.0,0.0
0.0,0.0
0.0,0.0
0.0,0.0
0.0,0.0
0.0,0.0
0.0,0.0
0.0,0.0
0.0,0.0
0.0,0.0
0.0,0.0
0.0,0.0
0.0,0.0
0.0,0.0
0.0,0.0
0.0,0.0
0.0,0.0
0.0,0.0
0.0,0.0
0.0,0.0
0.0,0.0
0.0,0.0
0.0,0.0
0.0,0.0
0.0,0.0
0.0,0.0
0.0,0.0
0.0,0.0
0.0,0.0
0.0,0.0
0.0,0.0
0.0,0.0
0.0,0.0
0.0,0.0
0.0,0.0
0.0,0.0
0.0,0.0
0.0,0.0
0.0,0.0
0.0,0.0
0.0,0.0
0.0,0.0
0.0,0.0
0.0,0.0
0.0,0.0
0.0,0.0
0.0,0.0
0.0,0.0
0.0,0.0
0.0,0.0
0.0,0.0
0.0,0.0
0.0,0.0
0.0,0.0
0.0,0.0
0.0,0.0
-7.354616165161133,-5.997049331665039
0.0,0.0
0.0,0.0
0.0,0.0
0.0,0.0
0.0,0.0
-10.68916130065918,-6.974631309509277
0.0,0.0
-10.943719863891602,-10.598230361938477
0.0,0.0
0.0,0.0
0.0,0.0
-5.369321823120117,-4.80145263671875
0.0,0.0
0.0,0.0
0.0,0.0
-10.195732116699219,-1.9575257301330566
0.0,0.0
0.0,0.0
0.0,0.0
0.0,0.0
0.0,0.0
0.0,4.356335163116455
0.0,0.0
-9.802654266357422,1.9392955303192139
0.0,0.0
0.0,0.0
0.0,0.0
-9.616241455078125,0.8688908219337463
0.0,0.0
0.0,0.0
0.0,0.0
-3.3974802494049072,3.3283870220184326
0.0,0.0
0.0,0.0
0.0,0.0
0.0,0.0
0.0,0.0
-10.653547286987305,-5.868526458740234
0.0,0.0
-10.882601737976074,-10.749102592468262
0.0,0.0
0.0,0.0
0.0,0.0
-1.899999976158142,-1.0
0.0,0.0
0.0,0.0
0.0,0.0
-7.552280902862549,0.840139627456665
0.0,0.0
0.0,0.0
0.0,0.0
0.0,0.0
0.0,0.0
-1.0,-1.0
0.0,0.0
-9.786888122558594,1.8485394716262817
0.0,0.0
0.0,0.0
0.0,0.0
-7.690147399902344,3.977398157119751
0.0,0.0
0.0,0.0
0.0,0.0
0.0,0.0
0.0,0.0
0.0,0.0
0.0,0.0
0.0,0.0
0.0,0.0
0.0,0.0
0.0,0.0
0.0,0.0
0.0,0.0
0.0,0.0
0.0,0.0
0.0,0.0
0.0,0.0
0.0,0.0
0.0,0.0
-17.787391662597656,22.133150100708008
11.088115692138672,-8.64196491241455
0.0,0.0
0.0,0.0
0.0,0.0
0.0,0.0
0.0,0.0
0.0,0.0
-17.797643661499023,22.0451602935791
10.924500465393066,-8.909134864807129
0.0,0.0
0.0,0.0
0.0,0.0
0.0,0.0
0.0,0.0
0.0,0.0
0.0,0.0
0.0,0.0
0.0,0.0
0.0,0.0
0.0,0.0
0.0,0.0
0.0,0.0
0.0,0.0
0.0,0.0
0.0,0.0
0.0,0.0
0.0,0.0
0.0,0.0
0.0,0.0
0.0,0.0
0.0,0.0
-17.804447174072266,21.656042098999023
11.109931945800781,-8.899810791015625
0.0,0.0
0.0,0.0
-8.508905410766602,21.204761505126953
0.0,0.0
0.0,0.0
0.0,0.0
-17.433347702026367,21.926271438598633
11.111105918884277,-8.891327857971191
0.0,0.0
0.0,0.0
-6.047040939331055,10.585027694702148
0.0,0.0
0.0,0.0
0.0,0.0
0.0,0.0
0.0,0.0
0.0,0.0
0.0,0.0
0.0,0.0
0.0,0.0
0.0,0.0
0.0,0.0
0.0,0.0
0.0,0.0
0.0,0.0
0.0,0.0
0.0,0.0
0.0,0.0
0.0,0.0
0.0,0.0
0.0,0.0
0.0,0.0
0.0,0.0
0.0,0.0
0.0,0.0
0.0,0.0
0.0,0.0
0.0,0.0
0.0,0.0
0.0,0.0
0.0,0.0
0.0,0.0
0.0,0.0
0.0,0.0
0.0,0.0
0.0,0.0
0.0,0.0
0.0,0.0
0.0,0.0
0.0,0.0
0.0,0.0
0.0,0.0
0.0,0.0
0.0,0.0
0.0,0.0
0.0,0.0
0.0,0.0
0.0,0.0
0.0,0.0
0.0,0.0
0.0,0.0
0.0,0.0
0.0,0.0
0.0,0.0
0.0,0.0
0.0,0.0
0.0,0.0
0.0,0.0
0.0,0.0
0.0,0.0
0.0,0.0
0.0,0.0
0.0,0.0
0.0,0.0
0.0,0.0
0.0,0.0
0.0,0.0
0.0,0.0
0.0,0.0
0.0,0.0
0.0,0.0
0.0,0.0
0.0,0.0
0.0,0.0
0.0,0.0
0.0,0.0
0.0,0.0
0.0,0.0
0.0,0.0
0.0,0.0
0.0,0.0
0.0,0.0
0.0,0.0
0.0,0.0
-17.77777099609375,22.222211837768555
11.10169506072998,-7.335721015930176
0.0,0.0
0.0,0.0
0.0,0.0
0.0,0.0
0.0,0.0
0.0,0.0
-17.77777099609375,22.222211837768555
11.111105918884277,-8.69551944732666
0.0,0.0
0.0,0.0
0.0,0.0
0.0,0.0
0.0,0.0
0.0,0.0
0.0,0.0
0.0,0.0
0.0,0.0
0.0,0.0
0.0,0.0
0.0,0.0
0.0,0.0
0.0,0.0
0.0,0.0
0.0,0.0
0.0,0.0
0.0,0.0
0.0,0.0
0.0,0.0
0.0,0.0
0.0,0.0
-17.77777099609375,22.222211837768555
11.111078262329102,-7.97548770904541
0.0,0.0
0.0,0.0
0.0,0.0
0.0,0.0
0.0,0.0
0.0,0.0
-17.777788162231445,22.222204208374023
11.111105918884277,-8.609360694885254
0.0,0.0
0.0,0.0
0.0,0.0
0.0,0.0
0.0,0.0
0.0,0.0
0.0,0.0
0.0,0.0
0.0,0.0
0.0,0.0
0.0,0.0
0.0,0.0
0.0,0.0
0.0,0.0
0.0,0.0
0.0,0.0
0.0,0.0
0.0,0.0
0.0,0.0
0.0,0.0
0.0,0.0
0.0,0.0
0.0,0.0
0.0,0.0
0.0,0.0
0.0,0.0
0.0,0.0
0.0,0.0
0.0,0.0
0.0,0.0
0.0,0.0
0.0,0.0
0.0,0.0
0.0,0.0
0.0,0.0
0.0,0.0
0.0,0.0
0.0,0.0
0.0,0.0
0.0,0.0
0.0,0.0
0.0,0.0
0.0,0.0
0.0,0.0
0.0,0.0
0.0,0.0
0.0,0.0
0.0,0.0
0.0,0.0
0.0,0.0
0.0,0.0
0.0,0.0
0.0,0.0
0.0,0.0
0.0,0.0
0.0,0.0
0.0,0.0
0.0,0.0
0.0,0.0
0.0,0.0
0.0,0.0
0.0,0.0
0.0,0.0
0.0,0.0
0.0,0.0
0.0,0.0
0.0,0.0
0.0,0.0
-16.98793601989746,22.22219467163086
6.356335163116455,0.0
-13.091414451599121,22.216150283813477
1.909999966621399,0.0
0.0,0.0
0.0,0.0
0.0,0.0
0.0,0.0
-17.527761459350586,22.222211837768555
2.738100051879883,-1.88100004196167
-12.444141387939453,21.981910705566406
0.0,0.0
0.0,0.0
0.0,0.0
0.0,0.0
0.0,0.0
-15.905351638793945,22.222204208374023
6.784265041351318,-0.9900000095367432
-17.77777099609375,22.222211837768555
11.109216690063477,-7.481927394866943
0.0,0.0
0.0,0.0
0.0,0.0
0.0,0.0
-17.612424850463867,22.222211837768555
4.80145263671875,0.0
-17.79498863220215,22.217988967895508
10.772041320800781,-4.76620626449585
0.0,0.0
0.0,0.0
0.0,0.0
0.0,0.0
-17.359710693359375,22.222211837768555
4.177420616149902,-0.9726189970970154
-15.461771011352539,22.22100067138672
1.909999966621399,0.0
-2.0,2.0
0.0,0.0
0.0,0.0
0.0,0.0
-17.72968864440918,22.159143447875977
2.738100051879883,0.0
-12.706892013549805,21.87178611755371
0.0,0.0
-1.7799999713897705,15.056099891662598
0.0,0.0
0.0,0.0
0.0,0.0
-17.087831497192383,22.222211837768555
4.177420616149902,-0.9900000095367432
-17.777790069580078,22.222211837768555
11.01161003112793,-3.1345744132995605
-2.0,2.0
0.0,0.0
-3.7301666736602783,12.71267032623291
0.0,0.0
-17.704496383666992,22.152904510498047
2.738100051879883,0.0
-17.88514518737793,22.222190856933594
10.918563842773438,-6.533056259155273
-5.178459167480469,15.056099891662598
0.0,0.0
-7.510321140289307,22.04113006591797
0.0,0.0
0.0,0.0
0.0,0.0
0.0,0.0
0.0,0.0
0.0,0.0
0.0,0.0
0.0,0.0
0.0,0.0
0.0,0.0
0.0,0.0
0.0,0.0
0.0,0.0
0.0,0.0
0.0,0.0
0.0,0.0
0.0,0.0
0.0,0.0
0.0,0.0
0.0,0.0
0.0,0.0
0.0,0.0
0.0,0.0
0.0,0.0
0.0,0.0
0.0,0.0
0.0,0.0
0.0,0.0
0.0,0.0
0.0,0.0
0.0,0.0
0.0,0.0
0.0,0.0
0.0,0.0
0.0,0.0
0.0,0.0
0.0,0.0
0.0,0.0
0.0,0.0
0.0,0.0
0.0,0.0
0.0,0.0
0.0,0.0
0.0,0.0
0.0,0.0
0.0,0.0
0.0,0.0
0.0,0.0
0.0,0.0
0.0,0.0
0.0,0.0
0.0,0.0
0.0,0.0
0.0,0.0
0.0,0.0
0.0,0.0
0.0,0.0
0.0,0.0
0.0,0.0
0.0,0.0
0.0,0.0
0.0,0.0
0.0,0.0
0.0,0.0
0.0,0.0
0.0,0.0
0.0,0.0
-2.0,0.0
0.0,0.0
0.0,0.0
0.0,0.0
0.0,0.0
0.0,0.0
-14.392934799194336,21.981910705566406
0.0,0.0
-6.655888557434082,14.347362518310547
0.0,0.0
0.0,0.0
0.0,0.0
0.0,0.0
0.0,0.0
0.0,0.0
0.0,0.0
-17.77777099609375,22.222211837768555
0.0,0.0
0.0,0.0
0.0,0.0
0.0,0.0
0.0,0.0
-14.025270462036133,21.95814323425293
0.0,0.0
-17.77777099609375,22.222211837768555
0.0,0.0
0.0,0.0
0.0,0.0
0.0,0.0
0.0,0.0
0.0,0.0
0.0,0.0
0.0,0.0
0.0,0.0
0.0,0.0
0.0,0.0
0.0,0.0
0.0,0.0
-2.0,8.354841232299805
0.0,0.0
-2.0,0.0
0.0,0.0
0.0,0.0
0.0,0.0
0.0,0.0
0.0,0.0
0.0,0.0
0.0,0.0
0.0,0.0
0.0,0.0
0.0,0.0
0.0,0.0
0.0,0.0
0.0,0.0
-3.799999952316284,5.476200103759766
0.0,0.0
-13.048481941223145,22.158048629760742
0.0,0.0
0.0,0.0
0.0,0.0
0.0,0.0
0.0,0.0
0.0,0.0
0.0,0.0
0.0,0.0
0.0,0.0
0.0,0.0
0.0,0.0
0.0,0.0
0.0,0.0
0.0,0.0
0.0,0.0
0.0,0.0
0.0,0.0
0.0,0.0
0.0,0.0
0.0,0.0
0.0,0.0
0.0,0.0
0.0,0.0
0.0,0.0
0.0,0.0
0.0,0.0
0.0,0.0
0.0,0.0
0.0,0.0
0.0,0.0
0.0,0.0
0.0,0.0
0.0,0.0
0.0,0.0
0.0,0.0
0.0,0.0
0.0,0.0
0.0,0.0
0.0,0.0
0.0,0.0
0.0,0.0
0.0,0.0
0.0,0.0
0.0,0.0
0.0,0.0
0.0,0.0
0.0,0.0
0.0,0.0
0.0,0.0
0.0,0.0
0.0,0.0
0.0,0.0
0.0,0.0
0.0,0.0
0.0,0.0
0.0,0.0
0.0,0.0
0.0,0.0
0.0,0.0
0.0,0.0
0.0,0.0
0.0,0.0
0.0,0.0
0.0,0.0
0.0,0.0
0.0,0.0
0.0,0.0
0.0,0.0
0.0,0.0
