-6.431829452514648,5.8241071701049805
0.0,0.0
0.0,0.0
0.0,0.0
0.0,0.0
0.0,0.0
0.0,0.0
0.0,0.0
0.0,0.0
0.0,0.0
0.0,0.0
0.0,0.0
0.0,0.0
0.0,0.0
0.0,0.0
0.0,0.0
0.0,0.0
0.0,0.0
22.62688636779785,29.708478927612305
18.5190486907959,-3.5925393104553223
0.0,0.0
0.0,0.0
0.0,0.0
0.0,0.0
0.0,0.0
0.0,0.0
-2.6393187046051025,29.495954513549805
15.701050758361816,-6.584743499755859
0.0,0.0
0.0,0.0
-2.608839988708496,8.143978118896484
0.0,0.0
0.0,0.0
0.0,0.0
0.0,0.0
0.0,0.0
0.0,0.0
0.0,0.0
0.0,0.0
0.0,0.0
0.0,0.0
0.0,0.0
0.0,0.0
0.0,0.0
0.0,0.0
0.0,0.0
0.0,0.0
0.0,0.0
0.0,0.0
0.0,0.0
-8.892396926879883,11.111102104187012
0.0,0.0
0.0,0.0
0.0,0.0
-8.887889862060547,11.111105918884277
0.0,0.0
0.0,0.0
0.0,0.0
-8.89011287689209,11.10220718383789
0.0,0.0
0.0,0.0
0.0,0.0
-8.79893970489502,11.099554061889648
0.0,0.0
0.0,0.0
0.0,0.0
0.0,0.0
0.0,0.0
0.0,0.0
0.0,0.0
0.0,0.0
0.0,0.0
0.0,0.0
0.0,0.0
0.0,0.0
0.0,0.0
0.0,0.0
0.0,0.0
0.0,0.0
0.0,0.0
0.0,0.0
0.0,0.0
-8.977054595947266,10.860198020935059
22.222211837768555,-15.378804206848145
0.0,0.0
0.0,0.0
-8.114466667175293,11.091398239135742
14.347362518310547,0.0
0.0,0.0
0.0,0.0
-8.935830116271973,10.905000686645508
22.221452713012695,-17.780012130737305
0.0,0.0
0.0,0.0
-8.772441864013672,9.111105918884277
21.918930053710938,-17.696626663208008
0.0,0.0
0.0,0.0
0.0,0.0
0.0,0.0
0.0,0.0
0.0,0.0
0.0,0.0
0.0,0.0
0.0,0.0
0.0,0.0
0.0,0.0
0.0,0.0
0.0,0.0
0.0,0.0
0.0,0.0
0.0,0.0
0.0,0.0
0.0,0.0
-8.898907661437988,11.100940704345703
22.222211837768555,-17.353090286254883
0.0,0.0
0.0,0.0
-8.841018676757812,7.291106224060059
22.22212791442871,-17.10861587524414
0.0,0.0
0.0,0.0
-8.904820442199707,11.109006881713867
22.21380043029785,-17.790815353393555
0.0,0.0
0.0,0.0
-8.897909164428711,11.110860824584961
22.222211837768555,-17.728307723999023
0.0,0.0
0.0,0.0
0.0,0.0
0.0,0.0
0.0,0.0
0.0,0.0
0.0,0.0
0.0,0.0
0.0,0.0
0.0,0.0
0.0,0.0
0.0,0.0
0.0,0.0
0.0,0.0
0.0,0.0
0.0,0.0
0.0,0.0
0.0,0.0
0.32478076219558716,19.290306091308594
21.866212844848633,-17.777793884277344
0.0,0.0
0.0,0.0
0.0,0.0
0.0,0.0
0.0,0.0
0.0,0.0
-7.178006172180176,22.94157600402832
21.544082641601562,-13.968485832214355
0.0,0.0
0.0,0.0
-4.432246208190918,10.878594398498535
0.0,0.0
0.0,0.0
0.0,0.0
0.0,0.0
0.0,0.0
0.0,0.0
0.0,0.0
0.0,0.0
0.0,0.0
0.0,0.0
0.0,0.0
0.0,0.0
0.0,0.0
0.0,0.0
0.0,0.0
0.0,0.0
0.0,0.0
0.0,0.0
0.0,0.0
0.0,0.0
0.0,0.0
0.0,0.0
0.0,0.0
0.0,0.0
0.0,0.0
0.0,0.0
0.0,0.0
0.0,0.0
0.0,0.0
0.0,0.0
0.0,0.0
0.0,0.0
0.0,0.0
0.0,0.0
0.0,0.0
0.0,0.0
0.0,0.0
0.0,0.0
0.0,0.0
0.0,0.0
0.0,0.0
0.0,0.0
0.0,0.0
0.0,0.0
0.0,0.0
0.0,0.0
0.0,0.0
0.0,0.0
0.0,0.0
0.0,0.0
0.0,0.0
-8.912080764770508,10.87862491607666
0.0,0.0
0.0,0.0
0.0,0.0
0.0,0.0
0.0,0.0
0.0,0.0
0.0,0.0
-8.930182456970215,10.70224380493164
22.222211837768555,-17.77777099609375
0.0,0.0
0.0,0.0
-9.071046829223633,8.909852981567383
0.0,0.0
0.0,0.0
0.0,0.0
0.0,0.0
0.0,0.0
0.0,0.0
0.0,0.0
0.0,0.0
0.0,0.0
0.0,0.0
0.0,0.0
0.0,0.0
0.0,0.0
0.0,0.0
0.0,0.0
0.0,0.0
0.0,0.0
0.0,0.0
0.0,0.0
-8.895244598388672,11.108327865600586
0.0,0.0
0.0,0.0
0.0,0.0
0.0,0.0
0.0,0.0
0.0,0.0
0.0,0.0
-8.90358829498291,11.041733741760254
22.222211837768555,-17.65349006652832
0.0,0.0
0.0,0.0
-8.88530445098877,7.1370391845703125
0.0,0.0
0.0,0.0
0.0,0.0
0.0,0.0
0.0,0.0
0.0,0.0
0.0,0.0
0.0,0.0
0.0,0.0
0.0,0.0
0.0,0.0
0.0,0.0
0.0,0.0
0.0,0.0
0.0,0.0
0.0,0.0
0.0,0.0
0.0,0.0
0.0,0.0
0.0,0.0
0.0,0.0
0.0,0.0
0.0,0.0
0.0,0.0
0.0,0.0
0.0,0.0
0.0,0.0
0.0,0.0
0.0,0.0
0.0,0.0
0.0,0.0
0.0,0.0
0.0,0.0
0.0,0.0
0.0,0.0
0.0,0.0
0.0,0.0
0.0,0.0
0.0,0.0
0.0,0.0
0.0,0.0
0.0,0.0
0.0,0.0
0.0,0.0
0.0,0.0
0.0,0.0
0.0,0.0
0.0,0.0
0.0,0.0
0.0,0.0
0.0,0.0
0.0,0.0
0.0,0.0
0.0,0.0
0.0,0.0
0.0,0.0
0.0,0.0
0.0,0.0
0.0,0.0
0.0,0.0
0.0,0.0
0.0,0.0
0.0,0.0
0.0,0.0
0.0,0.0
-9.906283378601074,-0.00549421226605773
22.222211837768555,4.897388458251953
-9.645170211791992,4.06343936920166
16.28795623779297,-1.9617999792099
0.0,0.0
0.0,0.0
-1.0,-1.0819000005722046
0.0,0.0
-9.903944969177246,0.48969507217407227
22.222211837768555,12.227863311767578
-9.60660171508789,0.14904063940048218
17.30805778503418,0.0
0.0,0.0
0.0,0.0
-1.8387939929962158,5.015990257263184
0.0,0.0
0.0,0.0
0.0,0.0
-7.060664176940918,6.0859270095825195
12.71267032623291,-1.6301788091659546
0.0,0.0
0.0,0.0
-1.899999976158142,1.0420842170715332
0.0,0.0
0.0,0.0
0.0,0.0
-8.874491691589355,2.8200366497039795
13.574848175048828,-2.458760976791382
0.0,0.0
0.0,0.0
-3.8911685943603516,5.692990303039551
0.0,0.0
-9.739489555358887,4.801105976104736
22.222211837768555,-16.97064971923828
-9.42456340789795,9.256245613098145
13.568530082702637,-3.6728732585906982
-8.826847076416016,8.101155281066895
0.0,0.0
-1.0,0.0
0.0,0.0
-9.838850021362305,1.808719277381897
22.222211837768555,8.133535385131836
-9.783390045166016,10.124889373779297
16.822040557861328,-1.4199999570846558
-8.427326202392578,7.014014720916748
10.738643646240234,-3.7039709091186523
-5.132579803466797,0.15555842220783234
9.6029052734375,-1.9039709568023682
0.0,0.0
0.0,0.0
-1.8582258224487305,6.184312343597412
10.738643646240234,-3.6820716857910156
0.0,0.0
0.0,0.0
-1.0,2.1774206161499023
0.0,0.0
0.0,0.0
0.0,0.0
-5.9485321044921875,3.423316240310669
11.772165298461914,0.12514188885688782
0.0,0.0
0.0,0.0
-6.570628643035889,4.667036056518555
15.056099891662598,-2.0
0.0,0.0
0.0,0.0
0.0,0.0
0.0,0.0
0.0,0.0
0.0,0.0
0.0,0.0
0.0,0.0
0.0,0.0
0.0,0.0
0.0,0.0
0.0,0.0
0.0,0.0
0.0,0.0
0.0,0.0
0.0,0.0
0.0,0.0
0.0,0.0
0.0,0.0
0.0,0.0
0.0,0.0
0.0,0.0
0.0,0.0
0.0,0.0
0.0,0.0
0.0,0.0
0.0,0.0
0.0,0.0
0.0,0.0
0.0,0.0
0.0,0.0
0.0,0.0
0.0,0.0
0.0,0.0
0.0,0.0
0.0,0.0
0.0,0.0
0.0,0.0
0.0,0.0
0.0,0.0
0.0,0.0
0.0,0.0
0.0,0.0
0.0,0.0
0.0,0.0
0.0,0.0
0.0,0.0
0.0,0.0
0.0,0.0
0.0,0.0
0.0,0.0
0.0,0.0
0.0,0.0
0.0,0.0
0.0,0.0
0.0,0.0
0.0,0.0
0.0,0.0
0.0,0.0
0.0,0.0
0.0,0.0
0.0,0.0
0.0,0.0
0.0,0.0
0.0,0.0
0.0,0.0
-7.354616165161133,0.8395911455154419
0.0,0.0
0.0,0.0
0.0,0.0
0.0,0.0
0.0,0.0
-10.593083381652832,-6.3427276611328125
0.0,0.0
-10.675225257873535,-7.573887825012207
0.0,0.0
0.0,0.0
0.0,0.0
-5.369321823120117,-4.80145263671875
0.0,0.0
0.0,0.0
0.0,0.0
-10.195544242858887,-1.9556610584259033
0.0,0.0
0.0,0.0
0.0,0.0
0.0,0.0
0.0,0.0
0.0,4.356335163116455
0.0,0.0
-9.845438957214355,1.6757886409759521
0.0,0.0
0.0,0.0
0.0,0.0
-9.546191215515137,1.2234978675842285
0.0,0.0
0.0,0.0
0.0,0.0
-3.3974802494049072,3.910623073577881
0.0,0.0
0.0,0.0
0.0,0.0
0.0,0.0
0.0,0.0
-10.215190887451172,-5.868625640869141
0.0,0.0
-10.748363494873047,-6.066192626953125
0.0,0.0
0.0,0.0
0.0,0.0
-1.899999976158142,-1.0
0.0,0.0
0.0,0.0
0.0,0.0
-7.289647102355957,8.040547370910645
0.0,0.0
0.0,0.0
0.0,0.0
0.0,0.0
0.0,0.0
-1.0,-1.0
0.0,0.0
-9.578304290771484,7.308255195617676
0.0,0.0
0.0,0.0
0.0,0.0
-7.451769828796387,1.5142061710357666
0.0,0.0
0.0,0.0
0.0,0.0
0.0,0.0
0.0,0.0
0.0,0.0
0.0,0.0
0.0,0.0
0.0,0.0
0.0,0.0
0.0,0.0
0.0,0.0
0.0,0.0
0.0,0.0
0.0,0.0
0.0,0.0
0.0,0.0
0.0,0.0
0.0,0.0
-17.793275833129883,22.084102630615234
11.111105918884277,-8.500965118408203
0.0,0.0
0.0,0.0
0.0,0.0
0.0,0.0
0.0,0.0
0.0,0.0
-17.796409606933594,22.03159523010254
10.111105918884277,-8.868613243103027
0.0,0.0
0.0,0.0
0.0,0.0
0.0,0.0
0.0,0.0
0.0,0.0
0.0,0.0
0.0,0.0
0.0,0.0
0.0,0.0
0.0,0.0
0.0,0.0
0.0,0.0
0.0,0.0
0.0,0.0
0.0,0.0
0.0,0.0
0.0,0.0
0.0,0.0
0.0,0.0
0.0,0.0
0.0,0.0
-17.72519874572754,21.966907501220703
10.946630477905273,-8.899428367614746
0.0,0.0
0.0,0.0
-6.308512210845947,20.591758728027344
0.0,0.0
0.0,0.0
0.0,0.0
-17.805496215820312,21.86212730407715
11.111044883728027,-8.895184516906738
0.0,0.0
0.0,0.0
-4.6169562339782715,10.821969985961914
0.0,0.0
0.0,0.0
0.0,0.0
0.0,0.0
0.0,0.0
0.0,0.0
0.0,0.0
0.0,0.0
0.0,0.0
0.0,0.0
0.0,0.0
0.0,0.0
0.0,0.0
0.0,0.0
0.0,0.0
0.0,0.0
0.0,0.0
0.0,0.0
0.0,0.0
0.0,0.0
0.0,0.0
0.0,0.0
0.0,0.0
0.0,0.0
0.0,0.0
0.0,0.0
0.0,0.0
0.0,0.0
0.0,0.0
0.0,0.0
0.0,0.0
0.0,0.0
0.0,0.0
0.0,0.0
0.0,0.0
0.0,0.0
0.0,0.0
0.0,0.0
0.0,0.0
0.0,0.0
0.0,0.0
0.0,0.0
0.0,0.0
0.0,0.0
0.0,0.0
0.0,0.0
0.0,0.0
0.0,0.0
0.0,0.0
0.0,0.0
0.0,0.0
0.0,0.0
0.0,0.0
0.0,0.0
0.0,0.0
0.0,0.0
0.0,0.0
0.0,0.0
0.0,0.0
0.0,0.0
0.0,0.0
0.0,0.0
0.0,0.0
0.0,0.0
0.0,0.0
0.0,0.0
0.0,0.0
0.0,0.0
0.0,0.0
0.0,0.0
0.0,0.0
0.0,0.0
0.0,0.0
0.0,0.0
0.0,0.0
0.0,0.0
0.0,0.0
0.0,0.0
0.0,0.0
0.0,0.0
0.0,0.0
0.0,0.0
0.0,0.0
-17.77777099609375,22.222211837768555
11.100764274597168,-7.163032054901123
0.0,0.0
0.0,0.0
0.0,0.0
0.0,0.0
0.0,0.0
0.0,0.0
-17.77777099609375,22.222211837768555
11.111105918884277,-8.69551944732666
0.0,0.0
0.0,0.0
0.0,0.0
0.0,0.0
0.0,0.0
0.0,0.0
0.0,0.0
0.0,0.0
0.0,0.0
0.0,0.0
0.0,0.0
0.0,0.0
0.0,0.0
0.0,0.0
0.0,0.0
0.0,0.0
0.0,0.0
0.0,0.0
0.0,0.0
0.0,0.0
0.0,0.0
0.0,0.0
-17.77776527404785,22.222211837768555
11.111078262329102,-7.97548770904541
0.0,0.0
0.0,0.0
0.0,0.0
0.0,0.0
0.0,0.0
0.0,0.0
-17.777788162231445,22.222204208374023
11.111105918884277,-8.609360694885254
0.0,0.0
0.0,0.0
0.0,0.0
0.0,0.0
0.0,0.0
0.0,0.0
0.0,0.0
0.0,0.0
0.0,0.0
0.0,0.0
0.0,0.0
0.0,0.0
0.0,0.0
0.0,0.0
0.0,0.0
0.0,0.0
0.0,0.0
0.0,0.0
0.0,0.0
0.0,0.0
0.0,0.0
0.0,0.0
0.0,0.0
0.0,0.0
0.0,0.0
0.0,0.0
0.0,0.0
0.0,0.0
0.0,0.0
0.0,0.0
0.0,0.0
0.0,0.0
0.0,0.0
0.0,0.0
0.0,0.0
0.0,0.0
0.0,0.0
0.0,0.0
0.0,0.0
0.0,0.0
0.0,0.0
0.0,0.0
0.0,0.0
0.0,0.0
0.0,0.0
0.0,0.0
0.0,0.0
0.0,0.0
0.0,0.0
0.0,0.0
0.0,0.0
0.0,0.0
0.0,0.0
0.0,0.0
0.0,0.0
0.0,0.0
0.0,0.0
0.0,0.0
0.0,0.0
0.0,0.0
0.0,0.0
0.0,0.0
0.0,0.0
0.0,0.0
0.0,0.0
0.0,0.0
0.0,0.0
0.0,0.0
-16.694316864013672,22.222143173217773
5.886082649230957,0.0
-11.991886138916016,22.199481964111328
1.909999966621399,0.0
0.0,0.0
0.0,0.0
0.0,0.0
0.0,0.0
-17.30732536315918,22.222211837768555
2.738100051879883,-1.88100004196167
-11.186531066894531,21.9033260345459
0.0,0.0
0.0,0.0
0.0,0.0
0.0,0.0
0.0,0.0
-15.466139793395996,22.2221736907959
6.356335163116455,-0.9900000095367432
-17.77777099609375,22.222211837768555
11.10777473449707,-6.958825588226318
0.0,0.0
0.0,0.0
0.0,0.0
0.0,0.0
-17.43206214904785,22.222211837768555
4.80145263671875,0.0
-17.78276252746582,22.222013473510742
10.772041320800781,-4.76620626449585
0.0,0.0
0.0,0.0
0.0,0.0
0.0,0.0
-17.31325912475586,22.222204208374023
3.491671085357666,-0.9726189970970154
-14.918435096740723,22.218059539794922
1.909999966621399,0.0
-2.0,2.0
0.0,0.0
0.0,0.0
0.0,0.0
-17.671184539794922,20.341205596923828
2.738100051879883,0.0
-12.706892013549805,21.75718879699707
0.0,0.0
-1.7799999713897705,15.056099891662598
0.0,0.0
0.0,0.0
0.0,0.0
-17.011171340942383,22.222209930419922
3.491671085357666,-0.9900000095367432
-17.77781867980957,22.222211837768555
10.878594398498535,-3.1345744132995605
-2.0,2.0
0.0,0.0
-3.7301666736602783,12.71267032623291
0.0,0.0
-17.59331512451172,20.341205596923828
2.738100051879883,0.0
-18.296340942382812,21.926939010620117
10.899520874023438,-6.268946170806885
-5.178459167480469,12.71267032623291
0.0,0.0
-6.364325523376465,21.60511589050293
0.0,0.0
0.0,0.0
0.0,0.0
0.0,0.0
0.0,0.0
0.0,0.0
0.0,0.0
0.0,0.0
0.0,0.0
0.0,0.0
0.0,0.0
0.0,0.0
0.0,0.0
0.0,0.0
0.0,0.0
0.0,0.0
0.0,0.0
0.0,0.0
0.0,0.0
0.0,0.0
0.0,0.0
0.0,0.0
0.0,0.0
0.0,0.0
0.0,0.0
0.0,0.0
0.0,0.0
0.0,0.0
0.0,0.0
0.0,0.0
0.0,0.0
0.0,0.0
0.0,0.0
0.0,0.0
0.0,0.0
0.0,0.0
0.0,0.0
0.0,0.0
0.0,0.0
0.0,0.0
0.0,0.0
0.0,0.0
0.0,0.0
0.0,0.0
0.0,0.0
0.0,0.0
0.0,0.0
0.0,0.0
0.0,0.0
0.0,0.0
0.0,0.0
0.0,0.0
0.0,0.0
0.0,0.0
0.0,0.0
0.0,0.0
0.0,0.0
0.0,0.0
0.0,0.0
0.0,0.0
0.0,0.0
0.0,0.0
0.0,0.0
0.0,0.0
0.0,0.0
0.0,0.0
0.0,0.0
-2.0,0.0
0.0,0.0
0.0,0.0
0.0,0.0
0.0,0.0
0.0,0.0
-13.592449188232422,21.9033260345459
0.0,0.0
-6.655888557434082,13.568530082702637
0.0,0.0
0.0,0.0
0.0,0.0
0.0,0.0
0.0,0.0
0.0,0.0
0.0,0.0
-17.77777099609375,22.222211837768555
0.0,0.0
0.0,0.0
0.0,0.0
0.0,0.0
0.0,0.0
-13.138248443603516,21.9033260345459
0.0,0.0
-17.77777099609375,22.222211837768555
0.0,0.0
0.0,0.0
0.0,0.0
0.0,0.0
0.0,0.0
0.0,0.0
0.0,0.0
0.0,0.0
0.0,0.0
0.0,0.0
0.0,0.0
0.0,0.0
0.0,0.0
-2.0,8.354841232299805
0.0,0.0
-2.0,0.0
0.0,0.0
0.0,0.0
0.0,0.0
0.0,0.0
0.0,0.0
0.0,0.0
0.0,0.0
0.0,0.0
0.0,0.0
0.0,0.0
0.0,0.0
0.0,0.0
0.0,0.0
-3.799999952316284,3.819999933242798
0.0,0.0
-13.048481941223145,22.128639221191406
0.0,0.0
0.0,0.0
0.0,0.0
0.0,0.0
0.0,0.0
0.0,0.0
0.0,0.0
0.0,0.0
0.0,0.0
0.0,0.0
0.0,0.0
0.0,0.0
0.0,0.0
0.0,0.0
0.0,0.0
0.0,0.0
0.0,0.0
0.0,0.0
0.0,0.0
0.0,0.0
0.0,0.0
0.0,0.0
0.0,0.0
0.0,0.0
0.0,0.0
0.0,0.0
0.0,0.0
0.0,0.0
0.0,0.0
0.0,0.0
0.0,0.0
0.0,0.0
0.0,0.0
0.0,0.0
0.0,0.0
0.0,0.0
0.0,0.0
0.0,0.0
0.0,0.0
0.0,0.0
0.0,0.0
0.0,0.0
0.0,0.0
0.0,0.0
0.0,0.0
0.0,0.0
0.0,0.0
0.0,0.0
0.0,0.0
0.0,0.0
0.0,0.0
0.0,0.0
0.0,0.0
0.0,0.0
0.0,0.0
0.0,0.0
0.0,0.0
0.0,0.0
0.0,0.0
0.0,0.0
0.0,0.0
0.0,0.0
0.0,0.0
0.0,0.0
0.0,0.0
0.0,0.0
0.0,0.0
0.0,0.0
0.0,0.0
