-8.37564754486084,6.6369218826293945
0.0,0.0
0.0,0.0
0.0,0.0
0.0,0.0
0.0,0.0
0.0,0.0
0.0,0.0
0.0,0.0
0.0,0.0
0.0,0.0
0.0,0.0
0.0,0.0
0.0,0.0
0.0,0.0
0.0,0.0
0.0,0.0
0.0,0.0
6.046648979187012,29.711532592773438
22.085756301879883,-6.313778400421143
0.0,0.0
0.0,0.0
0.0,0.0
0.0,0.0
0.0,0.0
0.0,0.0
18.632389068603516,29.483692169189453
21.837127685546875,-8.722358703613281
0.0,0.0
0.0,0.0
-2.608839988708496,8.65402889251709
0.0,0.0
0.0,0.0
0.0,0.0
0.0,0.0
0.0,0.0
0.0,0.0
0.0,0.0
0.0,0.0
0.0,0.0
0.0,0.0
0.0,0.0
0.0,0.0
0.0,0.0
0.0,0.0
0.0,0.0
0.0,0.0
0.0,0.0
0.0,0.0
0.0,0.0
-8.890307426452637,11.100531578063965
16.822040557861328,-5.137569427490234
0.0,0.0
0.0,0.0
-8.889111518859863,11.111105918884277
0.0,0.0
0.0,0.0
0.0,0.0
-8.889765739440918,11.108572959899902
11.772165298461914,-1.9301666021347046
0.0,0.0
0.0,0.0
-8.8849515914917,11.101541519165039
0.0,0.0
0.0,0.0
0.0,0.0
0.0,0.0
0.0,0.0
0.0,0.0
0.0,0.0
0.0,0.0
0.0,0.0
0.0,0.0
0.0,0.0
0.0,0.0
0.0,0.0
0.0,0.0
0.0,0.0
0.0,0.0
0.0,0.0
0.0,0.0
0.0,0.0
-8.964344024658203,11.006855010986328
22.222211837768555,-17.777576446533203
0.0,0.0
0.0,0.0
-8.759797096252441,11.111105918884277
22.21416473388672,-6.145223617553711
0.0,0.0
0.0,0.0
-8.895517349243164,10.888174057006836
22.222116470336914,-17.777799606323242
0.0,0.0
0.0,0.0
-8.96074390411377,10.371662139892578
22.222211837768555,-17.777725219726562
0.0,0.0
0.0,0.0
0.0,0.0
0.0,0.0
0.0,0.0
0.0,0.0
0.0,0.0
0.0,0.0
0.0,0.0
0.0,0.0
0.0,0.0
0.0,0.0
0.0,0.0
0.0,0.0
0.0,0.0
0.0,0.0
0.0,0.0
0.0,0.0
-8.898826599121094,11.111104965209961
22.222211837768555,-17.775075912475586
0.0,0.0
0.0,0.0
-8.888884544372559,11.111105918884277
22.222211837768555,-17.77056884765625
0.0,0.0
0.0,0.0
-8.899720191955566,11.0803861618042
22.222211837768555,-17.777572631835938
0.0,0.0
0.0,0.0
-8.895769119262695,11.111104965209961
22.222211837768555,-14.526792526245117
0.0,0.0
0.0,0.0
0.0,0.0
0.0,0.0
0.0,0.0
0.0,0.0
0.0,0.0
0.0,0.0
0.0,0.0
0.0,0.0
0.0,0.0
0.0,0.0
0.0,0.0
0.0,0.0
0.0,0.0
0.0,0.0
0.0,0.0
0.0,0.0
0.3283389210700989,19.290306091308594
22.18834114074707,-17.736223220825195
0.0,0.0
0.0,0.0
0.0,0.0
0.0,0.0
0.0,0.0
0.0,0.0
9.566736221313477,22.948305130004883
22.222211837768555,-17.44182014465332
0.0,0.0
0.0,0.0
-8.14648151397705,11.11109733581543
10.738643646240234,-1.9301666021347046
0.0,0.0
0.0,0.0
0.0,0.0
0.0,0.0
0.0,0.0
0.0,0.0
0.0,0.0
0.0,0.0
0.0,0.0
0.0,0.0
0.0,0.0
0.0,0.0
0.0,0.0
0.0,0.0
0.0,0.0
0.0,0.0
0.0,0.0
0.0,0.0
0.0,0.0
0.0,0.0
0.0,0.0
0.0,0.0
0.0,0.0
0.0,0.0
0.0,0.0
0.0,0.0
0.0,0.0
0.0,0.0
0.0,0.0
0.0,0.0
0.0,0.0
0.0,0.0
0.0,0.0
0.0,0.0
0.0,0.0
0.0,0.0
0.0,0.0
0.0,0.0
0.0,0.0
0.0,0.0
0.0,0.0
0.0,0.0
0.0,0.0
0.0,0.0
0.0,0.0
0.0,0.0
0.0,0.0
0.0,0.0
0.0,0.0
0.0,0.0
-8.912080764770508,10.87862491607666
0.0,0.0
0.0,0.0
0.0,0.0
0.0,0.0
0.0,0.0
0.0,0.0
0.0,0.0
-8.92627239227295,10.737015724182129
22.222034454345703,-17.777809143066406
0.0,0.0
0.0,0.0
-9.124391555786133,4.344432830810547
3.4761998653411865,0.0
0.0,0.0
0.0,0.0
0.0,0.0
0.0,0.0
0.0,0.0
0.0,0.0
0.0,0.0
0.0,0.0
0.0,0.0
0.0,0.0
0.0,0.0
0.0,0.0
0.0,0.0
0.0,0.0
0.0,0.0
0.0,0.0
0.0,0.0
0.0,0.0
-8.889103889465332,11.111099243164062
0.0,0.0
0.0,0.0
0.0,0.0
0.0,0.0
0.0,0.0
0.0,0.0
0.0,0.0
-8.982656478881836,10.422318458557129
22.222211837768555,-17.777067184448242
0.0,0.0
0.0,0.0
-9.188298225402832,7.348546028137207
0.0,0.0
0.0,0.0
0.0,0.0
0.0,0.0
0.0,0.0
0.0,0.0
0.0,0.0
0.0,0.0
0.0,0.0
0.0,0.0
0.0,0.0
0.0,0.0
0.0,0.0
0.0,0.0
0.0,0.0
0.0,0.0
0.0,0.0
0.0,0.0
0.0,0.0
0.0,0.0
0.0,0.0
0.0,0.0
0.0,0.0
0.0,0.0
0.0,0.0
0.0,0.0
0.0,0.0
0.0,0.0
0.0,0.0
0.0,0.0
0.0,0.0
0.0,0.0
0.0,0.0
0.0,0.0
0.0,0.0
0.0,0.0
0.0,0.0
0.0,0.0
0.0,0.0
0.0,0.0
0.0,0.0
0.0,0.0
0.0,0.0
0.0,0.0
0.0,0.0
0.0,0.0
0.0,0.0
0.0,0.0
0.0,0.0
0.0,0.0
0.0,0.0
0.0,0.0
0.0,0.0
0.0,0.0
0.0,0.0
0.0,0.0
0.0,0.0
0.0,0.0
0.0,0.0
0.0,0.0
0.0,0.0
0.0,0.0
0.0,0.0
0.0,0.0
0.0,0.0
-10.036635398864746,0.20359864830970764
22.222211837768555,-2.899609088897705
-9.705403327941895,1.2519783973693848
19.431617736816406,-1.9617999792099
-1.0,0.0
0.0,0.0
-1.909999966621399,1.0140786170959473
0.0,0.0
-9.883997917175293,1.1680734157562256
22.222211837768555,-3.696305513381958
-9.630738258361816,2.5018458366394043
21.75718879699707,2.211355209350586
0.0,0.0
0.0,0.0
-2.5698862075805664,8.502827644348145
0.0,0.0
0.0,0.0
0.0,0.0
-8.860190391540527,1.1172116994857788
15.701050758361816,-3.310150384902954
0.0,0.0
0.0,0.0
-2.690516948699951,3.5233843326568604
0.0,0.0
0.0,0.0
0.0,0.0
-9.345124244689941,6.5372633934021
21.028911590576172,-5.417966842651367
0.0,0.0
0.0,0.0
-5.354219436645508,5.595355033874512
0.0,0.0
-9.869465827941895,2.1778552532196045
22.222211837768555,-9.202899932861328
-9.874588012695312,-1.988364577293396
20.48079490661621,-5.108758449554443
-9.249631881713867,5.491188049316406
0.0,0.0
-1.899999976158142,6.336963176727295
0.0,0.0
-9.749590873718262,2.485445976257324
22.222211837768555,2.9226748943328857
-9.781455039978027,6.263882160186768
21.544082641601562,-1.4199999570846558
-9.339066505432129,-3.691225290298462
15.701050758361816,-5.206447124481201
-6.421950340270996,3.4607043266296387
15.701050758361816,-3.606187343597412
0.0,0.0
0.0,0.0
-4.45147705078125,6.9140167236328125
18.152801513671875,-1.1703908443450928
0.0,0.0
0.0,0.0
-1.8578205108642578,8.741307258605957
2.0,0.0
0.0,0.0
0.0,0.0
-7.398270130157471,4.906831741333008
19.431617736816406,2.2696382999420166
0.0,0.0
0.0,0.0
-7.956164836883545,1.9359781742095947
19.91132164001465,4.457124710083008
0.0,0.0
0.0,0.0
0.0,0.0
0.0,0.0
0.0,0.0
0.0,0.0
0.0,0.0
0.0,0.0
0.0,0.0
0.0,0.0
0.0,0.0
0.0,0.0
0.0,0.0
0.0,0.0
0.0,0.0
0.0,0.0
0.0,0.0
0.0,0.0
0.0,0.0
0.0,0.0
0.0,0.0
0.0,0.0
0.0,0.0
0.0,0.0
0.0,0.0
0.0,0.0
0.0,0.0
0.0,0.0
0.0,0.0
0.0,0.0
0.0,0.0
0.0,0.0
0.0,0.0
0.0,0.0
0.0,0.0
0.0,0.0
0.0,0.0
0.0,0.0
0.0,0.0
0.0,0.0
0.0,0.0
0.0,0.0
0.0,0.0
0.0,0.0
0.0,0.0
0.0,0.0
0.0,0.0
0.0,0.0
0.0,0.0
0.0,0.0
0.0,0.0
0.0,0.0
0.0,0.0
0.0,0.0
0.0,0.0
0.0,0.0
0.0,0.0
0.0,0.0
0.0,0.0
0.0,0.0
0.0,0.0
0.0,0.0
0.0,0.0
0.0,0.0
0.0,0.0
0.0,0.0
-9.085949897766113,-3.0493829250335693
0.0,0.0
0.0,0.0
0.0,0.0
0.0,0.0
0.0,0.0
-10.566485404968262,-5.666762351989746
0.0,0.0
-10.716009140014648,-7.253433704376221
0.0,0.0
0.0,0.0
0.0,0.0
-8.65402889251709,-8.411020278930664
0.0,0.0
0.0,0.0
0.0,0.0
-10.195734024047852,-1.9577696323394775
0.0,0.0
0.0,0.0
0.0,0.0
0.0,0.0
0.0,0.0
-0.927247166633606,7.620506286621094
0.0,0.0
-9.862778663635254,1.3724846839904785
0.0,0.0
0.0,0.0
0.0,0.0
-9.993293762207031,-2.6028709411621094
0.0,0.0
0.0,0.0
0.0,0.0
-3.3974802494049072,1.8343313932418823
0.0,0.0
0.0,0.0
0.0,0.0
0.0,0.0
0.0,0.0
-10.576032638549805,-5.444259166717529
0.0,0.0
-10.682619094848633,-10.503145217895508
0.0,0.0
0.0,0.0
0.0,0.0
-4.169885158538818,-4.177420616149902
0.0,0.0
0.0,0.0
0.0,0.0
-8.249055862426758,0.605466365814209
0.0,0.0
0.0,0.0
0.0,0.0
0.0,0.0
0.0,0.0
-1.909999966621399,-1.0140786170959473
0.0,0.0
-9.93134593963623,3.8055968284606934
0.0,0.0
0.0,0.0
0.0,0.0
-9.252715110778809,-1.6526844501495361
0.0,0.0
0.0,0.0
0.0,0.0
0.0,0.0
0.0,0.0
0.0,0.0
0.0,0.0
0.0,0.0
0.0,0.0
0.0,0.0
0.0,0.0
0.0,0.0
0.0,0.0
0.0,0.0
0.0,0.0
0.0,0.0
0.0,0.0
0.0,0.0
0.0,0.0
-17.791587829589844,22.08017921447754
11.110368728637695,-8.892220497131348
0.0,0.0
0.0,0.0
0.0,0.0
0.0,0.0
0.0,0.0
0.0,0.0
-17.789186477661133,22.054731369018555
10.237585067749023,-8.905145645141602
0.0,0.0
0.0,0.0
0.0,0.0
0.0,0.0
0.0,0.0
0.0,0.0
0.0,0.0
0.0,0.0
0.0,0.0
0.0,0.0
0.0,0.0
0.0,0.0
0.0,0.0
0.0,0.0
0.0,0.0
0.0,0.0
0.0,0.0
0.0,0.0
0.0,0.0
0.0,0.0
0.0,0.0
0.0,0.0
-16.472496032714844,21.788658142089844
11.111105918884277,-8.886427879333496
0.0,0.0
0.0,0.0
-10.406445503234863,17.991783142089844
0.0,0.0
0.0,0.0
0.0,0.0
-17.299575805664062,21.95258903503418
11.111104965209961,-8.887651443481445
0.0,0.0
0.0,0.0
-9.449928283691406,12.765912055969238
0.0,0.0
0.0,0.0
0.0,0.0
0.0,0.0
0.0,0.0
0.0,0.0
0.0,0.0
0.0,0.0
0.0,0.0
0.0,0.0
0.0,0.0
0.0,0.0
0.0,0.0
0.0,0.0
0.0,0.0
0.0,0.0
0.0,0.0
0.0,0.0
0.0,0.0
0.0,0.0
0.0,0.0
0.0,0.0
0.0,0.0
0.0,0.0
0.0,0.0
0.0,0.0
0.0,0.0
0.0,0.0
0.0,0.0
0.0,0.0
0.0,0.0
0.0,0.0
0.0,0.0
0.0,0.0
0.0,0.0
0.0,0.0
0.0,0.0
0.0,0.0
0.0,0.0
0.0,0.0
0.0,0.0
0.0,0.0
0.0,0.0
0.0,0.0
0.0,0.0
0.0,0.0
0.0,0.0
0.0,0.0
0.0,0.0
0.0,0.0
0.0,0.0
0.0,0.0
0.0,0.0
0.0,0.0
0.0,0.0
0.0,0.0
0.0,0.0
0.0,0.0
0.0,0.0
0.0,0.0
0.0,0.0
0.0,0.0
0.0,0.0
0.0,0.0
0.0,0.0
0.0,0.0
0.0,0.0
0.0,0.0
0.0,0.0
0.0,0.0
0.0,0.0
0.0,0.0
0.0,0.0
0.0,0.0
0.0,0.0
0.0,0.0
0.0,0.0
0.0,0.0
0.0,0.0
0.0,0.0
0.0,0.0
0.0,0.0
0.0,0.0
-17.77777099609375,22.222211837768555
11.111105918884277,-8.450236320495605
0.0,0.0
0.0,0.0
0.0,0.0
0.0,0.0
0.0,0.0
0.0,0.0
-17.77777099609375,22.222211837768555
11.111105918884277,-8.83427619934082
0.0,0.0
0.0,0.0
0.0,0.0
0.0,0.0
0.0,0.0
0.0,0.0
0.0,0.0
0.0,0.0
0.0,0.0
0.0,0.0
0.0,0.0
0.0,0.0
0.0,0.0
0.0,0.0
0.0,0.0
0.0,0.0
0.0,0.0
0.0,0.0
0.0,0.0
0.0,0.0
0.0,0.0
0.0,0.0
-17.77777099609375,22.222211837768555
11.111105918884277,-8.719634056091309
0.0,0.0
0.0,0.0
0.0,0.0
0.0,0.0
0.0,0.0
0.0,0.0
-17.777788162231445,22.222204208374023
11.111105918884277,-8.870828628540039
0.0,0.0
0.0,0.0
0.0,0.0
0.0,0.0
0.0,0.0
0.0,0.0
0.0,0.0
0.0,0.0
0.0,0.0
0.0,0.0
0.0,0.0
0.0,0.0
0.0,0.0
0.0,0.0
0.0,0.0
0.0,0.0
0.0,0.0
0.0,0.0
0.0,0.0
0.0,0.0
0.0,0.0
0.0,0.0
0.0,0.0
0.0,0.0
0.0,0.0
0.0,0.0
0.0,0.0
0.0,0.0
0.0,0.0
0.0,0.0
0.0,0.0
0.0,0.0
0.0,0.0
0.0,0.0
0.0,0.0
0.0,0.0
0.0,0.0
0.0,0.0
0.0,0.0
0.0,0.0
0.0,0.0
0.0,0.0
0.0,0.0
0.0,0.0
0.0,0.0
0.0,0.0
0.0,0.0
0.0,0.0
0.0,0.0
0.0,0.0
0.0,0.0
0.0,0.0
0.0,0.0
0.0,0.0
0.0,0.0
0.0,0.0
0.0,0.0
0.0,0.0
0.0,0.0
0.0,0.0
0.0,0.0
0.0,0.0
0.0,0.0
0.0,0.0
0.0,0.0
0.0,0.0
0.0,0.0
0.0,0.0
-17.681753158569336,22.222211837768555
7.528049945831299,0.0
-15.962189674377441,22.222211837768555
4.177420616149902,0.0
0.0,0.0
0.0,0.0
0.0,0.0
0.0,0.0
-17.77082633972168,22.222211837768555
6.784265041351318,-2.651125907897949
-16.108186721801758,22.220264434814453
0.0,0.0
0.0,0.0
0.0,0.0
0.0,0.0
0.0,0.0
-17.5933895111084,22.222211837768555
7.850525379180908,-1.819263219833374
-17.77777099609375,22.222211837768555
11.111092567443848,-7.749253749847412
0.0,0.0
0.0,0.0
0.0,0.0
0.0,0.0
-17.77364158630371,22.222211837768555
7.850525379180908,-1.7932236194610596
-17.777788162231445,22.222209930419922
11.111019134521484,-7.8432135581970215
0.0,0.0
0.0,0.0
0.0,0.0
0.0,0.0
-17.691701889038086,22.222211837768555
5.369321823120117,-0.9726189970970154
-17.348621368408203,22.222211837768555
4.177420616149902,0.0
-2.0,15.056099891662598
0.0,0.0
0.0,0.0
0.0,0.0
-17.7752628326416,22.222211837768555
4.80145263671875,-1.8404403924942017
-13.670849800109863,22.221210479736328
0.0,0.0
-1.7799999713897705,18.152801513671875
0.0,0.0
0.0,0.0
0.0,0.0
-17.670028686523438,22.222196578979492
7.528049945831299,-0.9900000095367432
-17.784221649169922,22.124332427978516
11.082730293273926,-4.231882572174072
-3.6643147468566895,15.056099891662598
0.0,0.0
-7.660523414611816,21.75718879699707
0.0,0.0
-17.777416229248047,22.222211837768555
5.886082649230957,0.0
-17.78209686279297,22.222204208374023
11.108597755432129,-7.639450550079346
-7.6664323806762695,18.152801513671875
0.0,0.0
-10.294745445251465,22.210472106933594
0.0,0.0
0.0,0.0
0.0,0.0
0.0,0.0
0.0,0.0
0.0,0.0
0.0,0.0
0.0,0.0
0.0,0.0
0.0,0.0
0.0,0.0
0.0,0.0
0.0,0.0
0.0,0.0
0.0,0.0
0.0,0.0
0.0,0.0
0.0,0.0
0.0,0.0
0.0,0.0
0.0,0.0
0.0,0.0
0.0,0.0
0.0,0.0
0.0,0.0
0.0,0.0
0.0,0.0
0.0,0.0
0.0,0.0
0.0,0.0
0.0,0.0
0.0,0.0
0.0,0.0
0.0,0.0
0.0,0.0
0.0,0.0
0.0,0.0
0.0,0.0
0.0,0.0
0.0,0.0
0.0,0.0
0.0,0.0
0.0,0.0
0.0,0.0
0.0,0.0
0.0,0.0
0.0,0.0
0.0,0.0
0.0,0.0
0.0,0.0
0.0,0.0
0.0,0.0
0.0,0.0
0.0,0.0
0.0,0.0
0.0,0.0
0.0,0.0
0.0,0.0
0.0,0.0
0.0,0.0
0.0,0.0
0.0,0.0
0.0,0.0
0.0,0.0
0.0,0.0
0.0,0.0
0.0,0.0
-2.0,8.354841232299805
0.0,0.0
0.0,0.0
0.0,0.0
0.0,0.0
0.0,0.0
-16.599699020385742,22.22201919555664
0.0,0.0
-7.812796592712402,21.477014541625977
0.0,0.0
0.0,0.0
0.0,0.0
0.0,0.0
0.0,0.0
0.0,0.0
0.0,0.0
-17.77777099609375,22.222211837768555
0.0,0.0
0.0,0.0
0.0,0.0
0.0,0.0
0.0,0.0
-15.317769050598145,22.22174835205078
0.0,0.0
-17.77777099609375,22.222211837768555
0.0,0.0
0.0,0.0
0.0,0.0
0.0,0.0
0.0,0.0
0.0,0.0
0.0,0.0
0.0,0.0
0.0,0.0
0.0,0.0
0.0,0.0
0.0,0.0
0.0,0.0
-5.116274833679199,17.30805778503418
0.0,0.0
-2.0,2.0
0.0,0.0
0.0,0.0
0.0,0.0
0.0,0.0
0.0,0.0
0.0,0.0
0.0,0.0
-2.0,0.0
0.0,0.0
0.0,0.0
0.0,0.0
0.0,0.0
0.0,0.0
-3.799999952316284,17.75033187866211
0.0,0.0
-15.516518592834473,22.222200393676758
0.0,0.0
0.0,0.0
0.0,0.0
0.0,0.0
0.0,0.0
0.0,0.0
0.0,0.0
0.0,0.0
0.0,0.0
0.0,0.0
0.0,0.0
0.0,0.0
0.0,0.0
0.0,0.0
0.0,0.0
0.0,0.0
0.0,0.0
0.0,0.0
0.0,0.0
0.0,0.0
0.0,0.0
0.0,0.0
0.0,0.0
0.0,0.0
0.0,0.0
0.0,0.0
0.0,0.0
0.0,0.0
0.0,0.0
0.0,0.0
0.0,0.0
0.0,0.0
0.0,0.0
0.0,0.0
0.0,0.0
0.0,0.0
0.0,0.0
0.0,0.0
0.0,0.0
0.0,0.0
0.0,0.0
0.0,0.0
0.0,0.0
0.0,0.0
0.0,0.0
0.0,0.0
0.0,0.0
0.0,0.0
0.0,0.0
0.0,0.0
0.0,0.0
0.0,0.0
0.0,0.0
0.0,0.0
0.0,0.0
0.0,0.0
0.0,0.0
0.0,0.0
0.0,0.0
0.0,0.0
0.0,0.0
0.0,0.0
0.0,0.0
0.0,0.0
0.0,0.0
0.0,0.0
0.0,0.0
0.0,0.0
0.0,0.0
