-5.48975133895874,6.187598705291748
0.0,0.0
0.0,0.0
0.0,0.0
0.0,0.0
0.0,0.0
0.0,0.0
0.0,0.0
0.0,0.0
0.0,0.0
0.0,0.0
0.0,0.0
0.0,0.0
0.0,0.0
0.0,0.0
0.0,0.0
0.0,0.0
0.0,0.0
15.800457000732422,29.711532592773438
21.32232093811035,-5.036457538604736
0.0,0.0
0.0,0.0
0.0,0.0
0.0,0.0
0.0,0.0
0.0,0.0
6.001226902008057,29.483692169189453
18.5190486907959,-6.584743499755859
0.0,0.0
0.0,0.0
-2.608839988708496,8.65402889251709
0.0,0.0
0.0,0.0
0.0,0.0
0.0,0.0
0.0,0.0
0.0,0.0
0.0,0.0
0.0,0.0
0.0,0.0
0.0,0.0
0.0,0.0
0.0,0.0
0.0,0.0
0.0,0.0
0.0,0.0
0.0,0.0
0.0,0.0
0.0,0.0
0.0,0.0
-8.890594482421875,11.106840133666992
0.0,0.0
0.0,0.0
0.0,0.0
-8.888874053955078,11.111105918884277
0.0,0.0
0.0,0.0
0.0,0.0
-8.87627124786377,11.097256660461426
0.0,0.0
0.0,0.0
0.0,0.0
-8.870460510253906,11.111105918884277
0.0,0.0
0.0,0.0
0.0,0.0
0.0,0.0
0.0,0.0
0.0,0.0
0.0,0.0
0.0,0.0
0.0,0.0
0.0,0.0
0.0,0.0
0.0,0.0
0.0,0.0
0.0,0.0
0.0,0.0
0.0,0.0
0.0,0.0
0.0,0.0
0.0,0.0
-8.918390274047852,10.872940063476562
22.222211837768555,-17.774635314941406
0.0,0.0
0.0,0.0
-8.670271873474121,11.111105918884277
22.04113006591797,-3.4163925647735596
0.0,0.0
0.0,0.0
-8.900561332702637,11.078826904296875
22.222164154052734,-17.777795791625977
0.0,0.0
0.0,0.0
-8.910477638244629,10.993376731872559
22.222211837768555,-17.77604103088379
0.0,0.0
0.0,0.0
0.0,0.0
0.0,0.0
0.0,0.0
0.0,0.0
0.0,0.0
0.0,0.0
0.0,0.0
0.0,0.0
0.0,0.0
0.0,0.0
0.0,0.0
0.0,0.0
0.0,0.0
0.0,0.0
0.0,0.0
0.0,0.0
-8.889023780822754,11.111105918884277
22.222211837768555,-17.76465606689453
0.0,0.0
0.0,0.0
-8.888638496398926,11.111105918884277
22.222211837768555,-17.724403381347656
0.0,0.0
0.0,0.0
-8.889599800109863,11.111102104187012
22.222211837768555,-17.22172737121582
0.0,0.0
0.0,0.0
-8.927425384521484,11.10912799835205
22.222211837768555,-17.235910415649414
0.0,0.0
0.0,0.0
0.0,0.0
0.0,0.0
0.0,0.0
0.0,0.0
0.0,0.0
0.0,0.0
0.0,0.0
0.0,0.0
0.0,0.0
0.0,0.0
0.0,0.0
0.0,0.0
0.0,0.0
0.0,0.0
0.0,0.0
0.0,0.0
0.3283096253871918,19.290306091308594
22.21963119506836,-17.778228759765625
0.0,0.0
0.0,0.0
0.0,0.0
0.0,0.0
0.0,0.0
0.0,0.0
-7.155435085296631,22.948305130004883
22.217647552490234,-16.146005630493164
0.0,0.0
0.0,0.0
-7.631600379943848,11.110730171203613
8.354841232299805,-1.9301666021347046
0.0,0.0
0.0,0.0
0.0,0.0
0.0,0.0
0.0,0.0
0.0,0.0
0.0,0.0
0.0,0.0
0.0,0.0
0.0,0.0
0.0,0.0
0.0,0.0
0.0,0.0
0.0,0.0
0.0,0.0
0.0,0.0
0.0,0.0
0.0,0.0
0.0,0.0
0.0,0.0
0.0,0.0
0.0,0.0
0.0,0.0
0.0,0.0
0.0,0.0
0.0,0.0
0.0,0.0
0.0,0.0
0.0,0.0
0.0,0.0
0.0,0.0
0.0,0.0
0.0,0.0
0.0,0.0
0.0,0.0
0.0,0.0
0.0,0.0
0.0,0.0
0.0,0.0
0.0,0.0
0.0,0.0
0.0,0.0
0.0,0.0
0.0,0.0
0.0,0.0
0.0,0.0
0.0,0.0
0.0,0.0
0.0,0.0
0.0,0.0
-8.912080764770508,10.87862491607666
0.0,0.0
0.0,0.0
0.0,0.0
0.0,0.0
0.0,0.0
0.0,0.0
0.0,0.0
-8.925983428955078,10.73962688446045
22.222211837768555,-17.77777099609375
0.0,0.0
0.0,0.0
-9.100066184997559,9.843533515930176
3.4761998653411865,0.0
0.0,0.0
0.0,0.0
0.0,0.0
0.0,0.0
0.0,0.0
0.0,0.0
0.0,0.0
0.0,0.0
0.0,0.0
0.0,0.0
0.0,0.0
0.0,0.0
0.0,0.0
0.0,0.0
0.0,0.0
0.0,0.0
0.0,0.0
0.0,0.0
-8.908905029296875,11.043563842773438
0.0,0.0
0.0,0.0
0.0,0.0
0.0,0.0
0.0,0.0
0.0,0.0
0.0,0.0
-8.925033569335938,10.384018898010254
22.222211837768555,-17.767866134643555
0.0,0.0
0.0,0.0
-9.116339683532715,9.757781982421875
0.0,0.0
0.0,0.0
0.0,0.0
0.0,0.0
0.0,0.0
0.0,0.0
0.0,0.0
0.0,0.0
0.0,0.0
0.0,0.0
0.0,0.0
0.0,0.0
0.0,0.0
0.0,0.0
0.0,0.0
0.0,0.0
0.0,0.0
0.0,0.0
0.0,0.0
0.0,0.0
0.0,0.0
0.0,0.0
0.0,0.0
0.0,0.0
0.0,0.0
0.0,0.0
0.0,0.0
0.0,0.0
0.0,0.0
0.0,0.0
0.0,0.0
0.0,0.0
0.0,0.0
0.0,0.0
0.0,0.0
0.0,0.0
0.0,0.0
0.0,0.0
0.0,0.0
0.0,0.0
0.0,0.0
0.0,0.0
0.0,0.0
0.0,0.0
0.0,0.0
0.0,0.0
0.0,0.0
0.0,0.0
0.0,0.0
0.0,0.0
0.0,0.0
0.0,0.0
0.0,0.0
0.0,0.0
0.0,0.0
0.0,0.0
0.0,0.0
0.0,0.0
0.0,0.0
0.0,0.0
0.0,0.0
0.0,0.0
0.0,0.0
0.0,0.0
0.0,0.0
-9.927212715148926,0.1540381908416748
22.222211837768555,-6.684699058532715
-9.678442001342773,3.5416722297668457
18.152801513671875,-1.9617999792099
-1.0,0.0
0.0,0.0
-1.909999966621399,0.015470999293029308
0.0,0.0
-9.877140998840332,1.3250166177749634
22.222211837768555,6.184625625610352
-9.724802017211914,4.521039962768555
20.11930274963379,0.0
0.0,0.0
0.0,0.0
-1.8387939929962158,6.931384563446045
0.0,0.0
0.0,0.0
0.0,0.0
-8.543971061706543,4.730317115783691
15.056099891662598,-1.6301788091659546
0.0,0.0
0.0,0.0
-2.690516948699951,1.9482966661453247
0.0,0.0
0.0,0.0
0.0,0.0
-9.369646072387695,5.476482391357422
18.155771255493164,-2.458760976791382
0.0,0.0
0.0,0.0
-4.914420127868652,6.785604000091553
0.0,0.0
-9.683767318725586,1.8744478225708008
22.222211837768555,-15.94666862487793
-9.773032188415527,8.174965858459473
17.30805778503418,-3.6728732585906982
-9.260916709899902,5.779331684112549
0.0,0.0
-1.899999976158142,2.1525325775146484
0.0,0.0
-9.832118034362793,2.2101500034332275
22.222211837768555,-4.153371334075928
-9.37176513671875,9.525712966918945
20.11930274963379,-1.4199999570846558
-9.34237003326416,5.428396224975586
14.347362518310547,-5.206447124481201
-6.054434299468994,4.0391011238098145
13.568530082702637,-3.606187343597412
0.0,0.0
0.0,0.0
-3.275280714035034,8.998677253723145
14.347362518310547,-1.1703908443450928
0.0,0.0
0.0,0.0
-1.8578205108642578,5.025580406188965
2.0,0.0
0.0,0.0
0.0,0.0
-6.906808853149414,5.470043182373047
15.701050758361816,2.2696382999420166
0.0,0.0
0.0,0.0
-7.562978267669678,5.457801818847656
18.5190486907959,2.508901596069336
0.0,0.0
0.0,0.0
0.0,0.0
0.0,0.0
0.0,0.0
0.0,0.0
0.0,0.0
0.0,0.0
0.0,0.0
0.0,0.0
0.0,0.0
0.0,0.0
0.0,0.0
0.0,0.0
0.0,0.0
0.0,0.0
0.0,0.0
0.0,0.0
0.0,0.0
0.0,0.0
0.0,0.0
0.0,0.0
0.0,0.0
0.0,0.0
0.0,0.0
0.0,0.0
0.0,0.0
0.0,0.0
0.0,0.0
0.0,0.0
0.0,0.0
0.0,0.0
0.0,0.0
0.0,0.0
0.0,0.0
0.0,0.0
0.0,0.0
0.0,0.0
0.0,0.0
0.0,0.0
0.0,0.0
0.0,0.0
0.0,0.0
0.0,0.0
0.0,0.0
0.0,0.0
0.0,0.0
0.0,0.0
0.0,0.0
0.0,0.0
0.0,0.0
0.0,0.0
0.0,0.0
0.0,0.0
0.0,0.0
0.0,0.0
0.0,0.0
0.0,0.0
0.0,0.0
0.0,0.0
0.0,0.0
0.0,0.0
0.0,0.0
0.0,0.0
0.0,0.0
0.0,0.0
-8.60807991027832,-4.059215545654297
0.0,0.0
0.0,0.0
0.0,0.0
0.0,0.0
0.0,0.0
-10.566515922546387,-5.667050361633301
0.0,0.0
-10.787525177001953,-7.410346508026123
0.0,0.0
0.0,0.0
0.0,0.0
-6.356335163116455,-6.356335163116455
0.0,0.0
0.0,0.0
0.0,0.0
-10.195734024047852,-1.9577696323394775
0.0,0.0
0.0,0.0
0.0,0.0
0.0,0.0
0.0,0.0
0.0,5.517480850219727
0.0,0.0
-9.858612060546875,1.4256980419158936
0.0,0.0
0.0,0.0
0.0,0.0
-9.755477905273438,-0.37299996614456177
0.0,0.0
0.0,0.0
0.0,0.0
-3.3974802494049072,-1.8293414115905762
0.0,0.0
0.0,0.0
0.0,0.0
0.0,0.0
0.0,0.0
-10.402470588684082,-4.349553108215332
0.0,0.0
-10.945627212524414,-9.08694076538086
0.0,0.0
0.0,0.0
0.0,0.0
-3.4833900928497314,-2.738100051879883
0.0,0.0
0.0,0.0
0.0,0.0
-8.059179306030273,-4.478437900543213
0.0,0.0
0.0,0.0
0.0,0.0
0.0,0.0
0.0,0.0
-1.909999966621399,1.0819000005722046
0.0,0.0
-9.919464111328125,1.2944642305374146
0.0,0.0
0.0,0.0
0.0,0.0
-8.722684860229492,1.5189216136932373
0.0,0.0
0.0,0.0
0.0,0.0
0.0,0.0
0.0,0.0
0.0,0.0
0.0,0.0
0.0,0.0
0.0,0.0
0.0,0.0
0.0,0.0
0.0,0.0
0.0,0.0
0.0,0.0
0.0,0.0
0.0,0.0
0.0,0.0
0.0,0.0
0.0,0.0
-17.791746139526367,22.08135986328125
11.111104965209961,-8.891016006469727
0.0,0.0
0.0,0.0
0.0,0.0
0.0,0.0
0.0,0.0
0.0,0.0
-17.62067985534668,22.063085556030273
11.109642028808594,-8.893648147583008
0.0,0.0
0.0,0.0
0.0,0.0
0.0,0.0
0.0,0.0
0.0,0.0
0.0,0.0
0.0,0.0
0.0,0.0
0.0,0.0
0.0,0.0
0.0,0.0
0.0,0.0
0.0,0.0
0.0,0.0
0.0,0.0
0.0,0.0
0.0,0.0
0.0,0.0
0.0,0.0
0.0,0.0
0.0,0.0
-17.273847579956055,22.029294967651367
11.111105918884277,-8.817169189453125
0.0,0.0
0.0,0.0
-10.307574272155762,19.305566787719727
0.0,0.0
0.0,0.0
0.0,0.0
-17.11664581298828,21.974157333374023
11.110509872436523,-8.785672187805176
0.0,0.0
0.0,0.0
-7.311877727508545,12.256077766418457
0.0,0.0
0.0,0.0
0.0,0.0
0.0,0.0
0.0,0.0
0.0,0.0
0.0,0.0
0.0,0.0
0.0,0.0
0.0,0.0
0.0,0.0
0.0,0.0
0.0,0.0
0.0,0.0
0.0,0.0
0.0,0.0
0.0,0.0
0.0,0.0
0.0,0.0
0.0,0.0
0.0,0.0
0.0,0.0
0.0,0.0
0.0,0.0
0.0,0.0
0.0,0.0
0.0,0.0
0.0,0.0
0.0,0.0
0.0,0.0
0.0,0.0
0.0,0.0
0.0,0.0
0.0,0.0
0.0,0.0
0.0,0.0
0.0,0.0
0.0,0.0
0.0,0.0
0.0,0.0
0.0,0.0
0.0,0.0
0.0,0.0
0.0,0.0
0.0,0.0
0.0,0.0
0.0,0.0
0.0,0.0
0.0,0.0
0.0,0.0
0.0,0.0
0.0,0.0
0.0,0.0
0.0,0.0
0.0,0.0
0.0,0.0
0.0,0.0
0.0,0.0
0.0,0.0
0.0,0.0
0.0,0.0
0.0,0.0
0.0,0.0
0.0,0.0
0.0,0.0
0.0,0.0
0.0,0.0
0.0,0.0
0.0,0.0
0.0,0.0
0.0,0.0
0.0,0.0
0.0,0.0
0.0,0.0
0.0,0.0
0.0,0.0
0.0,0.0
0.0,0.0
0.0,0.0
0.0,0.0
0.0,0.0
0.0,0.0
0.0,0.0
-17.77777099609375,22.222211837768555
11.111088752746582,-8.146026611328125
0.0,0.0
0.0,0.0
0.0,0.0
0.0,0.0
0.0,0.0
0.0,0.0
-17.77777099609375,22.222211837768555
11.111105918884277,-8.813973426818848
0.0,0.0
0.0,0.0
0.0,0.0
0.0,0.0
0.0,0.0
0.0,0.0
0.0,0.0
0.0,0.0
0.0,0.0
0.0,0.0
0.0,0.0
0.0,0.0
0.0,0.0
0.0,0.0
0.0,0.0
0.0,0.0
0.0,0.0
0.0,0.0
0.0,0.0
0.0,0.0
0.0,0.0
0.0,0.0
-17.77777099609375,22.222211837768555
11.111105918884277,-8.535018920898438
0.0,0.0
0.0,0.0
0.0,0.0
0.0,0.0
0.0,0.0
0.0,0.0
-17.777788162231445,22.222204208374023
11.111105918884277,-8.846933364868164
0.0,0.0
0.0,0.0
0.0,0.0
0.0,0.0
0.0,0.0
0.0,0.0
0.0,0.0
0.0,0.0
0.0,0.0
0.0,0.0
0.0,0.0
0.0,0.0
0.0,0.0
0.0,0.0
0.0,0.0
0.0,0.0
0.0,0.0
0.0,0.0
0.0,0.0
0.0,0.0
0.0,0.0
0.0,0.0
0.0,0.0
0.0,0.0
0.0,0.0
0.0,0.0
0.0,0.0
0.0,0.0
0.0,0.0
0.0,0.0
0.0,0.0
0.0,0.0
0.0,0.0
0.0,0.0
0.0,0.0
0.0,0.0
0.0,0.0
0.0,0.0
0.0,0.0
0.0,0.0
0.0,0.0
0.0,0.0
0.0,0.0
0.0,0.0
0.0,0.0
0.0,0.0
0.0,0.0
0.0,0.0
0.0,0.0
0.0,0.0
0.0,0.0
0.0,0.0
0.0,0.0
0.0,0.0
0.0,0.0
0.0,0.0
0.0,0.0
0.0,0.0
0.0,0.0
0.0,0.0
0.0,0.0
0.0,0.0
0.0,0.0
0.0,0.0
0.0,0.0
0.0,0.0
0.0,0.0
0.0,0.0
-17.529918670654297,22.222211837768555
7.528049945831299,0.0
-14.361425399780273,22.22219467163086
2.738100051879883,0.0
0.0,0.0
0.0,0.0
0.0,0.0
0.0,0.0
-17.750423431396484,22.222211837768555
5.886082649230957,-2.651125907897949
-14.949575424194336,22.185781478881836
0.0,0.0
0.0,0.0
0.0,0.0
0.0,0.0
0.0,0.0
-17.1901912689209,22.222211837768555
7.528049945831299,-1.819263219833374
-17.77777099609375,22.222211837768555
11.11098861694336,-7.622627258300781
0.0,0.0
0.0,0.0
0.0,0.0
0.0,0.0
-17.74373435974121,22.222211837768555
7.173681259155273,-1.7932236194610596
-17.777788162231445,22.222209930419922
11.109683990478516,-7.597914695739746
0.0,0.0
0.0,0.0
0.0,0.0
0.0,0.0
-17.646587371826172,22.222211837768555
5.369321823120117,-0.9726189970970154
-16.780824661254883,22.222211837768555
1.909999966621399,0.0
-2.0,10.738643646240234
0.0,0.0
0.0,0.0
0.0,0.0
-17.76555633544922,22.222211837768555
4.177420616149902,-1.8404403924942017
-13.21451187133789,22.20339012145996
0.0,0.0
-1.7799999713897705,17.30805778503418
0.0,0.0
0.0,0.0
0.0,0.0
-17.642559051513672,22.014238357543945
7.528049945831299,-0.9900000095367432
-17.777788162231445,22.222211837768555
10.748945236206055,-3.713627576828003
-2.0,10.738643646240234
0.0,0.0
-6.523115158081055,20.11930274963379
0.0,0.0
-17.77410125732422,22.222211837768555
4.80145263671875,0.0
-17.79433822631836,21.89984130859375
11.097380638122559,-7.500552177429199
-6.4977335929870605,17.75033187866211
0.0,0.0
-10.294745445251465,22.197233200073242
0.0,0.0
0.0,0.0
0.0,0.0
0.0,0.0
0.0,0.0
0.0,0.0
0.0,0.0
0.0,0.0
0.0,0.0
0.0,0.0
0.0,0.0
0.0,0.0
0.0,0.0
0.0,0.0
0.0,0.0
0.0,0.0
0.0,0.0
0.0,0.0
0.0,0.0
0.0,0.0
0.0,0.0
0.0,0.0
0.0,0.0
0.0,0.0
0.0,0.0
0.0,0.0
0.0,0.0
0.0,0.0
0.0,0.0
0.0,0.0
0.0,0.0
0.0,0.0
0.0,0.0
0.0,0.0
0.0,0.0
0.0,0.0
0.0,0.0
0.0,0.0
0.0,0.0
0.0,0.0
0.0,0.0
0.0,0.0
0.0,0.0
0.0,0.0
0.0,0.0
0.0,0.0
0.0,0.0
0.0,0.0
0.0,0.0
0.0,0.0
0.0,0.0
0.0,0.0
0.0,0.0
0.0,0.0
0.0,0.0
0.0,0.0
0.0,0.0
0.0,0.0
0.0,0.0
0.0,0.0
0.0,0.0
0.0,0.0
0.0,0.0
0.0,0.0
0.0,0.0
0.0,0.0
0.0,0.0
-2.0,2.0
0.0,0.0
0.0,0.0
0.0,0.0
0.0,0.0
0.0,0.0
-15.560551643371582,22.208032608032227
0.0,0.0
-7.812796592712402,19.682771682739258
0.0,0.0
0.0,0.0
0.0,0.0
0.0,0.0
0.0,0.0
0.0,0.0
0.0,0.0
-17.77777099609375,22.222211837768555
0.0,0.0
0.0,0.0
0.0,0.0
0.0,0.0
0.0,0.0
-14.74062442779541,22.20339012145996
0.0,0.0
-17.77777099609375,22.222211837768555
0.0,0.0
0.0,0.0
0.0,0.0
0.0,0.0
0.0,0.0
0.0,0.0
0.0,0.0
0.0,0.0
0.0,0.0
0.0,0.0
0.0,0.0
0.0,0.0
0.0,0.0
-2.0,13.568530082702637
0.0,0.0
-2.0,2.0
0.0,0.0
0.0,0.0
0.0,0.0
0.0,0.0
0.0,0.0
0.0,0.0
0.0,0.0
-2.0,0.0
0.0,0.0
0.0,0.0
0.0,0.0
0.0,0.0
0.0,0.0
-3.799999952316284,11.772165298461914
0.0,0.0
-14.675816535949707,22.21554946899414
0.0,0.0
0.0,0.0
0.0,0.0
0.0,0.0
0.0,0.0
0.0,0.0
0.0,0.0
0.0,0.0
0.0,0.0
0.0,0.0
0.0,0.0
0.0,0.0
0.0,0.0
0.0,0.0
0.0,0.0
0.0,0.0
0.0,0.0
0.0,0.0
0.0,0.0
0.0,0.0
0.0,0.0
0.0,0.0
0.0,0.0
0.0,0.0
0.0,0.0
0.0,0.0
0.0,0.0
0.0,0.0
0.0,0.0
0.0,0.0
0.0,0.0
0.0,0.0
0.0,0.0
0.0,0.0
0.0,0.0
0.0,0.0
0.0,0.0
0.0,0.0
0.0,0.0
0.0,0.0
0.0,0.0
0.0,0.0
0.0,0.0
0.0,0.0
0.0,0.0
0.0,0.0
0.0,0.0
0.0,0.0
0.0,0.0
0.0,0.0
0.0,0.0
0.0,0.0
0.0,0.0
0.0,0.0
0.0,0.0
0.0,0.0
0.0,0.0
0.0,0.0
0.0,0.0
0.0,0.0
0.0,0.0
0.0,0.0
0.0,0.0
0.0,0.0
0.0,0.0
0.0,0.0
0.0,0.0
0.0,0.0
0.0,0.0
