-8.177559852600098,6.846207618713379
0.0,0.0
0.0,0.0
0.0,0.0
0.0,0.0
0.0,0.0
0.0,0.0
0.0,0.0
0.0,0.0
0.0,0.0
0.0,0.0
0.0,0.0
0.0,0.0
0.0,0.0
0.0,0.0
0.0,0.0
0.0,0.0
0.0,0.0
3.5663349628448486,29.711532592773438
21.32232093811035,-5.036457538604736
0.0,0.0
0.0,0.0
0.0,0.0
0.0,0.0
0.0,0.0
0.0,0.0
10.516227722167969,29.483675003051758
18.5190486907959,-6.584743499755859
0.0,0.0
0.0,0.0
-2.608839988708496,8.65402889251709
0.0,0.0
0.0,0.0
0.0,0.0
0.0,0.0
0.0,0.0
0.0,0.0
0.0,0.0
0.0,0.0
0.0,0.0
0.0,0.0
0.0,0.0
0.0,0.0
0.0,0.0
0.0,0.0
0.0,0.0
0.0,0.0
0.0,0.0
0.0,0.0
0.0,0.0
-8.890178680419922,11.108854293823242
0.0,0.0
0.0,0.0
0.0,0.0
-8.888860702514648,11.111105918884277
0.0,0.0
0.0,0.0
0.0,0.0
-8.803796768188477,11.11108684539795
0.0,0.0
0.0,0.0
0.0,0.0
-8.863609313964844,11.111096382141113
0.0,0.0
0.0,0.0
0.0,0.0
0.0,0.0
0.0,0.0
0.0,0.0
0.0,0.0
0.0,0.0
0.0,0.0
0.0,0.0
0.0,0.0
0.0,0.0
0.0,0.0
0.0,0.0
0.0,0.0
0.0,0.0
0.0,0.0
0.0,0.0
0.0,0.0
-8.892637252807617,11.111102104187012
22.222211837768555,-17.772457122802734
0.0,0.0
0.0,0.0
-8.589001655578613,11.111104011535645
21.981910705566406,-1.8184720277786255
0.0,0.0
0.0,0.0
-8.910330772399902,11.055509567260742
22.13629913330078,-17.794580459594727
0.0,0.0
0.0,0.0
-8.911568641662598,10.334729194641113
22.222211837768555,-17.775394439697266
0.0,0.0
0.0,0.0
0.0,0.0
0.0,0.0
0.0,0.0
0.0,0.0
0.0,0.0
0.0,0.0
0.0,0.0
0.0,0.0
0.0,0.0
0.0,0.0
0.0,0.0
0.0,0.0
0.0,0.0
0.0,0.0
0.0,0.0
0.0,0.0
-8.889141082763672,11.111105918884277
22.222211837768555,-17.757776260375977
0.0,0.0
0.0,0.0
-8.88830852508545,11.111105918884277
22.222211837768555,-17.718473434448242
0.0,0.0
0.0,0.0
-8.891681671142578,11.111102104187012
22.222211837768555,-17.269420623779297
0.0,0.0
0.0,0.0
-8.99968433380127,9.792685508728027
22.222211837768555,-16.05103874206543
0.0,0.0
0.0,0.0
0.0,0.0
0.0,0.0
0.0,0.0
0.0,0.0
0.0,0.0
0.0,0.0
0.0,0.0
0.0,0.0
0.0,0.0
0.0,0.0
0.0,0.0
0.0,0.0
0.0,0.0
0.0,0.0
0.0,0.0
0.0,0.0
0.32829007506370544,19.290306091308594
22.092927932739258,-17.782224655151367
0.0,0.0
0.0,0.0
0.0,0.0
0.0,0.0
0.0,0.0
0.0,0.0
-2.0247087478637695,22.948305130004883
22.212491989135742,-16.146005630493164
0.0,0.0
0.0,0.0
-7.49189567565918,11.109930038452148
8.354841232299805,-1.9301666021347046
0.0,0.0
0.0,0.0
0.0,0.0
0.0,0.0
0.0,0.0
0.0,0.0
0.0,0.0
0.0,0.0
0.0,0.0
0.0,0.0
0.0,0.0
0.0,0.0
0.0,0.0
0.0,0.0
0.0,0.0
0.0,0.0
0.0,0.0
0.0,0.0
0.0,0.0
0.0,0.0
0.0,0.0
0.0,0.0
0.0,0.0
0.0,0.0
0.0,0.0
0.0,0.0
0.0,0.0
0.0,0.0
0.0,0.0
0.0,0.0
0.0,0.0
0.0,0.0
0.0,0.0
0.0,0.0
0.0,0.0
0.0,0.0
0.0,0.0
0.0,0.0
0.0,0.0
0.0,0.0
0.0,0.0
0.0,0.0
0.0,0.0
0.0,0.0
0.0,0.0
0.0,0.0
0.0,0.0
0.0,0.0
0.0,0.0
0.0,0.0
-8.912080764770508,10.87862491607666
0.0,0.0
0.0,0.0
0.0,0.0
0.0,0.0
0.0,0.0
0.0,0.0
0.0,0.0
-8.925981521606445,10.740169525146484
22.222211837768555,-17.77777099609375
0.0,0.0
0.0,0.0
-9.121639251708984,11.00900650024414
0.0,0.0
0.0,0.0
0.0,0.0
0.0,0.0
0.0,0.0
0.0,0.0
0.0,0.0
0.0,0.0
0.0,0.0
0.0,0.0
0.0,0.0
0.0,0.0
0.0,0.0
0.0,0.0
0.0,0.0
0.0,0.0
0.0,0.0
0.0,0.0
0.0,0.0
-8.89823055267334,11.111048698425293
0.0,0.0
0.0,0.0
0.0,0.0
0.0,0.0
0.0,0.0
0.0,0.0
0.0,0.0
-8.948729515075684,10.390461921691895
22.222211837768555,-17.752187728881836
0.0,0.0
0.0,0.0
-9.057382583618164,8.39273738861084
0.0,0.0
0.0,0.0
0.0,0.0
0.0,0.0
0.0,0.0
0.0,0.0
0.0,0.0
0.0,0.0
0.0,0.0
0.0,0.0
0.0,0.0
0.0,0.0
0.0,0.0
0.0,0.0
0.0,0.0
0.0,0.0
0.0,0.0
0.0,0.0
0.0,0.0
0.0,0.0
0.0,0.0
0.0,0.0
0.0,0.0
0.0,0.0
0.0,0.0
0.0,0.0
0.0,0.0
0.0,0.0
0.0,0.0
0.0,0.0
0.0,0.0
0.0,0.0
0.0,0.0
0.0,0.0
0.0,0.0
0.0,0.0
0.0,0.0
0.0,0.0
0.0,0.0
0.0,0.0
0.0,0.0
0.0,0.0
0.0,0.0
0.0,0.0
0.0,0.0
0.0,0.0
0.0,0.0
0.0,0.0
0.0,0.0
0.0,0.0
0.0,0.0
0.0,0.0
0.0,0.0
0.0,0.0
0.0,0.0
0.0,0.0
0.0,0.0
0.0,0.0
0.0,0.0
0.0,0.0
0.0,0.0
0.0,0.0
0.0,0.0
0.0,0.0
0.0,0.0
-9.892847061157227,1.5460009574890137
22.222211837768555,-2.560934066772461
-9.7338285446167,6.643782138824463
18.152801513671875,-1.9617999792099
-1.0,0.0
0.0,0.0
-1.909999966621399,0.015470999293029308
0.0,0.0
-9.913599014282227,1.1532045602798462
22.222211837768555,6.646011829376221
-9.722064018249512,3.5052120685577393
19.155624389648438,0.0
0.0,0.0
0.0,0.0
-1.8387939929962158,6.063741683959961
0.0,0.0
0.0,0.0
0.0,0.0
-8.543971061706543,8.89070987701416
15.056099891662598,-1.6301788091659546
0.0,0.0
0.0,0.0
-1.899999976158142,1.9482966661453247
0.0,0.0
0.0,0.0
0.0,0.0
-9.369646072387695,1.7027171850204468
16.292287826538086,-2.458760976791382
0.0,0.0
0.0,0.0
-4.424751281738281,5.887699604034424
0.0,0.0
-9.721185684204102,4.631772994995117
22.222211837768555,-15.94666862487793
-9.771160125732422,8.080160140991211
16.822040557861328,-3.6728732585906982
-9.260916709899902,5.779331684112549
0.0,0.0
-1.899999976158142,1.2665194272994995
0.0,0.0
-9.871734619140625,1.0084905624389648
22.222211837768555,-10.258843421936035
-10.072107315063477,3.5893805027008057
19.431617736816406,-1.4199999570846558
-9.34237003326416,5.428396224975586
13.568530082702637,-5.206447124481201
-6.054434299468994,1.726447582244873
11.772165298461914,-3.606187343597412
0.0,0.0
0.0,0.0
-3.275280714035034,8.307879447937012
14.347362518310547,-3.6820716857910156
0.0,0.0
0.0,0.0
-1.8578205108642578,6.177491188049316
2.0,0.0
0.0,0.0
0.0,0.0
-6.642460823059082,6.747912883758545
15.701050758361816,0.12514188885688782
0.0,0.0
0.0,0.0
-7.352840423583984,5.806887149810791
17.75033187866211,0.36822041869163513
0.0,0.0
0.0,0.0
0.0,0.0
0.0,0.0
0.0,0.0
0.0,0.0
0.0,0.0
0.0,0.0
0.0,0.0
0.0,0.0
0.0,0.0
0.0,0.0
0.0,0.0
0.0,0.0
0.0,0.0
0.0,0.0
0.0,0.0
0.0,0.0
0.0,0.0
0.0,0.0
0.0,0.0
0.0,0.0
0.0,0.0
0.0,0.0
0.0,0.0
0.0,0.0
0.0,0.0
0.0,0.0
0.0,0.0
0.0,0.0
0.0,0.0
0.0,0.0
0.0,0.0
0.0,0.0
0.0,0.0
0.0,0.0
0.0,0.0
0.0,0.0
0.0,0.0
0.0,0.0
0.0,0.0
0.0,0.0
0.0,0.0
0.0,0.0
0.0,0.0
0.0,0.0
0.0,0.0
0.0,0.0
0.0,0.0
0.0,0.0
0.0,0.0
0.0,0.0
0.0,0.0
0.0,0.0
0.0,0.0
0.0,0.0
0.0,0.0
0.0,0.0
0.0,0.0
0.0,0.0
0.0,0.0
0.0,0.0
0.0,0.0
0.0,0.0
0.0,0.0
0.0,0.0
-8.416069030761719,-1.9741281270980835
0.0,0.0
0.0,0.0
0.0,0.0
0.0,0.0
0.0,0.0
-10.574951171875,-5.730583190917969
0.0,0.0
-10.70129680633545,-6.5187859535217285
0.0,0.0
0.0,0.0
0.0,0.0
-6.356335163116455,-5.886082649230957
0.0,0.0
0.0,0.0
0.0,0.0
-10.195734024047852,-1.9577696323394775
0.0,0.0
0.0,0.0
0.0,0.0
0.0,0.0
0.0,0.0
0.0,4.964264869689941
0.0,0.0
-9.861088752746582,1.4159283638000488
0.0,0.0
0.0,0.0
0.0,0.0
-9.715084075927734,0.8692409992218018
0.0,0.0
0.0,0.0
0.0,0.0
-3.3974802494049072,-2.10040020942688
0.0,0.0
0.0,0.0
0.0,0.0
0.0,0.0
0.0,0.0
-10.695596694946289,-5.14933967590332
0.0,0.0
-10.87499713897705,-10.213010787963867
0.0,0.0
0.0,0.0
0.0,0.0
-2.7290000915527344,-1.909999966621399
0.0,0.0
0.0,0.0
0.0,0.0
-8.059179306030273,-0.6808660626411438
0.0,0.0
0.0,0.0
0.0,0.0
0.0,0.0
0.0,0.0
-1.909999966621399,1.0819000005722046
0.0,0.0
-10.038115501403809,0.18683373928070068
0.0,0.0
0.0,0.0
0.0,0.0
-8.722684860229492,-0.8322607278823853
0.0,0.0
0.0,0.0
0.0,0.0
0.0,0.0
0.0,0.0
0.0,0.0
0.0,0.0
0.0,0.0
0.0,0.0
0.0,0.0
0.0,0.0
0.0,0.0
0.0,0.0
0.0,0.0
0.0,0.0
0.0,0.0
0.0,0.0
0.0,0.0
0.0,0.0
-17.789451599121094,22.09418296813965
11.110807418823242,-8.89498519897461
0.0,0.0
0.0,0.0
0.0,0.0
0.0,0.0
0.0,0.0
0.0,0.0
-17.783321380615234,22.06163787841797
10.651270866394043,-8.889201164245605
0.0,0.0
0.0,0.0
0.0,0.0
0.0,0.0
0.0,0.0
0.0,0.0
0.0,0.0
0.0,0.0
0.0,0.0
0.0,0.0
0.0,0.0
0.0,0.0
0.0,0.0
0.0,0.0
0.0,0.0
0.0,0.0
0.0,0.0
0.0,0.0
0.0,0.0
0.0,0.0
0.0,0.0
0.0,0.0
-17.803682327270508,21.439071655273438
11.111105918884277,-8.703767776489258
0.0,0.0
0.0,0.0
-10.307574272155762,19.305566787719727
0.0,0.0
0.0,0.0
0.0,0.0
-17.77734375,21.829025268554688
10.361105918884277,-8.511334419250488
0.0,0.0
0.0,0.0
-7.311877727508545,11.871789932250977
0.0,0.0
0.0,0.0
0.0,0.0
0.0,0.0
0.0,0.0
0.0,0.0
0.0,0.0
0.0,0.0
0.0,0.0
0.0,0.0
0.0,0.0
0.0,0.0
0.0,0.0
0.0,0.0
0.0,0.0
0.0,0.0
0.0,0.0
0.0,0.0
0.0,0.0
0.0,0.0
0.0,0.0
0.0,0.0
0.0,0.0
0.0,0.0
0.0,0.0
0.0,0.0
0.0,0.0
0.0,0.0
0.0,0.0
0.0,0.0
0.0,0.0
0.0,0.0
0.0,0.0
0.0,0.0
0.0,0.0
0.0,0.0
0.0,0.0
0.0,0.0
0.0,0.0
0.0,0.0
0.0,0.0
0.0,0.0
0.0,0.0
0.0,0.0
0.0,0.0
0.0,0.0
0.0,0.0
0.0,0.0
0.0,0.0
0.0,0.0
0.0,0.0
0.0,0.0
0.0,0.0
0.0,0.0
0.0,0.0
0.0,0.0
0.0,0.0
0.0,0.0
0.0,0.0
0.0,0.0
0.0,0.0
0.0,0.0
0.0,0.0
0.0,0.0
0.0,0.0
0.0,0.0
0.0,0.0
0.0,0.0
0.0,0.0
0.0,0.0
0.0,0.0
0.0,0.0
0.0,0.0
0.0,0.0
0.0,0.0
0.0,0.0
0.0,0.0
0.0,0.0
0.0,0.0
0.0,0.0
0.0,0.0
0.0,0.0
0.0,0.0
-17.77777099609375,22.222211837768555
11.111035346984863,-8.063485145568848
0.0,0.0
0.0,0.0
0.0,0.0
0.0,0.0
0.0,0.0
0.0,0.0
-17.77777099609375,22.222211837768555
11.111105918884277,-8.77470588684082
0.0,0.0
0.0,0.0
0.0,0.0
0.0,0.0
0.0,0.0
0.0,0.0
0.0,0.0
0.0,0.0
0.0,0.0
0.0,0.0
0.0,0.0
0.0,0.0
0.0,0.0
0.0,0.0
0.0,0.0
0.0,0.0
0.0,0.0
0.0,0.0
0.0,0.0
0.0,0.0
0.0,0.0
0.0,0.0
-17.77777099609375,22.222211837768555
11.111105918884277,-8.535018920898438
0.0,0.0
0.0,0.0
0.0,0.0
0.0,0.0
0.0,0.0
0.0,0.0
-17.777788162231445,22.222204208374023
11.111105918884277,-8.831336975097656
0.0,0.0
0.0,0.0
0.0,0.0
0.0,0.0
0.0,0.0
0.0,0.0
0.0,0.0
0.0,0.0
0.0,0.0
0.0,0.0
0.0,0.0
0.0,0.0
0.0,0.0
0.0,0.0
0.0,0.0
0.0,0.0
0.0,0.0
0.0,0.0
0.0,0.0
0.0,0.0
0.0,0.0
0.0,0.0
0.0,0.0
0.0,0.0
0.0,0.0
0.0,0.0
0.0,0.0
0.0,0.0
0.0,0.0
0.0,0.0
0.0,0.0
0.0,0.0
0.0,0.0
0.0,0.0
0.0,0.0
0.0,0.0
0.0,0.0
0.0,0.0
0.0,0.0
0.0,0.0
0.0,0.0
0.0,0.0
0.0,0.0
0.0,0.0
0.0,0.0
0.0,0.0
0.0,0.0
0.0,0.0
0.0,0.0
0.0,0.0
0.0,0.0
0.0,0.0
0.0,0.0
0.0,0.0
0.0,0.0
0.0,0.0
0.0,0.0
0.0,0.0
0.0,0.0
0.0,0.0
0.0,0.0
0.0,0.0
0.0,0.0
0.0,0.0
0.0,0.0
0.0,0.0
0.0,0.0
0.0,0.0
-17.502378463745117,22.222211837768555
7.173681259155273,0.0
-13.981830596923828,22.222135543823242
2.738100051879883,0.0
0.0,0.0
0.0,0.0
0.0,0.0
0.0,0.0
-17.736083984375,22.222211837768555
5.369321823120117,-2.651125907897949
-14.949575424194336,22.16908073425293
0.0,0.0
0.0,0.0
0.0,0.0
0.0,0.0
0.0,0.0
-17.12490463256836,22.222211837768555
7.173681259155273,-1.819263219833374
-17.77777099609375,22.222211837768555
11.110895156860352,-7.622627258300781
0.0,0.0
0.0,0.0
0.0,0.0
0.0,0.0
-17.720123291015625,22.222211837768555
6.784265041351318,-1.7932236194610596
-17.77779769897461,22.222209930419922
11.109216690063477,-7.597914695739746
0.0,0.0
0.0,0.0
0.0,0.0
0.0,0.0
-17.597816467285156,22.222211837768555
5.369321823120117,-0.9726189970970154
-16.780824661254883,22.222200393676758
1.909999966621399,0.0
-2.0,10.738643646240234
0.0,0.0
0.0,0.0
0.0,0.0
-17.7626895904541,22.222211837768555
3.491671085357666,-1.8404403924942017
-13.21451187133789,22.18906021118164
0.0,0.0
-1.7799999713897705,17.30805778503418
0.0,0.0
0.0,0.0
0.0,0.0
-17.57782745361328,21.366357803344727
6.784265041351318,-0.9900000095367432
-17.777788162231445,22.222211837768555
10.473348617553711,-3.1345744132995605
-2.0,10.738643646240234
0.0,0.0
-6.523115158081055,20.11930274963379
0.0,0.0
-17.772174835205078,22.222211837768555
4.177420616149902,0.0
-17.7799129486084,22.222209930419922
11.08191204071045,-7.346069812774658
-6.4977335929870605,17.30805778503418
0.0,0.0
-9.463019371032715,22.18217658996582
0.0,0.0
0.0,0.0
0.0,0.0
0.0,0.0
0.0,0.0
0.0,0.0
0.0,0.0
0.0,0.0
0.0,0.0
0.0,0.0
0.0,0.0
0.0,0.0
0.0,0.0
0.0,0.0
0.0,0.0
0.0,0.0
0.0,0.0
0.0,0.0
0.0,0.0
0.0,0.0
0.0,0.0
0.0,0.0
0.0,0.0
0.0,0.0
0.0,0.0
0.0,0.0
0.0,0.0
0.0,0.0
0.0,0.0
0.0,0.0
0.0,0.0
0.0,0.0
0.0,0.0
0.0,0.0
0.0,0.0
0.0,0.0
0.0,0.0
0.0,0.0
0.0,0.0
0.0,0.0
0.0,0.0
0.0,0.0
0.0,0.0
0.0,0.0
0.0,0.0
0.0,0.0
0.0,0.0
0.0,0.0
0.0,0.0
0.0,0.0
0.0,0.0
0.0,0.0
0.0,0.0
0.0,0.0
0.0,0.0
0.0,0.0
0.0,0.0
0.0,0.0
0.0,0.0
0.0,0.0
0.0,0.0
0.0,0.0
0.0,0.0
0.0,0.0
0.0,0.0
0.0,0.0
0.0,0.0
-2.0,2.0
0.0,0.0
0.0,0.0
0.0,0.0
0.0,0.0
0.0,0.0
-15.314002990722656,22.18906021118164
0.0,0.0
-7.812796592712402,19.682771682739258
0.0,0.0
0.0,0.0
0.0,0.0
0.0,0.0
0.0,0.0
0.0,0.0
0.0,0.0
-17.77777099609375,22.222211837768555
0.0,0.0
0.0,0.0
0.0,0.0
0.0,0.0
0.0,0.0
-14.74062442779541,22.173864364624023
0.0,0.0
-17.77777099609375,22.222211837768555
0.0,0.0
0.0,0.0
0.0,0.0
0.0,0.0
0.0,0.0
0.0,0.0
0.0,0.0
0.0,0.0
0.0,0.0
0.0,0.0
0.0,0.0
0.0,0.0
0.0,0.0
-2.0,13.568530082702637
0.0,0.0
-2.0,2.0
0.0,0.0
0.0,0.0
0.0,0.0
0.0,0.0
0.0,0.0
0.0,0.0
0.0,0.0
-2.0,0.0
0.0,0.0
0.0,0.0
0.0,0.0
0.0,0.0
0.0,0.0
-3.799999952316284,11.772165298461914
0.0,0.0
-14.675816535949707,22.21554946899414
0.0,0.0
0.0,0.0
0.0,0.0
0.0,0.0
0.0,0.0
0.0,0.0
0.0,0.0
0.0,0.0
0.0,0.0
0.0,0.0
0.0,0.0
0.0,0.0
0.0,0.0
0.0,0.0
0.0,0.0
0.0,0.0
0.0,0.0
0.0,0.0
0.0,0.0
0.0,0.0
0.0,0.0
0.0,0.0
0.0,0.0
0.0,0.0
0.0,0.0
0.0,0.0
0.0,0.0
0.0,0.0
0.0,0.0
0.0,0.0
0.0,0.0
0.0,0.0
0.0,0.0
0.0,0.0
0.0,0.0
0.0,0.0
0.0,0.0
0.0,0.0
0.0,0.0
0.0,0.0
0.0,0.0
0.0,0.0
0.0,0.0
0.0,0.0
0.0,0.0
0.0,0.0
0.0,0.0
0.0,0.0
0.0,0.0
0.0,0.0
0.0,0.0
0.0,0.0
0.0,0.0
0.0,0.0
0.0,0.0
0.0,0.0
0.0,0.0
0.0,0.0
0.0,0.0
0.0,0.0
0.0,0.0
0.0,0.0
0.0,0.0
0.0,0.0
0.0,0.0
0.0,0.0
0.0,0.0
0.0,0.0
0.0,0.0
