-7.117619514465332,4.301750659942627
0.0,0.0
0.0,0.0
0.0,0.0
0.0,0.0
0.0,0.0
0.0,0.0
0.0,0.0
0.0,0.0
0.0,0.0
0.0,0.0
0.0,0.0
0.0,0.0
0.0,0.0
0.0,0.0
0.0,0.0
0.0,0.0
0.0,0.0
20.789825439453125,29.70389175415039
15.701050758361816,-1.9617999792099
0.0,0.0
0.0,0.0
0.0,0.0
0.0,0.0
0.0,0.0
0.0,0.0
22.391347885131836,29.553178787231445
15.056099891662598,-6.584743499755859
0.0,0.0
0.0,0.0
-2.608839988708496,8.143978118896484
0.0,0.0
0.0,0.0
0.0,0.0
0.0,0.0
0.0,0.0
0.0,0.0
0.0,0.0
0.0,0.0
0.0,0.0
0.0,0.0
0.0,0.0
0.0,0.0
0.0,0.0
0.0,0.0
0.0,0.0
0.0,0.0
0.0,0.0
0.0,0.0
0.0,0.0
-8.891217231750488,11.102862358093262
0.0,0.0
0.0,0.0
0.0,0.0
-8.877456665039062,11.106612205505371
0.0,0.0
0.0,0.0
0.0,0.0
-8.889575004577637,11.111104965209961
0.0,0.0
0.0,0.0
0.0,0.0
-8.733180046081543,11.111096382141113
0.0,0.0
0.0,0.0
0.0,0.0
0.0,0.0
0.0,0.0
0.0,0.0
0.0,0.0
0.0,0.0
0.0,0.0
0.0,0.0
0.0,0.0
0.0,0.0
0.0,0.0
0.0,0.0
0.0,0.0
0.0,0.0
0.0,0.0
0.0,0.0
0.0,0.0
-8.933363914489746,10.671842575073242
22.222211837768555,-17.659826278686523
0.0,0.0
0.0,0.0
-8.028128623962402,11.079521179199219
14.347362518310547,0.0
0.0,0.0
0.0,0.0
-8.912257194519043,11.108698844909668
21.378454208374023,-17.777788162231445
0.0,0.0
0.0,0.0
-8.72915267944336,11.111053466796875
22.222211837768555,-17.586217880249023
0.0,0.0
0.0,0.0
0.0,0.0
0.0,0.0
0.0,0.0
0.0,0.0
0.0,0.0
0.0,0.0
0.0,0.0
0.0,0.0
0.0,0.0
0.0,0.0
0.0,0.0
0.0,0.0
0.0,0.0
0.0,0.0
0.0,0.0
0.0,0.0
-8.90468692779541,10.903129577636719
22.222200393676758,-17.195215225219727
0.0,0.0
0.0,0.0
-8.807819366455078,11.111105918884277
22.221952438354492,-17.10861587524414
0.0,0.0
0.0,0.0
-8.92332935333252,11.10447883605957
22.222211837768555,-17.77718734741211
0.0,0.0
0.0,0.0
-8.896248817443848,11.110965728759766
22.22205924987793,-17.662851333618164
0.0,0.0
0.0,0.0
0.0,0.0
0.0,0.0
0.0,0.0
0.0,0.0
0.0,0.0
0.0,0.0
0.0,0.0
0.0,0.0
0.0,0.0
0.0,0.0
0.0,0.0
0.0,0.0
0.0,0.0
0.0,0.0
0.0,0.0
0.0,0.0
0.32879438996315,19.290306091308594
22.221956253051758,-17.77832794189453
0.0,0.0
0.0,0.0
0.0,0.0
0.0,0.0
0.0,0.0
0.0,0.0
-7.337270736694336,22.918664932250977
21.135517120361328,-13.05573844909668
0.0,0.0
0.0,0.0
-4.432246208190918,10.878594398498535
0.0,0.0
0.0,0.0
0.0,0.0
0.0,0.0
0.0,0.0
0.0,0.0
0.0,0.0
0.0,0.0
0.0,0.0
0.0,0.0
0.0,0.0
0.0,0.0
0.0,0.0
0.0,0.0
0.0,0.0
0.0,0.0
0.0,0.0
0.0,0.0
0.0,0.0
0.0,0.0
0.0,0.0
0.0,0.0
0.0,0.0
0.0,0.0
0.0,0.0
0.0,0.0
0.0,0.0
0.0,0.0
0.0,0.0
0.0,0.0
0.0,0.0
0.0,0.0
0.0,0.0
0.0,0.0
0.0,0.0
0.0,0.0
0.0,0.0
0.0,0.0
0.0,0.0
0.0,0.0
0.0,0.0
0.0,0.0
0.0,0.0
0.0,0.0
0.0,0.0
0.0,0.0
0.0,0.0
0.0,0.0
0.0,0.0
0.0,0.0
0.0,0.0
-8.912080764770508,10.878629684448242
0.0,0.0
0.0,0.0
0.0,0.0
0.0,0.0
0.0,0.0
0.0,0.0
0.0,0.0
-8.926759719848633,10.679102897644043
22.222211837768555,-17.77777099609375
0.0,0.0
0.0,0.0
-9.032979011535645,10.449576377868652
0.0,0.0
0.0,0.0
0.0,0.0
0.0,0.0
0.0,0.0
0.0,0.0
0.0,0.0
0.0,0.0
0.0,0.0
0.0,0.0
0.0,0.0
0.0,0.0
0.0,0.0
0.0,0.0
0.0,0.0
0.0,0.0
0.0,0.0
0.0,0.0
0.0,0.0
-8.888894081115723,11.111105918884277
0.0,0.0
0.0,0.0
0.0,0.0
0.0,0.0
0.0,0.0
0.0,0.0
0.0,0.0
-8.94755744934082,10.675721168518066
22.222211837768555,-17.45696449279785
0.0,0.0
0.0,0.0
-8.820469856262207,8.341730117797852
0.0,0.0
0.0,0.0
0.0,0.0
0.0,0.0
0.0,0.0
0.0,0.0
0.0,0.0
0.0,0.0
0.0,0.0
0.0,0.0
0.0,0.0
0.0,0.0
0.0,0.0
0.0,0.0
0.0,0.0
0.0,0.0
0.0,0.0
0.0,0.0
0.0,0.0
0.0,0.0
0.0,0.0
0.0,0.0
0.0,0.0
0.0,0.0
0.0,0.0
0.0,0.0
0.0,0.0
0.0,0.0
0.0,0.0
0.0,0.0
0.0,0.0
0.0,0.0
0.0,0.0
0.0,0.0
0.0,0.0
0.0,0.0
0.0,0.0
0.0,0.0
0.0,0.0
0.0,0.0
0.0,0.0
0.0,0.0
0.0,0.0
0.0,0.0
0.0,0.0
0.0,0.0
0.0,0.0
0.0,0.0
0.0,0.0
0.0,0.0
0.0,0.0
0.0,0.0
0.0,0.0
0.0,0.0
0.0,0.0
0.0,0.0
0.0,0.0
0.0,0.0
0.0,0.0
0.0,0.0
0.0,0.0
0.0,0.0
0.0,0.0
0.0,0.0
0.0,0.0
-9.971060752868652,-5.5393781661987305
22.222211837768555,-1.542981743812561
-10.053296089172363,-0.8738901615142822
15.056099891662598,-1.9617999792099
0.0,0.0
0.0,0.0
-1.0,-0.09000000357627869
0.0,0.0
-9.824265480041504,2.8008062839508057
22.222211837768555,5.296689033508301
-9.998231887817383,6.726628303527832
15.701050758361816,0.0
0.0,0.0
0.0,0.0
-1.8387939929962158,3.7507431507110596
0.0,0.0
0.0,0.0
0.0,0.0
-5.453462600708008,7.376237392425537
10.738643646240234,-1.6301788091659546
0.0,0.0
0.0,0.0
-1.899999976158142,1.149721384048462
0.0,0.0
0.0,0.0
0.0,0.0
-8.693717002868652,7.102280139923096
10.747027397155762,-2.458760976791382
0.0,0.0
0.0,0.0
-3.2900032997131348,6.575213432312012
0.0,0.0
-10.339517593383789,-8.19384765625
22.222211837768555,-16.25901985168457
-9.458043098449707,2.5143895149230957
12.71267032623291,-3.6728732585906982
-7.7324981689453125,-5.6109724044799805
0.0,0.0
-1.0,0.0
0.0,0.0
-9.708593368530273,3.660062074661255
22.222211837768555,-2.4074037075042725
-9.557650566101074,8.140438079833984
14.347362518310547,-1.4199999570846558
-7.74338436126709,3.7963573932647705
10.738643646240234,-3.7039709091186523
-4.605864524841309,1.6421257257461548
9.6029052734375,0.0
0.0,0.0
0.0,0.0
-1.8582258224487305,5.161590099334717
10.738643646240234,-3.6820716857910156
0.0,0.0
0.0,0.0
-1.0,2.738100051879883
0.0,0.0
0.0,0.0
0.0,0.0
-5.9485321044921875,7.919739723205566
9.6029052734375,0.12514188885688782
0.0,0.0
0.0,0.0
-5.876148700714111,4.709048748016357
12.71267032623291,-2.0
0.0,0.0
0.0,0.0
0.0,0.0
0.0,0.0
0.0,0.0
0.0,0.0
0.0,0.0
0.0,0.0
0.0,0.0
0.0,0.0
0.0,0.0
0.0,0.0
0.0,0.0
0.0,0.0
0.0,0.0
0.0,0.0
0.0,0.0
0.0,0.0
0.0,0.0
0.0,0.0
0.0,0.0
0.0,0.0
0.0,0.0
0.0,0.0
0.0,0.0
0.0,0.0
0.0,0.0
0.0,0.0
0.0,0.0
0.0,0.0
0.0,0.0
0.0,0.0
0.0,0.0
0.0,0.0
0.0,0.0
0.0,0.0
0.0,0.0
0.0,0.0
0.0,0.0
0.0,0.0
0.0,0.0
0.0,0.0
0.0,0.0
0.0,0.0
0.0,0.0
0.0,0.0
0.0,0.0
0.0,0.0
0.0,0.0
0.0,0.0
0.0,0.0
0.0,0.0
0.0,0.0
0.0,0.0
0.0,0.0
0.0,0.0
0.0,0.0
0.0,0.0
0.0,0.0
0.0,0.0
0.0,0.0
0.0,0.0
0.0,0.0
0.0,0.0
0.0,0.0
0.0,0.0
-6.48107385635376,2.115769386291504
0.0,0.0
0.0,0.0
0.0,0.0
0.0,0.0
0.0,0.0
-10.553858757019043,-5.759176254272461
0.0,0.0
-10.857050895690918,-4.978207111358643
0.0,0.0
0.0,0.0
0.0,0.0
-4.80145263671875,-4.80145263671875
0.0,0.0
0.0,0.0
0.0,0.0
-10.19462776184082,-1.9442071914672852
0.0,0.0
0.0,0.0
0.0,0.0
0.0,0.0
0.0,0.0
0.0,5.886082649230957
0.0,0.0
-9.83134651184082,1.8625463247299194
0.0,0.0
0.0,0.0
0.0,0.0
-9.450164794921875,3.106790542602539
0.0,0.0
0.0,0.0
0.0,0.0
-3.3974802494049072,1.5559555292129517
0.0,0.0
0.0,0.0
0.0,0.0
0.0,0.0
0.0,0.0
-10.880392074584961,-5.846412658691406
0.0,0.0
-10.185992240905762,0.4306376278400421
0.0,0.0
0.0,0.0
0.0,0.0
-1.899999976158142,0.0
0.0,0.0
0.0,0.0
0.0,0.0
-6.233950614929199,2.446225166320801
0.0,0.0
0.0,0.0
0.0,0.0
0.0,0.0
0.0,0.0
-1.0,-1.0
0.0,0.0
-10.374961853027344,0.7404544353485107
0.0,0.0
0.0,0.0
0.0,0.0
-6.3708648681640625,5.245162010192871
0.0,0.0
0.0,0.0
0.0,0.0
0.0,0.0
0.0,0.0
0.0,0.0
0.0,0.0
0.0,0.0
0.0,0.0
0.0,0.0
0.0,0.0
0.0,0.0
0.0,0.0
0.0,0.0
0.0,0.0
0.0,0.0
0.0,0.0
0.0,0.0
0.0,0.0
-17.804359436035156,22.010251998901367
11.111105918884277,-8.881107330322266
0.0,0.0
0.0,0.0
0.0,0.0
0.0,0.0
0.0,0.0
0.0,0.0
-15.81728458404541,22.18364906311035
11.111105918884277,-8.606450080871582
0.0,0.0
0.0,0.0
0.0,0.0
0.0,0.0
0.0,0.0
0.0,0.0
0.0,0.0
0.0,0.0
0.0,0.0
0.0,0.0
0.0,0.0
0.0,0.0
0.0,0.0
0.0,0.0
0.0,0.0
0.0,0.0
0.0,0.0
0.0,0.0
0.0,0.0
0.0,0.0
0.0,0.0
0.0,0.0
-17.805885314941406,22.049272537231445
11.1036958694458,-8.894092559814453
0.0,0.0
0.0,0.0
-6.308512210845947,17.1661376953125
0.0,0.0
0.0,0.0
0.0,0.0
-17.41048240661621,21.5963134765625
11.007668495178223,-8.913074493408203
0.0,0.0
0.0,0.0
-3.040459632873535,11.945748329162598
0.0,0.0
0.0,0.0
0.0,0.0
0.0,0.0
0.0,0.0
0.0,0.0
0.0,0.0
0.0,0.0
0.0,0.0
0.0,0.0
0.0,0.0
0.0,0.0
0.0,0.0
0.0,0.0
0.0,0.0
0.0,0.0
0.0,0.0
0.0,0.0
0.0,0.0
0.0,0.0
0.0,0.0
0.0,0.0
0.0,0.0
0.0,0.0
0.0,0.0
0.0,0.0
0.0,0.0
0.0,0.0
0.0,0.0
0.0,0.0
0.0,0.0
0.0,0.0
0.0,0.0
0.0,0.0
0.0,0.0
0.0,0.0
0.0,0.0
0.0,0.0
0.0,0.0
0.0,0.0
0.0,0.0
0.0,0.0
0.0,0.0
0.0,0.0
0.0,0.0
0.0,0.0
0.0,0.0
0.0,0.0
0.0,0.0
0.0,0.0
0.0,0.0
0.0,0.0
0.0,0.0
0.0,0.0
0.0,0.0
0.0,0.0
0.0,0.0
0.0,0.0
0.0,0.0
0.0,0.0
0.0,0.0
0.0,0.0
0.0,0.0
0.0,0.0
0.0,0.0
0.0,0.0
0.0,0.0
0.0,0.0
0.0,0.0
0.0,0.0
0.0,0.0
0.0,0.0
0.0,0.0
0.0,0.0
0.0,0.0
0.0,0.0
0.0,0.0
0.0,0.0
0.0,0.0
0.0,0.0
0.0,0.0
0.0,0.0
0.0,0.0
-17.77777099609375,22.222211837768555
11.049018859863281,-7.163032054901123
0.0,0.0
0.0,0.0
0.0,0.0
0.0,0.0
0.0,0.0
0.0,0.0
-17.77777099609375,22.222211837768555
11.111096382141113,-8.204224586486816
0.0,0.0
0.0,0.0
0.0,0.0
0.0,0.0
0.0,0.0
0.0,0.0
0.0,0.0
0.0,0.0
0.0,0.0
0.0,0.0
0.0,0.0
0.0,0.0
0.0,0.0
0.0,0.0
0.0,0.0
0.0,0.0
0.0,0.0
0.0,0.0
0.0,0.0
0.0,0.0
0.0,0.0
0.0,0.0
-17.777555465698242,22.222211837768555
11.100764274597168,-7.6359333992004395
0.0,0.0
0.0,0.0
0.0,0.0
0.0,0.0
0.0,0.0
0.0,0.0
-17.777788162231445,22.222204208374023
11.11098861694336,-7.9981279373168945
0.0,0.0
0.0,0.0
0.0,0.0
0.0,0.0
0.0,0.0
0.0,0.0
0.0,0.0
0.0,0.0
0.0,0.0
0.0,0.0
0.0,0.0
0.0,0.0
0.0,0.0
0.0,0.0
0.0,0.0
0.0,0.0
0.0,0.0
0.0,0.0
0.0,0.0
0.0,0.0
0.0,0.0
0.0,0.0
0.0,0.0
0.0,0.0
0.0,0.0
0.0,0.0
0.0,0.0
0.0,0.0
0.0,0.0
0.0,0.0
0.0,0.0
0.0,0.0
0.0,0.0
0.0,0.0
0.0,0.0
0.0,0.0
0.0,0.0
0.0,0.0
0.0,0.0
0.0,0.0
0.0,0.0
0.0,0.0
0.0,0.0
0.0,0.0
0.0,0.0
0.0,0.0
0.0,0.0
0.0,0.0
0.0,0.0
0.0,0.0
0.0,0.0
0.0,0.0
0.0,0.0
0.0,0.0
0.0,0.0
0.0,0.0
0.0,0.0
0.0,0.0
0.0,0.0
0.0,0.0
0.0,0.0
0.0,0.0
0.0,0.0
0.0,0.0
0.0,0.0
0.0,0.0
0.0,0.0
0.0,0.0
-15.942907333374023,22.221529006958008
5.369321823120117,0.0
-11.991886138916016,22.137062072753906
1.909999966621399,0.0
0.0,0.0
0.0,0.0
0.0,0.0
0.0,0.0
-17.060733795166016,22.222211837768555
1.909999966621399,-1.88100004196167
-9.630979537963867,21.477014541625977
0.0,0.0
0.0,0.0
0.0,0.0
0.0,0.0
0.0,0.0
-14.923898696899414,22.22174835205078
5.369321823120117,-0.9900000095367432
-17.777738571166992,22.222211837768555
11.104016304016113,-6.74433708190918
0.0,0.0
0.0,0.0
0.0,0.0
0.0,0.0
-17.12725257873535,22.222211837768555
4.177420616149902,0.0
-17.77777099609375,22.222211837768555
10.616660118103027,-4.303990364074707
0.0,0.0
0.0,0.0
0.0,0.0
0.0,0.0
-17.204294204711914,22.22203826904297
3.491671085357666,-0.9726189970970154
-13.85500431060791,22.199481964111328
1.909999966621399,0.0
-2.0,0.0
0.0,0.0
0.0,0.0
0.0,0.0
-17.427459716796875,22.222211837768555
2.738100051879883,0.0
-11.499944686889648,21.32232093811035
0.0,0.0
-1.7799999713897705,13.568530082702637
0.0,0.0
0.0,0.0
0.0,0.0
-16.479520797729492,22.222118377685547
3.491671085357666,-0.9900000095367432
-17.778165817260742,22.222211837768555
10.878594398498535,-3.1345744132995605
-2.0,0.0
0.0,0.0
-3.7301666736602783,8.354841232299805
0.0,0.0
-17.239145278930664,22.222211837768555
2.738100051879883,0.0
-17.778064727783203,22.222211837768555
10.878594398498535,-6.268946170806885
-2.0,12.71267032623291
0.0,0.0
-6.364325523376465,20.90993309020996
0.0,0.0
0.0,0.0
0.0,0.0
0.0,0.0
0.0,0.0
0.0,0.0
0.0,0.0
0.0,0.0
0.0,0.0
0.0,0.0
0.0,0.0
0.0,0.0
0.0,0.0
0.0,0.0
0.0,0.0
0.0,0.0
0.0,0.0
0.0,0.0
0.0,0.0
0.0,0.0
0.0,0.0
0.0,0.0
0.0,0.0
0.0,0.0
0.0,0.0
0.0,0.0
0.0,0.0
0.0,0.0
0.0,0.0
0.0,0.0
0.0,0.0
0.0,0.0
0.0,0.0
0.0,0.0
0.0,0.0
0.0,0.0
0.0,0.0
0.0,0.0
0.0,0.0
0.0,0.0
0.0,0.0
0.0,0.0
0.0,0.0
0.0,0.0
0.0,0.0
0.0,0.0
0.0,0.0
0.0,0.0
0.0,0.0
0.0,0.0
0.0,0.0
0.0,0.0
0.0,0.0
0.0,0.0
0.0,0.0
0.0,0.0
0.0,0.0
0.0,0.0
0.0,0.0
0.0,0.0
0.0,0.0
0.0,0.0
0.0,0.0
0.0,0.0
0.0,0.0
0.0,0.0
0.0,0.0
-2.0,0.0
0.0,0.0
0.0,0.0
0.0,0.0
0.0,0.0
0.0,0.0
-13.121734619140625,21.40331268310547
0.0,0.0
-5.323970794677734,11.772165298461914
0.0,0.0
0.0,0.0
0.0,0.0
0.0,0.0
0.0,0.0
0.0,0.0
0.0,0.0
-17.77777099609375,22.222211837768555
0.0,0.0
0.0,0.0
0.0,0.0
0.0,0.0
0.0,0.0
-11.394563674926758,21.477014541625977
0.0,0.0
-17.77777099609375,22.222211837768555
0.0,0.0
0.0,0.0
0.0,0.0
0.0,0.0
0.0,0.0
0.0,0.0
0.0,0.0
0.0,0.0
0.0,0.0
0.0,0.0
0.0,0.0
0.0,0.0
0.0,0.0
-2.0,2.0
0.0,0.0
-2.0,0.0
0.0,0.0
0.0,0.0
0.0,0.0
0.0,0.0
0.0,0.0
0.0,0.0
0.0,0.0
0.0,0.0
0.0,0.0
0.0,0.0
0.0,0.0
0.0,0.0
0.0,0.0
-3.799999952316284,3.819999933242798
0.0,0.0
-11.936728477478027,22.098037719726562
0.0,0.0
0.0,0.0
0.0,0.0
0.0,0.0
0.0,0.0
0.0,0.0
0.0,0.0
0.0,0.0
0.0,0.0
0.0,0.0
0.0,0.0
0.0,0.0
0.0,0.0
0.0,0.0
0.0,0.0
0.0,0.0
0.0,0.0
0.0,0.0
0.0,0.0
0.0,0.0
0.0,0.0
0.0,0.0
0.0,0.0
0.0,0.0
0.0,0.0
0.0,0.0
0.0,0.0
0.0,0.0
0.0,0.0
0.0,0.0
0.0,0.0
0.0,0.0
0.0,0.0
0.0,0.0
0.0,0.0
0.0,0.0
0.0,0.0
0.0,0.0
0.0,0.0
0.0,0.0
0.0,0.0
0.0,0.0
0.0,0.0
0.0,0.0
0.0,0.0
0.0,0.0
0.0,0.0
0.0,0.0
0.0,0.0
0.0,0.0
0.0,0.0
0.0,0.0
0.0,0.0
0.0,0.0
0.0,0.0
0.0,0.0
0.0,0.0
0.0,0.0
0.0,0.0
0.0,0.0
0.0,0.0
0.0,0.0
0.0,0.0
0.0,0.0
0.0,0.0
0.0,0.0
0.0,0.0
0.0,0.0
0.0,0.0
