-8.8346529006958,7.66087532043457
0.0,0.0
0.0,0.0
0.0,0.0
0.0,0.0
0.0,0.0
0.0,0.0
0.0,0.0
0.0,0.0
0.0,0.0
0.0,0.0
0.0,0.0
0.0,0.0
0.0,0.0
0.0,0.0
0.0,0.0
0.0,0.0
0.0,0.0
15.122886657714844,29.711532592773438
21.32232093811035,-5.036457538604736
0.0,0.0
0.0,0.0
0.0,0.0
0.0,0.0
0.0,0.0
0.0,0.0
20.76630401611328,29.483692169189453
18.5190486907959,-6.584743499755859
0.0,0.0
0.0,0.0
-2.608839988708496,8.65402889251709
0.0,0.0
0.0,0.0
0.0,0.0
0.0,0.0
0.0,0.0
0.0,0.0
0.0,0.0
0.0,0.0
0.0,0.0
0.0,0.0
0.0,0.0
0.0,0.0
0.0,0.0
0.0,0.0
0.0,0.0
0.0,0.0
0.0,0.0
0.0,0.0
0.0,0.0
-8.895400047302246,11.108142852783203
0.0,0.0
0.0,0.0
0.0,0.0
-8.88996696472168,11.110986709594727
0.0,0.0
0.0,0.0
0.0,0.0
-8.889659881591797,11.110617637634277
0.0,0.0
0.0,0.0
0.0,0.0
-8.879095077514648,11.111105918884277
0.0,0.0
0.0,0.0
0.0,0.0
0.0,0.0
0.0,0.0
0.0,0.0
0.0,0.0
0.0,0.0
0.0,0.0
0.0,0.0
0.0,0.0
0.0,0.0
0.0,0.0
0.0,0.0
0.0,0.0
0.0,0.0
0.0,0.0
0.0,0.0
0.0,0.0
-8.942620277404785,9.426213264465332
22.222211837768555,-17.776561737060547
0.0,0.0
0.0,0.0
-8.670271873474121,11.111105918884277
22.04113006591797,-3.4163925647735596
0.0,0.0
0.0,0.0
-8.911051750183105,11.082777976989746
22.222164154052734,-17.777795791625977
0.0,0.0
0.0,0.0
-8.906967163085938,11.093257904052734
22.222211837768555,-17.777233123779297
0.0,0.0
0.0,0.0
0.0,0.0
0.0,0.0
0.0,0.0
0.0,0.0
0.0,0.0
0.0,0.0
0.0,0.0
0.0,0.0
0.0,0.0
0.0,0.0
0.0,0.0
0.0,0.0
0.0,0.0
0.0,0.0
0.0,0.0
0.0,0.0
-8.917502403259277,11.08509349822998
22.222211837768555,-17.76465606689453
0.0,0.0
0.0,0.0
-8.888740539550781,11.111105918884277
22.222211837768555,-17.742759704589844
0.0,0.0
0.0,0.0
-8.888897895812988,11.111102104187012
22.222211837768555,-17.762313842773438
0.0,0.0
0.0,0.0
-8.904943466186523,11.110064506530762
22.222211837768555,-17.60773468017578
0.0,0.0
0.0,0.0
0.0,0.0
0.0,0.0
0.0,0.0
0.0,0.0
0.0,0.0
0.0,0.0
0.0,0.0
0.0,0.0
0.0,0.0
0.0,0.0
0.0,0.0
0.0,0.0
0.0,0.0
0.0,0.0
0.0,0.0
0.0,0.0
0.3283146917819977,19.290306091308594
22.22197151184082,-17.777814865112305
0.0,0.0
0.0,0.0
0.0,0.0
0.0,0.0
0.0,0.0
0.0,0.0
3.2361247539520264,22.948305130004883
22.22159194946289,-16.456069946289062
0.0,0.0
0.0,0.0
-8.14648151397705,11.111048698425293
10.738643646240234,-1.9301666021347046
0.0,0.0
0.0,0.0
0.0,0.0
0.0,0.0
0.0,0.0
0.0,0.0
0.0,0.0
0.0,0.0
0.0,0.0
0.0,0.0
0.0,0.0
0.0,0.0
0.0,0.0
0.0,0.0
0.0,0.0
0.0,0.0
0.0,0.0
0.0,0.0
0.0,0.0
0.0,0.0
0.0,0.0
0.0,0.0
0.0,0.0
0.0,0.0
0.0,0.0
0.0,0.0
0.0,0.0
0.0,0.0
0.0,0.0
0.0,0.0
0.0,0.0
0.0,0.0
0.0,0.0
0.0,0.0
0.0,0.0
0.0,0.0
0.0,0.0
0.0,0.0
0.0,0.0
0.0,0.0
0.0,0.0
0.0,0.0
0.0,0.0
0.0,0.0
0.0,0.0
0.0,0.0
0.0,0.0
0.0,0.0
0.0,0.0
0.0,0.0
-8.912080764770508,10.87862491607666
0.0,0.0
0.0,0.0
0.0,0.0
0.0,0.0
0.0,0.0
0.0,0.0
0.0,0.0
-8.926091194152832,10.738870620727539
22.22132110595703,-17.77800178527832
0.0,0.0
0.0,0.0
-9.062919616699219,3.5866847038269043
3.4761998653411865,0.0
0.0,0.0
0.0,0.0
0.0,0.0
0.0,0.0
0.0,0.0
0.0,0.0
0.0,0.0
0.0,0.0
0.0,0.0
0.0,0.0
0.0,0.0
0.0,0.0
0.0,0.0
0.0,0.0
0.0,0.0
0.0,0.0
0.0,0.0
0.0,0.0
-8.88971996307373,11.111102104187012
0.0,0.0
0.0,0.0
0.0,0.0
0.0,0.0
0.0,0.0
0.0,0.0
0.0,0.0
-8.94461441040039,10.003231048583984
22.222211837768555,-17.773513793945312
0.0,0.0
0.0,0.0
-9.130719184875488,6.216365337371826
0.0,0.0
0.0,0.0
0.0,0.0
0.0,0.0
0.0,0.0
0.0,0.0
0.0,0.0
0.0,0.0
0.0,0.0
0.0,0.0
0.0,0.0
0.0,0.0
0.0,0.0
0.0,0.0
0.0,0.0
0.0,0.0
0.0,0.0
0.0,0.0
0.0,0.0
0.0,0.0
0.0,0.0
0.0,0.0
0.0,0.0
0.0,0.0
0.0,0.0
0.0,0.0
0.0,0.0
0.0,0.0
0.0,0.0
0.0,0.0
0.0,0.0
0.0,0.0
0.0,0.0
0.0,0.0
0.0,0.0
0.0,0.0
0.0,0.0
0.0,0.0
0.0,0.0
0.0,0.0
0.0,0.0
0.0,0.0
0.0,0.0
0.0,0.0
0.0,0.0
0.0,0.0
0.0,0.0
0.0,0.0
0.0,0.0
0.0,0.0
0.0,0.0
0.0,0.0
0.0,0.0
0.0,0.0
0.0,0.0
0.0,0.0
0.0,0.0
0.0,0.0
0.0,0.0
0.0,0.0
0.0,0.0
0.0,0.0
0.0,0.0
0.0,0.0
0.0,0.0
-10.139009475708008,-0.6453441977500916
22.222211837768555,-5.690923690795898
-9.607964515686035,5.764853000640869
18.85233497619629,-1.9617999792099
-1.0,0.0
0.0,0.0
-1.909999966621399,1.0140786170959473
0.0,0.0
-9.90040111541748,1.177249789237976
22.222211837768555,2.4992105960845947
-9.923667907714844,-4.089350700378418
20.7801456451416,0.0
0.0,0.0
0.0,0.0
-1.8387939929962158,7.649879455566406
0.0,0.0
0.0,0.0
0.0,0.0
-8.543971061706543,1.1527371406555176
15.056099891662598,-1.6301788091659546
0.0,0.0
0.0,0.0
-2.690516948699951,2.7729499340057373
0.0,0.0
0.0,0.0
0.0,0.0
-9.369646072387695,5.429164886474609
19.157861709594727,-2.458760976791382
0.0,0.0
0.0,0.0
-4.914420127868652,8.411855697631836
0.0,0.0
-9.929837226867676,0.5724700689315796
22.222211837768555,-15.94666862487793
-9.245488166809082,8.126701354980469
18.5190486907959,-3.6728732585906982
-9.263811111450195,7.325576305389404
0.0,0.0
-1.899999976158142,0.9588046669960022
0.0,0.0
-9.80935001373291,2.2086868286132812
22.222211837768555,4.955206394195557
-9.343111038208008,3.0159199237823486
20.7801456451416,-1.4199999570846558
-9.34237003326416,7.476646900177002
15.056099891662598,-5.206447124481201
-6.054434299468994,3.0417490005493164
14.347362518310547,-3.606187343597412
0.0,0.0
0.0,0.0
-3.8758647441864014,3.6801187992095947
16.28795623779297,-1.1703908443450928
0.0,0.0
0.0,0.0
-1.8578205108642578,5.573277950286865
2.0,0.0
0.0,0.0
0.0,0.0
-7.1763505935668945,5.154573917388916
17.75033187866211,2.2696382999420166
0.0,0.0
0.0,0.0
-7.562978267669678,6.818202018737793
18.85233497619629,2.508901596069336
0.0,0.0
0.0,0.0
0.0,0.0
0.0,0.0
0.0,0.0
0.0,0.0
0.0,0.0
0.0,0.0
0.0,0.0
0.0,0.0
0.0,0.0
0.0,0.0
0.0,0.0
0.0,0.0
0.0,0.0
0.0,0.0
0.0,0.0
0.0,0.0
0.0,0.0
0.0,0.0
0.0,0.0
0.0,0.0
0.0,0.0
0.0,0.0
0.0,0.0
0.0,0.0
0.0,0.0
0.0,0.0
0.0,0.0
0.0,0.0
0.0,0.0
0.0,0.0
0.0,0.0
0.0,0.0
0.0,0.0
0.0,0.0
0.0,0.0
0.0,0.0
0.0,0.0
0.0,0.0
0.0,0.0
0.0,0.0
0.0,0.0
0.0,0.0
0.0,0.0
0.0,0.0
0.0,0.0
0.0,0.0
0.0,0.0
0.0,0.0
0.0,0.0
0.0,0.0
0.0,0.0
0.0,0.0
0.0,0.0
0.0,0.0
0.0,0.0
0.0,0.0
0.0,0.0
0.0,0.0
0.0,0.0
0.0,0.0
0.0,0.0
0.0,0.0
0.0,0.0
0.0,0.0
-8.785473823547363,-2.4551734924316406
0.0,0.0
0.0,0.0
0.0,0.0
0.0,0.0
0.0,0.0
-10.561807632446289,-5.615295886993408
0.0,0.0
-10.837431907653809,-8.760163307189941
0.0,0.0
0.0,0.0
0.0,0.0
-7.528049945831299,-7.528049945831299
0.0,0.0
0.0,0.0
0.0,0.0
-10.195734024047852,-1.9577696323394775
0.0,0.0
0.0,0.0
0.0,0.0
0.0,0.0
0.0,0.0
0.0,6.895913600921631
0.0,0.0
-9.862249374389648,1.3804879188537598
0.0,0.0
0.0,0.0
0.0,0.0
-9.805349349975586,-5.410018444061279
0.0,0.0
0.0,0.0
0.0,0.0
-3.3974802494049072,-0.6647006869316101
0.0,0.0
0.0,0.0
0.0,0.0
0.0,0.0
0.0,0.0
-10.384785652160645,-2.9119551181793213
0.0,0.0
-10.479660987854004,-9.23185920715332
0.0,0.0
0.0,0.0
0.0,0.0
-4.169885158538818,-4.177420616149902
0.0,0.0
0.0,0.0
0.0,0.0
-8.059179306030273,-0.6367208361625671
0.0,0.0
0.0,0.0
0.0,0.0
0.0,0.0
0.0,0.0
-1.909999966621399,1.0819000005722046
0.0,0.0
-9.856460571289062,3.2941038608551025
0.0,0.0
0.0,0.0
0.0,0.0
-9.154230117797852,1.5490038394927979
0.0,0.0
0.0,0.0
0.0,0.0
0.0,0.0
0.0,0.0
0.0,0.0
0.0,0.0
0.0,0.0
0.0,0.0
0.0,0.0
0.0,0.0
0.0,0.0
0.0,0.0
0.0,0.0
0.0,0.0
0.0,0.0
0.0,0.0
0.0,0.0
0.0,0.0
-17.737438201904297,22.08107566833496
11.111104965209961,-8.889490127563477
0.0,0.0
0.0,0.0
0.0,0.0
0.0,0.0
0.0,0.0
0.0,0.0
-17.64345359802246,22.05453872680664
10.980403900146484,-8.899144172668457
0.0,0.0
0.0,0.0
0.0,0.0
0.0,0.0
0.0,0.0
0.0,0.0
0.0,0.0
0.0,0.0
0.0,0.0
0.0,0.0
0.0,0.0
0.0,0.0
0.0,0.0
0.0,0.0
0.0,0.0
0.0,0.0
0.0,0.0
0.0,0.0
0.0,0.0
0.0,0.0
0.0,0.0
0.0,0.0
-17.801959991455078,21.85845947265625
11.111105918884277,-8.861103057861328
0.0,0.0
0.0,0.0
-11.779704093933105,20.024314880371094
0.0,0.0
0.0,0.0
0.0,0.0
-17.802305221557617,22.012128829956055
11.109136581420898,-8.848313331604004
0.0,0.0
0.0,0.0
-8.43356990814209,14.003026962280273
0.0,0.0
0.0,0.0
0.0,0.0
0.0,0.0
0.0,0.0
0.0,0.0
0.0,0.0
0.0,0.0
0.0,0.0
0.0,0.0
0.0,0.0
0.0,0.0
0.0,0.0
0.0,0.0
0.0,0.0
0.0,0.0
0.0,0.0
0.0,0.0
0.0,0.0
0.0,0.0
0.0,0.0
0.0,0.0
0.0,0.0
0.0,0.0
0.0,0.0
0.0,0.0
0.0,0.0
0.0,0.0
0.0,0.0
0.0,0.0
0.0,0.0
0.0,0.0
0.0,0.0
0.0,0.0
0.0,0.0
0.0,0.0
0.0,0.0
0.0,0.0
0.0,0.0
0.0,0.0
0.0,0.0
0.0,0.0
0.0,0.0
0.0,0.0
0.0,0.0
0.0,0.0
0.0,0.0
0.0,0.0
0.0,0.0
0.0,0.0
0.0,0.0
0.0,0.0
0.0,0.0
0.0,0.0
0.0,0.0
0.0,0.0
0.0,0.0
0.0,0.0
0.0,0.0
0.0,0.0
0.0,0.0
0.0,0.0
0.0,0.0
0.0,0.0
0.0,0.0
0.0,0.0
0.0,0.0
0.0,0.0
0.0,0.0
0.0,0.0
0.0,0.0
0.0,0.0
0.0,0.0
0.0,0.0
0.0,0.0
0.0,0.0
0.0,0.0
0.0,0.0
0.0,0.0
0.0,0.0
0.0,0.0
0.0,0.0
0.0,0.0
-17.77777099609375,22.222211837768555
11.111105918884277,-8.401496887207031
0.0,0.0
0.0,0.0
0.0,0.0
0.0,0.0
0.0,0.0
0.0,0.0
-17.77777099609375,22.222211837768555
11.111105918884277,-8.821465492248535
0.0,0.0
0.0,0.0
0.0,0.0
0.0,0.0
0.0,0.0
0.0,0.0
0.0,0.0
0.0,0.0
0.0,0.0
0.0,0.0
0.0,0.0
0.0,0.0
0.0,0.0
0.0,0.0
0.0,0.0
0.0,0.0
0.0,0.0
0.0,0.0
0.0,0.0
0.0,0.0
0.0,0.0
0.0,0.0
-17.77777099609375,22.222211837768555
11.111105918884277,-8.570405960083008
0.0,0.0
0.0,0.0
0.0,0.0
0.0,0.0
0.0,0.0
0.0,0.0
-17.777788162231445,22.222204208374023
11.111105918884277,-8.846933364868164
0.0,0.0
0.0,0.0
0.0,0.0
0.0,0.0
0.0,0.0
0.0,0.0
0.0,0.0
0.0,0.0
0.0,0.0
0.0,0.0
0.0,0.0
0.0,0.0
0.0,0.0
0.0,0.0
0.0,0.0
0.0,0.0
0.0,0.0
0.0,0.0
0.0,0.0
0.0,0.0
0.0,0.0
0.0,0.0
0.0,0.0
0.0,0.0
0.0,0.0
0.0,0.0
0.0,0.0
0.0,0.0
0.0,0.0
0.0,0.0
0.0,0.0
0.0,0.0
0.0,0.0
0.0,0.0
0.0,0.0
0.0,0.0
0.0,0.0
0.0,0.0
0.0,0.0
0.0,0.0
0.0,0.0
0.0,0.0
0.0,0.0
0.0,0.0
0.0,0.0
0.0,0.0
0.0,0.0
0.0,0.0
0.0,0.0
0.0,0.0
0.0,0.0
0.0,0.0
0.0,0.0
0.0,0.0
0.0,0.0
0.0,0.0
0.0,0.0
0.0,0.0
0.0,0.0
0.0,0.0
0.0,0.0
0.0,0.0
0.0,0.0
0.0,0.0
0.0,0.0
0.0,0.0
0.0,0.0
0.0,0.0
-17.597089767456055,22.222211837768555
7.528049945831299,0.0
-15.28725814819336,22.222211837768555
3.491671085357666,0.0
0.0,0.0
0.0,0.0
0.0,0.0
0.0,0.0
-17.75983238220215,22.222211837768555
5.886082649230957,-2.651125907897949
-15.23272705078125,22.20931053161621
0.0,0.0
0.0,0.0
0.0,0.0
0.0,0.0
0.0,0.0
-17.349428176879883,22.222211837768555
7.528049945831299,-1.819263219833374
-17.77777099609375,22.222211837768555
11.111059188842773,-7.622627258300781
0.0,0.0
0.0,0.0
0.0,0.0
0.0,0.0
-17.763124465942383,22.222211837768555
7.173681259155273,-1.7932236194610596
-17.777788162231445,22.222209930419922
11.109683990478516,-7.597914695739746
0.0,0.0
0.0,0.0
0.0,0.0
0.0,0.0
-17.646587371826172,22.222211837768555
5.369321823120117,-0.9726189970970154
-17.123676300048828,22.222211837768555
1.909999966621399,0.0
-2.0,12.71267032623291
0.0,0.0
0.0,0.0
0.0,0.0
-17.769760131835938,22.222211837768555
4.177420616149902,-1.8404403924942017
-13.21451187133789,22.211528778076172
0.0,0.0
-1.7799999713897705,17.75033187866211
0.0,0.0
0.0,0.0
0.0,0.0
-17.670028686523438,22.204313278198242
7.528049945831299,-0.9900000095367432
-17.777788162231445,22.06195068359375
10.811201095581055,-3.713627576828003
-2.0,12.71267032623291
0.0,0.0
-6.523115158081055,21.028039932250977
0.0,0.0
-17.776195526123047,22.222211837768555
4.80145263671875,0.0
-17.780338287353516,22.222204208374023
11.098616600036621,-7.500552177429199
-6.4977335929870605,18.152801513671875
0.0,0.0
-10.294745445251465,22.199481964111328
0.0,0.0
0.0,0.0
0.0,0.0
0.0,0.0
0.0,0.0
0.0,0.0
0.0,0.0
0.0,0.0
0.0,0.0
0.0,0.0
0.0,0.0
0.0,0.0
0.0,0.0
0.0,0.0
0.0,0.0
0.0,0.0
0.0,0.0
0.0,0.0
0.0,0.0
0.0,0.0
0.0,0.0
0.0,0.0
0.0,0.0
0.0,0.0
0.0,0.0
0.0,0.0
0.0,0.0
0.0,0.0
0.0,0.0
0.0,0.0
0.0,0.0
0.0,0.0
0.0,0.0
0.0,0.0
0.0,0.0
0.0,0.0
0.0,0.0
0.0,0.0
0.0,0.0
0.0,0.0
0.0,0.0
0.0,0.0
0.0,0.0
0.0,0.0
0.0,0.0
0.0,0.0
0.0,0.0
0.0,0.0
0.0,0.0
0.0,0.0
0.0,0.0
0.0,0.0
0.0,0.0
0.0,0.0
0.0,0.0
0.0,0.0
0.0,0.0
0.0,0.0
0.0,0.0
0.0,0.0
0.0,0.0
0.0,0.0
0.0,0.0
0.0,0.0
0.0,0.0
0.0,0.0
0.0,0.0
-2.0,6.983342170715332
0.0,0.0
0.0,0.0
0.0,0.0
0.0,0.0
0.0,0.0
-16.32332420349121,22.21962547302246
0.0,0.0
-7.812796592712402,19.91132164001465
0.0,0.0
0.0,0.0
0.0,0.0
0.0,0.0
0.0,0.0
0.0,0.0
0.0,0.0
-17.77777099609375,22.222211837768555
0.0,0.0
0.0,0.0
0.0,0.0
0.0,0.0
0.0,0.0
-15.044427871704102,22.218433380126953
0.0,0.0
-17.77777099609375,22.222211837768555
0.0,0.0
0.0,0.0
0.0,0.0
0.0,0.0
0.0,0.0
0.0,0.0
0.0,0.0
0.0,0.0
0.0,0.0
0.0,0.0
0.0,0.0
0.0,0.0
0.0,0.0
-3.6494390964508057,15.701050758361816
0.0,0.0
-2.0,2.0
0.0,0.0
0.0,0.0
0.0,0.0
0.0,0.0
0.0,0.0
0.0,0.0
0.0,0.0
-2.0,0.0
0.0,0.0
0.0,0.0
0.0,0.0
0.0,0.0
0.0,0.0
-3.799999952316284,14.347362518310547
0.0,0.0
-15.26525592803955,22.221111297607422
0.0,0.0
0.0,0.0
0.0,0.0
0.0,0.0
0.0,0.0
0.0,0.0
0.0,0.0
0.0,0.0
0.0,0.0
0.0,0.0
0.0,0.0
0.0,0.0
0.0,0.0
0.0,0.0
0.0,0.0
0.0,0.0
0.0,0.0
0.0,0.0
0.0,0.0
0.0,0.0
0.0,0.0
0.0,0.0
0.0,0.0
0.0,0.0
0.0,0.0
0.0,0.0
0.0,0.0
0.0,0.0
0.0,0.0
0.0,0.0
0.0,0.0
0.0,0.0
0.0,0.0
0.0,0.0
0.0,0.0
0.0,0.0
0.0,0.0
0.0,0.0
0.0,0.0
0.0,0.0
0.0,0.0
0.0,0.0
0.0,0.0
0.0,0.0
0.0,0.0
0.0,0.0
0.0,0.0
0.0,0.0
0.0,0.0
0.0,0.0
0.0,0.0
0.0,0.0
0.0,0.0
0.0,0.0
0.0,0.0
0.0,0.0
0.0,0.0
0.0,0.0
0.0,0.0
0.0,0.0
0.0,0.0
0.0,0.0
0.0,0.0
0.0,0.0
0.0,0.0
0.0,0.0
0.0,0.0
0.0,0.0
0.0,0.0
