-9.116765022277832,6.946293354034424
0.0,0.0
0.0,0.0
0.0,0.0
0.0,0.0
0.0,0.0
0.0,0.0
0.0,0.0
0.0,0.0
0.0,0.0
0.0,0.0
0.0,0.0
0.0,0.0
0.0,0.0
0.0,0.0
0.0,0.0
0.0,0.0
0.0,0.0
19.232200622558594,29.711532592773438
21.32232093811035,-5.036457538604736
0.0,0.0
0.0,0.0
0.0,0.0
0.0,0.0
0.0,0.0
0.0,0.0
14.495728492736816,29.483692169189453
18.5190486907959,-6.584743499755859
0.0,0.0
0.0,0.0
-2.608839988708496,8.65402889251709
0.0,0.0
0.0,0.0
0.0,0.0
0.0,0.0
0.0,0.0
0.0,0.0
0.0,0.0
0.0,0.0
0.0,0.0
0.0,0.0
0.0,0.0
0.0,0.0
0.0,0.0
0.0,0.0
0.0,0.0
0.0,0.0
0.0,0.0
0.0,0.0
0.0,0.0
-8.908284187316895,11.106088638305664
0.0,0.0
0.0,0.0
0.0,0.0
-8.890496253967285,11.108786582946777
0.0,0.0
0.0,0.0
0.0,0.0
-8.885859489440918,11.111098289489746
0.0,0.0
0.0,0.0
0.0,0.0
-8.878006935119629,11.111105918884277
0.0,0.0
0.0,0.0
0.0,0.0
0.0,0.0
0.0,0.0
0.0,0.0
0.0,0.0
0.0,0.0
0.0,0.0
0.0,0.0
0.0,0.0
0.0,0.0
0.0,0.0
0.0,0.0
0.0,0.0
0.0,0.0
0.0,0.0
0.0,0.0
0.0,0.0
-8.913240432739258,10.754979133605957
22.222211837768555,-17.776107788085938
0.0,0.0
0.0,0.0
-8.670271873474121,11.111105918884277
22.04113006591797,-3.4163925647735596
0.0,0.0
0.0,0.0
-8.939013481140137,10.588690757751465
22.222164154052734,-17.777795791625977
0.0,0.0
0.0,0.0
-8.908736228942871,11.087418556213379
22.222211837768555,-17.777233123779297
0.0,0.0
0.0,0.0
0.0,0.0
0.0,0.0
0.0,0.0
0.0,0.0
0.0,0.0
0.0,0.0
0.0,0.0
0.0,0.0
0.0,0.0
0.0,0.0
0.0,0.0
0.0,0.0
0.0,0.0
0.0,0.0
0.0,0.0
0.0,0.0
-8.919426918029785,9.744939804077148
22.222211837768555,-17.76465606689453
0.0,0.0
0.0,0.0
-8.888740539550781,11.111105918884277
22.222211837768555,-17.73454475402832
0.0,0.0
0.0,0.0
-8.888908386230469,11.111102104187012
22.222211837768555,-17.75656509399414
0.0,0.0
0.0,0.0
-8.913140296936035,11.095137596130371
22.222211837768555,-17.58884048461914
0.0,0.0
0.0,0.0
0.0,0.0
0.0,0.0
0.0,0.0
0.0,0.0
0.0,0.0
0.0,0.0
0.0,0.0
0.0,0.0
0.0,0.0
0.0,0.0
0.0,0.0
0.0,0.0
0.0,0.0
0.0,0.0
0.0,0.0
0.0,0.0
0.32829317450523376,19.290306091308594
22.22197151184082,-17.777814865112305
0.0,0.0
0.0,0.0
0.0,0.0
0.0,0.0
0.0,0.0
0.0,0.0
17.964309692382812,22.948305130004883
22.221111297607422,-16.3092041015625
0.0,0.0
0.0,0.0
-8.063990592956543,11.111019134521484
10.738643646240234,-1.9301666021347046
0.0,0.0
0.0,0.0
0.0,0.0
0.0,0.0
0.0,0.0
0.0,0.0
0.0,0.0
0.0,0.0
0.0,0.0
0.0,0.0
0.0,0.0
0.0,0.0
0.0,0.0
0.0,0.0
0.0,0.0
0.0,0.0
0.0,0.0
0.0,0.0
0.0,0.0
0.0,0.0
0.0,0.0
0.0,0.0
0.0,0.0
0.0,0.0
0.0,0.0
0.0,0.0
0.0,0.0
0.0,0.0
0.0,0.0
0.0,0.0
0.0,0.0
0.0,0.0
0.0,0.0
0.0,0.0
0.0,0.0
0.0,0.0
0.0,0.0
0.0,0.0
0.0,0.0
0.0,0.0
0.0,0.0
0.0,0.0
0.0,0.0
0.0,0.0
0.0,0.0
0.0,0.0
0.0,0.0
0.0,0.0
0.0,0.0
0.0,0.0
-8.912080764770508,10.87862491607666
0.0,0.0
0.0,0.0
0.0,0.0
0.0,0.0
0.0,0.0
0.0,0.0
0.0,0.0
-8.926072120666504,10.739477157592773
22.216543197631836,-17.779436111450195
0.0,0.0
0.0,0.0
-9.031383514404297,9.344633102416992
3.4761998653411865,0.0
0.0,0.0
0.0,0.0
0.0,0.0
0.0,0.0
0.0,0.0
0.0,0.0
0.0,0.0
0.0,0.0
0.0,0.0
0.0,0.0
0.0,0.0
0.0,0.0
0.0,0.0
0.0,0.0
0.0,0.0
0.0,0.0
0.0,0.0
0.0,0.0
-8.8925199508667,11.111095428466797
0.0,0.0
0.0,0.0
0.0,0.0
0.0,0.0
0.0,0.0
0.0,0.0
0.0,0.0
-8.924365997314453,10.72492790222168
22.222211837768555,-17.773038864135742
0.0,0.0
0.0,0.0
-9.130719184875488,10.493433952331543
0.0,0.0
0.0,0.0
0.0,0.0
0.0,0.0
0.0,0.0
0.0,0.0
0.0,0.0
0.0,0.0
0.0,0.0
0.0,0.0
0.0,0.0
0.0,0.0
0.0,0.0
0.0,0.0
0.0,0.0
0.0,0.0
0.0,0.0
0.0,0.0
0.0,0.0
0.0,0.0
0.0,0.0
0.0,0.0
0.0,0.0
0.0,0.0
0.0,0.0
0.0,0.0
0.0,0.0
0.0,0.0
0.0,0.0
0.0,0.0
0.0,0.0
0.0,0.0
0.0,0.0
0.0,0.0
0.0,0.0
0.0,0.0
0.0,0.0
0.0,0.0
0.0,0.0
0.0,0.0
0.0,0.0
0.0,0.0
0.0,0.0
0.0,0.0
0.0,0.0
0.0,0.0
0.0,0.0
0.0,0.0
0.0,0.0
0.0,0.0
0.0,0.0
0.0,0.0
0.0,0.0
0.0,0.0
0.0,0.0
0.0,0.0
0.0,0.0
0.0,0.0
0.0,0.0
0.0,0.0
0.0,0.0
0.0,0.0
0.0,0.0
0.0,0.0
0.0,0.0
-10.01870059967041,-0.2999367117881775
22.222211837768555,-6.684699058532715
-9.462661743164062,2.2827744483947754
18.85233497619629,-1.9617999792099
-1.0,0.0
0.0,0.0
-1.909999966621399,0.015470999293029308
0.0,0.0
-9.914413452148438,0.7666653990745544
22.222211837768555,1.6317687034606934
-10.005743026733398,2.4126992225646973
20.48079490661621,0.0
0.0,0.0
0.0,0.0
-1.8387939929962158,7.649879455566406
0.0,0.0
0.0,0.0
0.0,0.0
-8.543971061706543,4.784655570983887
15.056099891662598,-1.6301788091659546
0.0,0.0
0.0,0.0
-2.690516948699951,1.9482966661453247
0.0,0.0
0.0,0.0
0.0,0.0
-9.369646072387695,2.233319044113159
18.521751403808594,-2.458760976791382
0.0,0.0
0.0,0.0
-4.914420127868652,8.411855697631836
0.0,0.0
-9.909306526184082,-1.7595218420028687
22.222211837768555,-15.94666862487793
-9.499495506286621,7.2359619140625
17.75033187866211,-3.6728732585906982
-9.263811111450195,10.328107833862305
0.0,0.0
-1.899999976158142,0.9588046669960022
0.0,0.0
-9.804705619812012,2.0089383125305176
22.222211837768555,-5.515811920166016
-9.296628952026367,5.1473565101623535
20.11930274963379,-1.4199999570846558
-9.34237003326416,7.476646900177002
15.056099891662598,-5.206447124481201
-6.054434299468994,4.4414825439453125
14.347362518310547,-3.606187343597412
0.0,0.0
0.0,0.0
-3.8758647441864014,3.6801187992095947
15.056099891662598,-1.1703908443450928
0.0,0.0
0.0,0.0
-1.8578205108642578,5.573277950286865
2.0,0.0
0.0,0.0
0.0,0.0
-7.1763505935668945,7.756625175476074
15.701050758361816,2.2696382999420166
0.0,0.0
0.0,0.0
-7.562978267669678,5.927064418792725
18.85233497619629,2.508901596069336
0.0,0.0
0.0,0.0
0.0,0.0
0.0,0.0
0.0,0.0
0.0,0.0
0.0,0.0
0.0,0.0
0.0,0.0
0.0,0.0
0.0,0.0
0.0,0.0
0.0,0.0
0.0,0.0
0.0,0.0
0.0,0.0
0.0,0.0
0.0,0.0
0.0,0.0
0.0,0.0
0.0,0.0
0.0,0.0
0.0,0.0
0.0,0.0
0.0,0.0
0.0,0.0
0.0,0.0
0.0,0.0
0.0,0.0
0.0,0.0
0.0,0.0
0.0,0.0
0.0,0.0
0.0,0.0
0.0,0.0
0.0,0.0
0.0,0.0
0.0,0.0
0.0,0.0
0.0,0.0
0.0,0.0
0.0,0.0
0.0,0.0
0.0,0.0
0.0,0.0
0.0,0.0
0.0,0.0
0.0,0.0
0.0,0.0
0.0,0.0
0.0,0.0
0.0,0.0
0.0,0.0
0.0,0.0
0.0,0.0
0.0,0.0
0.0,0.0
0.0,0.0
0.0,0.0
0.0,0.0
0.0,0.0
0.0,0.0
0.0,0.0
0.0,0.0
0.0,0.0
0.0,0.0
-8.785473823547363,-3.820202350616455
0.0,0.0
0.0,0.0
0.0,0.0
0.0,0.0
0.0,0.0
-10.563162803649902,-5.614874362945557
0.0,0.0
-10.755602836608887,-7.662881851196289
0.0,0.0
0.0,0.0
0.0,0.0
-6.784265041351318,-6.784265041351318
0.0,0.0
0.0,0.0
0.0,0.0
-10.195734024047852,-1.9577696323394775
0.0,0.0
0.0,0.0
0.0,0.0
0.0,0.0
0.0,0.0
0.0,6.479025840759277
0.0,0.0
-9.862584114074707,1.372934103012085
0.0,0.0
0.0,0.0
0.0,0.0
-9.805349349975586,-1.5552566051483154
0.0,0.0
0.0,0.0
0.0,0.0
-3.3974802494049072,-1.8293414115905762
0.0,0.0
0.0,0.0
0.0,0.0
0.0,0.0
0.0,0.0
-10.843400955200195,-7.069005012512207
0.0,0.0
-10.325559616088867,1.8056414127349854
0.0,0.0
0.0,0.0
0.0,0.0
-4.169885158538818,-3.491671085357666
0.0,0.0
0.0,0.0
0.0,0.0
-8.059179306030273,-4.478437900543213
0.0,0.0
0.0,0.0
0.0,0.0
0.0,0.0
0.0,0.0
-1.909999966621399,1.0819000005722046
0.0,0.0
-9.880833625793457,1.3193621635437012
0.0,0.0
0.0,0.0
0.0,0.0
-9.154230117797852,3.273883819580078
0.0,0.0
0.0,0.0
0.0,0.0
0.0,0.0
0.0,0.0
0.0,0.0
0.0,0.0
0.0,0.0
0.0,0.0
0.0,0.0
0.0,0.0
0.0,0.0
0.0,0.0
0.0,0.0
0.0,0.0
0.0,0.0
0.0,0.0
0.0,0.0
0.0,0.0
-17.656524658203125,22.082195281982422
11.111104965209961,-8.889713287353516
0.0,0.0
0.0,0.0
0.0,0.0
0.0,0.0
0.0,0.0
0.0,0.0
-17.794004440307617,22.057344436645508
11.110851287841797,-8.894379615783691
0.0,0.0
0.0,0.0
0.0,0.0
0.0,0.0
0.0,0.0
0.0,0.0
0.0,0.0
0.0,0.0
0.0,0.0
0.0,0.0
0.0,0.0
0.0,0.0
0.0,0.0
0.0,0.0
0.0,0.0
0.0,0.0
0.0,0.0
0.0,0.0
0.0,0.0
0.0,0.0
0.0,0.0
0.0,0.0
-17.801427841186523,21.963171005249023
11.111105918884277,-8.846538543701172
0.0,0.0
0.0,0.0
-11.779704093933105,20.024314880371094
0.0,0.0
0.0,0.0
0.0,0.0
-17.81812286376953,21.81254005432129
10.36065673828125,-8.795998573303223
0.0,0.0
0.0,0.0
-8.43356990814209,14.712023735046387
0.0,0.0
0.0,0.0
0.0,0.0
0.0,0.0
0.0,0.0
0.0,0.0
0.0,0.0
0.0,0.0
0.0,0.0
0.0,0.0
0.0,0.0
0.0,0.0
0.0,0.0
0.0,0.0
0.0,0.0
0.0,0.0
0.0,0.0
0.0,0.0
0.0,0.0
0.0,0.0
0.0,0.0
0.0,0.0
0.0,0.0
0.0,0.0
0.0,0.0
0.0,0.0
0.0,0.0
0.0,0.0
0.0,0.0
0.0,0.0
0.0,0.0
0.0,0.0
0.0,0.0
0.0,0.0
0.0,0.0
0.0,0.0
0.0,0.0
0.0,0.0
0.0,0.0
0.0,0.0
0.0,0.0
0.0,0.0
0.0,0.0
0.0,0.0
0.0,0.0
0.0,0.0
0.0,0.0
0.0,0.0
0.0,0.0
0.0,0.0
0.0,0.0
0.0,0.0
0.0,0.0
0.0,0.0
0.0,0.0
0.0,0.0
0.0,0.0
0.0,0.0
0.0,0.0
0.0,0.0
0.0,0.0
0.0,0.0
0.0,0.0
0.0,0.0
0.0,0.0
0.0,0.0
0.0,0.0
0.0,0.0
0.0,0.0
0.0,0.0
0.0,0.0
0.0,0.0
0.0,0.0
0.0,0.0
0.0,0.0
0.0,0.0
0.0,0.0
0.0,0.0
0.0,0.0
0.0,0.0
0.0,0.0
0.0,0.0
0.0,0.0
-17.77777099609375,22.222211837768555
11.111105918884277,-8.401496887207031
0.0,0.0
0.0,0.0
0.0,0.0
0.0,0.0
0.0,0.0
0.0,0.0
-17.77777099609375,22.222211837768555
11.111105918884277,-8.821465492248535
0.0,0.0
0.0,0.0
0.0,0.0
0.0,0.0
0.0,0.0
0.0,0.0
0.0,0.0
0.0,0.0
0.0,0.0
0.0,0.0
0.0,0.0
0.0,0.0
0.0,0.0
0.0,0.0
0.0,0.0
0.0,0.0
0.0,0.0
0.0,0.0
0.0,0.0
0.0,0.0
0.0,0.0
0.0,0.0
-17.77777099609375,22.222211837768555
11.111105918884277,-8.570405960083008
0.0,0.0
0.0,0.0
0.0,0.0
0.0,0.0
0.0,0.0
0.0,0.0
-17.777788162231445,22.222204208374023
11.111105918884277,-8.846933364868164
0.0,0.0
0.0,0.0
0.0,0.0
0.0,0.0
0.0,0.0
0.0,0.0
0.0,0.0
0.0,0.0
0.0,0.0
0.0,0.0
0.0,0.0
0.0,0.0
0.0,0.0
0.0,0.0
0.0,0.0
0.0,0.0
0.0,0.0
0.0,0.0
0.0,0.0
0.0,0.0
0.0,0.0
0.0,0.0
0.0,0.0
0.0,0.0
0.0,0.0
0.0,0.0
0.0,0.0
0.0,0.0
0.0,0.0
0.0,0.0
0.0,0.0
0.0,0.0
0.0,0.0
0.0,0.0
0.0,0.0
0.0,0.0
0.0,0.0
0.0,0.0
0.0,0.0
0.0,0.0
0.0,0.0
0.0,0.0
0.0,0.0
0.0,0.0
0.0,0.0
0.0,0.0
0.0,0.0
0.0,0.0
0.0,0.0
0.0,0.0
0.0,0.0
0.0,0.0
0.0,0.0
0.0,0.0
0.0,0.0
0.0,0.0
0.0,0.0
0.0,0.0
0.0,0.0
0.0,0.0
0.0,0.0
0.0,0.0
0.0,0.0
0.0,0.0
0.0,0.0
0.0,0.0
0.0,0.0
0.0,0.0
-17.57701301574707,22.222211837768555
7.528049945831299,0.0
-15.28725814819336,22.222211837768555
3.491671085357666,0.0
0.0,0.0
0.0,0.0
0.0,0.0
0.0,0.0
-17.7556209564209,22.222211837768555
5.886082649230957,-2.651125907897949
-15.23272705078125,22.20508575439453
0.0,0.0
0.0,0.0
0.0,0.0
0.0,0.0
0.0,0.0
-17.301834106445312,22.222211837768555
7.528049945831299,-1.819263219833374
-17.77777099609375,22.222211837768555
11.111048698425293,-7.622627258300781
0.0,0.0
0.0,0.0
0.0,0.0
0.0,0.0
-17.76149559020996,22.222211837768555
7.173681259155273,-1.7932236194610596
-17.777788162231445,22.222209930419922
11.109683990478516,-7.597914695739746
0.0,0.0
0.0,0.0
0.0,0.0
0.0,0.0
-17.646587371826172,22.222211837768555
5.369321823120117,-0.9726189970970154
-16.970245361328125,22.222211837768555
1.909999966621399,0.0
-2.0,10.738643646240234
0.0,0.0
0.0,0.0
0.0,0.0
-17.76677894592285,22.222211837768555
4.177420616149902,-1.8404403924942017
-13.21451187133789,22.20931053161621
0.0,0.0
-1.7799999713897705,17.75033187866211
0.0,0.0
0.0,0.0
0.0,0.0
-17.670028686523438,22.171682357788086
7.528049945831299,-0.9900000095367432
-17.777788162231445,22.222211837768555
10.748945236206055,-3.713627576828003
-2.0,10.738643646240234
0.0,0.0
-6.523115158081055,20.11930274963379
0.0,0.0
-17.776195526123047,22.222211837768555
4.80145263671875,0.0
-17.782594680786133,22.22217559814453
11.097380638122559,-7.500552177429199
-6.4977335929870605,18.152801513671875
0.0,0.0
-10.294745445251465,22.199481964111328
0.0,0.0
0.0,0.0
0.0,0.0
0.0,0.0
0.0,0.0
0.0,0.0
0.0,0.0
0.0,0.0
0.0,0.0
0.0,0.0
0.0,0.0
0.0,0.0
0.0,0.0
0.0,0.0
0.0,0.0
0.0,0.0
0.0,0.0
0.0,0.0
0.0,0.0
0.0,0.0
0.0,0.0
0.0,0.0
0.0,0.0
0.0,0.0
0.0,0.0
0.0,0.0
0.0,0.0
0.0,0.0
0.0,0.0
0.0,0.0
0.0,0.0
0.0,0.0
0.0,0.0
0.0,0.0
0.0,0.0
0.0,0.0
0.0,0.0
0.0,0.0
0.0,0.0
0.0,0.0
0.0,0.0
0.0,0.0
0.0,0.0
0.0,0.0
0.0,0.0
0.0,0.0
0.0,0.0
0.0,0.0
0.0,0.0
0.0,0.0
0.0,0.0
0.0,0.0
0.0,0.0
0.0,0.0
0.0,0.0
0.0,0.0
0.0,0.0
0.0,0.0
0.0,0.0
0.0,0.0
0.0,0.0
0.0,0.0
0.0,0.0
0.0,0.0
0.0,0.0
0.0,0.0
0.0,0.0
-2.0,5.476200103759766
0.0,0.0
0.0,0.0
0.0,0.0
0.0,0.0
0.0,0.0
-16.16168975830078,22.218433380126953
0.0,0.0
-7.812796592712402,19.91132164001465
0.0,0.0
0.0,0.0
0.0,0.0
0.0,0.0
0.0,0.0
0.0,0.0
0.0,0.0
-17.77777099609375,22.222211837768555
0.0,0.0
0.0,0.0
0.0,0.0
0.0,0.0
0.0,0.0
-15.044427871704102,22.216150283813477
0.0,0.0
-17.77777099609375,22.222211837768555
0.0,0.0
0.0,0.0
0.0,0.0
0.0,0.0
0.0,0.0
0.0,0.0
0.0,0.0
0.0,0.0
0.0,0.0
0.0,0.0
0.0,0.0
0.0,0.0
0.0,0.0
-3.6494390964508057,15.056099891662598
0.0,0.0
-2.0,2.0
0.0,0.0
0.0,0.0
0.0,0.0
0.0,0.0
0.0,0.0
0.0,0.0
0.0,0.0
-2.0,0.0
0.0,0.0
0.0,0.0
0.0,0.0
0.0,0.0
0.0,0.0
-3.799999952316284,13.568530082702637
0.0,0.0
-15.26525592803955,22.220746994018555
0.0,0.0
0.0,0.0
0.0,0.0
0.0,0.0
0.0,0.0
0.0,0.0
0.0,0.0
0.0,0.0
0.0,0.0
0.0,0.0
0.0,0.0
0.0,0.0
0.0,0.0
0.0,0.0
0.0,0.0
0.0,0.0
0.0,0.0
0.0,0.0
0.0,0.0
0.0,0.0
0.0,0.0
0.0,0.0
0.0,0.0
0.0,0.0
0.0,0.0
0.0,0.0
0.0,0.0
0.0,0.0
0.0,0.0
0.0,0.0
0.0,0.0
0.0,0.0
0.0,0.0
0.0,0.0
0.0,0.0
0.0,0.0
0.0,0.0
0.0,0.0
0.0,0.0
0.0,0.0
0.0,0.0
0.0,0.0
0.0,0.0
0.0,0.0
0.0,0.0
0.0,0.0
0.0,0.0
0.0,0.0
0.0,0.0
0.0,0.0
0.0,0.0
0.0,0.0
0.0,0.0
0.0,0.0
0.0,0.0
0.0,0.0
0.0,0.0
0.0,0.0
0.0,0.0
0.0,0.0
0.0,0.0
0.0,0.0
0.0,0.0
0.0,0.0
0.0,0.0
0.0,0.0
0.0,0.0
0.0,0.0
0.0,0.0
