-4.038280963897705,6.945815086364746
0.0,0.0
0.0,0.0
0.0,0.0
0.0,0.0
0.0,0.0
0.0,0.0
0.0,0.0
0.0,0.0
0.0,0.0
0.0,0.0
0.0,0.0
0.0,0.0
0.0,0.0
0.0,0.0
0.0,0.0
0.0,0.0
0.0,0.0
-7.072023868560791,29.735387802124023
15.701050758361816,-1.9617999792099
0.0,0.0
0.0,0.0
0.0,0.0
0.0,0.0
0.0,0.0
0.0,0.0
11.439213752746582,29.775949478149414
15.056099891662598,-6.584743499755859
0.0,0.0
0.0,0.0
-2.608839988708496,8.143978118896484
0.0,0.0
0.0,0.0
0.0,0.0
0.0,0.0
0.0,0.0
0.0,0.0
0.0,0.0
0.0,0.0
0.0,0.0
0.0,0.0
0.0,0.0
0.0,0.0
0.0,0.0
0.0,0.0
0.0,0.0
0.0,0.0
0.0,0.0
0.0,0.0
0.0,0.0
-8.890660285949707,11.111028671264648
0.0,0.0
0.0,0.0
0.0,0.0
-8.87077808380127,11.067840576171875
0.0,0.0
0.0,0.0
0.0,0.0
-8.895792007446289,11.111104965209961
0.0,0.0
0.0,0.0
0.0,0.0
-8.563337326049805,11.111042022705078
0.0,0.0
0.0,0.0
0.0,0.0
0.0,0.0
0.0,0.0
0.0,0.0
0.0,0.0
0.0,0.0
0.0,0.0
0.0,0.0
0.0,0.0
0.0,0.0
0.0,0.0
0.0,0.0
0.0,0.0
0.0,0.0
0.0,0.0
0.0,0.0
0.0,0.0
-8.918232917785645,11.092646598815918
22.222211837768555,-17.262174606323242
0.0,0.0
0.0,0.0
-8.028128623962402,11.079521179199219
14.347362518310547,0.0
0.0,0.0
0.0,0.0
-8.889076232910156,11.111104965209961
22.222209930419922,-17.77777099609375
0.0,0.0
0.0,0.0
-8.691680908203125,11.110725402832031
22.222211837768555,-17.541284561157227
0.0,0.0
0.0,0.0
0.0,0.0
0.0,0.0
0.0,0.0
0.0,0.0
0.0,0.0
0.0,0.0
0.0,0.0
0.0,0.0
0.0,0.0
0.0,0.0
0.0,0.0
0.0,0.0
0.0,0.0
0.0,0.0
0.0,0.0
0.0,0.0
-8.90224552154541,11.109964370727539
22.22159194946289,-16.68157386779785
0.0,0.0
0.0,0.0
-8.60184383392334,11.111105918884277
22.218774795532227,-16.757797241210938
0.0,0.0
0.0,0.0
-8.8960599899292,11.108000755310059
22.222211837768555,-17.76225471496582
0.0,0.0
0.0,0.0
-8.920302391052246,10.859955787658691
22.219751358032227,-17.60257911682129
0.0,0.0
0.0,0.0
0.0,0.0
0.0,0.0
0.0,0.0
0.0,0.0
0.0,0.0
0.0,0.0
0.0,0.0
0.0,0.0
0.0,0.0
0.0,0.0
0.0,0.0
0.0,0.0
0.0,0.0
0.0,0.0
0.0,0.0
0.0,0.0
0.6642981767654419,19.290306091308594
22.221683502197266,-17.77939224243164
0.0,0.0
0.0,0.0
0.0,0.0
0.0,0.0
0.0,0.0
0.0,0.0
-7.5225348472595215,22.95809555053711
19.682771682739258,-11.914290428161621
0.0,0.0
0.0,0.0
-4.432246208190918,10.878594398498535
0.0,0.0
0.0,0.0
0.0,0.0
0.0,0.0
0.0,0.0
0.0,0.0
0.0,0.0
0.0,0.0
0.0,0.0
0.0,0.0
0.0,0.0
0.0,0.0
0.0,0.0
0.0,0.0
0.0,0.0
0.0,0.0
0.0,0.0
0.0,0.0
0.0,0.0
0.0,0.0
0.0,0.0
0.0,0.0
0.0,0.0
0.0,0.0
0.0,0.0
0.0,0.0
0.0,0.0
0.0,0.0
0.0,0.0
0.0,0.0
0.0,0.0
0.0,0.0
0.0,0.0
0.0,0.0
0.0,0.0
0.0,0.0
0.0,0.0
0.0,0.0
0.0,0.0
0.0,0.0
0.0,0.0
0.0,0.0
0.0,0.0
0.0,0.0
0.0,0.0
0.0,0.0
0.0,0.0
0.0,0.0
0.0,0.0
0.0,0.0
0.0,0.0
-8.912073135375977,10.878788948059082
0.0,0.0
0.0,0.0
0.0,0.0
0.0,0.0
0.0,0.0
0.0,0.0
0.0,0.0
-8.92667007446289,10.730815887451172
22.222211837768555,-17.77777099609375
0.0,0.0
0.0,0.0
-9.086891174316406,10.325682640075684
0.0,0.0
0.0,0.0
0.0,0.0
0.0,0.0
0.0,0.0
0.0,0.0
0.0,0.0
0.0,0.0
0.0,0.0
0.0,0.0
0.0,0.0
0.0,0.0
0.0,0.0
0.0,0.0
0.0,0.0
0.0,0.0
0.0,0.0
0.0,0.0
0.0,0.0
-8.88890552520752,11.111105918884277
0.0,0.0
0.0,0.0
0.0,0.0
0.0,0.0
0.0,0.0
0.0,0.0
0.0,0.0
-8.916190147399902,11.04179859161377
22.222211837768555,-17.174108505249023
0.0,0.0
0.0,0.0
-8.624611854553223,10.467320442199707
0.0,0.0
0.0,0.0
0.0,0.0
0.0,0.0
0.0,0.0
0.0,0.0
0.0,0.0
0.0,0.0
0.0,0.0
0.0,0.0
0.0,0.0
0.0,0.0
0.0,0.0
0.0,0.0
0.0,0.0
0.0,0.0
0.0,0.0
0.0,0.0
0.0,0.0
0.0,0.0
0.0,0.0
0.0,0.0
0.0,0.0
0.0,0.0
0.0,0.0
0.0,0.0
0.0,0.0
0.0,0.0
0.0,0.0
0.0,0.0
0.0,0.0
0.0,0.0
0.0,0.0
0.0,0.0
0.0,0.0
0.0,0.0
0.0,0.0
0.0,0.0
0.0,0.0
0.0,0.0
0.0,0.0
0.0,0.0
0.0,0.0
0.0,0.0
0.0,0.0
0.0,0.0
0.0,0.0
0.0,0.0
0.0,0.0
0.0,0.0
0.0,0.0
0.0,0.0
0.0,0.0
0.0,0.0
0.0,0.0
0.0,0.0
0.0,0.0
0.0,0.0
0.0,0.0
0.0,0.0
0.0,0.0
0.0,0.0
0.0,0.0
0.0,0.0
0.0,0.0
-9.638368606567383,1.8748363256454468
22.222211837768555,6.78243350982666
-9.767949104309082,6.460765361785889
13.568530082702637,-1.9617999792099
0.0,0.0
0.0,0.0
-1.0,-0.09000000357627869
0.0,0.0
-9.887733459472656,-0.3984127342700958
22.222211837768555,-4.139185428619385
-9.503318786621094,9.53227710723877
15.056099891662598,0.0
0.0,0.0
0.0,0.0
-1.8387939929962158,3.7507431507110596
0.0,0.0
0.0,0.0
0.0,0.0
-5.453462600708008,6.810222148895264
9.6029052734375,0.30421343445777893
0.0,0.0
0.0,0.0
-1.899999976158142,1.149721384048462
0.0,0.0
0.0,0.0
0.0,0.0
-8.374759674072266,7.293643951416016
9.612117767333984,-2.458760976791382
0.0,0.0
0.0,0.0
-2.6175060272216797,6.575213432312012
0.0,0.0
-9.729962348937988,4.369490146636963
22.222211837768555,-12.40029525756836
-9.394237518310547,10.271320343017578
12.71267032623291,-2.0
-7.7324981689453125,7.631735324859619
0.0,0.0
-1.0,0.0
0.0,0.0
-9.724522590637207,3.4875707626342773
22.222211837768555,-9.822022438049316
-10.420680046081543,-2.6053311824798584
10.738643646240234,-1.4199999570846558
-7.4311137199401855,8.402315139770508
10.738643646240234,-3.7039709091186523
-4.01435661315918,0.7056326270103455
9.6029052734375,0.0
0.0,0.0
0.0,0.0
-1.8582258224487305,3.839154005050659
9.6029052734375,-3.6820716857910156
0.0,0.0
0.0,0.0
-1.0,1.909999966621399
0.0,0.0
0.0,0.0
0.0,0.0
-5.9485321044921875,3.653414011001587
3.819999933242798,0.12514188885688782
0.0,0.0
0.0,0.0
-5.876148700714111,4.709048748016357
12.71267032623291,-2.0
0.0,0.0
0.0,0.0
0.0,0.0
0.0,0.0
0.0,0.0
0.0,0.0
0.0,0.0
0.0,0.0
0.0,0.0
0.0,0.0
0.0,0.0
0.0,0.0
0.0,0.0
0.0,0.0
0.0,0.0
0.0,0.0
0.0,0.0
0.0,0.0
0.0,0.0
0.0,0.0
0.0,0.0
0.0,0.0
0.0,0.0
0.0,0.0
0.0,0.0
0.0,0.0
0.0,0.0
0.0,0.0
0.0,0.0
0.0,0.0
0.0,0.0
0.0,0.0
0.0,0.0
0.0,0.0
0.0,0.0
0.0,0.0
0.0,0.0
0.0,0.0
0.0,0.0
0.0,0.0
0.0,0.0
0.0,0.0
0.0,0.0
0.0,0.0
0.0,0.0
0.0,0.0
0.0,0.0
0.0,0.0
0.0,0.0
0.0,0.0
0.0,0.0
0.0,0.0
0.0,0.0
0.0,0.0
0.0,0.0
0.0,0.0
0.0,0.0
0.0,0.0
0.0,0.0
0.0,0.0
0.0,0.0
0.0,0.0
0.0,0.0
0.0,0.0
0.0,0.0
0.0,0.0
-5.226032257080078,1.8059440851211548
0.0,0.0
0.0,0.0
0.0,0.0
0.0,0.0
0.0,0.0
-10.495382308959961,-4.697962284088135
0.0,0.0
-10.563395500183105,-1.4836840629577637
0.0,0.0
0.0,0.0
0.0,0.0
-4.80145263671875,-4.177420616149902
0.0,0.0
0.0,0.0
0.0,0.0
-10.195247650146484,-1.966942310333252
0.0,0.0
0.0,0.0
0.0,0.0
0.0,0.0
0.0,0.0
0.0,5.369321823120117
0.0,0.0
-9.801592826843262,2.8193585872650146
0.0,0.0
0.0,0.0
0.0,0.0
-9.349011421203613,3.5918736457824707
0.0,0.0
0.0,0.0
0.0,0.0
-2.673271894454956,3.328636407852173
0.0,0.0
0.0,0.0
0.0,0.0
0.0,0.0
0.0,0.0
-10.924201011657715,-9.343521118164062
0.0,0.0
-10.6669340133667,-6.014230251312256
0.0,0.0
0.0,0.0
0.0,0.0
-1.899999976158142,0.0
0.0,0.0
0.0,0.0
0.0,0.0
-4.926410675048828,5.688058376312256
0.0,0.0
0.0,0.0
0.0,0.0
0.0,0.0
0.0,0.0
-1.0,-1.0
0.0,0.0
-9.980374336242676,4.772893905639648
0.0,0.0
0.0,0.0
0.0,0.0
-4.640531063079834,3.47143816947937
0.0,0.0
0.0,0.0
0.0,0.0
0.0,0.0
0.0,0.0
0.0,0.0
0.0,0.0
0.0,0.0
0.0,0.0
0.0,0.0
0.0,0.0
0.0,0.0
0.0,0.0
0.0,0.0
0.0,0.0
0.0,0.0
0.0,0.0
0.0,0.0
0.0,0.0
-17.780099868774414,22.15164566040039
11.111076354980469,-8.846887588500977
0.0,0.0
0.0,0.0
0.0,0.0
0.0,0.0
0.0,0.0
0.0,0.0
-17.796875,21.93492889404297
11.111105918884277,-8.29837703704834
0.0,0.0
0.0,0.0
0.0,0.0
0.0,0.0
0.0,0.0
0.0,0.0
0.0,0.0
0.0,0.0
0.0,0.0
0.0,0.0
0.0,0.0
0.0,0.0
0.0,0.0
0.0,0.0
0.0,0.0
0.0,0.0
0.0,0.0
0.0,0.0
0.0,0.0
0.0,0.0
0.0,0.0
0.0,0.0
-17.777565002441406,22.222198486328125
10.111105918884277,-8.887015342712402
0.0,0.0
0.0,0.0
-6.308512210845947,16.666086196899414
0.0,0.0
0.0,0.0
0.0,0.0
-17.690052032470703,22.219348907470703
11.007668495178223,-8.913074493408203
0.0,0.0
0.0,0.0
-3.040459632873535,9.812520980834961
0.0,0.0
0.0,0.0
0.0,0.0
0.0,0.0
0.0,0.0
0.0,0.0
0.0,0.0
0.0,0.0
0.0,0.0
0.0,0.0
0.0,0.0
0.0,0.0
0.0,0.0
0.0,0.0
0.0,0.0
0.0,0.0
0.0,0.0
0.0,0.0
0.0,0.0
0.0,0.0
0.0,0.0
0.0,0.0
0.0,0.0
0.0,0.0
0.0,0.0
0.0,0.0
0.0,0.0
0.0,0.0
0.0,0.0
0.0,0.0
0.0,0.0
0.0,0.0
0.0,0.0
0.0,0.0
0.0,0.0
0.0,0.0
0.0,0.0
0.0,0.0
0.0,0.0
0.0,0.0
0.0,0.0
0.0,0.0
0.0,0.0
0.0,0.0
0.0,0.0
0.0,0.0
0.0,0.0
0.0,0.0
0.0,0.0
0.0,0.0
0.0,0.0
0.0,0.0
0.0,0.0
0.0,0.0
0.0,0.0
0.0,0.0
0.0,0.0
0.0,0.0
0.0,0.0
0.0,0.0
0.0,0.0
0.0,0.0
0.0,0.0
0.0,0.0
0.0,0.0
0.0,0.0
0.0,0.0
0.0,0.0
0.0,0.0
0.0,0.0
0.0,0.0
0.0,0.0
0.0,0.0
0.0,0.0
0.0,0.0
0.0,0.0
0.0,0.0
0.0,0.0
0.0,0.0
0.0,0.0
0.0,0.0
0.0,0.0
0.0,0.0
-17.77777099609375,22.222211837768555
10.990955352783203,-6.9703545570373535
0.0,0.0
0.0,0.0
0.0,0.0
0.0,0.0
0.0,0.0
0.0,0.0
-17.77777099609375,22.222211837768555
11.11108112335205,-8.204224586486816
0.0,0.0
0.0,0.0
0.0,0.0
0.0,0.0
0.0,0.0
0.0,0.0
0.0,0.0
0.0,0.0
0.0,0.0
0.0,0.0
0.0,0.0
0.0,0.0
0.0,0.0
0.0,0.0
0.0,0.0
0.0,0.0
0.0,0.0
0.0,0.0
0.0,0.0
0.0,0.0
0.0,0.0
0.0,0.0
-17.777259826660156,22.222211837768555
11.075850486755371,-7.169438362121582
0.0,0.0
0.0,0.0
0.0,0.0
0.0,0.0
0.0,0.0
0.0,0.0
-17.777788162231445,22.222204208374023
11.11098861694336,-7.9981279373168945
0.0,0.0
0.0,0.0
0.0,0.0
0.0,0.0
0.0,0.0
0.0,0.0
0.0,0.0
0.0,0.0
0.0,0.0
0.0,0.0
0.0,0.0
0.0,0.0
0.0,0.0
0.0,0.0
0.0,0.0
0.0,0.0
0.0,0.0
0.0,0.0
0.0,0.0
0.0,0.0
0.0,0.0
0.0,0.0
0.0,0.0
0.0,0.0
0.0,0.0
0.0,0.0
0.0,0.0
0.0,0.0
0.0,0.0
0.0,0.0
0.0,0.0
0.0,0.0
0.0,0.0
0.0,0.0
0.0,0.0
0.0,0.0
0.0,0.0
0.0,0.0
0.0,0.0
0.0,0.0
0.0,0.0
0.0,0.0
0.0,0.0
0.0,0.0
0.0,0.0
0.0,0.0
0.0,0.0
0.0,0.0
0.0,0.0
0.0,0.0
0.0,0.0
0.0,0.0
0.0,0.0
0.0,0.0
0.0,0.0
0.0,0.0
0.0,0.0
0.0,0.0
0.0,0.0
0.0,0.0
0.0,0.0
0.0,0.0
0.0,0.0
0.0,0.0
0.0,0.0
0.0,0.0
0.0,0.0
0.0,0.0
-14.67030143737793,22.218774795532227
4.177420616149902,0.0
-11.991886138916016,22.0722599029541
1.909999966621399,0.0
0.0,0.0
0.0,0.0
0.0,0.0
0.0,0.0
-16.563457489013672,22.222211837768555
1.0,-1.88100004196167
-7.696220874786377,20.90993309020996
0.0,0.0
0.0,0.0
0.0,0.0
0.0,0.0
0.0,0.0
-13.427970886230469,22.219860076904297
4.177420616149902,-0.9900000095367432
-17.777448654174805,22.222211837768555
11.072362899780273,-6.74433708190918
0.0,0.0
0.0,0.0
0.0,0.0
0.0,0.0
-16.417688369750977,22.222211837768555
2.738100051879883,0.0
-17.77777099609375,22.222211837768555
9.955660820007324,-3.2027010917663574
0.0,0.0
0.0,0.0
0.0,0.0
0.0,0.0
-16.806533813476562,22.22100067138672
3.491671085357666,-0.9726189970970154
-13.418863296508789,22.1782169342041
1.909999966621399,0.0
-2.0,0.0
0.0,0.0
0.0,0.0
0.0,0.0
-17.18450927734375,22.222211837768555
2.738100051879883,0.0
-10.789138793945312,20.637523651123047
0.0,0.0
-1.7799999713897705,12.71267032623291
0.0,0.0
0.0,0.0
0.0,0.0
-16.17498207092285,22.221302032470703
3.491671085357666,-0.9900000095367432
-17.782602310180664,22.222087860107422
10.878594398498535,-3.1345744132995605
-2.0,0.0
0.0,0.0
-3.7301666736602783,8.354841232299805
0.0,0.0
-16.865596771240234,22.222211837768555
2.738100051879883,0.0
-17.780385971069336,22.222211837768555
10.878594398498535,-6.268946170806885
-2.0,11.772165298461914
0.0,0.0
-6.364325523376465,20.7801456451416
0.0,0.0
0.0,0.0
0.0,0.0
0.0,0.0
0.0,0.0
0.0,0.0
0.0,0.0
0.0,0.0
0.0,0.0
0.0,0.0
0.0,0.0
0.0,0.0
0.0,0.0
0.0,0.0
0.0,0.0
0.0,0.0
0.0,0.0
0.0,0.0
0.0,0.0
0.0,0.0
0.0,0.0
0.0,0.0
0.0,0.0
0.0,0.0
0.0,0.0
0.0,0.0
0.0,0.0
0.0,0.0
0.0,0.0
0.0,0.0
0.0,0.0
0.0,0.0
0.0,0.0
0.0,0.0
0.0,0.0
0.0,0.0
0.0,0.0
0.0,0.0
0.0,0.0
0.0,0.0
0.0,0.0
0.0,0.0
0.0,0.0
0.0,0.0
0.0,0.0
0.0,0.0
0.0,0.0
0.0,0.0
0.0,0.0
0.0,0.0
0.0,0.0
0.0,0.0
0.0,0.0
0.0,0.0
0.0,0.0
0.0,0.0
0.0,0.0
0.0,0.0
0.0,0.0
0.0,0.0
0.0,0.0
0.0,0.0
0.0,0.0
0.0,0.0
0.0,0.0
0.0,0.0
0.0,0.0
0.0,0.0
0.0,0.0
0.0,0.0
0.0,0.0
0.0,0.0
0.0,0.0
-12.59439754486084,21.135517120361328
0.0,0.0
-3.799999952316284,9.6029052734375
0.0,0.0
0.0,0.0
0.0,0.0
0.0,0.0
0.0,0.0
0.0,0.0
0.0,0.0
-17.77777099609375,22.222211837768555
0.0,0.0
0.0,0.0
0.0,0.0
0.0,0.0
0.0,0.0
-11.394563674926758,21.135517120361328
0.0,0.0
-17.77777099609375,22.222211837768555
0.0,0.0
0.0,0.0
0.0,0.0
0.0,0.0
0.0,0.0
0.0,0.0
0.0,0.0
0.0,0.0
0.0,0.0
0.0,0.0
0.0,0.0
0.0,0.0
0.0,0.0
-2.0,2.0
0.0,0.0
-2.0,0.0
0.0,0.0
0.0,0.0
0.0,0.0
0.0,0.0
0.0,0.0
0.0,0.0
0.0,0.0
0.0,0.0
0.0,0.0
0.0,0.0
0.0,0.0
0.0,0.0
0.0,0.0
-3.799999952316284,0.0
0.0,0.0
-11.285293579101562,21.981910705566406
0.0,0.0
0.0,0.0
0.0,0.0
0.0,0.0
0.0,0.0
0.0,0.0
0.0,0.0
0.0,0.0
0.0,0.0
0.0,0.0
0.0,0.0
0.0,0.0
0.0,0.0
0.0,0.0
0.0,0.0
0.0,0.0
0.0,0.0
0.0,0.0
0.0,0.0
0.0,0.0
0.0,0.0
0.0,0.0
0.0,0.0
0.0,0.0
0.0,0.0
0.0,0.0
0.0,0.0
0.0,0.0
0.0,0.0
0.0,0.0
0.0,0.0
0.0,0.0
0.0,0.0
0.0,0.0
0.0,0.0
0.0,0.0
0.0,0.0
0.0,0.0
0.0,0.0
0.0,0.0
0.0,0.0
0.0,0.0
0.0,0.0
0.0,0.0
0.0,0.0
0.0,0.0
0.0,0.0
0.0,0.0
0.0,0.0
0.0,0.0
0.0,0.0
0.0,0.0
0.0,0.0
0.0,0.0
0.0,0.0
0.0,0.0
0.0,0.0
0.0,0.0
0.0,0.0
0.0,0.0
0.0,0.0
0.0,0.0
0.0,0.0
0.0,0.0
0.0,0.0
0.0,0.0
0.0,0.0
0.0,0.0
0.0,0.0
