-9.618660926818848,8.060985565185547
0.0,0.0
0.0,0.0
0.0,0.0
0.0,0.0
0.0,0.0
0.0,0.0
0.0,0.0
0.0,0.0
0.0,0.0
0.0,0.0
0.0,0.0
0.0,0.0
0.0,0.0
0.0,0.0
0.0,0.0
0.0,0.0
0.0,0.0
5.537216663360596,29.710697174072266
18.5190486907959,-3.5925393104553223
0.0,0.0
0.0,0.0
0.0,0.0
0.0,0.0
0.0,0.0
0.0,0.0
3.6200039386749268,29.481098175048828
15.701050758361816,-6.584743499755859
0.0,0.0
0.0,0.0
-2.608839988708496,8.65402889251709
0.0,0.0
0.0,0.0
0.0,0.0
0.0,0.0
0.0,0.0
0.0,0.0
0.0,0.0
0.0,0.0
0.0,0.0
0.0,0.0
0.0,0.0
0.0,0.0
0.0,0.0
0.0,0.0
0.0,0.0
0.0,0.0
0.0,0.0
0.0,0.0
0.0,0.0
-8.890292167663574,11.086830139160156
0.0,0.0
0.0,0.0
0.0,0.0
-8.888764381408691,11.110489845275879
0.0,0.0
0.0,0.0
0.0,0.0
-8.890402793884277,11.02306842803955
0.0,0.0
0.0,0.0
0.0,0.0
-8.836021423339844,11.109910011291504
0.0,0.0
0.0,0.0
0.0,0.0
0.0,0.0
0.0,0.0
0.0,0.0
0.0,0.0
0.0,0.0
0.0,0.0
0.0,0.0
0.0,0.0
0.0,0.0
0.0,0.0
0.0,0.0
0.0,0.0
0.0,0.0
0.0,0.0
0.0,0.0
0.0,0.0
-8.966955184936523,10.305333137512207
22.222211837768555,-17.68625259399414
0.0,0.0
0.0,0.0
-8.261852264404297,11.10632038116455
18.152801513671875,0.0
0.0,0.0
0.0,0.0
-8.922090530395508,11.066200256347656
22.22218894958496,-17.778398513793945
0.0,0.0
0.0,0.0
-8.817560195922852,10.882559776306152
22.222211837768555,-17.76348114013672
0.0,0.0
0.0,0.0
0.0,0.0
0.0,0.0
0.0,0.0
0.0,0.0
0.0,0.0
0.0,0.0
0.0,0.0
0.0,0.0
0.0,0.0
0.0,0.0
0.0,0.0
0.0,0.0
0.0,0.0
0.0,0.0
0.0,0.0
0.0,0.0
-8.889779090881348,11.111105918884277
22.222211837768555,-17.71403694152832
0.0,0.0
0.0,0.0
-8.882962226867676,11.109964370727539
22.222211837768555,-17.544456481933594
0.0,0.0
0.0,0.0
-8.91523265838623,10.415719032287598
22.222211837768555,-17.778249740600586
0.0,0.0
0.0,0.0
-8.889609336853027,10.170602798461914
22.222211837768555,-17.75861358642578
0.0,0.0
0.0,0.0
0.0,0.0
0.0,0.0
0.0,0.0
0.0,0.0
0.0,0.0
0.0,0.0
0.0,0.0
0.0,0.0
0.0,0.0
0.0,0.0
0.0,0.0
0.0,0.0
0.0,0.0
0.0,0.0
0.0,0.0
0.0,0.0
0.3264133632183075,19.290306091308594
22.213359832763672,-17.78145980834961
0.0,0.0
0.0,0.0
0.0,0.0
0.0,0.0
0.0,0.0
0.0,0.0
-3.2739574909210205,22.947072982788086
21.932025909423828,-14.701955795288086
0.0,0.0
0.0,0.0
-6.522729396820068,11.096022605895996
8.354841232299805,-1.9301666021347046
0.0,0.0
0.0,0.0
0.0,0.0
0.0,0.0
0.0,0.0
0.0,0.0
0.0,0.0
0.0,0.0
0.0,0.0
0.0,0.0
0.0,0.0
0.0,0.0
0.0,0.0
0.0,0.0
0.0,0.0
0.0,0.0
0.0,0.0
0.0,0.0
0.0,0.0
0.0,0.0
0.0,0.0
0.0,0.0
0.0,0.0
0.0,0.0
0.0,0.0
0.0,0.0
0.0,0.0
0.0,0.0
0.0,0.0
0.0,0.0
0.0,0.0
0.0,0.0
0.0,0.0
0.0,0.0
0.0,0.0
0.0,0.0
0.0,0.0
0.0,0.0
0.0,0.0
0.0,0.0
0.0,0.0
0.0,0.0
0.0,0.0
0.0,0.0
0.0,0.0
0.0,0.0
0.0,0.0
0.0,0.0
0.0,0.0
0.0,0.0
-8.912080764770508,10.87862491607666
0.0,0.0
0.0,0.0
0.0,0.0
0.0,0.0
0.0,0.0
0.0,0.0
0.0,0.0
-8.926124572753906,10.738533020019531
22.222211837768555,-17.77777099609375
0.0,0.0
0.0,0.0
-9.004768371582031,9.524866104125977
0.0,0.0
0.0,0.0
0.0,0.0
0.0,0.0
0.0,0.0
0.0,0.0
0.0,0.0
0.0,0.0
0.0,0.0
0.0,0.0
0.0,0.0
0.0,0.0
0.0,0.0
0.0,0.0
0.0,0.0
0.0,0.0
0.0,0.0
0.0,0.0
0.0,0.0
-8.888922691345215,11.111104965209961
0.0,0.0
0.0,0.0
0.0,0.0
0.0,0.0
0.0,0.0
0.0,0.0
0.0,0.0
-8.907538414001465,10.977984428405762
22.222211837768555,-17.677104949951172
0.0,0.0
0.0,0.0
-8.967964172363281,7.6399617195129395
0.0,0.0
0.0,0.0
0.0,0.0
0.0,0.0
0.0,0.0
0.0,0.0
0.0,0.0
0.0,0.0
0.0,0.0
0.0,0.0
0.0,0.0
0.0,0.0
0.0,0.0
0.0,0.0
0.0,0.0
0.0,0.0
0.0,0.0
0.0,0.0
0.0,0.0
0.0,0.0
0.0,0.0
0.0,0.0
0.0,0.0
0.0,0.0
0.0,0.0
0.0,0.0
0.0,0.0
0.0,0.0
0.0,0.0
0.0,0.0
0.0,0.0
0.0,0.0
0.0,0.0
0.0,0.0
0.0,0.0
0.0,0.0
0.0,0.0
0.0,0.0
0.0,0.0
0.0,0.0
0.0,0.0
0.0,0.0
0.0,0.0
0.0,0.0
0.0,0.0
0.0,0.0
0.0,0.0
0.0,0.0
0.0,0.0
0.0,0.0
0.0,0.0
0.0,0.0
0.0,0.0
0.0,0.0
0.0,0.0
0.0,0.0
0.0,0.0
0.0,0.0
0.0,0.0
0.0,0.0
0.0,0.0
0.0,0.0
0.0,0.0
0.0,0.0
0.0,0.0
-10.0647554397583,-0.05320874974131584
22.222211837768555,10.855399131774902
-9.32181453704834,7.868748664855957
17.30805778503418,-1.9617999792099
0.0,0.0
0.0,0.0
-1.909999966621399,-1.0819000005722046
0.0,0.0
-9.937484741210938,0.5893751382827759
22.222211837768555,3.1548092365264893
-9.645004272460938,8.26425552368164
17.75033187866211,0.0
0.0,0.0
0.0,0.0
-1.8387939929962158,5.015990257263184
0.0,0.0
0.0,0.0
0.0,0.0
-7.858959674835205,4.972869396209717
13.568530082702637,-1.6301788091659546
0.0,0.0
0.0,0.0
-1.899999976158142,1.0420842170715332
0.0,0.0
0.0,0.0
0.0,0.0
-9.136279106140137,2.207663059234619
14.35311222076416,-2.458760976791382
0.0,0.0
0.0,0.0
-3.8911685943603516,7.730029582977295
0.0,0.0
-9.974285125732422,3.015812873840332
22.222211837768555,-14.676777839660645
-9.521624565124512,6.587002754211426
15.701050758361816,-3.6728732585906982
-8.878839492797852,9.328060150146484
0.0,0.0
-1.899999976158142,-0.3283289968967438
0.0,0.0
-9.789098739624023,1.8568154573440552
22.222211837768555,0.38357552886009216
-9.17078971862793,5.358034610748291
18.152801513671875,-1.4199999570846558
-8.923883438110352,-3.4564223289489746
11.772165298461914,-3.7039709091186523
-6.054434299468994,2.038817882537842
10.738643646240234,-1.9039709568023682
0.0,0.0
0.0,0.0
-2.606126070022583,4.56043004989624
13.568530082702637,-3.6820716857910156
0.0,0.0
0.0,0.0
-1.8578205108642578,4.21794319152832
0.0,0.0
0.0,0.0
0.0,0.0
-6.318700790405273,2.1830086708068848
13.568530082702637,0.12514188885688782
0.0,0.0
0.0,0.0
-6.859048366546631,5.451718807220459
16.28795623779297,-2.0
0.0,0.0
0.0,0.0
0.0,0.0
0.0,0.0
0.0,0.0
0.0,0.0
0.0,0.0
0.0,0.0
0.0,0.0
0.0,0.0
0.0,0.0
0.0,0.0
0.0,0.0
0.0,0.0
0.0,0.0
0.0,0.0
0.0,0.0
0.0,0.0
0.0,0.0
0.0,0.0
0.0,0.0
0.0,0.0
0.0,0.0
0.0,0.0
0.0,0.0
0.0,0.0
0.0,0.0
0.0,0.0
0.0,0.0
0.0,0.0
0.0,0.0
0.0,0.0
0.0,0.0
0.0,0.0
0.0,0.0
0.0,0.0
0.0,0.0
0.0,0.0
0.0,0.0
0.0,0.0
0.0,0.0
0.0,0.0
0.0,0.0
0.0,0.0
0.0,0.0
0.0,0.0
0.0,0.0
0.0,0.0
0.0,0.0
0.0,0.0
0.0,0.0
0.0,0.0
0.0,0.0
0.0,0.0
0.0,0.0
0.0,0.0
0.0,0.0
0.0,0.0
0.0,0.0
0.0,0.0
0.0,0.0
0.0,0.0
0.0,0.0
0.0,0.0
0.0,0.0
0.0,0.0
-8.000357627868652,-4.09191370010376
0.0,0.0
0.0,0.0
0.0,0.0
0.0,0.0
0.0,0.0
-10.616898536682129,-5.908093452453613
0.0,0.0
-10.640467643737793,-4.323620796203613
0.0,0.0
0.0,0.0
0.0,0.0
-5.369321823120117,-4.80145263671875
0.0,0.0
0.0,0.0
0.0,0.0
-10.195734024047852,-1.9577267169952393
0.0,0.0
0.0,0.0
0.0,0.0
0.0,0.0
0.0,0.0
0.0,4.356335163116455
0.0,0.0
-9.86568832397461,1.3297791481018066
0.0,0.0
0.0,0.0
0.0,0.0
-9.600567817687988,6.762770175933838
0.0,0.0
0.0,0.0
0.0,0.0
-3.3974802494049072,2.028832197189331
0.0,0.0
0.0,0.0
0.0,0.0
0.0,0.0
0.0,0.0
-10.803114891052246,-5.402853965759277
0.0,0.0
-10.836443901062012,-10.83387565612793
0.0,0.0
0.0,0.0
0.0,0.0
-1.899999976158142,-1.909999966621399
0.0,0.0
0.0,0.0
0.0,0.0
-7.552280902862549,6.715856552124023
0.0,0.0
0.0,0.0
0.0,0.0
0.0,0.0
0.0,0.0
-1.0,-1.0
0.0,0.0
-9.775014877319336,4.0043253898620605
0.0,0.0
0.0,0.0
0.0,0.0
-8.028460502624512,5.855068206787109
0.0,0.0
0.0,0.0
0.0,0.0
0.0,0.0
0.0,0.0
0.0,0.0
0.0,0.0
0.0,0.0
0.0,0.0
0.0,0.0
0.0,0.0
0.0,0.0
0.0,0.0
0.0,0.0
0.0,0.0
0.0,0.0
0.0,0.0
0.0,0.0
0.0,0.0
-16.940162658691406,22.164236068725586
11.111105918884277,-8.855667114257812
0.0,0.0
0.0,0.0
0.0,0.0
0.0,0.0
0.0,0.0
0.0,0.0
-17.7865047454834,22.102022171020508
11.111104965209961,-8.890565872192383
0.0,0.0
0.0,0.0
0.0,0.0
0.0,0.0
0.0,0.0
0.0,0.0
0.0,0.0
0.0,0.0
0.0,0.0
0.0,0.0
0.0,0.0
0.0,0.0
0.0,0.0
0.0,0.0
0.0,0.0
0.0,0.0
0.0,0.0
0.0,0.0
0.0,0.0
0.0,0.0
0.0,0.0
0.0,0.0
-17.785186767578125,21.87575340270996
11.111105918884277,-8.890713691711426
0.0,0.0
0.0,0.0
-10.307574272155762,19.379663467407227
0.0,0.0
0.0,0.0
0.0,0.0
-17.778684616088867,22.18886375427246
11.111105918884277,-8.575767517089844
0.0,0.0
0.0,0.0
-6.047040939331055,9.63237476348877
0.0,0.0
0.0,0.0
0.0,0.0
0.0,0.0
0.0,0.0
0.0,0.0
0.0,0.0
0.0,0.0
0.0,0.0
0.0,0.0
0.0,0.0
0.0,0.0
0.0,0.0
0.0,0.0
0.0,0.0
0.0,0.0
0.0,0.0
0.0,0.0
0.0,0.0
0.0,0.0
0.0,0.0
0.0,0.0
0.0,0.0
0.0,0.0
0.0,0.0
0.0,0.0
0.0,0.0
0.0,0.0
0.0,0.0
0.0,0.0
0.0,0.0
0.0,0.0
0.0,0.0
0.0,0.0
0.0,0.0
0.0,0.0
0.0,0.0
0.0,0.0
0.0,0.0
0.0,0.0
0.0,0.0
0.0,0.0
0.0,0.0
0.0,0.0
0.0,0.0
0.0,0.0
0.0,0.0
0.0,0.0
0.0,0.0
0.0,0.0
0.0,0.0
0.0,0.0
0.0,0.0
0.0,0.0
0.0,0.0
0.0,0.0
0.0,0.0
0.0,0.0
0.0,0.0
0.0,0.0
0.0,0.0
0.0,0.0
0.0,0.0
0.0,0.0
0.0,0.0
0.0,0.0
0.0,0.0
0.0,0.0
0.0,0.0
0.0,0.0
0.0,0.0
0.0,0.0
0.0,0.0
0.0,0.0
0.0,0.0
0.0,0.0
0.0,0.0
0.0,0.0
0.0,0.0
0.0,0.0
0.0,0.0
0.0,0.0
0.0,0.0
-17.77777099609375,22.222211837768555
11.110555648803711,-7.630833625793457
0.0,0.0
0.0,0.0
0.0,0.0
0.0,0.0
0.0,0.0
0.0,0.0
-17.77777099609375,22.222211837768555
11.111105918884277,-8.714856147766113
0.0,0.0
0.0,0.0
0.0,0.0
0.0,0.0
0.0,0.0
0.0,0.0
0.0,0.0
0.0,0.0
0.0,0.0
0.0,0.0
0.0,0.0
0.0,0.0
0.0,0.0
0.0,0.0
0.0,0.0
0.0,0.0
0.0,0.0
0.0,0.0
0.0,0.0
0.0,0.0
0.0,0.0
0.0,0.0
-17.77777099609375,22.222211837768555
11.111105918884277,-8.289607048034668
0.0,0.0
0.0,0.0
0.0,0.0
0.0,0.0
0.0,0.0
0.0,0.0
-17.777788162231445,22.222204208374023
11.111105918884277,-8.723831176757812
0.0,0.0
0.0,0.0
0.0,0.0
0.0,0.0
0.0,0.0
0.0,0.0
0.0,0.0
0.0,0.0
0.0,0.0
0.0,0.0
0.0,0.0
0.0,0.0
0.0,0.0
0.0,0.0
0.0,0.0
0.0,0.0
0.0,0.0
0.0,0.0
0.0,0.0
0.0,0.0
0.0,0.0
0.0,0.0
0.0,0.0
0.0,0.0
0.0,0.0
0.0,0.0
0.0,0.0
0.0,0.0
0.0,0.0
0.0,0.0
0.0,0.0
0.0,0.0
0.0,0.0
0.0,0.0
0.0,0.0
0.0,0.0
0.0,0.0
0.0,0.0
0.0,0.0
0.0,0.0
0.0,0.0
0.0,0.0
0.0,0.0
0.0,0.0
0.0,0.0
0.0,0.0
0.0,0.0
0.0,0.0
0.0,0.0
0.0,0.0
0.0,0.0
0.0,0.0
0.0,0.0
0.0,0.0
0.0,0.0
0.0,0.0
0.0,0.0
0.0,0.0
0.0,0.0
0.0,0.0
0.0,0.0
0.0,0.0
0.0,0.0
0.0,0.0
0.0,0.0
0.0,0.0
0.0,0.0
0.0,0.0
-17.06692123413086,22.222211837768555
6.356335163116455,0.0
-13.091414451599121,22.22100067138672
2.738100051879883,0.0
0.0,0.0
0.0,0.0
0.0,0.0
0.0,0.0
-17.595516204833984,22.222211837768555
2.738100051879883,-1.88100004196167
-13.460972785949707,22.0722599029541
0.0,0.0
0.0,0.0
0.0,0.0
0.0,0.0
0.0,0.0
-16.261112213134766,22.222211837768555
6.784265041351318,-0.9900000095367432
-17.77777099609375,22.222211837768555
11.11050033569336,-7.481927394866943
0.0,0.0
0.0,0.0
0.0,0.0
0.0,0.0
-17.669288635253906,22.222211837768555
4.80145263671875,-0.9519854784011841
-17.779687881469727,22.222209930419922
10.990955352783203,-5.552450180053711
0.0,0.0
0.0,0.0
0.0,0.0
0.0,0.0
-17.439144134521484,22.222211837768555
4.177420616149902,-0.9726189970970154
-15.693382263183594,22.221864700317383
1.909999966621399,0.0
-2.0,3.819999933242798
0.0,0.0
0.0,0.0
0.0,0.0
-17.72968864440918,22.22047233581543
3.491671085357666,-0.9726189970970154
-12.706892013549805,22.02322006225586
0.0,0.0
-1.7799999713897705,15.056099891662598
0.0,0.0
0.0,0.0
0.0,0.0
-17.370370864868164,22.222211837768555
5.886082649230957,-0.9900000095367432
-17.777788162231445,22.222211837768555
11.075850486755371,-3.1345744132995605
-2.0,3.819999933242798
0.0,0.0
-6.523115158081055,15.701050758361816
0.0,0.0
-17.753244400024414,22.2172794342041
3.491671085357666,0.0
-17.792282104492188,22.222209930419922
11.042878150939941,-7.174017906188965
-5.178459167480469,15.056099891662598
0.0,0.0
-7.510321140289307,22.04113006591797
0.0,0.0
0.0,0.0
0.0,0.0
0.0,0.0
0.0,0.0
0.0,0.0
0.0,0.0
0.0,0.0
0.0,0.0
0.0,0.0
0.0,0.0
0.0,0.0
0.0,0.0
0.0,0.0
0.0,0.0
0.0,0.0
0.0,0.0
0.0,0.0
0.0,0.0
0.0,0.0
0.0,0.0
0.0,0.0
0.0,0.0
0.0,0.0
0.0,0.0
0.0,0.0
0.0,0.0
0.0,0.0
0.0,0.0
0.0,0.0
0.0,0.0
0.0,0.0
0.0,0.0
0.0,0.0
0.0,0.0
0.0,0.0
0.0,0.0
0.0,0.0
0.0,0.0
0.0,0.0
0.0,0.0
0.0,0.0
0.0,0.0
0.0,0.0
0.0,0.0
0.0,0.0
0.0,0.0
0.0,0.0
0.0,0.0
0.0,0.0
0.0,0.0
0.0,0.0
0.0,0.0
0.0,0.0
0.0,0.0
0.0,0.0
0.0,0.0
0.0,0.0
0.0,0.0
0.0,0.0
0.0,0.0
0.0,0.0
0.0,0.0
0.0,0.0
0.0,0.0
0.0,0.0
0.0,0.0
-2.0,0.0
0.0,0.0
0.0,0.0
0.0,0.0
0.0,0.0
0.0,0.0
-15.039210319519043,22.109214782714844
0.0,0.0
-7.812796592712402,17.75033187866211
0.0,0.0
0.0,0.0
0.0,0.0
0.0,0.0
0.0,0.0
0.0,0.0
0.0,0.0
-17.77777099609375,22.222211837768555
0.0,0.0
0.0,0.0
0.0,0.0
0.0,0.0
0.0,0.0
-14.402020454406738,22.098037719726562
0.0,0.0
-17.77777099609375,22.222211837768555
0.0,0.0
0.0,0.0
0.0,0.0
0.0,0.0
0.0,0.0
0.0,0.0
0.0,0.0
0.0,0.0
0.0,0.0
0.0,0.0
0.0,0.0
0.0,0.0
0.0,0.0
-2.0,8.354841232299805
0.0,0.0
-2.0,2.0
0.0,0.0
0.0,0.0
0.0,0.0
0.0,0.0
0.0,0.0
0.0,0.0
0.0,0.0
0.0,0.0
0.0,0.0
0.0,0.0
0.0,0.0
0.0,0.0
0.0,0.0
-3.799999952316284,6.983342170715332
0.0,0.0
-14.331080436706543,22.206628799438477
0.0,0.0
0.0,0.0
0.0,0.0
0.0,0.0
0.0,0.0
0.0,0.0
0.0,0.0
0.0,0.0
0.0,0.0
0.0,0.0
0.0,0.0
0.0,0.0
0.0,0.0
0.0,0.0
0.0,0.0
0.0,0.0
0.0,0.0
0.0,0.0
0.0,0.0
0.0,0.0
0.0,0.0
0.0,0.0
0.0,0.0
0.0,0.0
0.0,0.0
0.0,0.0
0.0,0.0
0.0,0.0
0.0,0.0
0.0,0.0
0.0,0.0
0.0,0.0
0.0,0.0
0.0,0.0
0.0,0.0
0.0,0.0
0.0,0.0
0.0,0.0
0.0,0.0
0.0,0.0
0.0,0.0
0.0,0.0
0.0,0.0
0.0,0.0
0.0,0.0
0.0,0.0
0.0,0.0
0.0,0.0
0.0,0.0
0.0,0.0
0.0,0.0
0.0,0.0
0.0,0.0
0.0,0.0
0.0,0.0
0.0,0.0
0.0,0.0
0.0,0.0
0.0,0.0
0.0,0.0
0.0,0.0
0.0,0.0
0.0,0.0
0.0,0.0
0.0,0.0
0.0,0.0
0.0,0.0
0.0,0.0
0.0,0.0
