-6.847235202789307,7.239259243011475
0.0,0.0
0.0,0.0
0.0,0.0
0.0,0.0
0.0,0.0
0.0,0.0
0.0,0.0
0.0,0.0
0.0,0.0
0.0,0.0
0.0,0.0
0.0,0.0
0.0,0.0
0.0,0.0
0.0,0.0
0.0,0.0
0.0,0.0
-2.2858402729034424,29.847421646118164
8.354841232299805,-1.9617999792099
0.0,0.0
0.0,0.0
0.0,0.0
0.0,0.0
0.0,0.0
0.0,0.0
16.920459747314453,29.650684356689453
15.056099891662598,-6.584743499755859
0.0,0.0
0.0,0.0
-2.608839988708496,8.143978118896484
0.0,0.0
0.0,0.0
0.0,0.0
0.0,0.0
0.0,0.0
0.0,0.0
0.0,0.0
0.0,0.0
0.0,0.0
0.0,0.0
0.0,0.0
0.0,0.0
0.0,0.0
0.0,0.0
0.0,0.0
0.0,0.0
0.0,0.0
0.0,0.0
0.0,0.0
-8.89089298248291,11.106850624084473
0.0,0.0
0.0,0.0
0.0,0.0
-8.823080062866211,11.111105918884277
0.0,0.0
0.0,0.0
0.0,0.0
-8.893982887268066,11.078722953796387
0.0,0.0
0.0,0.0
0.0,0.0
-8.563337326049805,11.111000061035156
0.0,0.0
0.0,0.0
0.0,0.0
0.0,0.0
0.0,0.0
0.0,0.0
0.0,0.0
0.0,0.0
0.0,0.0
0.0,0.0
0.0,0.0
0.0,0.0
0.0,0.0
0.0,0.0
0.0,0.0
0.0,0.0
0.0,0.0
0.0,0.0
0.0,0.0
-8.901372909545898,8.577005386352539
22.222211837768555,-17.07050323486328
0.0,0.0
0.0,0.0
-7.825213432312012,11.021968841552734
14.347362518310547,0.0
0.0,0.0
0.0,0.0
-8.897130012512207,11.110716819763184
22.222209930419922,-17.773786544799805
0.0,0.0
0.0,0.0
-8.691680908203125,11.110122680664062
22.222211837768555,-17.41732406616211
0.0,0.0
0.0,0.0
0.0,0.0
0.0,0.0
0.0,0.0
0.0,0.0
0.0,0.0
0.0,0.0
0.0,0.0
0.0,0.0
0.0,0.0
0.0,0.0
0.0,0.0
0.0,0.0
0.0,0.0
0.0,0.0
0.0,0.0
0.0,0.0
-8.895453453063965,10.090910911560059
22.210472106933594,-15.714884757995605
0.0,0.0
0.0,0.0
-8.451387405395508,11.111105918884277
22.21554946899414,-16.518457412719727
0.0,0.0
0.0,0.0
-8.888894081115723,11.111105918884277
22.20592498779297,-17.70978546142578
0.0,0.0
0.0,0.0
-8.885586738586426,11.111105918884277
22.21104621887207,-17.56134033203125
0.0,0.0
0.0,0.0
0.0,0.0
0.0,0.0
0.0,0.0
0.0,0.0
0.0,0.0
0.0,0.0
0.0,0.0
0.0,0.0
0.0,0.0
0.0,0.0
0.0,0.0
0.0,0.0
0.0,0.0
0.0,0.0
0.0,0.0
0.0,0.0
0.3421531319618225,19.290306091308594
22.222204208374023,-17.777788162231445
0.0,0.0
0.0,0.0
0.0,0.0
0.0,0.0
0.0,0.0
0.0,0.0
-6.160017967224121,22.857620239257812
16.28795623779297,-7.566033840179443
0.0,0.0
0.0,0.0
-3.9344799518585205,10.855598449707031
0.0,0.0
0.0,0.0
0.0,0.0
0.0,0.0
0.0,0.0
0.0,0.0
0.0,0.0
0.0,0.0
0.0,0.0
0.0,0.0
0.0,0.0
0.0,0.0
0.0,0.0
0.0,0.0
0.0,0.0
0.0,0.0
0.0,0.0
0.0,0.0
0.0,0.0
0.0,0.0
0.0,0.0
0.0,0.0
0.0,0.0
0.0,0.0
0.0,0.0
0.0,0.0
0.0,0.0
0.0,0.0
0.0,0.0
0.0,0.0
0.0,0.0
0.0,0.0
0.0,0.0
0.0,0.0
0.0,0.0
0.0,0.0
0.0,0.0
0.0,0.0
0.0,0.0
0.0,0.0
0.0,0.0
0.0,0.0
0.0,0.0
0.0,0.0
0.0,0.0
0.0,0.0
0.0,0.0
0.0,0.0
0.0,0.0
0.0,0.0
0.0,0.0
-8.912038803100586,10.879261016845703
0.0,0.0
0.0,0.0
0.0,0.0
0.0,0.0
0.0,0.0
0.0,0.0
0.0,0.0
-8.940476417541504,10.662921905517578
22.222211837768555,-17.77777099609375
0.0,0.0
0.0,0.0
-9.181623458862305,9.370649337768555
0.0,0.0
0.0,0.0
0.0,0.0
0.0,0.0
0.0,0.0
0.0,0.0
0.0,0.0
0.0,0.0
0.0,0.0
0.0,0.0
0.0,0.0
0.0,0.0
0.0,0.0
0.0,0.0
0.0,0.0
0.0,0.0
0.0,0.0
0.0,0.0
0.0,0.0
-8.889019012451172,11.111105918884277
0.0,0.0
0.0,0.0
0.0,0.0
0.0,0.0
0.0,0.0
0.0,0.0
0.0,0.0
-8.901093482971191,8.880281448364258
22.222211837768555,-16.641868591308594
0.0,0.0
0.0,0.0
-8.576878547668457,9.457890510559082
0.0,0.0
0.0,0.0
0.0,0.0
0.0,0.0
0.0,0.0
0.0,0.0
0.0,0.0
0.0,0.0
0.0,0.0
0.0,0.0
0.0,0.0
0.0,0.0
0.0,0.0
0.0,0.0
0.0,0.0
0.0,0.0
0.0,0.0
0.0,0.0
0.0,0.0
0.0,0.0
0.0,0.0
0.0,0.0
0.0,0.0
0.0,0.0
0.0,0.0
0.0,0.0
0.0,0.0
0.0,0.0
0.0,0.0
0.0,0.0
0.0,0.0
0.0,0.0
0.0,0.0
0.0,0.0
0.0,0.0
0.0,0.0
0.0,0.0
0.0,0.0
0.0,0.0
0.0,0.0
0.0,0.0
0.0,0.0
0.0,0.0
0.0,0.0
0.0,0.0
0.0,0.0
0.0,0.0
0.0,0.0
0.0,0.0
0.0,0.0
0.0,0.0
0.0,0.0
0.0,0.0
0.0,0.0
0.0,0.0
0.0,0.0
0.0,0.0
0.0,0.0
0.0,0.0
0.0,0.0
0.0,0.0
0.0,0.0
0.0,0.0
0.0,0.0
0.0,0.0
-9.986469268798828,4.777216911315918
22.222097396850586,15.91249942779541
-9.59382152557373,2.844451427459717
11.772165298461914,-1.9617999792099
0.0,0.0
0.0,0.0
-1.0,-0.09000000357627869
0.0,0.0
-10.119967460632324,0.28580567240715027
22.222211837768555,-4.132552146911621
-9.6975736618042,7.474168300628662
12.71267032623291,0.0
0.0,0.0
0.0,0.0
-0.9900000095367432,5.220596790313721
0.0,0.0
0.0,0.0
0.0,0.0
-5.453462600708008,4.219016075134277
6.983342170715332,0.30421343445777893
0.0,0.0
0.0,0.0
-1.899999976158142,0.1645289957523346
0.0,0.0
0.0,0.0
0.0,0.0
-8.266412734985352,4.605651378631592
8.364964485168457,-0.6165357828140259
0.0,0.0
0.0,0.0
-2.6175060272216797,5.633635520935059
0.0,0.0
-9.78310489654541,8.264663696289062
22.222211837768555,-12.260560989379883
-10.177567481994629,1.7716275453567505
11.772165298461914,-2.0
-6.497586250305176,2.74770188331604
0.0,0.0
0.0,0.0
0.0,0.0
-9.804083824157715,5.321118354797363
22.222211837768555,5.0391082763671875
-9.700719833374023,1.2309999465942383
10.738643646240234,-1.4199999570846558
-7.239040851593018,8.402315139770508
9.6029052734375,-2.0
-4.01435661315918,1.8743215799331665
8.354841232299805,0.0
0.0,0.0
0.0,0.0
-1.8582258224487305,2.3296146392822266
8.354841232299805,-3.6820716857910156
0.0,0.0
0.0,0.0
-1.0,1.0
0.0,0.0
0.0,0.0
0.0,0.0
-5.536284923553467,4.848832607269287
3.819999933242798,0.12514188885688782
0.0,0.0
0.0,0.0
-5.455499649047852,3.3800852298736572
11.772165298461914,-2.0
0.0,0.0
0.0,0.0
0.0,0.0
0.0,0.0
0.0,0.0
0.0,0.0
0.0,0.0
0.0,0.0
0.0,0.0
0.0,0.0
0.0,0.0
0.0,0.0
0.0,0.0
0.0,0.0
0.0,0.0
0.0,0.0
0.0,0.0
0.0,0.0
0.0,0.0
0.0,0.0
0.0,0.0
0.0,0.0
0.0,0.0
0.0,0.0
0.0,0.0
0.0,0.0
0.0,0.0
0.0,0.0
0.0,0.0
0.0,0.0
0.0,0.0
0.0,0.0
0.0,0.0
0.0,0.0
0.0,0.0
0.0,0.0
0.0,0.0
0.0,0.0
0.0,0.0
0.0,0.0
0.0,0.0
0.0,0.0
0.0,0.0
0.0,0.0
0.0,0.0
0.0,0.0
0.0,0.0
0.0,0.0
0.0,0.0
0.0,0.0
0.0,0.0
0.0,0.0
0.0,0.0
0.0,0.0
0.0,0.0
0.0,0.0
0.0,0.0
0.0,0.0
0.0,0.0
0.0,0.0
0.0,0.0
0.0,0.0
0.0,0.0
0.0,0.0
0.0,0.0
0.0,0.0
-5.226032257080078,1.4519035816192627
0.0,0.0
0.0,0.0
0.0,0.0
0.0,0.0
0.0,0.0
-10.64161205291748,-6.674893856048584
0.0,0.0
-10.6655855178833,-5.1856513023376465
0.0,0.0
0.0,0.0
0.0,0.0
-4.177420616149902,-4.177420616149902
0.0,0.0
0.0,0.0
0.0,0.0
-10.185567855834961,-1.848134160041809
0.0,0.0
0.0,0.0
0.0,0.0
0.0,0.0
0.0,0.0
0.0,4.177420616149902
0.0,0.0
-9.702295303344727,3.569727659225464
0.0,0.0
0.0,0.0
0.0,0.0
-8.816173553466797,5.832968235015869
0.0,0.0
0.0,0.0
0.0,0.0
-2.673271894454956,3.328636407852173
0.0,0.0
0.0,0.0
0.0,0.0
0.0,0.0
0.0,0.0
-10.70939826965332,-5.299808025360107
0.0,0.0
-10.971367835998535,-10.978606224060059
0.0,0.0
0.0,0.0
0.0,0.0
-1.899999976158142,0.0
0.0,0.0
0.0,0.0
0.0,0.0
-4.926410675048828,5.688058376312256
0.0,0.0
0.0,0.0
0.0,0.0
0.0,0.0
0.0,0.0
-1.0,-1.0
0.0,0.0
-10.077766418457031,0.981224536895752
0.0,0.0
0.0,0.0
0.0,0.0
-4.640531063079834,1.88556706905365
0.0,0.0
0.0,0.0
0.0,0.0
0.0,0.0
0.0,0.0
0.0,0.0
0.0,0.0
0.0,0.0
0.0,0.0
0.0,0.0
0.0,0.0
0.0,0.0
0.0,0.0
0.0,0.0
0.0,0.0
0.0,0.0
0.0,0.0
0.0,0.0
0.0,0.0
-17.79270362854004,22.035226821899414
11.110630989074707,-8.842220306396484
0.0,0.0
0.0,0.0
0.0,0.0
0.0,0.0
0.0,0.0
0.0,0.0
-17.808292388916016,22.037595748901367
11.111105918884277,-8.888847351074219
0.0,0.0
0.0,0.0
0.0,0.0
0.0,0.0
0.0,0.0
0.0,0.0
0.0,0.0
0.0,0.0
0.0,0.0
0.0,0.0
0.0,0.0
0.0,0.0
0.0,0.0
0.0,0.0
0.0,0.0
0.0,0.0
0.0,0.0
0.0,0.0
0.0,0.0
0.0,0.0
0.0,0.0
0.0,0.0
-15.175948143005371,21.880582809448242
11.111105918884277,-8.885361671447754
0.0,0.0
0.0,0.0
-6.308512210845947,16.116579055786133
0.0,0.0
0.0,0.0
0.0,0.0
-17.807510375976562,21.668760299682617
10.111105918884277,-8.89029598236084
0.0,0.0
0.0,0.0
-3.487316370010376,8.585187911987305
0.0,0.0
0.0,0.0
0.0,0.0
0.0,0.0
0.0,0.0
0.0,0.0
0.0,0.0
0.0,0.0
0.0,0.0
0.0,0.0
0.0,0.0
0.0,0.0
0.0,0.0
0.0,0.0
0.0,0.0
0.0,0.0
0.0,0.0
0.0,0.0
0.0,0.0
0.0,0.0
0.0,0.0
0.0,0.0
0.0,0.0
0.0,0.0
0.0,0.0
0.0,0.0
0.0,0.0
0.0,0.0
0.0,0.0
0.0,0.0
0.0,0.0
0.0,0.0
0.0,0.0
0.0,0.0
0.0,0.0
0.0,0.0
0.0,0.0
0.0,0.0
0.0,0.0
0.0,0.0
0.0,0.0
0.0,0.0
0.0,0.0
0.0,0.0
0.0,0.0
0.0,0.0
0.0,0.0
0.0,0.0
0.0,0.0
0.0,0.0
0.0,0.0
0.0,0.0
0.0,0.0
0.0,0.0
0.0,0.0
0.0,0.0
0.0,0.0
0.0,0.0
0.0,0.0
0.0,0.0
0.0,0.0
0.0,0.0
0.0,0.0
0.0,0.0
0.0,0.0
0.0,0.0
0.0,0.0
0.0,0.0
0.0,0.0
0.0,0.0
0.0,0.0
0.0,0.0
0.0,0.0
0.0,0.0
0.0,0.0
0.0,0.0
0.0,0.0
0.0,0.0
0.0,0.0
0.0,0.0
0.0,0.0
0.0,0.0
0.0,0.0
-17.77777099609375,22.222211837768555
10.990955352783203,-6.9703545570373535
0.0,0.0
0.0,0.0
0.0,0.0
0.0,0.0
0.0,0.0
0.0,0.0
-17.77777099609375,22.222211837768555
11.111059188842773,-8.204224586486816
0.0,0.0
0.0,0.0
0.0,0.0
0.0,0.0
0.0,0.0
0.0,0.0
0.0,0.0
0.0,0.0
0.0,0.0
0.0,0.0
0.0,0.0
0.0,0.0
0.0,0.0
0.0,0.0
0.0,0.0
0.0,0.0
0.0,0.0
0.0,0.0
0.0,0.0
0.0,0.0
0.0,0.0
0.0,0.0
-17.776987075805664,22.222211837768555
11.01161003112793,-6.764894962310791
0.0,0.0
0.0,0.0
0.0,0.0
0.0,0.0
0.0,0.0
0.0,0.0
-17.777788162231445,22.222204208374023
11.110795974731445,-7.789178848266602
0.0,0.0
0.0,0.0
0.0,0.0
0.0,0.0
0.0,0.0
0.0,0.0
0.0,0.0
0.0,0.0
0.0,0.0
0.0,0.0
0.0,0.0
0.0,0.0
0.0,0.0
0.0,0.0
0.0,0.0
0.0,0.0
0.0,0.0
0.0,0.0
0.0,0.0
0.0,0.0
0.0,0.0
0.0,0.0
0.0,0.0
0.0,0.0
0.0,0.0
0.0,0.0
0.0,0.0
0.0,0.0
0.0,0.0
0.0,0.0
0.0,0.0
0.0,0.0
0.0,0.0
0.0,0.0
0.0,0.0
0.0,0.0
0.0,0.0
0.0,0.0
0.0,0.0
0.0,0.0
0.0,0.0
0.0,0.0
0.0,0.0
0.0,0.0
0.0,0.0
0.0,0.0
0.0,0.0
0.0,0.0
0.0,0.0
0.0,0.0
0.0,0.0
0.0,0.0
0.0,0.0
0.0,0.0
0.0,0.0
0.0,0.0
0.0,0.0
0.0,0.0
0.0,0.0
0.0,0.0
0.0,0.0
0.0,0.0
0.0,0.0
0.0,0.0
0.0,0.0
0.0,0.0
0.0,0.0
0.0,0.0
-14.32498836517334,22.20931053161621
3.491671085357666,0.0
-11.346997261047363,21.981910705566406
1.909999966621399,0.0
0.0,0.0
0.0,0.0
0.0,0.0
0.0,0.0
-16.27861785888672,22.222211837768555
1.0,-1.88100004196167
-7.696220874786377,20.308565139770508
0.0,0.0
0.0,0.0
0.0,0.0
0.0,0.0
0.0,0.0
-13.427970886230469,22.213367462158203
3.491671085357666,-0.9900000095367432
-17.7767333984375,22.222211837768555
11.064319610595703,-6.74433708190918
0.0,0.0
0.0,0.0
0.0,0.0
0.0,0.0
-15.704784393310547,22.222211837768555
2.738100051879883,0.0
-17.77777099609375,22.222211837768555
8.875165939331055,-2.5460586547851562
0.0,0.0
0.0,0.0
0.0,0.0
0.0,0.0
-16.445423126220703,22.218059539794922
3.491671085357666,-0.9726189970970154
-13.418863296508789,22.085756301879883
1.909999966621399,0.0
-2.0,0.0
0.0,0.0
0.0,0.0
0.0,0.0
-16.773069381713867,22.222211837768555
1.909999966621399,0.0
-10.789138793945312,20.11930274963379
0.0,0.0
-1.7799999713897705,11.772165298461914
0.0,0.0
0.0,0.0
0.0,0.0
-15.996861457824707,22.218433380126953
3.491671085357666,-0.9900000095367432
-17.77776527404785,22.222211837768555
10.878594398498535,-3.1345744132995605
-2.0,0.0
0.0,0.0
-3.7301666736602783,8.354841232299805
0.0,0.0
-16.526498794555664,22.222211837768555
1.909999966621399,0.0
-17.791818618774414,22.220821380615234
9.955660820007324,-4.406876087188721
-2.0,10.738643646240234
0.0,0.0
-6.364325523376465,20.11930274963379
0.0,0.0
0.0,0.0
0.0,0.0
0.0,0.0
0.0,0.0
0.0,0.0
0.0,0.0
0.0,0.0
0.0,0.0
0.0,0.0
0.0,0.0
0.0,0.0
0.0,0.0
0.0,0.0
0.0,0.0
0.0,0.0
0.0,0.0
0.0,0.0
0.0,0.0
0.0,0.0
0.0,0.0
0.0,0.0
0.0,0.0
0.0,0.0
0.0,0.0
0.0,0.0
0.0,0.0
0.0,0.0
0.0,0.0
0.0,0.0
0.0,0.0
0.0,0.0
0.0,0.0
0.0,0.0
0.0,0.0
0.0,0.0
0.0,0.0
0.0,0.0
0.0,0.0
0.0,0.0
0.0,0.0
0.0,0.0
0.0,0.0
0.0,0.0
0.0,0.0
0.0,0.0
0.0,0.0
0.0,0.0
0.0,0.0
0.0,0.0
0.0,0.0
0.0,0.0
0.0,0.0
0.0,0.0
0.0,0.0
0.0,0.0
0.0,0.0
0.0,0.0
0.0,0.0
0.0,0.0
0.0,0.0
0.0,0.0
0.0,0.0
0.0,0.0
0.0,0.0
0.0,0.0
0.0,0.0
0.0,0.0
0.0,0.0
0.0,0.0
0.0,0.0
0.0,0.0
0.0,0.0
-11.347776412963867,20.7801456451416
0.0,0.0
-3.799999952316284,9.6029052734375
0.0,0.0
0.0,0.0
0.0,0.0
0.0,0.0
0.0,0.0
0.0,0.0
0.0,0.0
-17.77777099609375,22.222211837768555
0.0,0.0
0.0,0.0
0.0,0.0
0.0,0.0
0.0,0.0
-11.394563674926758,20.637523651123047
0.0,0.0
-17.77777099609375,22.222211837768555
0.0,0.0
0.0,0.0
0.0,0.0
0.0,0.0
0.0,0.0
0.0,0.0
0.0,0.0
0.0,0.0
0.0,0.0
0.0,0.0
0.0,0.0
0.0,0.0
0.0,0.0
-2.0,2.0
0.0,0.0
-2.0,0.0
0.0,0.0
0.0,0.0
0.0,0.0
0.0,0.0
0.0,0.0
0.0,0.0
0.0,0.0
0.0,0.0
0.0,0.0
0.0,0.0
0.0,0.0
0.0,0.0
0.0,0.0
-3.799999952316284,0.0
0.0,0.0
-11.285293579101562,21.981910705566406
0.0,0.0
0.0,0.0
0.0,0.0
0.0,0.0
0.0,0.0
0.0,0.0
0.0,0.0
0.0,0.0
0.0,0.0
0.0,0.0
0.0,0.0
0.0,0.0
0.0,0.0
0.0,0.0
0.0,0.0
0.0,0.0
0.0,0.0
0.0,0.0
0.0,0.0
0.0,0.0
0.0,0.0
0.0,0.0
0.0,0.0
0.0,0.0
0.0,0.0
0.0,0.0
0.0,0.0
0.0,0.0
0.0,0.0
0.0,0.0
0.0,0.0
0.0,0.0
0.0,0.0
0.0,0.0
0.0,0.0
0.0,0.0
0.0,0.0
0.0,0.0
0.0,0.0
0.0,0.0
0.0,0.0
0.0,0.0
0.0,0.0
0.0,0.0
0.0,0.0
0.0,0.0
0.0,0.0
0.0,0.0
0.0,0.0
0.0,0.0
0.0,0.0
0.0,0.0
0.0,0.0
0.0,0.0
0.0,0.0
0.0,0.0
0.0,0.0
0.0,0.0
0.0,0.0
0.0,0.0
0.0,0.0
0.0,0.0
0.0,0.0
0.0,0.0
0.0,0.0
0.0,0.0
0.0,0.0
0.0,0.0
0.0,0.0
