-7.1487321853637695,6.10658073425293
0.0,0.0
0.0,0.0
0.0,0.0
0.0,0.0
0.0,0.0
0.0,0.0
0.0,0.0
0.0,0.0
0.0,0.0
0.0,0.0
0.0,0.0
0.0,0.0
0.0,0.0
0.0,0.0
0.0,0.0
0.0,0.0
0.0,0.0
9.678569793701172,29.711490631103516
21.32232093811035,-5.036457538604736
0.0,0.0
0.0,0.0
0.0,0.0
0.0,0.0
0.0,0.0
0.0,0.0
5.020785331726074,29.483501434326172
18.5190486907959,-6.584743499755859
0.0,0.0
0.0,0.0
-2.608839988708496,8.65402889251709
0.0,0.0
0.0,0.0
0.0,0.0
0.0,0.0
0.0,0.0
0.0,0.0
0.0,0.0
0.0,0.0
0.0,0.0
0.0,0.0
0.0,0.0
0.0,0.0
0.0,0.0
0.0,0.0
0.0,0.0
0.0,0.0
0.0,0.0
0.0,0.0
0.0,0.0
-8.898741722106934,11.111099243164062
0.0,0.0
0.0,0.0
0.0,0.0
-8.8888578414917,11.111105918884277
0.0,0.0
0.0,0.0
0.0,0.0
-8.891942977905273,122.97444152832031
0.0,0.0
0.0,0.0
0.0,0.0
-8.85767936706543,11.111078262329102
0.0,0.0
0.0,0.0
0.0,0.0
0.0,0.0
0.0,0.0
0.0,0.0
0.0,0.0
0.0,0.0
0.0,0.0
0.0,0.0
0.0,0.0
0.0,0.0
0.0,0.0
0.0,0.0
0.0,0.0
0.0,0.0
0.0,0.0
0.0,0.0
0.0,0.0
-8.889032363891602,11.111104965209961
22.222211837768555,-17.766651153564453
0.0,0.0
0.0,0.0
-8.518656730651855,11.111059188842773
20.11930274963379,-1.8184720277786255
0.0,0.0
0.0,0.0
-8.908712387084961,11.100284576416016
22.2065372467041,-17.706573486328125
0.0,0.0
0.0,0.0
-8.83370590209961,11.065118789672852
22.222211837768555,-17.775129318237305
0.0,0.0
0.0,0.0
0.0,0.0
0.0,0.0
0.0,0.0
0.0,0.0
0.0,0.0
0.0,0.0
0.0,0.0
0.0,0.0
0.0,0.0
0.0,0.0
0.0,0.0
0.0,0.0
0.0,0.0
0.0,0.0
0.0,0.0
0.0,0.0
-8.889362335205078,11.111105918884277
22.222211837768555,-17.747291564941406
0.0,0.0
0.0,0.0
-8.887673377990723,11.111105918884277
22.222211837768555,-17.64000701904297
0.0,0.0
0.0,0.0
-8.9182767868042,11.016120910644531
22.222211837768555,-16.821210861206055
0.0,0.0
0.0,0.0
-8.916374206542969,11.10136604309082
22.222211837768555,-14.167593955993652
0.0,0.0
0.0,0.0
0.0,0.0
0.0,0.0
0.0,0.0
0.0,0.0
0.0,0.0
0.0,0.0
0.0,0.0
0.0,0.0
0.0,0.0
0.0,0.0
0.0,0.0
0.0,0.0
0.0,0.0
0.0,0.0
0.0,0.0
0.0,0.0
0.3282361626625061,19.290306091308594
22.222116470336914,-17.77777671813965
0.0,0.0
0.0,0.0
0.0,0.0
0.0,0.0
0.0,0.0
0.0,0.0
1.82172691822052,22.948238372802734
22.212491989135742,-16.146005630493164
0.0,0.0
0.0,0.0
-7.336659908294678,11.108348846435547
8.354841232299805,-1.9301666021347046
0.0,0.0
0.0,0.0
0.0,0.0
0.0,0.0
0.0,0.0
0.0,0.0
0.0,0.0
0.0,0.0
0.0,0.0
0.0,0.0
0.0,0.0
0.0,0.0
0.0,0.0
0.0,0.0
0.0,0.0
0.0,0.0
0.0,0.0
0.0,0.0
0.0,0.0
0.0,0.0
0.0,0.0
0.0,0.0
0.0,0.0
0.0,0.0
0.0,0.0
0.0,0.0
0.0,0.0
0.0,0.0
0.0,0.0
0.0,0.0
0.0,0.0
0.0,0.0
0.0,0.0
0.0,0.0
0.0,0.0
0.0,0.0
0.0,0.0
0.0,0.0
0.0,0.0
0.0,0.0
0.0,0.0
0.0,0.0
0.0,0.0
0.0,0.0
0.0,0.0
0.0,0.0
0.0,0.0
0.0,0.0
0.0,0.0
0.0,0.0
-8.912080764770508,10.87862491607666
0.0,0.0
0.0,0.0
0.0,0.0
0.0,0.0
0.0,0.0
0.0,0.0
0.0,0.0
-8.925950050354004,10.74118709564209
22.222211837768555,-17.77777099609375
0.0,0.0
0.0,0.0
-9.211301803588867,7.631278038024902
0.0,0.0
0.0,0.0
0.0,0.0
0.0,0.0
0.0,0.0
0.0,0.0
0.0,0.0
0.0,0.0
0.0,0.0
0.0,0.0
0.0,0.0
0.0,0.0
0.0,0.0
0.0,0.0
0.0,0.0
0.0,0.0
0.0,0.0
0.0,0.0
0.0,0.0
-8.950695991516113,10.831939697265625
0.0,0.0
0.0,0.0
0.0,0.0
0.0,0.0
0.0,0.0
0.0,0.0
0.0,0.0
-8.932470321655273,10.78418254852295
22.222211837768555,-17.729625701904297
0.0,0.0
0.0,0.0
-9.03441047668457,10.381143569946289
0.0,0.0
0.0,0.0
0.0,0.0
0.0,0.0
0.0,0.0
0.0,0.0
0.0,0.0
0.0,0.0
0.0,0.0
0.0,0.0
0.0,0.0
0.0,0.0
0.0,0.0
0.0,0.0
0.0,0.0
0.0,0.0
0.0,0.0
0.0,0.0
0.0,0.0
0.0,0.0
0.0,0.0
0.0,0.0
0.0,0.0
0.0,0.0
0.0,0.0
0.0,0.0
0.0,0.0
0.0,0.0
0.0,0.0
0.0,0.0
0.0,0.0
0.0,0.0
0.0,0.0
0.0,0.0
0.0,0.0
0.0,0.0
0.0,0.0
0.0,0.0
0.0,0.0
0.0,0.0
0.0,0.0
0.0,0.0
0.0,0.0
0.0,0.0
0.0,0.0
0.0,0.0
0.0,0.0
0.0,0.0
0.0,0.0
0.0,0.0
0.0,0.0
0.0,0.0
0.0,0.0
0.0,0.0
0.0,0.0
0.0,0.0
0.0,0.0
0.0,0.0
0.0,0.0
0.0,0.0
0.0,0.0
0.0,0.0
0.0,0.0
0.0,0.0
0.0,0.0
-10.026619911193848,-1.8275302648544312
22.222211837768555,1.0084493160247803
-9.58004093170166,6.940284252166748
17.75033187866211,-1.9617999792099
-1.0,0.0
0.0,0.0
-1.909999966621399,0.015470999293029308
0.0,0.0
-9.902332305908203,1.4095126390457153
22.222211837768555,17.284358978271484
-9.80482006072998,3.6119284629821777
18.85233497619629,0.0
0.0,0.0
0.0,0.0
-1.8387939929962158,6.063741683959961
0.0,0.0
0.0,0.0
0.0,0.0
-8.28864574432373,8.655303001403809
14.347362518310547,-1.6301788091659546
0.0,0.0
0.0,0.0
-1.899999976158142,1.9482966661453247
0.0,0.0
0.0,0.0
0.0,0.0
-9.32079792022705,1.9071906805038452
16.292287826538086,-2.458760976791382
0.0,0.0
0.0,0.0
-4.424751281738281,7.00120735168457
0.0,0.0
-9.745012283325195,1.7782490253448486
22.222211837768555,-15.94666862487793
-9.371280670166016,9.60600757598877
16.822040557861328,-3.6728732585906982
-9.1949462890625,-0.06434262543916702
0.0,0.0
-1.899999976158142,2.490680694580078
0.0,0.0
-9.863908767700195,0.9909797310829163
22.222211837768555,-7.463737487792969
-9.647385597229004,6.641700267791748
19.155624389648438,-1.4199999570846558
-9.305987358093262,7.712303638458252
12.71267032623291,-5.206447124481201
-6.054434299468994,0.8553242683410645
10.738643646240234,-3.606187343597412
0.0,0.0
0.0,0.0
-2.606126070022583,7.023275852203369
14.347362518310547,-3.6820716857910156
0.0,0.0
0.0,0.0
-1.8578205108642578,5.153352737426758
2.0,0.0
0.0,0.0
0.0,0.0
-6.642460823059082,5.03765869140625
15.056099891662598,0.12514188885688782
0.0,0.0
0.0,0.0
-6.859048366546631,5.026357650756836
16.822040557861328,0.36822041869163513
0.0,0.0
0.0,0.0
0.0,0.0
0.0,0.0
0.0,0.0
0.0,0.0
0.0,0.0
0.0,0.0
0.0,0.0
0.0,0.0
0.0,0.0
0.0,0.0
0.0,0.0
0.0,0.0
0.0,0.0
0.0,0.0
0.0,0.0
0.0,0.0
0.0,0.0
0.0,0.0
0.0,0.0
0.0,0.0
0.0,0.0
0.0,0.0
0.0,0.0
0.0,0.0
0.0,0.0
0.0,0.0
0.0,0.0
0.0,0.0
0.0,0.0
0.0,0.0
0.0,0.0
0.0,0.0
0.0,0.0
0.0,0.0
0.0,0.0
0.0,0.0
0.0,0.0
0.0,0.0
0.0,0.0
0.0,0.0
0.0,0.0
0.0,0.0
0.0,0.0
0.0,0.0
0.0,0.0
0.0,0.0
0.0,0.0
0.0,0.0
0.0,0.0
0.0,0.0
0.0,0.0
0.0,0.0
0.0,0.0
0.0,0.0
0.0,0.0
0.0,0.0
0.0,0.0
0.0,0.0
0.0,0.0
0.0,0.0
0.0,0.0
0.0,0.0
0.0,0.0
0.0,0.0
-8.000357627868652,-1.391247272491455
0.0,0.0
0.0,0.0
0.0,0.0
0.0,0.0
0.0,0.0
-10.559016227722168,-5.482875823974609
0.0,0.0
-10.62536334991455,-6.400461673736572
0.0,0.0
0.0,0.0
0.0,0.0
-5.886082649230957,-5.369321823120117
0.0,0.0
0.0,0.0
0.0,0.0
-10.195734024047852,-1.9577696323394775
0.0,0.0
0.0,0.0
0.0,0.0
0.0,0.0
0.0,0.0
0.0,4.356335163116455
0.0,0.0
-9.86622428894043,1.3490710258483887
0.0,0.0
0.0,0.0
0.0,0.0
-9.615235328674316,-4.510678291320801
0.0,0.0
0.0,0.0
0.0,0.0
-3.3974802494049072,-1.209230899810791
0.0,0.0
0.0,0.0
0.0,0.0
0.0,0.0
0.0,0.0
-10.601006507873535,-8.196675300598145
0.0,0.0
-11.078213691711426,-11.073606491088867
0.0,0.0
0.0,0.0
0.0,0.0
-1.899999976158142,-1.909999966621399
0.0,0.0
0.0,0.0
0.0,0.0
-8.059179306030273,1.4842820167541504
0.0,0.0
0.0,0.0
0.0,0.0
0.0,0.0
0.0,0.0
-1.909999966621399,-1.0
0.0,0.0
-9.951977729797363,0.9646918177604675
0.0,0.0
0.0,0.0
0.0,0.0
-8.433629035949707,1.0528594255447388
0.0,0.0
0.0,0.0
0.0,0.0
0.0,0.0
0.0,0.0
0.0,0.0
0.0,0.0
0.0,0.0
0.0,0.0
0.0,0.0
0.0,0.0
0.0,0.0
0.0,0.0
0.0,0.0
0.0,0.0
0.0,0.0
0.0,0.0
0.0,0.0
0.0,0.0
-17.5836238861084,22.1155948638916
11.111105918884277,-8.871234893798828
0.0,0.0
0.0,0.0
0.0,0.0
0.0,0.0
0.0,0.0
0.0,0.0
-17.60042953491211,22.047874450683594
11.111104965209961,-8.889474868774414
0.0,0.0
0.0,0.0
0.0,0.0
0.0,0.0
0.0,0.0
0.0,0.0
0.0,0.0
0.0,0.0
0.0,0.0
0.0,0.0
0.0,0.0
0.0,0.0
0.0,0.0
0.0,0.0
0.0,0.0
0.0,0.0
0.0,0.0
0.0,0.0
0.0,0.0
0.0,0.0
0.0,0.0
0.0,0.0
-17.349157333374023,21.636531829833984
11.111105918884277,-8.575383186340332
0.0,0.0
0.0,0.0
-10.307574272155762,21.115283966064453
0.0,0.0
0.0,0.0
0.0,0.0
-16.431201934814453,21.863679885864258
11.111105918884277,-8.733051300048828
0.0,0.0
0.0,0.0
-6.047040939331055,13.045923233032227
0.0,0.0
0.0,0.0
0.0,0.0
0.0,0.0
0.0,0.0
0.0,0.0
0.0,0.0
0.0,0.0
0.0,0.0
0.0,0.0
0.0,0.0
0.0,0.0
0.0,0.0
0.0,0.0
0.0,0.0
0.0,0.0
0.0,0.0
0.0,0.0
0.0,0.0
0.0,0.0
0.0,0.0
0.0,0.0
0.0,0.0
0.0,0.0
0.0,0.0
0.0,0.0
0.0,0.0
0.0,0.0
0.0,0.0
0.0,0.0
0.0,0.0
0.0,0.0
0.0,0.0
0.0,0.0
0.0,0.0
0.0,0.0
0.0,0.0
0.0,0.0
0.0,0.0
0.0,0.0
0.0,0.0
0.0,0.0
0.0,0.0
0.0,0.0
0.0,0.0
0.0,0.0
0.0,0.0
0.0,0.0
0.0,0.0
0.0,0.0
0.0,0.0
0.0,0.0
0.0,0.0
0.0,0.0
0.0,0.0
0.0,0.0
0.0,0.0
0.0,0.0
0.0,0.0
0.0,0.0
0.0,0.0
0.0,0.0
0.0,0.0
0.0,0.0
0.0,0.0
0.0,0.0
0.0,0.0
0.0,0.0
0.0,0.0
0.0,0.0
0.0,0.0
0.0,0.0
0.0,0.0
0.0,0.0
0.0,0.0
0.0,0.0
0.0,0.0
0.0,0.0
0.0,0.0
0.0,0.0
0.0,0.0
0.0,0.0
0.0,0.0
-17.77777099609375,22.222211837768555
11.110555648803711,-7.630833625793457
0.0,0.0
0.0,0.0
0.0,0.0
0.0,0.0
0.0,0.0
0.0,0.0
-17.77777099609375,22.222211837768555
11.111105918884277,-8.714856147766113
0.0,0.0
0.0,0.0
0.0,0.0
0.0,0.0
0.0,0.0
0.0,0.0
0.0,0.0
0.0,0.0
0.0,0.0
0.0,0.0
0.0,0.0
0.0,0.0
0.0,0.0
0.0,0.0
0.0,0.0
0.0,0.0
0.0,0.0
0.0,0.0
0.0,0.0
0.0,0.0
0.0,0.0
0.0,0.0
-17.77777099609375,22.222211837768555
11.111105918884277,-8.403470039367676
0.0,0.0
0.0,0.0
0.0,0.0
0.0,0.0
0.0,0.0
0.0,0.0
-17.777788162231445,22.222204208374023
11.111105918884277,-8.791424751281738
0.0,0.0
0.0,0.0
0.0,0.0
0.0,0.0
0.0,0.0
0.0,0.0
0.0,0.0
0.0,0.0
0.0,0.0
0.0,0.0
0.0,0.0
0.0,0.0
0.0,0.0
0.0,0.0
0.0,0.0
0.0,0.0
0.0,0.0
0.0,0.0
0.0,0.0
0.0,0.0
0.0,0.0
0.0,0.0
0.0,0.0
0.0,0.0
0.0,0.0
0.0,0.0
0.0,0.0
0.0,0.0
0.0,0.0
0.0,0.0
0.0,0.0
0.0,0.0
0.0,0.0
0.0,0.0
0.0,0.0
0.0,0.0
0.0,0.0
0.0,0.0
0.0,0.0
0.0,0.0
0.0,0.0
0.0,0.0
0.0,0.0
0.0,0.0
0.0,0.0
0.0,0.0
0.0,0.0
0.0,0.0
0.0,0.0
0.0,0.0
0.0,0.0
0.0,0.0
0.0,0.0
0.0,0.0
0.0,0.0
0.0,0.0
0.0,0.0
0.0,0.0
0.0,0.0
0.0,0.0
0.0,0.0
0.0,0.0
0.0,0.0
0.0,0.0
0.0,0.0
0.0,0.0
0.0,0.0
0.0,0.0
-17.259563446044922,22.222211837768555
7.173681259155273,0.0
-13.981830596923828,22.22189712524414
2.738100051879883,0.0
0.0,0.0
0.0,0.0
0.0,0.0
0.0,0.0
-17.680917739868164,22.222211837768555
4.177420616149902,-2.651125907897949
-14.63429069519043,22.109214782714844
0.0,0.0
0.0,0.0
0.0,0.0
0.0,0.0
0.0,0.0
-16.78269386291504,22.222211837768555
7.173681259155273,-1.819263219833374
-17.77777099609375,22.222211837768555
11.110895156860352,-7.622627258300781
0.0,0.0
0.0,0.0
0.0,0.0
0.0,0.0
-17.68990135192871,22.222211837768555
6.356335163116455,-0.9519854784011841
-17.77803611755371,22.222209930419922
11.102542877197266,-7.117790699005127
0.0,0.0
0.0,0.0
0.0,0.0
0.0,0.0
-17.555601119995117,22.222211837768555
4.80145263671875,-0.9726189970970154
-16.67005157470703,22.2221622467041
1.909999966621399,0.0
-2.0,5.476200103759766
0.0,0.0
0.0,0.0
0.0,0.0
-17.74622917175293,22.222211837768555
3.491671085357666,-1.8404403924942017
-12.706892013549805,22.16908073425293
0.0,0.0
-1.7799999713897705,16.28795623779297
0.0,0.0
0.0,0.0
0.0,0.0
-17.537208557128906,22.222211837768555
6.356335163116455,-0.9900000095367432
-17.777788162231445,22.222211837768555
10.08910846710205,-3.1345744132995605
-2.0,5.476200103759766
0.0,0.0
-6.523115158081055,17.75033187866211
0.0,0.0
-17.76723289489746,22.222211837768555
4.177420616149902,0.0
-17.808408737182617,22.082857131958008
11.075850486755371,-7.346069812774658
-6.4977335929870605,16.28795623779297
0.0,0.0
-8.538566589355469,22.158048629760742
0.0,0.0
0.0,0.0
0.0,0.0
0.0,0.0
0.0,0.0
0.0,0.0
0.0,0.0
0.0,0.0
0.0,0.0
0.0,0.0
0.0,0.0
0.0,0.0
0.0,0.0
0.0,0.0
0.0,0.0
0.0,0.0
0.0,0.0
0.0,0.0
0.0,0.0
0.0,0.0
0.0,0.0
0.0,0.0
0.0,0.0
0.0,0.0
0.0,0.0
0.0,0.0
0.0,0.0
0.0,0.0
0.0,0.0
0.0,0.0
0.0,0.0
0.0,0.0
0.0,0.0
0.0,0.0
0.0,0.0
0.0,0.0
0.0,0.0
0.0,0.0
0.0,0.0
0.0,0.0
0.0,0.0
0.0,0.0
0.0,0.0
0.0,0.0
0.0,0.0
0.0,0.0
0.0,0.0
0.0,0.0
0.0,0.0
0.0,0.0
0.0,0.0
0.0,0.0
0.0,0.0
0.0,0.0
0.0,0.0
0.0,0.0
0.0,0.0
0.0,0.0
0.0,0.0
0.0,0.0
0.0,0.0
0.0,0.0
0.0,0.0
0.0,0.0
0.0,0.0
0.0,0.0
0.0,0.0
-2.0,2.0
0.0,0.0
0.0,0.0
0.0,0.0
0.0,0.0
0.0,0.0
-15.314002990722656,22.16908073425293
0.0,0.0
-7.812796592712402,19.431617736816406
0.0,0.0
0.0,0.0
0.0,0.0
0.0,0.0
0.0,0.0
0.0,0.0
0.0,0.0
-17.77777099609375,22.222211837768555
0.0,0.0
0.0,0.0
0.0,0.0
0.0,0.0
0.0,0.0
-14.74062442779541,22.158048629760742
0.0,0.0
-17.77777099609375,22.222211837768555
0.0,0.0
0.0,0.0
0.0,0.0
0.0,0.0
0.0,0.0
0.0,0.0
0.0,0.0
0.0,0.0
0.0,0.0
0.0,0.0
0.0,0.0
0.0,0.0
0.0,0.0
-2.0,10.738643646240234
0.0,0.0
-2.0,2.0
0.0,0.0
0.0,0.0
0.0,0.0
0.0,0.0
0.0,0.0
0.0,0.0
0.0,0.0
0.0,0.0
0.0,0.0
0.0,0.0
0.0,0.0
0.0,0.0
0.0,0.0
-3.799999952316284,9.6029052734375
0.0,0.0
-14.675816535949707,22.21554946899414
0.0,0.0
0.0,0.0
0.0,0.0
0.0,0.0
0.0,0.0
0.0,0.0
0.0,0.0
0.0,0.0
0.0,0.0
0.0,0.0
0.0,0.0
0.0,0.0
0.0,0.0
0.0,0.0
0.0,0.0
0.0,0.0
0.0,0.0
0.0,0.0
0.0,0.0
0.0,0.0
0.0,0.0
0.0,0.0
0.0,0.0
0.0,0.0
0.0,0.0
0.0,0.0
0.0,0.0
0.0,0.0
0.0,0.0
0.0,0.0
0.0,0.0
0.0,0.0
0.0,0.0
0.0,0.0
0.0,0.0
0.0,0.0
0.0,0.0
0.0,0.0
0.0,0.0
0.0,0.0
0.0,0.0
0.0,0.0
0.0,0.0
0.0,0.0
0.0,0.0
0.0,0.0
0.0,0.0
0.0,0.0
0.0,0.0
0.0,0.0
0.0,0.0
0.0,0.0
0.0,0.0
0.0,0.0
0.0,0.0
0.0,0.0
0.0,0.0
0.0,0.0
0.0,0.0
0.0,0.0
0.0,0.0
0.0,0.0
0.0,0.0
0.0,0.0
0.0,0.0
0.0,0.0
0.0,0.0
0.0,0.0
0.0,0.0
