-6.791461944580078,3.922506332397461
0.0,0.0
0.0,0.0
0.0,0.0
0.0,0.0
0.0,0.0
0.0,0.0
0.0,0.0
0.0,0.0
0.0,0.0
0.0,0.0
0.0,0.0
0.0,0.0
0.0,0.0
0.0,0.0
0.0,0.0
0.0,0.0
0.0,0.0
19.007474899291992,29.71872901916504
18.5190486907959,-3.5925393104553223
0.0,0.0
0.0,0.0
0.0,0.0
0.0,0.0
0.0,0.0
0.0,0.0
-7.06174373626709,29.502859115600586
15.701050758361816,-6.584743499755859
0.0,0.0
0.0,0.0
-2.608839988708496,8.143978118896484
0.0,0.0
0.0,0.0
0.0,0.0
0.0,0.0
0.0,0.0
0.0,0.0
0.0,0.0
0.0,0.0
0.0,0.0
0.0,0.0
0.0,0.0
0.0,0.0
0.0,0.0
0.0,0.0
0.0,0.0
0.0,0.0
0.0,0.0
0.0,0.0
0.0,0.0
-8.894827842712402,11.111039161682129
0.0,0.0
0.0,0.0
0.0,0.0
-8.886021614074707,11.111105918884277
0.0,0.0
0.0,0.0
0.0,0.0
-8.890082359313965,11.095536231994629
0.0,0.0
0.0,0.0
0.0,0.0
-8.79893970489502,11.099554061889648
0.0,0.0
0.0,0.0
0.0,0.0
0.0,0.0
0.0,0.0
0.0,0.0
0.0,0.0
0.0,0.0
0.0,0.0
0.0,0.0
0.0,0.0
0.0,0.0
0.0,0.0
0.0,0.0
0.0,0.0
0.0,0.0
0.0,0.0
0.0,0.0
0.0,0.0
-8.971660614013672,9.45531940460205
22.222211837768555,-15.112251281738281
0.0,0.0
0.0,0.0
-8.114466667175293,11.091398239135742
14.347362518310547,0.0
0.0,0.0
0.0,0.0
-8.933403968811035,10.961389541625977
22.2137451171875,-17.783700942993164
0.0,0.0
0.0,0.0
-8.759503364562988,11.111101150512695
21.51348114013672,-17.696626663208008
0.0,0.0
0.0,0.0
0.0,0.0
0.0,0.0
0.0,0.0
0.0,0.0
0.0,0.0
0.0,0.0
0.0,0.0
0.0,0.0
0.0,0.0
0.0,0.0
0.0,0.0
0.0,0.0
0.0,0.0
0.0,0.0
0.0,0.0
0.0,0.0
-8.898907661437988,11.097614288330078
22.222211837768555,-17.3059024810791
0.0,0.0
0.0,0.0
-8.829790115356445,11.111105918884277
22.22212791442871,-17.10861587524414
0.0,0.0
0.0,0.0
-8.918658256530762,10.788732528686523
21.81974983215332,-17.79570960998535
0.0,0.0
0.0,0.0
-8.897909164428711,11.10548210144043
22.222211837768555,-17.722810745239258
0.0,0.0
0.0,0.0
0.0,0.0
0.0,0.0
0.0,0.0
0.0,0.0
0.0,0.0
0.0,0.0
0.0,0.0
0.0,0.0
0.0,0.0
0.0,0.0
0.0,0.0
0.0,0.0
0.0,0.0
0.0,0.0
0.0,0.0
0.0,0.0
0.3194555342197418,19.290306091308594
22.222043991088867,-17.777856826782227
0.0,0.0
0.0,0.0
0.0,0.0
0.0,0.0
0.0,0.0
0.0,0.0
-3.940749168395996,22.930795669555664
21.544082641601562,-13.968485832214355
0.0,0.0
0.0,0.0
-4.432246208190918,10.878594398498535
0.0,0.0
0.0,0.0
0.0,0.0
0.0,0.0
0.0,0.0
0.0,0.0
0.0,0.0
0.0,0.0
0.0,0.0
0.0,0.0
0.0,0.0
0.0,0.0
0.0,0.0
0.0,0.0
0.0,0.0
0.0,0.0
0.0,0.0
0.0,0.0
0.0,0.0
0.0,0.0
0.0,0.0
0.0,0.0
0.0,0.0
0.0,0.0
0.0,0.0
0.0,0.0
0.0,0.0
0.0,0.0
0.0,0.0
0.0,0.0
0.0,0.0
0.0,0.0
0.0,0.0
0.0,0.0
0.0,0.0
0.0,0.0
0.0,0.0
0.0,0.0
0.0,0.0
0.0,0.0
0.0,0.0
0.0,0.0
0.0,0.0
0.0,0.0
0.0,0.0
0.0,0.0
0.0,0.0
0.0,0.0
0.0,0.0
0.0,0.0
0.0,0.0
-8.912080764770508,10.87862491607666
0.0,0.0
0.0,0.0
0.0,0.0
0.0,0.0
0.0,0.0
0.0,0.0
0.0,0.0
-8.926798820495605,10.704720497131348
22.222211837768555,-17.77777099609375
0.0,0.0
0.0,0.0
-9.062052726745605,9.122664451599121
0.0,0.0
0.0,0.0
0.0,0.0
0.0,0.0
0.0,0.0
0.0,0.0
0.0,0.0
0.0,0.0
0.0,0.0
0.0,0.0
0.0,0.0
0.0,0.0
0.0,0.0
0.0,0.0
0.0,0.0
0.0,0.0
0.0,0.0
0.0,0.0
0.0,0.0
-8.897470474243164,11.103708267211914
0.0,0.0
0.0,0.0
0.0,0.0
0.0,0.0
0.0,0.0
0.0,0.0
0.0,0.0
-8.920991897583008,10.697651863098145
22.222211837768555,-17.639680862426758
0.0,0.0
0.0,0.0
-8.88530445098877,10.633332252502441
0.0,0.0
0.0,0.0
0.0,0.0
0.0,0.0
0.0,0.0
0.0,0.0
0.0,0.0
0.0,0.0
0.0,0.0
0.0,0.0
0.0,0.0
0.0,0.0
0.0,0.0
0.0,0.0
0.0,0.0
0.0,0.0
0.0,0.0
0.0,0.0
0.0,0.0
0.0,0.0
0.0,0.0
0.0,0.0
0.0,0.0
0.0,0.0
0.0,0.0
0.0,0.0
0.0,0.0
0.0,0.0
0.0,0.0
0.0,0.0
0.0,0.0
0.0,0.0
0.0,0.0
0.0,0.0
0.0,0.0
0.0,0.0
0.0,0.0
0.0,0.0
0.0,0.0
0.0,0.0
0.0,0.0
0.0,0.0
0.0,0.0
0.0,0.0
0.0,0.0
0.0,0.0
0.0,0.0
0.0,0.0
0.0,0.0
0.0,0.0
0.0,0.0
0.0,0.0
0.0,0.0
0.0,0.0
0.0,0.0
0.0,0.0
0.0,0.0
0.0,0.0
0.0,0.0
0.0,0.0
0.0,0.0
0.0,0.0
0.0,0.0
0.0,0.0
0.0,0.0
-9.61520767211914,4.008728504180908
22.222211837768555,4.897388458251953
-9.638975143432617,5.249894618988037
16.28795623779297,-1.9617999792099
0.0,0.0
0.0,0.0
-1.0,-1.0819000005722046
0.0,0.0
-10.031999588012695,0.6099010705947876
22.222211837768555,12.227863311767578
-9.762659072875977,7.244116306304932
17.30805778503418,0.0
0.0,0.0
0.0,0.0
-1.8387939929962158,4.4131760597229
0.0,0.0
0.0,0.0
0.0,0.0
-7.060664176940918,5.588930606842041
12.71267032623291,-1.6301788091659546
0.0,0.0
0.0,0.0
-1.899999976158142,1.0420842170715332
0.0,0.0
0.0,0.0
0.0,0.0
-8.874491691589355,5.711915016174316
13.574848175048828,-2.458760976791382
0.0,0.0
0.0,0.0
-3.8911685943603516,6.9834442138671875
0.0,0.0
-9.971418380737305,1.2428823709487915
22.222211837768555,-16.97064971923828
-9.735710144042969,3.2195076942443848
13.568530082702637,-3.6728732585906982
-8.826847076416016,6.287713527679443
0.0,0.0
-1.0,0.0
0.0,0.0
-9.995218276977539,0.2708304226398468
22.222211837768555,2.0627241134643555
-9.548991203308105,4.949831008911133
15.701050758361816,-1.4199999570846558
-8.32106876373291,5.136486530303955
10.738643646240234,-3.7039709091186523
-5.132579803466797,1.26984441280365
9.6029052734375,0.0
0.0,0.0
0.0,0.0
-1.8582258224487305,6.184312343597412
10.738643646240234,-3.6820716857910156
0.0,0.0
0.0,0.0
-1.0,2.738100051879883
0.0,0.0
0.0,0.0
0.0,0.0
-5.9485321044921875,1.827455759048462
9.6029052734375,0.12514188885688782
0.0,0.0
0.0,0.0
-6.241443157196045,4.667036056518555
13.568530082702637,-2.0
0.0,0.0
0.0,0.0
0.0,0.0
0.0,0.0
0.0,0.0
0.0,0.0
0.0,0.0
0.0,0.0
0.0,0.0
0.0,0.0
0.0,0.0
0.0,0.0
0.0,0.0
0.0,0.0
0.0,0.0
0.0,0.0
0.0,0.0
0.0,0.0
0.0,0.0
0.0,0.0
0.0,0.0
0.0,0.0
0.0,0.0
0.0,0.0
0.0,0.0
0.0,0.0
0.0,0.0
0.0,0.0
0.0,0.0
0.0,0.0
0.0,0.0
0.0,0.0
0.0,0.0
0.0,0.0
0.0,0.0
0.0,0.0
0.0,0.0
0.0,0.0
0.0,0.0
0.0,0.0
0.0,0.0
0.0,0.0
0.0,0.0
0.0,0.0
0.0,0.0
0.0,0.0
0.0,0.0
0.0,0.0
0.0,0.0
0.0,0.0
0.0,0.0
0.0,0.0
0.0,0.0
0.0,0.0
0.0,0.0
0.0,0.0
0.0,0.0
0.0,0.0
0.0,0.0
0.0,0.0
0.0,0.0
0.0,0.0
0.0,0.0
0.0,0.0
0.0,0.0
0.0,0.0
-7.354616165161133,1.1225589513778687
0.0,0.0
0.0,0.0
0.0,0.0
0.0,0.0
0.0,0.0
-10.586212158203125,-5.906744956970215
0.0,0.0
-10.709044456481934,-5.23832893371582
0.0,0.0
0.0,0.0
0.0,0.0
-5.369321823120117,-4.80145263671875
0.0,0.0
0.0,0.0
0.0,0.0
-10.195357322692871,-1.954379916191101
0.0,0.0
0.0,0.0
0.0,0.0
0.0,0.0
0.0,0.0
0.0,4.356335163116455
0.0,0.0
-9.833839416503906,1.8605608940124512
0.0,0.0
0.0,0.0
0.0,0.0
-9.546191215515137,1.6850467920303345
0.0,0.0
0.0,0.0
0.0,0.0
-3.3974802494049072,3.910623073577881
0.0,0.0
0.0,0.0
0.0,0.0
0.0,0.0
0.0,0.0
-10.336618423461914,5.958798885345459
0.0,0.0
-10.986595153808594,-1.5779132843017578
0.0,0.0
0.0,0.0
0.0,0.0
-1.899999976158142,-1.0
0.0,0.0
0.0,0.0
0.0,0.0
-7.289647102355957,8.040547370910645
0.0,0.0
0.0,0.0
0.0,0.0
0.0,0.0
0.0,0.0
-1.0,-1.0
0.0,0.0
-10.131723403930664,5.148011684417725
0.0,0.0
0.0,0.0
0.0,0.0
-7.195833683013916,3.7890431880950928
0.0,0.0
0.0,0.0
0.0,0.0
0.0,0.0
0.0,0.0
0.0,0.0
0.0,0.0
0.0,0.0
0.0,0.0
0.0,0.0
0.0,0.0
0.0,0.0
0.0,0.0
0.0,0.0
0.0,0.0
0.0,0.0
0.0,0.0
0.0,0.0
0.0,0.0
-17.791946411132812,22.065397262573242
11.111105918884277,-7.887591361999512
0.0,0.0
0.0,0.0
0.0,0.0
0.0,0.0
0.0,0.0
0.0,0.0
-17.797489166259766,21.99182891845703
11.111105918884277,-8.866360664367676
0.0,0.0
0.0,0.0
0.0,0.0
0.0,0.0
0.0,0.0
0.0,0.0
0.0,0.0
0.0,0.0
0.0,0.0
0.0,0.0
0.0,0.0
0.0,0.0
0.0,0.0
0.0,0.0
0.0,0.0
0.0,0.0
0.0,0.0
0.0,0.0
0.0,0.0
0.0,0.0
0.0,0.0
0.0,0.0
-17.476211547851562,22.01378059387207
11.111105918884277,-8.889232635498047
0.0,0.0
0.0,0.0
-6.308512210845947,19.35102653503418
0.0,0.0
0.0,0.0
0.0,0.0
-17.786746978759766,22.20315170288086
11.111044883728027,-8.895184516906738
0.0,0.0
0.0,0.0
-4.6169562339782715,10.821969985961914
0.0,0.0
0.0,0.0
0.0,0.0
0.0,0.0
0.0,0.0
0.0,0.0
0.0,0.0
0.0,0.0
0.0,0.0
0.0,0.0
0.0,0.0
0.0,0.0
0.0,0.0
0.0,0.0
0.0,0.0
0.0,0.0
0.0,0.0
0.0,0.0
0.0,0.0
0.0,0.0
0.0,0.0
0.0,0.0
0.0,0.0
0.0,0.0
0.0,0.0
0.0,0.0
0.0,0.0
0.0,0.0
0.0,0.0
0.0,0.0
0.0,0.0
0.0,0.0
0.0,0.0
0.0,0.0
0.0,0.0
0.0,0.0
0.0,0.0
0.0,0.0
0.0,0.0
0.0,0.0
0.0,0.0
0.0,0.0
0.0,0.0
0.0,0.0
0.0,0.0
0.0,0.0
0.0,0.0
0.0,0.0
0.0,0.0
0.0,0.0
0.0,0.0
0.0,0.0
0.0,0.0
0.0,0.0
0.0,0.0
0.0,0.0
0.0,0.0
0.0,0.0
0.0,0.0
0.0,0.0
0.0,0.0
0.0,0.0
0.0,0.0
0.0,0.0
0.0,0.0
0.0,0.0
0.0,0.0
0.0,0.0
0.0,0.0
0.0,0.0
0.0,0.0
0.0,0.0
0.0,0.0
0.0,0.0
0.0,0.0
0.0,0.0
0.0,0.0
0.0,0.0
0.0,0.0
0.0,0.0
0.0,0.0
0.0,0.0
0.0,0.0
-17.77777099609375,22.222211837768555
11.100764274597168,-7.163032054901123
0.0,0.0
0.0,0.0
0.0,0.0
0.0,0.0
0.0,0.0
0.0,0.0
-17.77777099609375,22.222211837768555
11.111105918884277,-8.650161743164062
0.0,0.0
0.0,0.0
0.0,0.0
0.0,0.0
0.0,0.0
0.0,0.0
0.0,0.0
0.0,0.0
0.0,0.0
0.0,0.0
0.0,0.0
0.0,0.0
0.0,0.0
0.0,0.0
0.0,0.0
0.0,0.0
0.0,0.0
0.0,0.0
0.0,0.0
0.0,0.0
0.0,0.0
0.0,0.0
-17.777759552001953,22.222211837768555
11.111071586608887,-7.97548770904541
0.0,0.0
0.0,0.0
0.0,0.0
0.0,0.0
0.0,0.0
0.0,0.0
-17.777788162231445,22.222204208374023
11.111105918884277,-8.609360694885254
0.0,0.0
0.0,0.0
0.0,0.0
0.0,0.0
0.0,0.0
0.0,0.0
0.0,0.0
0.0,0.0
0.0,0.0
0.0,0.0
0.0,0.0
0.0,0.0
0.0,0.0
0.0,0.0
0.0,0.0
0.0,0.0
0.0,0.0
0.0,0.0
0.0,0.0
0.0,0.0
0.0,0.0
0.0,0.0
0.0,0.0
0.0,0.0
0.0,0.0
0.0,0.0
0.0,0.0
0.0,0.0
0.0,0.0
0.0,0.0
0.0,0.0
0.0,0.0
0.0,0.0
0.0,0.0
0.0,0.0
0.0,0.0
0.0,0.0
0.0,0.0
0.0,0.0
0.0,0.0
0.0,0.0
0.0,0.0
0.0,0.0
0.0,0.0
0.0,0.0
0.0,0.0
0.0,0.0
0.0,0.0
0.0,0.0
0.0,0.0
0.0,0.0
0.0,0.0
0.0,0.0
0.0,0.0
0.0,0.0
0.0,0.0
0.0,0.0
0.0,0.0
0.0,0.0
0.0,0.0
0.0,0.0
0.0,0.0
0.0,0.0
0.0,0.0
0.0,0.0
0.0,0.0
0.0,0.0
0.0,0.0
-16.694316864013672,22.222135543823242
5.886082649230957,0.0
-11.991886138916016,22.18906021118164
1.909999966621399,0.0
0.0,0.0
0.0,0.0
0.0,0.0
0.0,0.0
-17.25505256652832,22.222211837768555
2.738100051879883,-1.88100004196167
-11.186531066894531,21.837127685546875
0.0,0.0
0.0,0.0
0.0,0.0
0.0,0.0
0.0,0.0
-15.466139793395996,22.22216796875
6.356335163116455,-0.9900000095367432
-17.77777099609375,22.222211837768555
11.10777473449707,-6.958825588226318
0.0,0.0
0.0,0.0
0.0,0.0
0.0,0.0
-17.39365005493164,22.222211837768555
4.80145263671875,0.0
-17.787050247192383,22.219236373901367
10.772041320800781,-4.76620626449585
0.0,0.0
0.0,0.0
0.0,0.0
0.0,0.0
-17.31325912475586,22.22219467163086
3.491671085357666,-0.9726189970970154
-14.918435096740723,22.21554946899414
1.909999966621399,0.0
-2.0,0.0
0.0,0.0
0.0,0.0
0.0,0.0
-17.570919036865234,22.222211837768555
2.738100051879883,0.0
-12.706892013549805,21.544082641601562
0.0,0.0
-1.7799999713897705,15.056099891662598
0.0,0.0
0.0,0.0
0.0,0.0
-16.831350326538086,22.222204208374023
3.491671085357666,-0.9900000095367432
-17.7778377532959,22.222211837768555
10.878594398498535,-3.1345744132995605
-2.0,0.0
0.0,0.0
-3.7301666736602783,10.738643646240234
0.0,0.0
-17.424381256103516,22.222211837768555
2.738100051879883,0.0
-17.777814865112305,22.222211837768555
10.899520874023438,-6.268946170806885
-5.178459167480469,12.71267032623291
0.0,0.0
-6.364325523376465,21.60511589050293
0.0,0.0
0.0,0.0
0.0,0.0
0.0,0.0
0.0,0.0
0.0,0.0
0.0,0.0
0.0,0.0
0.0,0.0
0.0,0.0
0.0,0.0
0.0,0.0
0.0,0.0
0.0,0.0
0.0,0.0
0.0,0.0
0.0,0.0
0.0,0.0
0.0,0.0
0.0,0.0
0.0,0.0
0.0,0.0
0.0,0.0
0.0,0.0
0.0,0.0
0.0,0.0
0.0,0.0
0.0,0.0
0.0,0.0
0.0,0.0
0.0,0.0
0.0,0.0
0.0,0.0
0.0,0.0
0.0,0.0
0.0,0.0
0.0,0.0
0.0,0.0
0.0,0.0
0.0,0.0
0.0,0.0
0.0,0.0
0.0,0.0
0.0,0.0
0.0,0.0
0.0,0.0
0.0,0.0
0.0,0.0
0.0,0.0
0.0,0.0
0.0,0.0
0.0,0.0
0.0,0.0
0.0,0.0
0.0,0.0
0.0,0.0
0.0,0.0
0.0,0.0
0.0,0.0
0.0,0.0
0.0,0.0
0.0,0.0
0.0,0.0
0.0,0.0
0.0,0.0
0.0,0.0
0.0,0.0
-2.0,0.0
0.0,0.0
0.0,0.0
0.0,0.0
0.0,0.0
0.0,0.0
-13.592449188232422,21.799041748046875
0.0,0.0
-5.323970794677734,13.568530082702637
0.0,0.0
0.0,0.0
0.0,0.0
0.0,0.0
0.0,0.0
0.0,0.0
0.0,0.0
-17.77777099609375,22.222211837768555
0.0,0.0
0.0,0.0
0.0,0.0
0.0,0.0
0.0,0.0
-13.138248443603516,21.799041748046875
0.0,0.0
-17.77777099609375,22.222211837768555
0.0,0.0
0.0,0.0
0.0,0.0
0.0,0.0
0.0,0.0
0.0,0.0
0.0,0.0
0.0,0.0
0.0,0.0
0.0,0.0
0.0,0.0
0.0,0.0
0.0,0.0
-2.0,8.354841232299805
0.0,0.0
-2.0,0.0
0.0,0.0
0.0,0.0
0.0,0.0
0.0,0.0
0.0,0.0
0.0,0.0
0.0,0.0
0.0,0.0
0.0,0.0
0.0,0.0
0.0,0.0
0.0,0.0
0.0,0.0
-3.799999952316284,3.819999933242798
0.0,0.0
-13.048481941223145,22.119384765625
0.0,0.0
0.0,0.0
0.0,0.0
0.0,0.0
0.0,0.0
0.0,0.0
0.0,0.0
0.0,0.0
0.0,0.0
0.0,0.0
0.0,0.0
0.0,0.0
0.0,0.0
0.0,0.0
0.0,0.0
0.0,0.0
0.0,0.0
0.0,0.0
0.0,0.0
0.0,0.0
0.0,0.0
0.0,0.0
0.0,0.0
0.0,0.0
0.0,0.0
0.0,0.0
0.0,0.0
0.0,0.0
0.0,0.0
0.0,0.0
0.0,0.0
0.0,0.0
0.0,0.0
0.0,0.0
0.0,0.0
0.0,0.0
0.0,0.0
0.0,0.0
0.0,0.0
0.0,0.0
0.0,0.0
0.0,0.0
0.0,0.0
0.0,0.0
0.0,0.0
0.0,0.0
0.0,0.0
0.0,0.0
0.0,0.0
0.0,0.0
0.0,0.0
0.0,0.0
0.0,0.0
0.0,0.0
0.0,0.0
0.0,0.0
0.0,0.0
0.0,0.0
0.0,0.0
0.0,0.0
0.0,0.0
0.0,0.0
0.0,0.0
0.0,0.0
0.0,0.0
0.0,0.0
0.0,0.0
0.0,0.0
0.0,0.0
