-3.222585916519165,8.031804084777832
0.0,0.0
0.0,0.0
0.0,0.0
0.0,0.0
0.0,0.0
0.0,0.0
0.0,0.0
0.0,0.0
0.0,0.0
0.0,0.0
0.0,0.0
0.0,0.0
0.0,0.0
0.0,0.0
0.0,0.0
0.0,0.0
0.0,0.0
8.167633056640625,29.711532592773438
22.085756301879883,-6.313778400421143
0.0,0.0
0.0,0.0
0.0,0.0
0.0,0.0
0.0,0.0
0.0,0.0
6.283886909484863,29.483692169189453
21.711196899414062,-7.711499214172363
0.0,0.0
0.0,0.0
-2.608839988708496,8.65402889251709
0.0,0.0
0.0,0.0
0.0,0.0
0.0,0.0
0.0,0.0
0.0,0.0
0.0,0.0
0.0,0.0
0.0,0.0
0.0,0.0
0.0,0.0
0.0,0.0
0.0,0.0
0.0,0.0
0.0,0.0
0.0,0.0
0.0,0.0
0.0,0.0
0.0,0.0
-8.918301582336426,11.089530944824219
16.822040557861328,-5.137569427490234
0.0,0.0
0.0,0.0
-8.88919448852539,11.111105918884277
0.0,0.0
0.0,0.0
0.0,0.0
-8.8912353515625,11.081966400146484
0.0,0.0
0.0,0.0
0.0,0.0
-8.883106231689453,11.111105918884277
0.0,0.0
0.0,0.0
0.0,0.0
0.0,0.0
0.0,0.0
0.0,0.0
0.0,0.0
0.0,0.0
0.0,0.0
0.0,0.0
0.0,0.0
0.0,0.0
0.0,0.0
0.0,0.0
0.0,0.0
0.0,0.0
0.0,0.0
0.0,0.0
0.0,0.0
-8.891274452209473,10.267349243164062
22.222211837768555,-17.777198791503906
0.0,0.0
0.0,0.0
-8.745453834533691,11.111105918884277
22.20508575439453,-3.4163925647735596
0.0,0.0
0.0,0.0
-8.924385070800781,10.501875877380371
22.222116470336914,-17.77803611755371
0.0,0.0
0.0,0.0
-8.900887489318848,7.355576038360596
22.222211837768555,-17.777667999267578
0.0,0.0
0.0,0.0
0.0,0.0
0.0,0.0
0.0,0.0
0.0,0.0
0.0,0.0
0.0,0.0
0.0,0.0
0.0,0.0
0.0,0.0
0.0,0.0
0.0,0.0
0.0,0.0
0.0,0.0
0.0,0.0
0.0,0.0
0.0,0.0
-8.911969184875488,11.110692977905273
22.222211837768555,-17.768211364746094
0.0,0.0
0.0,0.0
-8.888871192932129,11.111105918884277
22.222211837768555,-17.766788482666016
0.0,0.0
0.0,0.0
-8.899879455566406,11.040264129638672
22.222211837768555,-17.77724838256836
0.0,0.0
0.0,0.0
-8.897300720214844,9.610928535461426
22.222211837768555,-17.74627113342285
0.0,0.0
0.0,0.0
0.0,0.0
0.0,0.0
0.0,0.0
0.0,0.0
0.0,0.0
0.0,0.0
0.0,0.0
0.0,0.0
0.0,0.0
0.0,0.0
0.0,0.0
0.0,0.0
0.0,0.0
0.0,0.0
0.0,0.0
0.0,0.0
0.32833606004714966,19.290306091308594
22.22197151184082,-17.777814865112305
0.0,0.0
0.0,0.0
0.0,0.0
0.0,0.0
0.0,0.0
0.0,0.0
6.8281426429748535,22.948305130004883
22.222211837768555,-17.208829879760742
0.0,0.0
0.0,0.0
-8.14648151397705,11.11109733581543
10.738643646240234,-1.9301666021347046
0.0,0.0
0.0,0.0
0.0,0.0
0.0,0.0
0.0,0.0
0.0,0.0
0.0,0.0
0.0,0.0
0.0,0.0
0.0,0.0
0.0,0.0
0.0,0.0
0.0,0.0
0.0,0.0
0.0,0.0
0.0,0.0
0.0,0.0
0.0,0.0
0.0,0.0
0.0,0.0
0.0,0.0
0.0,0.0
0.0,0.0
0.0,0.0
0.0,0.0
0.0,0.0
0.0,0.0
0.0,0.0
0.0,0.0
0.0,0.0
0.0,0.0
0.0,0.0
0.0,0.0
0.0,0.0
0.0,0.0
0.0,0.0
0.0,0.0
0.0,0.0
0.0,0.0
0.0,0.0
0.0,0.0
0.0,0.0
0.0,0.0
0.0,0.0
0.0,0.0
0.0,0.0
0.0,0.0
0.0,0.0
0.0,0.0
0.0,0.0
-8.912080764770508,10.87862491607666
0.0,0.0
0.0,0.0
0.0,0.0
0.0,0.0
0.0,0.0
0.0,0.0
0.0,0.0
-8.926244735717773,10.737292289733887
22.222034454345703,-17.777809143066406
0.0,0.0
0.0,0.0
-9.172783851623535,9.613204956054688
3.4761998653411865,0.0
0.0,0.0
0.0,0.0
0.0,0.0
0.0,0.0
0.0,0.0
0.0,0.0
0.0,0.0
0.0,0.0
0.0,0.0
0.0,0.0
0.0,0.0
0.0,0.0
0.0,0.0
0.0,0.0
0.0,0.0
0.0,0.0
0.0,0.0
0.0,0.0
-8.891302108764648,11.111099243164062
0.0,0.0
0.0,0.0
0.0,0.0
0.0,0.0
0.0,0.0
0.0,0.0
0.0,0.0
-8.951696395874023,10.35073471069336
22.222211837768555,-17.776575088500977
0.0,0.0
0.0,0.0
-9.156601905822754,7.119271755218506
0.0,0.0
0.0,0.0
0.0,0.0
0.0,0.0
0.0,0.0
0.0,0.0
0.0,0.0
0.0,0.0
0.0,0.0
0.0,0.0
0.0,0.0
0.0,0.0
0.0,0.0
0.0,0.0
0.0,0.0
0.0,0.0
0.0,0.0
0.0,0.0
0.0,0.0
0.0,0.0
0.0,0.0
0.0,0.0
0.0,0.0
0.0,0.0
0.0,0.0
0.0,0.0
0.0,0.0
0.0,0.0
0.0,0.0
0.0,0.0
0.0,0.0
0.0,0.0
0.0,0.0
0.0,0.0
0.0,0.0
0.0,0.0
0.0,0.0
0.0,0.0
0.0,0.0
0.0,0.0
0.0,0.0
0.0,0.0
0.0,0.0
0.0,0.0
0.0,0.0
0.0,0.0
0.0,0.0
0.0,0.0
0.0,0.0
0.0,0.0
0.0,0.0
0.0,0.0
0.0,0.0
0.0,0.0
0.0,0.0
0.0,0.0
0.0,0.0
0.0,0.0
0.0,0.0
0.0,0.0
0.0,0.0
0.0,0.0
0.0,0.0
0.0,0.0
0.0,0.0
-9.921062469482422,1.4274768829345703
22.222211837768555,-5.690923690795898
-9.61951732635498,0.41958197951316833
18.85233497619629,-1.9617999792099
-1.0,0.0
0.0,0.0
-1.909999966621399,1.0140786170959473
0.0,0.0
-9.883683204650879,1.2133482694625854
22.222211837768555,-9.501456260681152
-9.61286449432373,0.7787633538246155
21.477014541625977,2.211355209350586
0.0,0.0
0.0,0.0
-2.5698862075805664,8.502827644348145
0.0,0.0
0.0,0.0
0.0,0.0
-8.678046226501465,6.407973766326904
15.056099891662598,-1.6301788091659546
0.0,0.0
0.0,0.0
-2.690516948699951,3.5233843326568604
0.0,0.0
0.0,0.0
0.0,0.0
-9.346189498901367,5.670147895812988
20.120838165283203,-5.417966842651367
0.0,0.0
0.0,0.0
-5.354219436645508,6.206787586212158
0.0,0.0
-9.932307243347168,-0.5080105066299438
22.222211837768555,-12.129779815673828
-9.624590873718262,2.7684388160705566
19.91132164001465,-5.108758449554443
-9.25766658782959,6.904993534088135
0.0,0.0
-1.899999976158142,4.775745391845703
0.0,0.0
-9.768370628356934,2.4076180458068848
22.222211837768555,6.173460960388184
-9.48072338104248,9.20373821258545
21.40331268310547,-1.4199999570846558
-9.34237003326416,0.3143174946308136
15.056099891662598,-5.206447124481201
-6.054434299468994,2.704070806503296
15.056099891662598,-3.606187343597412
0.0,0.0
0.0,0.0
-4.45147705078125,6.135325908660889
17.75033187866211,-1.1703908443450928
0.0,0.0
0.0,0.0
-1.8578205108642578,7.655325412750244
2.0,0.0
0.0,0.0
0.0,0.0
-7.1763505935668945,6.044562339782715
19.155624389648438,2.2696382999420166
0.0,0.0
0.0,0.0
-7.956164836883545,2.0583088397979736
19.682771682739258,2.508901596069336
0.0,0.0
0.0,0.0
0.0,0.0
0.0,0.0
0.0,0.0
0.0,0.0
0.0,0.0
0.0,0.0
0.0,0.0
0.0,0.0
0.0,0.0
0.0,0.0
0.0,0.0
0.0,0.0
0.0,0.0
0.0,0.0
0.0,0.0
0.0,0.0
0.0,0.0
0.0,0.0
0.0,0.0
0.0,0.0
0.0,0.0
0.0,0.0
0.0,0.0
0.0,0.0
0.0,0.0
0.0,0.0
0.0,0.0
0.0,0.0
0.0,0.0
0.0,0.0
0.0,0.0
0.0,0.0
0.0,0.0
0.0,0.0
0.0,0.0
0.0,0.0
0.0,0.0
0.0,0.0
0.0,0.0
0.0,0.0
0.0,0.0
0.0,0.0
0.0,0.0
0.0,0.0
0.0,0.0
0.0,0.0
0.0,0.0
0.0,0.0
0.0,0.0
0.0,0.0
0.0,0.0
0.0,0.0
0.0,0.0
0.0,0.0
0.0,0.0
0.0,0.0
0.0,0.0
0.0,0.0
0.0,0.0
0.0,0.0
0.0,0.0
0.0,0.0
0.0,0.0
0.0,0.0
-8.948149681091309,-2.0245494842529297
0.0,0.0
0.0,0.0
0.0,0.0
0.0,0.0
0.0,0.0
-10.56702709197998,-5.667544841766357
0.0,0.0
-10.680187225341797,-6.3331804275512695
0.0,0.0
0.0,0.0
0.0,0.0
-8.65402889251709,-8.411020278930664
0.0,0.0
0.0,0.0
0.0,0.0
-10.195734024047852,-1.9577696323394775
0.0,0.0
0.0,0.0
0.0,0.0
0.0,0.0
0.0,0.0
-0.927247166633606,7.2752814292907715
0.0,0.0
-9.862639427185059,1.3744466304779053
0.0,0.0
0.0,0.0
0.0,0.0
-9.970830917358398,1.4507168531417847
0.0,0.0
0.0,0.0
0.0,0.0
-3.3974802494049072,0.2372008115053177
0.0,0.0
0.0,0.0
0.0,0.0
0.0,0.0
0.0,0.0
-10.537467002868652,-7.6615986824035645
0.0,0.0
-10.652447700500488,-2.9735233783721924
0.0,0.0
0.0,0.0
0.0,0.0
-4.169885158538818,-4.177420616149902
0.0,0.0
0.0,0.0
0.0,0.0
-8.249055862426758,0.6033214330673218
0.0,0.0
0.0,0.0
0.0,0.0
0.0,0.0
0.0,0.0
-1.909999966621399,-0.015470999293029308
0.0,0.0
-9.937984466552734,0.06588307023048401
0.0,0.0
0.0,0.0
0.0,0.0
-9.252715110778809,0.9529024362564087
0.0,0.0
0.0,0.0
0.0,0.0
0.0,0.0
0.0,0.0
0.0,0.0
0.0,0.0
0.0,0.0
0.0,0.0
0.0,0.0
0.0,0.0
0.0,0.0
0.0,0.0
0.0,0.0
0.0,0.0
0.0,0.0
0.0,0.0
0.0,0.0
0.0,0.0
-17.73505210876465,22.08171272277832
11.111104965209961,-8.889079093933105
0.0,0.0
0.0,0.0
0.0,0.0
0.0,0.0
0.0,0.0
0.0,0.0
-17.70177459716797,22.054250717163086
10.295961380004883,-8.897793769836426
0.0,0.0
0.0,0.0
0.0,0.0
0.0,0.0
0.0,0.0
0.0,0.0
0.0,0.0
0.0,0.0
0.0,0.0
0.0,0.0
0.0,0.0
0.0,0.0
0.0,0.0
0.0,0.0
0.0,0.0
0.0,0.0
0.0,0.0
0.0,0.0
0.0,0.0
0.0,0.0
0.0,0.0
0.0,0.0
-17.8007755279541,22.04324722290039
11.111105918884277,-8.885512351989746
0.0,0.0
0.0,0.0
-10.406445503234863,19.52878189086914
0.0,0.0
0.0,0.0
0.0,0.0
-16.68943977355957,22.050487518310547
11.111083030700684,-8.886301040649414
0.0,0.0
0.0,0.0
-9.449928283691406,14.028474807739258
0.0,0.0
0.0,0.0
0.0,0.0
0.0,0.0
0.0,0.0
0.0,0.0
0.0,0.0
0.0,0.0
0.0,0.0
0.0,0.0
0.0,0.0
0.0,0.0
0.0,0.0
0.0,0.0
0.0,0.0
0.0,0.0
0.0,0.0
0.0,0.0
0.0,0.0
0.0,0.0
0.0,0.0
0.0,0.0
0.0,0.0
0.0,0.0
0.0,0.0
0.0,0.0
0.0,0.0
0.0,0.0
0.0,0.0
0.0,0.0
0.0,0.0
0.0,0.0
0.0,0.0
0.0,0.0
0.0,0.0
0.0,0.0
0.0,0.0
0.0,0.0
0.0,0.0
0.0,0.0
0.0,0.0
0.0,0.0
0.0,0.0
0.0,0.0
0.0,0.0
0.0,0.0
0.0,0.0
0.0,0.0
0.0,0.0
0.0,0.0
0.0,0.0
0.0,0.0
0.0,0.0
0.0,0.0
0.0,0.0
0.0,0.0
0.0,0.0
0.0,0.0
0.0,0.0
0.0,0.0
0.0,0.0
0.0,0.0
0.0,0.0
0.0,0.0
0.0,0.0
0.0,0.0
0.0,0.0
0.0,0.0
0.0,0.0
0.0,0.0
0.0,0.0
0.0,0.0
0.0,0.0
0.0,0.0
0.0,0.0
0.0,0.0
0.0,0.0
0.0,0.0
0.0,0.0
0.0,0.0
0.0,0.0
0.0,0.0
0.0,0.0
-17.77777099609375,22.222211837768555
11.111105918884277,-8.450236320495605
0.0,0.0
0.0,0.0
0.0,0.0
0.0,0.0
0.0,0.0
0.0,0.0
-17.77777099609375,22.222211837768555
11.111105918884277,-8.83427619934082
0.0,0.0
0.0,0.0
0.0,0.0
0.0,0.0
0.0,0.0
0.0,0.0
0.0,0.0
0.0,0.0
0.0,0.0
0.0,0.0
0.0,0.0
0.0,0.0
0.0,0.0
0.0,0.0
0.0,0.0
0.0,0.0
0.0,0.0
0.0,0.0
0.0,0.0
0.0,0.0
0.0,0.0
0.0,0.0
-17.77777099609375,22.222211837768555
11.111105918884277,-8.679931640625
0.0,0.0
0.0,0.0
0.0,0.0
0.0,0.0
0.0,0.0
0.0,0.0
-17.777788162231445,22.222204208374023
11.111105918884277,-8.86136245727539
0.0,0.0
0.0,0.0
0.0,0.0
0.0,0.0
0.0,0.0
0.0,0.0
0.0,0.0
0.0,0.0
0.0,0.0
0.0,0.0
0.0,0.0
0.0,0.0
0.0,0.0
0.0,0.0
0.0,0.0
0.0,0.0
0.0,0.0
0.0,0.0
0.0,0.0
0.0,0.0
0.0,0.0
0.0,0.0
0.0,0.0
0.0,0.0
0.0,0.0
0.0,0.0
0.0,0.0
0.0,0.0
0.0,0.0
0.0,0.0
0.0,0.0
0.0,0.0
0.0,0.0
0.0,0.0
0.0,0.0
0.0,0.0
0.0,0.0
0.0,0.0
0.0,0.0
0.0,0.0
0.0,0.0
0.0,0.0
0.0,0.0
0.0,0.0
0.0,0.0
0.0,0.0
0.0,0.0
0.0,0.0
0.0,0.0
0.0,0.0
0.0,0.0
0.0,0.0
0.0,0.0
0.0,0.0
0.0,0.0
0.0,0.0
0.0,0.0
0.0,0.0
0.0,0.0
0.0,0.0
0.0,0.0
0.0,0.0
0.0,0.0
0.0,0.0
0.0,0.0
0.0,0.0
0.0,0.0
0.0,0.0
-17.65922737121582,22.222211837768555
7.528049945831299,0.0
-15.28725814819336,22.222211837768555
3.491671085357666,0.0
0.0,0.0
0.0,0.0
0.0,0.0
0.0,0.0
-17.77082633972168,22.222211837768555
6.356335163116455,-2.651125907897949
-15.922649383544922,22.217195510864258
0.0,0.0
0.0,0.0
0.0,0.0
0.0,0.0
0.0,0.0
-17.55013656616211,22.222211837768555
7.528049945831299,-1.819263219833374
-17.77777099609375,22.222211837768555
11.111059188842773,-7.622627258300781
0.0,0.0
0.0,0.0
0.0,0.0
0.0,0.0
-17.77147102355957,22.222211837768555
7.528049945831299,-1.7932236194610596
-17.777788162231445,22.222209930419922
11.11098861694336,-7.8432135581970215
0.0,0.0
0.0,0.0
0.0,0.0
0.0,0.0
-17.691701889038086,22.222211837768555
5.369321823120117,-0.9726189970970154
-17.247955322265625,22.222211837768555
2.738100051879883,0.0
-2.0,14.347362518310547
0.0,0.0
0.0,0.0
0.0,0.0
-17.773942947387695,22.222211837768555
4.80145263671875,-1.8404403924942017
-13.21451187133789,22.22007179260254
0.0,0.0
-1.7799999713897705,17.75033187866211
0.0,0.0
0.0,0.0
0.0,0.0
-17.670028686523438,22.22191047668457
7.528049945831299,-0.9900000095367432
-17.777902603149414,22.222204208374023
11.004833221435547,-3.713627576828003
-3.6643147468566895,14.347362518310547
0.0,0.0
-7.660523414611816,21.660655975341797
0.0,0.0
-17.7772274017334,22.222211837768555
5.886082649230957,0.0
-17.790163040161133,22.221948623657227
11.108348846435547,-7.639450550079346
-6.4977335929870605,18.152801513671875
0.0,0.0
-10.294745445251465,22.20508575439453
0.0,0.0
0.0,0.0
0.0,0.0
0.0,0.0
0.0,0.0
0.0,0.0
0.0,0.0
0.0,0.0
0.0,0.0
0.0,0.0
0.0,0.0
0.0,0.0
0.0,0.0
0.0,0.0
0.0,0.0
0.0,0.0
0.0,0.0
0.0,0.0
0.0,0.0
0.0,0.0
0.0,0.0
0.0,0.0
0.0,0.0
0.0,0.0
0.0,0.0
0.0,0.0
0.0,0.0
0.0,0.0
0.0,0.0
0.0,0.0
0.0,0.0
0.0,0.0
0.0,0.0
0.0,0.0
0.0,0.0
0.0,0.0
0.0,0.0
0.0,0.0
0.0,0.0
0.0,0.0
0.0,0.0
0.0,0.0
0.0,0.0
0.0,0.0
0.0,0.0
0.0,0.0
0.0,0.0
0.0,0.0
0.0,0.0
0.0,0.0
0.0,0.0
0.0,0.0
0.0,0.0
0.0,0.0
0.0,0.0
0.0,0.0
0.0,0.0
0.0,0.0
0.0,0.0
0.0,0.0
0.0,0.0
0.0,0.0
0.0,0.0
0.0,0.0
0.0,0.0
0.0,0.0
0.0,0.0
-2.0,6.983342170715332
0.0,0.0
0.0,0.0
0.0,0.0
0.0,0.0
0.0,0.0
-16.599699020385742,22.22174835205078
0.0,0.0
-7.812796592712402,20.7801456451416
0.0,0.0
0.0,0.0
0.0,0.0
0.0,0.0
0.0,0.0
0.0,0.0
0.0,0.0
-17.77777099609375,22.222211837768555
0.0,0.0
0.0,0.0
0.0,0.0
0.0,0.0
0.0,0.0
-15.044427871704102,22.221384048461914
0.0,0.0
-17.77777099609375,22.222211837768555
0.0,0.0
0.0,0.0
0.0,0.0
0.0,0.0
0.0,0.0
0.0,0.0
0.0,0.0
0.0,0.0
0.0,0.0
0.0,0.0
0.0,0.0
0.0,0.0
0.0,0.0
-5.116274833679199,16.822040557861328
0.0,0.0
-2.0,2.0
0.0,0.0
0.0,0.0
0.0,0.0
0.0,0.0
0.0,0.0
0.0,0.0
0.0,0.0
-2.0,0.0
0.0,0.0
0.0,0.0
0.0,0.0
0.0,0.0
0.0,0.0
-3.799999952316284,16.28795623779297
0.0,0.0
-15.516518592834473,22.221952438354492
0.0,0.0
0.0,0.0
0.0,0.0
0.0,0.0
0.0,0.0
0.0,0.0
0.0,0.0
0.0,0.0
0.0,0.0
0.0,0.0
0.0,0.0
0.0,0.0
0.0,0.0
0.0,0.0
0.0,0.0
0.0,0.0
0.0,0.0
0.0,0.0
0.0,0.0
0.0,0.0
0.0,0.0
0.0,0.0
0.0,0.0
0.0,0.0
0.0,0.0
0.0,0.0
0.0,0.0
0.0,0.0
0.0,0.0
0.0,0.0
0.0,0.0
0.0,0.0
0.0,0.0
0.0,0.0
0.0,0.0
0.0,0.0
0.0,0.0
0.0,0.0
0.0,0.0
0.0,0.0
0.0,0.0
0.0,0.0
0.0,0.0
0.0,0.0
0.0,0.0
0.0,0.0
0.0,0.0
0.0,0.0
0.0,0.0
0.0,0.0
0.0,0.0
0.0,0.0
0.0,0.0
0.0,0.0
0.0,0.0
0.0,0.0
0.0,0.0
0.0,0.0
0.0,0.0
0.0,0.0
0.0,0.0
0.0,0.0
0.0,0.0
0.0,0.0
0.0,0.0
0.0,0.0
0.0,0.0
0.0,0.0
0.0,0.0
