-6.6618170738220215,7.364990711212158
0.0,0.0
0.0,0.0
0.0,0.0
0.0,0.0
0.0,0.0
0.0,0.0
0.0,0.0
0.0,0.0
0.0,0.0
0.0,0.0
0.0,0.0
0.0,0.0
0.0,0.0
0.0,0.0
0.0,0.0
0.0,0.0
0.0,0.0
8.800177574157715,29.711532592773438
22.213367462158203,-7.460285186767578
0.0,0.0
0.0,0.0
0.0,0.0
0.0,0.0
0.0,0.0
0.0,0.0
7.461601257324219,29.483692169189453
22.220439910888672,-11.177833557128906
0.0,0.0
0.0,0.0
-3.823772430419922,10.802557945251465
0.0,0.0
0.0,0.0
0.0,0.0
0.0,0.0
0.0,0.0
0.0,0.0
0.0,0.0
0.0,0.0
0.0,0.0
0.0,0.0
0.0,0.0
0.0,0.0
0.0,0.0
0.0,0.0
0.0,0.0
0.0,0.0
0.0,0.0
0.0,0.0
0.0,0.0
-8.889968872070312,11.086947441101074
16.822040557861328,-5.137569427490234
0.0,0.0
0.0,0.0
-8.888985633850098,11.111105918884277
0.0,0.0
0.0,0.0
0.0,0.0
-8.890474319458008,11.108342170715332
11.772165298461914,-1.9301666021347046
0.0,0.0
0.0,0.0
-8.886038780212402,11.111105918884277
0.0,0.0
0.0,0.0
0.0,0.0
0.0,0.0
0.0,0.0
0.0,0.0
0.0,0.0
0.0,0.0
0.0,0.0
0.0,0.0
0.0,0.0
0.0,0.0
0.0,0.0
0.0,0.0
0.0,0.0
0.0,0.0
0.0,0.0
0.0,0.0
0.0,0.0
-8.900806427001953,11.110920906066895
22.222211837768555,-17.777755737304688
0.0,0.0
0.0,0.0
-8.772706031799316,11.111105918884277
22.218774795532227,-6.145223617553711
0.0,0.0
0.0,0.0
-8.898259162902832,10.908239364624023
22.215179443359375,-17.779312133789062
0.0,0.0
0.0,0.0
-8.974076271057129,10.724522590637207
22.222211837768555,-17.77777099609375
0.0,0.0
0.0,0.0
0.0,0.0
0.0,0.0
0.0,0.0
0.0,0.0
0.0,0.0
0.0,0.0
0.0,0.0
0.0,0.0
0.0,0.0
0.0,0.0
0.0,0.0
0.0,0.0
0.0,0.0
0.0,0.0
0.0,0.0
0.0,0.0
-8.895853996276855,11.106749534606934
22.222211837768555,-17.776838302612305
0.0,0.0
0.0,0.0
-8.888885498046875,11.111105918884277
22.222211837768555,-17.77394676208496
0.0,0.0
0.0,0.0
-8.899011611938477,10.941147804260254
22.222211837768555,-17.777759552001953
0.0,0.0
0.0,0.0
-8.889819145202637,11.111104965209961
22.222211837768555,-16.757585525512695
0.0,0.0
0.0,0.0
0.0,0.0
0.0,0.0
0.0,0.0
0.0,0.0
0.0,0.0
0.0,0.0
0.0,0.0
0.0,0.0
0.0,0.0
0.0,0.0
0.0,0.0
0.0,0.0
0.0,0.0
0.0,0.0
0.0,0.0
0.0,0.0
0.3283417522907257,19.290306091308594
22.20001792907715,-17.779905319213867
0.0,0.0
0.0,0.0
0.0,0.0
0.0,0.0
0.0,0.0
0.0,0.0
10.96426773071289,22.948305130004883
22.222211837768555,-17.557357788085938
0.0,0.0
0.0,0.0
-8.347673416137695,11.111105918884277
10.738643646240234,-1.9301666021347046
0.0,0.0
0.0,0.0
0.0,0.0
0.0,0.0
0.0,0.0
0.0,0.0
0.0,0.0
0.0,0.0
0.0,0.0
0.0,0.0
0.0,0.0
0.0,0.0
0.0,0.0
0.0,0.0
0.0,0.0
0.0,0.0
0.0,0.0
0.0,0.0
0.0,0.0
0.0,0.0
0.0,0.0
0.0,0.0
0.0,0.0
0.0,0.0
0.0,0.0
0.0,0.0
0.0,0.0
0.0,0.0
0.0,0.0
0.0,0.0
0.0,0.0
0.0,0.0
0.0,0.0
0.0,0.0
0.0,0.0
0.0,0.0
0.0,0.0
0.0,0.0
0.0,0.0
0.0,0.0
0.0,0.0
0.0,0.0
0.0,0.0
0.0,0.0
0.0,0.0
0.0,0.0
0.0,0.0
0.0,0.0
0.0,0.0
0.0,0.0
-8.912080764770508,10.87862491607666
0.0,0.0
0.0,0.0
0.0,0.0
0.0,0.0
0.0,0.0
0.0,0.0
0.0,0.0
-8.926284790039062,10.73688793182373
22.222034454345703,-17.777809143066406
0.0,0.0
0.0,0.0
-9.160587310791016,8.902419090270996
3.4761998653411865,0.0
0.0,0.0
0.0,0.0
0.0,0.0
0.0,0.0
0.0,0.0
0.0,0.0
0.0,0.0
0.0,0.0
0.0,0.0
0.0,0.0
0.0,0.0
0.0,0.0
0.0,0.0
0.0,0.0
0.0,0.0
0.0,0.0
0.0,0.0
0.0,0.0
-8.901252746582031,11.111032485961914
0.0,0.0
0.0,0.0
0.0,0.0
0.0,0.0
0.0,0.0
0.0,0.0
0.0,0.0
-8.933188438415527,10.74267864227295
22.222211837768555,-17.777555465698242
0.0,0.0
0.0,0.0
-9.166110038757324,9.052114486694336
0.0,0.0
0.0,0.0
0.0,0.0
0.0,0.0
0.0,0.0
0.0,0.0
0.0,0.0
0.0,0.0
0.0,0.0
0.0,0.0
0.0,0.0
0.0,0.0
0.0,0.0
0.0,0.0
0.0,0.0
0.0,0.0
0.0,0.0
0.0,0.0
0.0,0.0
0.0,0.0
0.0,0.0
0.0,0.0
0.0,0.0
0.0,0.0
0.0,0.0
0.0,0.0
0.0,0.0
0.0,0.0
0.0,0.0
0.0,0.0
0.0,0.0
0.0,0.0
0.0,0.0
0.0,0.0
0.0,0.0
0.0,0.0
0.0,0.0
0.0,0.0
0.0,0.0
0.0,0.0
0.0,0.0
0.0,0.0
0.0,0.0
0.0,0.0
0.0,0.0
0.0,0.0
0.0,0.0
0.0,0.0
0.0,0.0
0.0,0.0
0.0,0.0
0.0,0.0
0.0,0.0
0.0,0.0
0.0,0.0
0.0,0.0
0.0,0.0
0.0,0.0
0.0,0.0
0.0,0.0
0.0,0.0
0.0,0.0
0.0,0.0
0.0,0.0
0.0,0.0
-9.956628799438477,0.56012362241745
22.222211837768555,-4.4162116050720215
-9.462943077087402,8.449448585510254
20.308565139770508,-1.9617999792099
-1.0,0.0
0.0,0.0
-1.909999966621399,0.8599330186843872
0.0,0.0
-9.873905181884766,1.2604113817214966
22.222211837768555,-6.838409423828125
-9.638188362121582,-1.1628918647766113
21.932025909423828,2.211355209350586
0.0,0.0
0.0,0.0
-2.5698862075805664,6.466605186462402
0.0,0.0
0.0,0.0
0.0,0.0
-9.116464614868164,3.2224161624908447
17.30805778503418,-3.310150384902954
0.0,0.0
0.0,0.0
-2.690516948699951,6.802274227142334
0.0,0.0
0.0,0.0
0.0,0.0
-9.376757621765137,7.22760009765625
21.544578552246094,-5.417966842651367
0.0,0.0
0.0,0.0
-5.354219436645508,0.9730160236358643
0.0,0.0
-9.87857437133789,0.7895163297653198
22.222211837768555,-7.526691913604736
-9.606929779052734,4.342418670654297
21.32232093811035,-5.108758449554443
-9.452540397644043,9.833747863769531
0.0,0.0
-1.899999976158142,7.157639026641846
0.0,0.0
-9.775447845458984,2.2273104190826416
22.222211837768555,-6.776709079742432
-9.472942352294922,2.4569506645202637
21.799041748046875,-4.536813259124756
-9.386330604553223,6.79686164855957
17.75033187866211,-6.522922992706299
-6.421950340270996,2.979566812515259
17.30805778503418,-3.606187343597412
0.0,0.0
0.0,0.0
-4.45147705078125,8.03915023803711
20.308565139770508,-1.1703908443450928
0.0,0.0
0.0,0.0
-1.8578205108642578,9.325296401977539
2.0,0.0
0.0,0.0
0.0,0.0
-7.398270130157471,6.3308868408203125
20.11930274963379,0.23699064552783966
0.0,0.0
0.0,0.0
-8.225196838378906,2.417053699493408
20.637523651123047,4.457124710083008
0.0,0.0
0.0,0.0
0.0,0.0
0.0,0.0
0.0,0.0
0.0,0.0
0.0,0.0
0.0,0.0
0.0,0.0
0.0,0.0
0.0,0.0
0.0,0.0
0.0,0.0
0.0,0.0
0.0,0.0
0.0,0.0
0.0,0.0
0.0,0.0
0.0,0.0
0.0,0.0
0.0,0.0
0.0,0.0
0.0,0.0
0.0,0.0
0.0,0.0
0.0,0.0
0.0,0.0
0.0,0.0
0.0,0.0
0.0,0.0
0.0,0.0
0.0,0.0
0.0,0.0
0.0,0.0
0.0,0.0
0.0,0.0
0.0,0.0
0.0,0.0
0.0,0.0
0.0,0.0
0.0,0.0
0.0,0.0
0.0,0.0
0.0,0.0
0.0,0.0
0.0,0.0
0.0,0.0
0.0,0.0
0.0,0.0
0.0,0.0
0.0,0.0
0.0,0.0
0.0,0.0
0.0,0.0
0.0,0.0
0.0,0.0
0.0,0.0
0.0,0.0
0.0,0.0
0.0,0.0
0.0,0.0
0.0,0.0
0.0,0.0
0.0,0.0
0.0,0.0
0.0,0.0
-9.489633560180664,-5.217979907989502
0.0,0.0
0.0,0.0
0.0,0.0
0.0,0.0
0.0,0.0
-10.567166328430176,-5.671543121337891
0.0,0.0
-10.647404670715332,-6.547152519226074
0.0,0.0
0.0,0.0
0.0,0.0
-9.577812194824219,-9.426167488098145
0.0,0.0
0.0,0.0
0.0,0.0
-10.195734024047852,-1.9577696323394775
0.0,0.0
0.0,0.0
0.0,0.0
0.0,0.0
0.0,0.0
-1.7551758289337158,7.934660911560059
0.0,0.0
-9.862777709960938,1.3720754384994507
0.0,0.0
0.0,0.0
0.0,0.0
-9.995927810668945,-3.9644317626953125
0.0,0.0
0.0,0.0
0.0,0.0
-4.028436660766602,2.929563045501709
0.0,0.0
0.0,0.0
0.0,0.0
0.0,0.0
0.0,0.0
-10.67784595489502,-6.309982776641846
0.0,0.0
-10.904399871826172,-6.068265914916992
0.0,0.0
0.0,0.0
0.0,0.0
-4.794595718383789,-4.80145263671875
0.0,0.0
0.0,0.0
0.0,0.0
-8.401528358459473,3.0585906505584717
0.0,0.0
0.0,0.0
0.0,0.0
0.0,0.0
0.0,0.0
-1.909999966621399,1.9739197492599487
0.0,0.0
-10.11396598815918,0.9285356998443604
0.0,0.0
0.0,0.0
0.0,0.0
-9.252715110778809,3.024611711502075
0.0,0.0
0.0,0.0
0.0,0.0
0.0,0.0
0.0,0.0
0.0,0.0
0.0,0.0
0.0,0.0
0.0,0.0
0.0,0.0
0.0,0.0
0.0,0.0
0.0,0.0
0.0,0.0
0.0,0.0
0.0,0.0
0.0,0.0
0.0,0.0
0.0,0.0
-17.468822479248047,22.079208374023438
11.111071586608887,-8.88991641998291
0.0,0.0
0.0,0.0
0.0,0.0
0.0,0.0
0.0,0.0
0.0,0.0
-17.755455017089844,22.05280303955078
11.111102104187012,-8.894427299499512
0.0,0.0
0.0,0.0
0.0,0.0
0.0,0.0
0.0,0.0
0.0,0.0
0.0,0.0
0.0,0.0
0.0,0.0
0.0,0.0
0.0,0.0
0.0,0.0
0.0,0.0
0.0,0.0
0.0,0.0
0.0,0.0
0.0,0.0
0.0,0.0
0.0,0.0
0.0,0.0
0.0,0.0
0.0,0.0
-16.667665481567383,21.915464401245117
11.111104965209961,-8.889097213745117
0.0,0.0
0.0,0.0
-10.406445503234863,16.075151443481445
0.0,0.0
0.0,0.0
0.0,0.0
-17.78216552734375,21.9392147064209
10.360981941223145,-8.893178939819336
0.0,0.0
0.0,0.0
-10.377861976623535,16.284608840942383
0.0,0.0
0.0,0.0
0.0,0.0
0.0,0.0
0.0,0.0
0.0,0.0
0.0,0.0
0.0,0.0
0.0,0.0
0.0,0.0
0.0,0.0
0.0,0.0
0.0,0.0
0.0,0.0
0.0,0.0
0.0,0.0
0.0,0.0
0.0,0.0
0.0,0.0
0.0,0.0
0.0,0.0
0.0,0.0
0.0,0.0
0.0,0.0
0.0,0.0
0.0,0.0
0.0,0.0
0.0,0.0
0.0,0.0
0.0,0.0
0.0,0.0
0.0,0.0
0.0,0.0
0.0,0.0
0.0,0.0
0.0,0.0
0.0,0.0
0.0,0.0
0.0,0.0
0.0,0.0
0.0,0.0
0.0,0.0
0.0,0.0
0.0,0.0
0.0,0.0
0.0,0.0
0.0,0.0
0.0,0.0
0.0,0.0
0.0,0.0
0.0,0.0
0.0,0.0
0.0,0.0
0.0,0.0
0.0,0.0
0.0,0.0
0.0,0.0
0.0,0.0
0.0,0.0
0.0,0.0
0.0,0.0
0.0,0.0
0.0,0.0
0.0,0.0
0.0,0.0
0.0,0.0
0.0,0.0
0.0,0.0
0.0,0.0
0.0,0.0
0.0,0.0
0.0,0.0
0.0,0.0
0.0,0.0
0.0,0.0
0.0,0.0
0.0,0.0
0.0,0.0
0.0,0.0
0.0,0.0
0.0,0.0
0.0,0.0
0.0,0.0
-17.77777099609375,22.222211837768555
11.111105918884277,-8.601089477539062
0.0,0.0
0.0,0.0
0.0,0.0
0.0,0.0
0.0,0.0
0.0,0.0
-17.77777099609375,22.222211837768555
11.111105918884277,-8.862768173217773
0.0,0.0
0.0,0.0
0.0,0.0
0.0,0.0
0.0,0.0
0.0,0.0
0.0,0.0
0.0,0.0
0.0,0.0
0.0,0.0
0.0,0.0
0.0,0.0
0.0,0.0
0.0,0.0
0.0,0.0
0.0,0.0
0.0,0.0
0.0,0.0
0.0,0.0
0.0,0.0
0.0,0.0
0.0,0.0
-17.77777099609375,22.222211837768555
11.111105918884277,-8.751792907714844
0.0,0.0
0.0,0.0
0.0,0.0
0.0,0.0
0.0,0.0
0.0,0.0
-17.777788162231445,22.222204208374023
11.111105918884277,-8.877039909362793
0.0,0.0
0.0,0.0
0.0,0.0
0.0,0.0
0.0,0.0
0.0,0.0
0.0,0.0
0.0,0.0
0.0,0.0
0.0,0.0
0.0,0.0
0.0,0.0
0.0,0.0
0.0,0.0
0.0,0.0
0.0,0.0
0.0,0.0
0.0,0.0
0.0,0.0
0.0,0.0
0.0,0.0
0.0,0.0
0.0,0.0
0.0,0.0
0.0,0.0
0.0,0.0
0.0,0.0
0.0,0.0
0.0,0.0
0.0,0.0
0.0,0.0
0.0,0.0
0.0,0.0
0.0,0.0
0.0,0.0
0.0,0.0
0.0,0.0
0.0,0.0
0.0,0.0
0.0,0.0
0.0,0.0
0.0,0.0
0.0,0.0
0.0,0.0
0.0,0.0
0.0,0.0
0.0,0.0
0.0,0.0
0.0,0.0
0.0,0.0
0.0,0.0
0.0,0.0
0.0,0.0
0.0,0.0
0.0,0.0
0.0,0.0
0.0,0.0
0.0,0.0
0.0,0.0
0.0,0.0
0.0,0.0
0.0,0.0
0.0,0.0
0.0,0.0
0.0,0.0
0.0,0.0
0.0,0.0
0.0,0.0
-17.691356658935547,22.222211837768555
7.528049945831299,0.0
-15.962189674377441,22.222211837768555
4.177420616149902,-0.9582257866859436
0.0,0.0
0.0,0.0
0.0,0.0
0.0,0.0
-17.7747859954834,22.222211837768555
7.850525379180908,-2.651125907897949
-16.275148391723633,22.222070693969727
0.0,0.0
0.0,0.0
0.0,0.0
0.0,0.0
0.0,0.0
-17.656801223754883,22.222211837768555
7.850525379180908,-1.819263219833374
-17.77777099609375,22.222211837768555
11.111101150512695,-7.749253749847412
0.0,0.0
0.0,0.0
0.0,0.0
0.0,0.0
-17.77557945251465,22.222211837768555
8.65402889251709,-2.535396099090576
-17.777788162231445,22.222209930419922
11.111101150512695,-8.202821731567383
0.0,0.0
0.0,0.0
0.0,0.0
0.0,0.0
-17.736608505249023,22.222211837768555
6.784265041351318,-1.8216638565063477
-17.464921951293945,22.222211837768555
4.80145263671875,0.0
-3.64298939704895,16.28795623779297
0.0,0.0
0.0,0.0
0.0,0.0
-17.78842544555664,22.187564849853516
4.80145263671875,-1.8404403924942017
-14.081548690795898,22.2221622467041
0.0,0.0
-1.7799999713897705,19.682771682739258
0.0,0.0
0.0,0.0
0.0,0.0
-17.707082748413086,22.222211837768555
8.875165939331055,-0.9900000095367432
-17.778234481811523,22.222204208374023
11.10996150970459,-4.231882572174072
-3.6643147468566895,17.30805778503418
0.0,0.0
-7.660523414611816,22.137062072753906
0.0,0.0
-17.777585983276367,22.222211837768555
5.886082649230957,0.0
-17.77919578552246,22.222204208374023
11.109683990478516,-7.639450550079346
-7.6664323806762695,19.91132164001465
0.0,0.0
-11.043166160583496,21.685279846191406
0.0,0.0
0.0,0.0
0.0,0.0
0.0,0.0
0.0,0.0
0.0,0.0
0.0,0.0
0.0,0.0
0.0,0.0
0.0,0.0
0.0,0.0
0.0,0.0
0.0,0.0
0.0,0.0
0.0,0.0
0.0,0.0
0.0,0.0
0.0,0.0
0.0,0.0
0.0,0.0
0.0,0.0
0.0,0.0
0.0,0.0
0.0,0.0
0.0,0.0
0.0,0.0
0.0,0.0
0.0,0.0
0.0,0.0
0.0,0.0
0.0,0.0
0.0,0.0
0.0,0.0
0.0,0.0
0.0,0.0
0.0,0.0
0.0,0.0
0.0,0.0
0.0,0.0
0.0,0.0
0.0,0.0
0.0,0.0
0.0,0.0
0.0,0.0
0.0,0.0
0.0,0.0
0.0,0.0
0.0,0.0
0.0,0.0
0.0,0.0
0.0,0.0
0.0,0.0
0.0,0.0
0.0,0.0
0.0,0.0
0.0,0.0
0.0,0.0
0.0,0.0
0.0,0.0
0.0,0.0
0.0,0.0
0.0,0.0
0.0,0.0
0.0,0.0
0.0,0.0
0.0,0.0
0.0,0.0
-2.0,10.738643646240234
0.0,0.0
0.0,0.0
0.0,0.0
0.0,0.0
0.0,0.0
-16.82353401184082,22.222211837768555
0.0,0.0
-8.815465927124023,21.932025909423828
0.0,0.0
0.0,0.0
0.0,0.0
0.0,0.0
0.0,0.0
0.0,0.0
0.0,0.0
-17.77777099609375,22.222211837768555
0.0,0.0
0.0,0.0
0.0,0.0
0.0,0.0
0.0,0.0
-15.785174369812012,22.222192764282227
0.0,0.0
-17.77777099609375,22.222211837768555
0.0,0.0
0.0,0.0
0.0,0.0
0.0,0.0
0.0,0.0
0.0,0.0
0.0,0.0
0.0,0.0
0.0,0.0
0.0,0.0
0.0,0.0
0.0,0.0
0.0,0.0
-5.116274833679199,19.155624389648438
0.0,0.0
-2.0,2.0
0.0,0.0
0.0,0.0
0.0,0.0
0.0,0.0
0.0,0.0
0.0,0.0
0.0,0.0
-2.0,3.819999933242798
0.0,0.0
0.0,0.0
0.0,0.0
0.0,0.0
0.0,0.0
-3.799999952316284,20.308565139770508
0.0,0.0
-15.742644309997559,22.222211837768555
0.0,0.0
0.0,0.0
0.0,0.0
0.0,0.0
0.0,0.0
0.0,0.0
0.0,0.0
0.0,0.0
0.0,0.0
0.0,0.0
0.0,0.0
0.0,0.0
0.0,0.0
0.0,0.0
0.0,0.0
0.0,0.0
0.0,0.0
0.0,0.0
0.0,0.0
0.0,0.0
0.0,0.0
0.0,0.0
0.0,0.0
0.0,0.0
0.0,0.0
0.0,0.0
0.0,0.0
0.0,0.0
0.0,0.0
0.0,0.0
0.0,0.0
0.0,0.0
0.0,0.0
0.0,0.0
0.0,0.0
0.0,0.0
0.0,0.0
0.0,0.0
0.0,0.0
0.0,0.0
0.0,0.0
0.0,0.0
0.0,0.0
0.0,0.0
0.0,0.0
0.0,0.0
0.0,0.0
0.0,0.0
0.0,0.0
0.0,0.0
0.0,0.0
0.0,0.0
0.0,0.0
0.0,0.0
0.0,0.0
0.0,0.0
0.0,0.0
0.0,0.0
0.0,0.0
0.0,0.0
0.0,0.0
0.0,0.0
0.0,0.0
0.0,0.0
0.0,0.0
0.0,0.0
0.0,0.0
0.0,0.0
0.0,0.0
