-9.71580696105957,6.884045124053955
0.0,0.0
0.0,0.0
0.0,0.0
0.0,0.0
0.0,0.0
0.0,0.0
0.0,0.0
0.0,0.0
0.0,0.0
0.0,0.0
0.0,0.0
0.0,0.0
0.0,0.0
0.0,0.0
0.0,0.0
0.0,0.0
0.0,0.0
7.600152492523193,28.800670623779297
8.354841232299805,-1.9617999792099
0.0,0.0
0.0,0.0
0.0,0.0
0.0,0.0
0.0,0.0
0.0,0.0
-2.011608600616455,28.912002563476562
0.0,0.0
0.0,0.0
0.0,0.0
-2.608839988708496,8.143978118896484
0.0,0.0
0.0,0.0
0.0,0.0
0.0,0.0
0.0,0.0
0.0,0.0
0.0,0.0
0.0,0.0
0.0,0.0
0.0,0.0
0.0,0.0
0.0,0.0
0.0,0.0
0.0,0.0
0.0,0.0
0.0,0.0
0.0,0.0
0.0,0.0
0.0,0.0
-8.889724731445312,11.108908653259277
0.0,0.0
0.0,0.0
0.0,0.0
-8.719024658203125,11.111105918884277
0.0,0.0
0.0,0.0
0.0,0.0
-8.8889799118042,11.111105918884277
0.0,0.0
0.0,0.0
0.0,0.0
-8.486966133117676,11.110605239868164
0.0,0.0
0.0,0.0
0.0,0.0
0.0,0.0
0.0,0.0
0.0,0.0
0.0,0.0
0.0,0.0
0.0,0.0
0.0,0.0
0.0,0.0
0.0,0.0
0.0,0.0
0.0,0.0
0.0,0.0
0.0,0.0
0.0,0.0
0.0,0.0
0.0,0.0
-8.88890266418457,9.454906463623047
22.222211837768555,-13.536795616149902
0.0,0.0
0.0,0.0
-7.258157730102539,10.708001136779785
14.347362518310547,0.0
0.0,0.0
0.0,0.0
-8.889442443847656,11.111104965209961
22.222209930419922,-15.977874755859375
0.0,0.0
0.0,0.0
-8.645349502563477,11.099621772766113
22.222211837768555,-17.332773208618164
0.0,0.0
0.0,0.0
0.0,0.0
0.0,0.0
0.0,0.0
0.0,0.0
0.0,0.0
0.0,0.0
0.0,0.0
0.0,0.0
0.0,0.0
0.0,0.0
0.0,0.0
0.0,0.0
0.0,0.0
0.0,0.0
0.0,0.0
0.0,0.0
-8.852012634277344,11.107831001281738
22.197233200073242,-15.485501289367676
0.0,0.0
0.0,0.0
-8.065652847290039,11.111105918884277
22.201528549194336,-15.643986701965332
0.0,0.0
0.0,0.0
-8.888894081115723,11.111105918884277
20.222211837768555,-17.551130294799805
0.0,0.0
0.0,0.0
-8.881876945495605,11.107150077819824
21.918920516967773,-17.318599700927734
0.0,0.0
0.0,0.0
0.0,0.0
0.0,0.0
0.0,0.0
0.0,0.0
0.0,0.0
0.0,0.0
0.0,0.0
0.0,0.0
0.0,0.0
0.0,0.0
0.0,0.0
0.0,0.0
0.0,0.0
0.0,0.0
0.0,0.0
0.0,0.0
2.358398199081421,19.290306091308594
22.222204208374023,-17.777788162231445
0.0,0.0
0.0,0.0
0.0,0.0
0.0,0.0
0.0,0.0
0.0,0.0
-6.1107892990112305,22.12334442138672
15.056099891662598,-3.520312786102295
0.0,0.0
0.0,0.0
-3.9344799518585205,10.855598449707031
0.0,0.0
0.0,0.0
0.0,0.0
0.0,0.0
0.0,0.0
0.0,0.0
0.0,0.0
0.0,0.0
0.0,0.0
0.0,0.0
0.0,0.0
0.0,0.0
0.0,0.0
0.0,0.0
0.0,0.0
0.0,0.0
0.0,0.0
0.0,0.0
0.0,0.0
0.0,0.0
0.0,0.0
0.0,0.0
0.0,0.0
0.0,0.0
0.0,0.0
0.0,0.0
0.0,0.0
0.0,0.0
0.0,0.0
0.0,0.0
0.0,0.0
0.0,0.0
0.0,0.0
0.0,0.0
0.0,0.0
0.0,0.0
0.0,0.0
0.0,0.0
0.0,0.0
0.0,0.0
0.0,0.0
0.0,0.0
0.0,0.0
0.0,0.0
0.0,0.0
0.0,0.0
0.0,0.0
0.0,0.0
0.0,0.0
0.0,0.0
0.0,0.0
-8.91191577911377,10.88095760345459
0.0,0.0
0.0,0.0
0.0,0.0
0.0,0.0
0.0,0.0
0.0,0.0
0.0,0.0
-8.920799255371094,10.730982780456543
22.222211837768555,-17.77777099609375
0.0,0.0
0.0,0.0
-9.247952461242676,8.930257797241211
0.0,0.0
0.0,0.0
0.0,0.0
0.0,0.0
0.0,0.0
0.0,0.0
0.0,0.0
0.0,0.0
0.0,0.0
0.0,0.0
0.0,0.0
0.0,0.0
0.0,0.0
0.0,0.0
0.0,0.0
0.0,0.0
0.0,0.0
0.0,0.0
0.0,0.0
-8.891641616821289,11.111092567443848
0.0,0.0
0.0,0.0
0.0,0.0
0.0,0.0
0.0,0.0
0.0,0.0
0.0,0.0
-8.905254364013672,11.078837394714355
22.22218894958496,-16.37541961669922
0.0,0.0
0.0,0.0
-8.251174926757812,6.842514514923096
0.0,0.0
0.0,0.0
0.0,0.0
0.0,0.0
0.0,0.0
0.0,0.0
0.0,0.0
0.0,0.0
0.0,0.0
0.0,0.0
0.0,0.0
0.0,0.0
0.0,0.0
0.0,0.0
0.0,0.0
0.0,0.0
0.0,0.0
0.0,0.0
0.0,0.0
0.0,0.0
0.0,0.0
0.0,0.0
0.0,0.0
0.0,0.0
0.0,0.0
0.0,0.0
0.0,0.0
0.0,0.0
0.0,0.0
0.0,0.0
0.0,0.0
0.0,0.0
0.0,0.0
0.0,0.0
0.0,0.0
0.0,0.0
0.0,0.0
0.0,0.0
0.0,0.0
0.0,0.0
0.0,0.0
0.0,0.0
0.0,0.0
0.0,0.0
0.0,0.0
0.0,0.0
0.0,0.0
0.0,0.0
0.0,0.0
0.0,0.0
0.0,0.0
0.0,0.0
0.0,0.0
0.0,0.0
0.0,0.0
0.0,0.0
0.0,0.0
0.0,0.0
0.0,0.0
0.0,0.0
0.0,0.0
0.0,0.0
0.0,0.0
0.0,0.0
0.0,0.0
-9.801363945007324,9.042145729064941
22.21962547302246,14.432452201843262
-9.649553298950195,7.524446487426758
9.6029052734375,-1.9617999792099
0.0,0.0
0.0,0.0
-1.0,1.0
0.0,0.0
-9.718461990356445,4.6539692878723145
22.222211837768555,-1.4435030221939087
-9.722748756408691,9.211668014526367
10.738643646240234,0.0
0.0,0.0
0.0,0.0
-0.9900000095367432,5.220596790313721
0.0,0.0
0.0,0.0
0.0,0.0
-5.453462600708008,7.627109050750732
6.983342170715332,-1.9617999792099
0.0,0.0
0.0,0.0
-1.899999976158142,0.09000000357627869
0.0,0.0
0.0,0.0
0.0,0.0
-7.952710151672363,5.8325042724609375
5.488424301147461,-0.6165357828140259
0.0,0.0
0.0,0.0
-1.8782258033752441,7.289709568023682
0.0,0.0
-9.974417686462402,3.021914482116699
22.22088050842285,-0.19637130200862885
-9.9752779006958,7.913300514221191
6.983342170715332,-2.0
-6.497586250305176,2.74770188331604
0.0,0.0
0.0,0.0
0.0,0.0
-9.504521369934082,6.529588222503662
22.222211837768555,1.0085015296936035
-9.852806091308594,1.3823845386505127
8.354841232299805,-1.4199999570846558
-6.698655605316162,0.9480600953102112
8.354841232299805,-2.0
-2.644132137298584,2.154717445373535
6.983342170715332,0.0
0.0,0.0
0.0,0.0
-1.8582258224487305,4.309765815734863
5.476200103759766,-1.9617999792099
0.0,0.0
0.0,0.0
-1.0,1.0
0.0,0.0
0.0,0.0
0.0,0.0
-5.0941925048828125,5.18646764755249
2.0,-2.125620126724243
0.0,0.0
0.0,0.0
-5.455499649047852,4.8726606369018555
10.738643646240234,-2.0
0.0,0.0
0.0,0.0
0.0,0.0
0.0,0.0
0.0,0.0
0.0,0.0
0.0,0.0
0.0,0.0
0.0,0.0
0.0,0.0
0.0,0.0
0.0,0.0
0.0,0.0
0.0,0.0
0.0,0.0
0.0,0.0
0.0,0.0
0.0,0.0
0.0,0.0
0.0,0.0
0.0,0.0
0.0,0.0
0.0,0.0
0.0,0.0
0.0,0.0
0.0,0.0
0.0,0.0
0.0,0.0
0.0,0.0
0.0,0.0
0.0,0.0
0.0,0.0
0.0,0.0
0.0,0.0
0.0,0.0
0.0,0.0
0.0,0.0
0.0,0.0
0.0,0.0
0.0,0.0
0.0,0.0
0.0,0.0
0.0,0.0
0.0,0.0
0.0,0.0
0.0,0.0
0.0,0.0
0.0,0.0
0.0,0.0
0.0,0.0
0.0,0.0
0.0,0.0
0.0,0.0
0.0,0.0
0.0,0.0
0.0,0.0
0.0,0.0
0.0,0.0
0.0,0.0
0.0,0.0
0.0,0.0
0.0,0.0
0.0,0.0
0.0,0.0
0.0,0.0
0.0,0.0
-5.226032257080078,-1.4436445236206055
0.0,0.0
0.0,0.0
0.0,0.0
0.0,0.0
0.0,0.0
-10.688776016235352,-7.221848964691162
0.0,0.0
-10.633193016052246,-9.020297050476074
0.0,0.0
0.0,0.0
0.0,0.0
-3.491671085357666,-2.738100051879883
0.0,0.0
0.0,0.0
0.0,0.0
-10.192771911621094,-1.9345406293869019
0.0,0.0
0.0,0.0
0.0,0.0
0.0,0.0
0.0,0.0
0.0,2.738100051879883
0.0,0.0
-9.817695617675781,2.0699853897094727
0.0,0.0
0.0,0.0
0.0,0.0
-8.460296630859375,5.217158317565918
0.0,0.0
0.0,0.0
0.0,0.0
-2.673271894454956,1.713122010231018
0.0,0.0
0.0,0.0
0.0,0.0
0.0,0.0
0.0,0.0
-10.147939682006836,0.5521625280380249
0.0,0.0
-10.879082679748535,-4.783015251159668
0.0,0.0
0.0,0.0
0.0,0.0
-1.0,0.0
0.0,0.0
0.0,0.0
0.0,0.0
-4.419919967651367,3.20289945602417
0.0,0.0
0.0,0.0
0.0,0.0
0.0,0.0
0.0,0.0
-1.0,-1.0
0.0,0.0
-9.854846954345703,2.3064916133880615
0.0,0.0
0.0,0.0
0.0,0.0
-3.3666205406188965,0.5254788398742676
0.0,0.0
0.0,0.0
0.0,0.0
0.0,0.0
0.0,0.0
0.0,0.0
0.0,0.0
0.0,0.0
0.0,0.0
0.0,0.0
0.0,0.0
0.0,0.0
0.0,0.0
0.0,0.0
0.0,0.0
0.0,0.0
0.0,0.0
0.0,0.0
0.0,0.0
-17.745826721191406,21.776012420654297
10.996834754943848,-8.790901184082031
0.0,0.0
0.0,0.0
0.0,0.0
0.0,0.0
0.0,0.0
0.0,0.0
-17.78046417236328,21.938241958618164
11.111105918884277,-8.88763427734375
0.0,0.0
0.0,0.0
0.0,0.0
0.0,0.0
0.0,0.0
0.0,0.0
0.0,0.0
0.0,0.0
0.0,0.0
0.0,0.0
0.0,0.0
0.0,0.0
0.0,0.0
0.0,0.0
0.0,0.0
0.0,0.0
0.0,0.0
0.0,0.0
0.0,0.0
0.0,0.0
0.0,0.0
0.0,0.0
-17.79755401611328,22.072134017944336
11.111105918884277,-8.869847297668457
0.0,0.0
0.0,0.0
-4.979061603546143,17.26431655883789
0.0,0.0
0.0,0.0
0.0,0.0
-17.78403663635254,22.22132110595703
11.106900215148926,-8.892849922180176
0.0,0.0
0.0,0.0
-3.487316370010376,7.236470699310303
0.0,0.0
0.0,0.0
0.0,0.0
0.0,0.0
0.0,0.0
0.0,0.0
0.0,0.0
0.0,0.0
0.0,0.0
0.0,0.0
0.0,0.0
0.0,0.0
0.0,0.0
0.0,0.0
0.0,0.0
0.0,0.0
0.0,0.0
0.0,0.0
0.0,0.0
0.0,0.0
0.0,0.0
0.0,0.0
0.0,0.0
0.0,0.0
0.0,0.0
0.0,0.0
0.0,0.0
0.0,0.0
0.0,0.0
0.0,0.0
0.0,0.0
0.0,0.0
0.0,0.0
0.0,0.0
0.0,0.0
0.0,0.0
0.0,0.0
0.0,0.0
0.0,0.0
0.0,0.0
0.0,0.0
0.0,0.0
0.0,0.0
0.0,0.0
0.0,0.0
0.0,0.0
0.0,0.0
0.0,0.0
0.0,0.0
0.0,0.0
0.0,0.0
0.0,0.0
0.0,0.0
0.0,0.0
0.0,0.0
0.0,0.0
0.0,0.0
0.0,0.0
0.0,0.0
0.0,0.0
0.0,0.0
0.0,0.0
0.0,0.0
0.0,0.0
0.0,0.0
0.0,0.0
0.0,0.0
0.0,0.0
0.0,0.0
0.0,0.0
0.0,0.0
0.0,0.0
0.0,0.0
0.0,0.0
0.0,0.0
0.0,0.0
0.0,0.0
0.0,0.0
0.0,0.0
0.0,0.0
0.0,0.0
0.0,0.0
0.0,0.0
-17.77777099609375,22.222211837768555
10.830327987670898,-6.514595985412598
0.0,0.0
0.0,0.0
0.0,0.0
0.0,0.0
0.0,0.0
0.0,0.0
-17.77777099609375,22.222211837768555
11.107444763183594,-7.298312664031982
0.0,0.0
0.0,0.0
0.0,0.0
0.0,0.0
0.0,0.0
0.0,0.0
0.0,0.0
0.0,0.0
0.0,0.0
0.0,0.0
0.0,0.0
0.0,0.0
0.0,0.0
0.0,0.0
0.0,0.0
0.0,0.0
0.0,0.0
0.0,0.0
0.0,0.0
0.0,0.0
0.0,0.0
0.0,0.0
-17.77388572692871,22.220947265625
8.65402889251709,-4.395412445068359
0.0,0.0
0.0,0.0
0.0,0.0
0.0,0.0
0.0,0.0
0.0,0.0
-17.777788162231445,22.222204208374023
11.110132217407227,-7.666983604431152
0.0,0.0
0.0,0.0
0.0,0.0
0.0,0.0
0.0,0.0
0.0,0.0
0.0,0.0
0.0,0.0
0.0,0.0
0.0,0.0
0.0,0.0
0.0,0.0
0.0,0.0
0.0,0.0
0.0,0.0
0.0,0.0
0.0,0.0
0.0,0.0
0.0,0.0
0.0,0.0
0.0,0.0
0.0,0.0
0.0,0.0
0.0,0.0
0.0,0.0
0.0,0.0
0.0,0.0
0.0,0.0
0.0,0.0
0.0,0.0
0.0,0.0
0.0,0.0
0.0,0.0
0.0,0.0
0.0,0.0
0.0,0.0
0.0,0.0
0.0,0.0
0.0,0.0
0.0,0.0
0.0,0.0
0.0,0.0
0.0,0.0
0.0,0.0
0.0,0.0
0.0,0.0
0.0,0.0
0.0,0.0
0.0,0.0
0.0,0.0
0.0,0.0
0.0,0.0
0.0,0.0
0.0,0.0
0.0,0.0
0.0,0.0
0.0,0.0
0.0,0.0
0.0,0.0
0.0,0.0
0.0,0.0
0.0,0.0
0.0,0.0
0.0,0.0
0.0,0.0
0.0,0.0
0.0,0.0
0.0,0.0
-13.941136360168457,22.185781478881836
2.738100051879883,0.0
-10.629531860351562,21.660655975341797
1.909999966621399,0.0
0.0,0.0
0.0,0.0
0.0,0.0
0.0,0.0
-16.27861785888672,22.222211837768555
1.0,-0.9900000095367432
-7.696220874786377,18.5190486907959
0.0,0.0
0.0,0.0
0.0,0.0
0.0,0.0
0.0,0.0
-12.944485664367676,22.194761276245117
2.738100051879883,-0.9900000095367432
-17.774776458740234,22.222211837768555
10.802557945251465,-5.246561050415039
0.0,0.0
0.0,0.0
0.0,0.0
0.0,0.0
-15.474452018737793,22.222211837768555
1.909999966621399,0.0
-17.777753829956055,22.222211837768555
8.143978118896484,-2.5460586547851562
0.0,0.0
0.0,0.0
0.0,0.0
0.0,0.0
-15.94951057434082,22.18906021118164
2.738100051879883,0.0
-12.931315422058105,21.87178611755371
1.0,0.0
-2.0,0.0
0.0,0.0
0.0,0.0
0.0,0.0
-16.076292037963867,22.222156524658203
1.909999966621399,0.0
-10.789138793945312,19.155624389648438
0.0,0.0
-1.7799999713897705,10.738643646240234
0.0,0.0
0.0,0.0
0.0,0.0
-15.062787055969238,22.199481964111328
1.909999966621399,-0.9900000095367432
-17.77754783630371,22.222211837768555
8.875165939331055,-1.774950385093689
-2.0,0.0
0.0,0.0
-3.7301666736602783,6.983342170715332
0.0,0.0
-15.423272132873535,22.22216796875
1.909999966621399,0.0
-17.7774600982666,22.222211837768555
9.715808868408203,-3.896036386489868
-2.0,9.6029052734375
0.0,0.0
-5.0704874992370605,19.155624389648438
0.0,0.0
0.0,0.0
0.0,0.0
0.0,0.0
0.0,0.0
0.0,0.0
0.0,0.0
0.0,0.0
0.0,0.0
0.0,0.0
0.0,0.0
0.0,0.0
0.0,0.0
0.0,0.0
0.0,0.0
0.0,0.0
0.0,0.0
0.0,0.0
0.0,0.0
0.0,0.0
0.0,0.0
0.0,0.0
0.0,0.0
0.0,0.0
0.0,0.0
0.0,0.0
0.0,0.0
0.0,0.0
0.0,0.0
0.0,0.0
0.0,0.0
0.0,0.0
0.0,0.0
0.0,0.0
0.0,0.0
0.0,0.0
0.0,0.0
0.0,0.0
0.0,0.0
0.0,0.0
0.0,0.0
0.0,0.0
0.0,0.0
0.0,0.0
0.0,0.0
0.0,0.0
0.0,0.0
0.0,0.0
0.0,0.0
0.0,0.0
0.0,0.0
0.0,0.0
0.0,0.0
0.0,0.0
0.0,0.0
0.0,0.0
0.0,0.0
0.0,0.0
0.0,0.0
0.0,0.0
0.0,0.0
0.0,0.0
0.0,0.0
0.0,0.0
0.0,0.0
0.0,0.0
0.0,0.0
0.0,0.0
0.0,0.0
0.0,0.0
0.0,0.0
0.0,0.0
0.0,0.0
-9.787663459777832,18.85233497619629
0.0,0.0
-3.799999952316284,6.983342170715332
0.0,0.0
0.0,0.0
0.0,0.0
0.0,0.0
0.0,0.0
0.0,0.0
0.0,0.0
-17.77777099609375,22.222211837768555
0.0,0.0
0.0,0.0
0.0,0.0
0.0,0.0
0.0,0.0
-8.935163497924805,19.155624389648438
0.0,0.0
-17.77777099609375,22.222211837768555
0.0,0.0
0.0,0.0
0.0,0.0
0.0,0.0
0.0,0.0
0.0,0.0
0.0,0.0
0.0,0.0
0.0,0.0
0.0,0.0
0.0,0.0
0.0,0.0
0.0,0.0
-2.0,2.0
0.0,0.0
-2.0,0.0
0.0,0.0
0.0,0.0
0.0,0.0
0.0,0.0
0.0,0.0
0.0,0.0
0.0,0.0
0.0,0.0
0.0,0.0
0.0,0.0
0.0,0.0
0.0,0.0
0.0,0.0
-2.0,0.0
0.0,0.0
-9.750946044921875,21.32232093811035
0.0,0.0
0.0,0.0
0.0,0.0
0.0,0.0
0.0,0.0
0.0,0.0
0.0,0.0
0.0,0.0
0.0,0.0
0.0,0.0
0.0,0.0
0.0,0.0
0.0,0.0
0.0,0.0
0.0,0.0
0.0,0.0
0.0,0.0
0.0,0.0
0.0,0.0
0.0,0.0
0.0,0.0
0.0,0.0
0.0,0.0
0.0,0.0
0.0,0.0
0.0,0.0
0.0,0.0
0.0,0.0
0.0,0.0
0.0,0.0
0.0,0.0
0.0,0.0
0.0,0.0
0.0,0.0
0.0,0.0
0.0,0.0
0.0,0.0
0.0,0.0
0.0,0.0
0.0,0.0
0.0,0.0
0.0,0.0
0.0,0.0
0.0,0.0
0.0,0.0
0.0,0.0
0.0,0.0
0.0,0.0
0.0,0.0
0.0,0.0
0.0,0.0
0.0,0.0
0.0,0.0
0.0,0.0
0.0,0.0
0.0,0.0
0.0,0.0
0.0,0.0
0.0,0.0
0.0,0.0
0.0,0.0
0.0,0.0
0.0,0.0
0.0,0.0
0.0,0.0
0.0,0.0
0.0,0.0
0.0,0.0
0.0,0.0
