-4.714649200439453,6.521411418914795
0.0,0.0
0.0,0.0
0.0,0.0
0.0,0.0
0.0,0.0
0.0,0.0
0.0,0.0
0.0,0.0
0.0,0.0
0.0,0.0
0.0,0.0
0.0,0.0
0.0,0.0
0.0,0.0
0.0,0.0
0.0,0.0
0.0,0.0
11.671846389770508,29.711532592773438
22.085756301879883,-6.313778400421143
0.0,0.0
0.0,0.0
0.0,0.0
0.0,0.0
0.0,0.0
0.0,0.0
11.195683479309082,29.483692169189453
21.837127685546875,-8.722358703613281
0.0,0.0
0.0,0.0
-2.608839988708496,8.65402889251709
0.0,0.0
0.0,0.0
0.0,0.0
0.0,0.0
0.0,0.0
0.0,0.0
0.0,0.0
0.0,0.0
0.0,0.0
0.0,0.0
0.0,0.0
0.0,0.0
0.0,0.0
0.0,0.0
0.0,0.0
0.0,0.0
0.0,0.0
0.0,0.0
0.0,0.0
-8.89215087890625,11.103602409362793
16.822040557861328,-5.137569427490234
0.0,0.0
0.0,0.0
-8.889163970947266,11.111105918884277
0.0,0.0
0.0,0.0
0.0,0.0
-8.889535903930664,11.111099243164062
11.772165298461914,-1.9301666021347046
0.0,0.0
0.0,0.0
-8.883106231689453,11.111105918884277
0.0,0.0
0.0,0.0
0.0,0.0
0.0,0.0
0.0,0.0
0.0,0.0
0.0,0.0
0.0,0.0
0.0,0.0
0.0,0.0
0.0,0.0
0.0,0.0
0.0,0.0
0.0,0.0
0.0,0.0
0.0,0.0
0.0,0.0
0.0,0.0
0.0,0.0
-8.920319557189941,8.625693321228027
22.222211837768555,-17.777435302734375
0.0,0.0
0.0,0.0
-8.759797096252441,11.111105918884277
22.21416473388672,-6.145223617553711
0.0,0.0
0.0,0.0
-8.914731979370117,11.069870948791504
22.222116470336914,-17.777799606323242
0.0,0.0
0.0,0.0
-8.930787086486816,6.819501876831055
22.222211837768555,-17.77768898010254
0.0,0.0
0.0,0.0
0.0,0.0
0.0,0.0
0.0,0.0
0.0,0.0
0.0,0.0
0.0,0.0
0.0,0.0
0.0,0.0
0.0,0.0
0.0,0.0
0.0,0.0
0.0,0.0
0.0,0.0
0.0,0.0
0.0,0.0
0.0,0.0
-8.907588005065918,11.111104965209961
22.222211837768555,-17.771501541137695
0.0,0.0
0.0,0.0
-8.88888168334961,11.111105918884277
22.222211837768555,-17.76976776123047
0.0,0.0
0.0,0.0
-8.89896297454834,11.102351188659668
22.222211837768555,-17.777496337890625
0.0,0.0
0.0,0.0
-8.90182113647461,11.110625267028809
22.222211837768555,-17.759174346923828
0.0,0.0
0.0,0.0
0.0,0.0
0.0,0.0
0.0,0.0
0.0,0.0
0.0,0.0
0.0,0.0
0.0,0.0
0.0,0.0
0.0,0.0
0.0,0.0
0.0,0.0
0.0,0.0
0.0,0.0
0.0,0.0
0.0,0.0
0.0,0.0
0.3283371329307556,19.290306091308594
22.22197151184082,-17.777814865112305
0.0,0.0
0.0,0.0
0.0,0.0
0.0,0.0
0.0,0.0
0.0,0.0
11.40783977508545,22.948305130004883
22.222211837768555,-17.265724182128906
0.0,0.0
0.0,0.0
-8.14648151397705,11.11109733581543
10.738643646240234,-1.9301666021347046
0.0,0.0
0.0,0.0
0.0,0.0
0.0,0.0
0.0,0.0
0.0,0.0
0.0,0.0
0.0,0.0
0.0,0.0
0.0,0.0
0.0,0.0
0.0,0.0
0.0,0.0
0.0,0.0
0.0,0.0
0.0,0.0
0.0,0.0
0.0,0.0
0.0,0.0
0.0,0.0
0.0,0.0
0.0,0.0
0.0,0.0
0.0,0.0
0.0,0.0
0.0,0.0
0.0,0.0
0.0,0.0
0.0,0.0
0.0,0.0
0.0,0.0
0.0,0.0
0.0,0.0
0.0,0.0
0.0,0.0
0.0,0.0
0.0,0.0
0.0,0.0
0.0,0.0
0.0,0.0
0.0,0.0
0.0,0.0
0.0,0.0
0.0,0.0
0.0,0.0
0.0,0.0
0.0,0.0
0.0,0.0
0.0,0.0
0.0,0.0
-8.912080764770508,10.87862491607666
0.0,0.0
0.0,0.0
0.0,0.0
0.0,0.0
0.0,0.0
0.0,0.0
0.0,0.0
-8.926257133483887,10.737168312072754
22.222034454345703,-17.777809143066406
0.0,0.0
0.0,0.0
-9.122845649719238,9.647161483764648
3.4761998653411865,0.0
0.0,0.0
0.0,0.0
0.0,0.0
0.0,0.0
0.0,0.0
0.0,0.0
0.0,0.0
0.0,0.0
0.0,0.0
0.0,0.0
0.0,0.0
0.0,0.0
0.0,0.0
0.0,0.0
0.0,0.0
0.0,0.0
0.0,0.0
0.0,0.0
-8.889442443847656,11.111099243164062
0.0,0.0
0.0,0.0
0.0,0.0
0.0,0.0
0.0,0.0
0.0,0.0
0.0,0.0
-8.970728874206543,9.884514808654785
22.222211837768555,-17.776695251464844
0.0,0.0
0.0,0.0
-9.156601905822754,6.0274763107299805
0.0,0.0
0.0,0.0
0.0,0.0
0.0,0.0
0.0,0.0
0.0,0.0
0.0,0.0
0.0,0.0
0.0,0.0
0.0,0.0
0.0,0.0
0.0,0.0
0.0,0.0
0.0,0.0
0.0,0.0
0.0,0.0
0.0,0.0
0.0,0.0
0.0,0.0
0.0,0.0
0.0,0.0
0.0,0.0
0.0,0.0
0.0,0.0
0.0,0.0
0.0,0.0
0.0,0.0
0.0,0.0
0.0,0.0
0.0,0.0
0.0,0.0
0.0,0.0
0.0,0.0
0.0,0.0
0.0,0.0
0.0,0.0
0.0,0.0
0.0,0.0
0.0,0.0
0.0,0.0
0.0,0.0
0.0,0.0
0.0,0.0
0.0,0.0
0.0,0.0
0.0,0.0
0.0,0.0
0.0,0.0
0.0,0.0
0.0,0.0
0.0,0.0
0.0,0.0
0.0,0.0
0.0,0.0
0.0,0.0
0.0,0.0
0.0,0.0
0.0,0.0
0.0,0.0
0.0,0.0
0.0,0.0
0.0,0.0
0.0,0.0
0.0,0.0
0.0,0.0
-10.038349151611328,-0.9399135112762451
22.222211837768555,-5.690923690795898
-9.629127502441406,4.994994640350342
19.431617736816406,-1.9617999792099
-1.0,0.0
0.0,0.0
-1.909999966621399,1.0140786170959473
0.0,0.0
-9.88148021697998,1.1653971672058105
22.222211837768555,-4.904339790344238
-9.958784103393555,2.704035758972168
21.544082641601562,2.211355209350586
0.0,0.0
0.0,0.0
-2.5698862075805664,8.502827644348145
0.0,0.0
0.0,0.0
0.0,0.0
-8.768782615661621,1.5231963396072388
15.701050758361816,-3.310150384902954
0.0,0.0
0.0,0.0
-2.690516948699951,3.5233843326568604
0.0,0.0
0.0,0.0
0.0,0.0
-9.345124244689941,6.594191074371338
20.30996322631836,-5.417966842651367
0.0,0.0
0.0,0.0
-5.354219436645508,5.049840927124023
0.0,0.0
-9.962560653686523,1.8589248657226562
22.222211837768555,-12.129779815673828
-9.51548957824707,9.508944511413574
20.11930274963379,-5.108758449554443
-9.25766658782959,6.904993534088135
0.0,0.0
-1.899999976158142,5.345928192138672
0.0,0.0
-9.755454063415527,2.50417160987854
22.222211837768555,6.173460960388184
-9.531732559204102,1.1943814754486084
21.477014541625977,-1.4199999570846558
-9.34237003326416,4.373564720153809
15.056099891662598,-5.206447124481201
-6.421950340270996,2.704070806503296
15.056099891662598,-3.606187343597412
0.0,0.0
0.0,0.0
-4.45147705078125,6.583146572113037
17.75033187866211,-1.1703908443450928
0.0,0.0
0.0,0.0
-1.8578205108642578,7.966346263885498
2.0,0.0
0.0,0.0
0.0,0.0
-7.398270130157471,6.044562339782715
19.431617736816406,2.2696382999420166
0.0,0.0
0.0,0.0
-7.956164836883545,0.8129818439483643
19.682771682739258,2.508901596069336
0.0,0.0
0.0,0.0
0.0,0.0
0.0,0.0
0.0,0.0
0.0,0.0
0.0,0.0
0.0,0.0
0.0,0.0
0.0,0.0
0.0,0.0
0.0,0.0
0.0,0.0
0.0,0.0
0.0,0.0
0.0,0.0
0.0,0.0
0.0,0.0
0.0,0.0
0.0,0.0
0.0,0.0
0.0,0.0
0.0,0.0
0.0,0.0
0.0,0.0
0.0,0.0
0.0,0.0
0.0,0.0
0.0,0.0
0.0,0.0
0.0,0.0
0.0,0.0
0.0,0.0
0.0,0.0
0.0,0.0
0.0,0.0
0.0,0.0
0.0,0.0
0.0,0.0
0.0,0.0
0.0,0.0
0.0,0.0
0.0,0.0
0.0,0.0
0.0,0.0
0.0,0.0
0.0,0.0
0.0,0.0
0.0,0.0
0.0,0.0
0.0,0.0
0.0,0.0
0.0,0.0
0.0,0.0
0.0,0.0
0.0,0.0
0.0,0.0
0.0,0.0
0.0,0.0
0.0,0.0
0.0,0.0
0.0,0.0
0.0,0.0
0.0,0.0
0.0,0.0
0.0,0.0
-8.948149681091309,-3.1097772121429443
0.0,0.0
0.0,0.0
0.0,0.0
0.0,0.0
0.0,0.0
-10.566540718078613,-5.665807723999023
0.0,0.0
-10.655805587768555,-5.484021186828613
0.0,0.0
0.0,0.0
0.0,0.0
-8.65402889251709,-8.411020278930664
0.0,0.0
0.0,0.0
0.0,0.0
-10.195734024047852,-1.9577696323394775
0.0,0.0
0.0,0.0
0.0,0.0
0.0,0.0
0.0,0.0
-0.927247166633606,7.2752814292907715
0.0,0.0
-9.862600326538086,1.3738431930541992
0.0,0.0
0.0,0.0
0.0,0.0
-9.970830917358398,-3.246854305267334
0.0,0.0
0.0,0.0
0.0,0.0
-3.3974802494049072,1.2158527374267578
0.0,0.0
0.0,0.0
0.0,0.0
0.0,0.0
0.0,0.0
-10.640235900878906,-4.657846450805664
0.0,0.0
-10.643266677856445,-9.480133056640625
0.0,0.0
0.0,0.0
0.0,0.0
-4.169885158538818,-4.177420616149902
0.0,0.0
0.0,0.0
0.0,0.0
-8.249055862426758,2.4096105098724365
0.0,0.0
0.0,0.0
0.0,0.0
0.0,0.0
0.0,0.0
-1.909999966621399,-1.0140786170959473
0.0,0.0
-10.054244995117188,-1.6361017227172852
0.0,0.0
0.0,0.0
0.0,0.0
-9.252715110778809,-2.075636863708496
0.0,0.0
0.0,0.0
0.0,0.0
0.0,0.0
0.0,0.0
0.0,0.0
0.0,0.0
0.0,0.0
0.0,0.0
0.0,0.0
0.0,0.0
0.0,0.0
0.0,0.0
0.0,0.0
0.0,0.0
0.0,0.0
0.0,0.0
0.0,0.0
0.0,0.0
-17.725168228149414,22.081010818481445
11.111104965209961,-8.889079093933105
0.0,0.0
0.0,0.0
0.0,0.0
0.0,0.0
0.0,0.0
0.0,0.0
-17.743831634521484,22.055660247802734
10.295961380004883,-8.897793769836426
0.0,0.0
0.0,0.0
0.0,0.0
0.0,0.0
0.0,0.0
0.0,0.0
0.0,0.0
0.0,0.0
0.0,0.0
0.0,0.0
0.0,0.0
0.0,0.0
0.0,0.0
0.0,0.0
0.0,0.0
0.0,0.0
0.0,0.0
0.0,0.0
0.0,0.0
0.0,0.0
0.0,0.0
0.0,0.0
-17.80489158630371,21.952533721923828
11.111105918884277,-8.886427879333496
0.0,0.0
0.0,0.0
-10.406445503234863,19.52878189086914
0.0,0.0
0.0,0.0
0.0,0.0
-17.64466094970703,22.000633239746094
11.111104965209961,-8.887002944946289
0.0,0.0
0.0,0.0
-9.449928283691406,12.765912055969238
0.0,0.0
0.0,0.0
0.0,0.0
0.0,0.0
0.0,0.0
0.0,0.0
0.0,0.0
0.0,0.0
0.0,0.0
0.0,0.0
0.0,0.0
0.0,0.0
0.0,0.0
0.0,0.0
0.0,0.0
0.0,0.0
0.0,0.0
0.0,0.0
0.0,0.0
0.0,0.0
0.0,0.0
0.0,0.0
0.0,0.0
0.0,0.0
0.0,0.0
0.0,0.0
0.0,0.0
0.0,0.0
0.0,0.0
0.0,0.0
0.0,0.0
0.0,0.0
0.0,0.0
0.0,0.0
0.0,0.0
0.0,0.0
0.0,0.0
0.0,0.0
0.0,0.0
0.0,0.0
0.0,0.0
0.0,0.0
0.0,0.0
0.0,0.0
0.0,0.0
0.0,0.0
0.0,0.0
0.0,0.0
0.0,0.0
0.0,0.0
0.0,0.0
0.0,0.0
0.0,0.0
0.0,0.0
0.0,0.0
0.0,0.0
0.0,0.0
0.0,0.0
0.0,0.0
0.0,0.0
0.0,0.0
0.0,0.0
0.0,0.0
0.0,0.0
0.0,0.0
0.0,0.0
0.0,0.0
0.0,0.0
0.0,0.0
0.0,0.0
0.0,0.0
0.0,0.0
0.0,0.0
0.0,0.0
0.0,0.0
0.0,0.0
0.0,0.0
0.0,0.0
0.0,0.0
0.0,0.0
0.0,0.0
0.0,0.0
0.0,0.0
-17.77777099609375,22.222211837768555
11.111105918884277,-8.450236320495605
0.0,0.0
0.0,0.0
0.0,0.0
0.0,0.0
0.0,0.0
0.0,0.0
-17.77777099609375,22.222211837768555
11.111105918884277,-8.83427619934082
0.0,0.0
0.0,0.0
0.0,0.0
0.0,0.0
0.0,0.0
0.0,0.0
0.0,0.0
0.0,0.0
0.0,0.0
0.0,0.0
0.0,0.0
0.0,0.0
0.0,0.0
0.0,0.0
0.0,0.0
0.0,0.0
0.0,0.0
0.0,0.0
0.0,0.0
0.0,0.0
0.0,0.0
0.0,0.0
-17.77777099609375,22.222211837768555
11.111105918884277,-8.679931640625
0.0,0.0
0.0,0.0
0.0,0.0
0.0,0.0
0.0,0.0
0.0,0.0
-17.777788162231445,22.222204208374023
11.111105918884277,-8.86882209777832
0.0,0.0
0.0,0.0
0.0,0.0
0.0,0.0
0.0,0.0
0.0,0.0
0.0,0.0
0.0,0.0
0.0,0.0
0.0,0.0
0.0,0.0
0.0,0.0
0.0,0.0
0.0,0.0
0.0,0.0
0.0,0.0
0.0,0.0
0.0,0.0
0.0,0.0
0.0,0.0
0.0,0.0
0.0,0.0
0.0,0.0
0.0,0.0
0.0,0.0
0.0,0.0
0.0,0.0
0.0,0.0
0.0,0.0
0.0,0.0
0.0,0.0
0.0,0.0
0.0,0.0
0.0,0.0
0.0,0.0
0.0,0.0
0.0,0.0
0.0,0.0
0.0,0.0
0.0,0.0
0.0,0.0
0.0,0.0
0.0,0.0
0.0,0.0
0.0,0.0
0.0,0.0
0.0,0.0
0.0,0.0
0.0,0.0
0.0,0.0
0.0,0.0
0.0,0.0
0.0,0.0
0.0,0.0
0.0,0.0
0.0,0.0
0.0,0.0
0.0,0.0
0.0,0.0
0.0,0.0
0.0,0.0
0.0,0.0
0.0,0.0
0.0,0.0
0.0,0.0
0.0,0.0
0.0,0.0
0.0,0.0
-17.671083450317383,22.222211837768555
7.528049945831299,0.0
-15.28725814819336,22.222211837768555
4.177420616149902,0.0
0.0,0.0
0.0,0.0
0.0,0.0
0.0,0.0
-17.77082633972168,22.222211837768555
6.356335163116455,-2.651125907897949
-15.922649383544922,22.218433380126953
0.0,0.0
0.0,0.0
0.0,0.0
0.0,0.0
0.0,0.0
-17.55013656616211,22.222211837768555
7.850525379180908,-1.819263219833374
-17.77777099609375,22.222211837768555
11.111092567443848,-7.749253749847412
0.0,0.0
0.0,0.0
0.0,0.0
0.0,0.0
-17.77267074584961,22.222211837768555
7.528049945831299,-1.7932236194610596
-17.777788162231445,22.222209930419922
11.11098861694336,-7.8432135581970215
0.0,0.0
0.0,0.0
0.0,0.0
0.0,0.0
-17.691701889038086,22.222211837768555
5.369321823120117,-0.9726189970970154
-17.30093765258789,22.222211837768555
3.491671085357666,0.0
-2.0,14.347362518310547
0.0,0.0
0.0,0.0
0.0,0.0
-17.77467155456543,22.222211837768555
4.80145263671875,-1.8404403924942017
-13.21451187133789,22.220746994018555
0.0,0.0
-1.7799999713897705,18.152801513671875
0.0,0.0
0.0,0.0
0.0,0.0
-17.670028686523438,22.22209930419922
7.528049945831299,-0.9900000095367432
-17.77787971496582,22.222204208374023
11.065631866455078,-4.231882572174072
-3.6643147468566895,14.347362518310547
0.0,0.0
-7.660523414611816,21.660655975341797
0.0,0.0
-17.777416229248047,22.222211837768555
5.886082649230957,0.0
-17.787811279296875,22.222204208374023
11.108597755432129,-7.639450550079346
-7.6664323806762695,18.152801513671875
0.0,0.0
-10.294745445251465,22.210472106933594
0.0,0.0
0.0,0.0
0.0,0.0
0.0,0.0
0.0,0.0
0.0,0.0
0.0,0.0
0.0,0.0
0.0,0.0
0.0,0.0
0.0,0.0
0.0,0.0
0.0,0.0
0.0,0.0
0.0,0.0
0.0,0.0
0.0,0.0
0.0,0.0
0.0,0.0
0.0,0.0
0.0,0.0
0.0,0.0
0.0,0.0
0.0,0.0
0.0,0.0
0.0,0.0
0.0,0.0
0.0,0.0
0.0,0.0
0.0,0.0
0.0,0.0
0.0,0.0
0.0,0.0
0.0,0.0
0.0,0.0
0.0,0.0
0.0,0.0
0.0,0.0
0.0,0.0
0.0,0.0
0.0,0.0
0.0,0.0
0.0,0.0
0.0,0.0
0.0,0.0
0.0,0.0
0.0,0.0
0.0,0.0
0.0,0.0
0.0,0.0
0.0,0.0
0.0,0.0
0.0,0.0
0.0,0.0
0.0,0.0
0.0,0.0
0.0,0.0
0.0,0.0
0.0,0.0
0.0,0.0
0.0,0.0
0.0,0.0
0.0,0.0
0.0,0.0
0.0,0.0
0.0,0.0
0.0,0.0
-2.0,6.983342170715332
0.0,0.0
0.0,0.0
0.0,0.0
0.0,0.0
0.0,0.0
-16.599699020385742,22.22182846069336
0.0,0.0
-7.812796592712402,21.135517120361328
0.0,0.0
0.0,0.0
0.0,0.0
0.0,0.0
0.0,0.0
0.0,0.0
0.0,0.0
-17.77777099609375,22.222211837768555
0.0,0.0
0.0,0.0
0.0,0.0
0.0,0.0
0.0,0.0
-15.044427871704102,22.221529006958008
0.0,0.0
-17.77777099609375,22.222211837768555
0.0,0.0
0.0,0.0
0.0,0.0
0.0,0.0
0.0,0.0
0.0,0.0
0.0,0.0
0.0,0.0
0.0,0.0
0.0,0.0
0.0,0.0
0.0,0.0
0.0,0.0
-5.116274833679199,17.30805778503418
0.0,0.0
-2.0,2.0
0.0,0.0
0.0,0.0
0.0,0.0
0.0,0.0
0.0,0.0
0.0,0.0
0.0,0.0
-2.0,0.0
0.0,0.0
0.0,0.0
0.0,0.0
0.0,0.0
0.0,0.0
-3.799999952316284,16.822040557861328
0.0,0.0
-15.516518592834473,22.222135543823242
0.0,0.0
0.0,0.0
0.0,0.0
0.0,0.0
0.0,0.0
0.0,0.0
0.0,0.0
0.0,0.0
0.0,0.0
0.0,0.0
0.0,0.0
0.0,0.0
0.0,0.0
0.0,0.0
0.0,0.0
0.0,0.0
0.0,0.0
0.0,0.0
0.0,0.0
0.0,0.0
0.0,0.0
0.0,0.0
0.0,0.0
0.0,0.0
0.0,0.0
0.0,0.0
0.0,0.0
0.0,0.0
0.0,0.0
0.0,0.0
0.0,0.0
0.0,0.0
0.0,0.0
0.0,0.0
0.0,0.0
0.0,0.0
0.0,0.0
0.0,0.0
0.0,0.0
0.0,0.0
0.0,0.0
0.0,0.0
0.0,0.0
0.0,0.0
0.0,0.0
0.0,0.0
0.0,0.0
0.0,0.0
0.0,0.0
0.0,0.0
0.0,0.0
0.0,0.0
0.0,0.0
0.0,0.0
0.0,0.0
0.0,0.0
0.0,0.0
0.0,0.0
0.0,0.0
0.0,0.0
0.0,0.0
0.0,0.0
0.0,0.0
0.0,0.0
0.0,0.0
0.0,0.0
0.0,0.0
0.0,0.0
0.0,0.0
