-8.476996421813965,6.820666313171387
0.0,0.0
0.0,0.0
0.0,0.0
0.0,0.0
0.0,0.0
0.0,0.0
0.0,0.0
0.0,0.0
0.0,0.0
0.0,0.0
0.0,0.0
0.0,0.0
0.0,0.0
0.0,0.0
0.0,0.0
0.0,0.0
0.0,0.0
5.35475492477417,29.711532592773438
21.32232093811035,-5.036457538604736
0.0,0.0
0.0,0.0
0.0,0.0
0.0,0.0
0.0,0.0
0.0,0.0
-1.9173275232315063,29.483654022216797
18.5190486907959,-6.584743499755859
0.0,0.0
0.0,0.0
-2.608839988708496,8.65402889251709
0.0,0.0
0.0,0.0
0.0,0.0
0.0,0.0
0.0,0.0
0.0,0.0
0.0,0.0
0.0,0.0
0.0,0.0
0.0,0.0
0.0,0.0
0.0,0.0
0.0,0.0
0.0,0.0
0.0,0.0
0.0,0.0
0.0,0.0
0.0,0.0
0.0,0.0
-8.890021324157715,11.074972152709961
0.0,0.0
0.0,0.0
0.0,0.0
-8.888860702514648,11.111105918884277
0.0,0.0
0.0,0.0
0.0,0.0
-8.474907875061035,11.08974838256836
0.0,0.0
0.0,0.0
0.0,0.0
-8.863609313964844,11.111096382141113
0.0,0.0
0.0,0.0
0.0,0.0
0.0,0.0
0.0,0.0
0.0,0.0
0.0,0.0
0.0,0.0
0.0,0.0
0.0,0.0
0.0,0.0
0.0,0.0
0.0,0.0
0.0,0.0
0.0,0.0
0.0,0.0
0.0,0.0
0.0,0.0
0.0,0.0
-8.895940780639648,11.110989570617676
22.222211837768555,-17.771865844726562
0.0,0.0
0.0,0.0
-8.518656730651855,11.111059188842773
20.11930274963379,-1.8184720277786255
0.0,0.0
0.0,0.0
-8.896383285522461,10.052184104919434
21.96041488647461,-17.79053497314453
0.0,0.0
0.0,0.0
-8.83370590209961,7.253024578094482
22.222211837768555,-17.775394439697266
0.0,0.0
0.0,0.0
0.0,0.0
0.0,0.0
0.0,0.0
0.0,0.0
0.0,0.0
0.0,0.0
0.0,0.0
0.0,0.0
0.0,0.0
0.0,0.0
0.0,0.0
0.0,0.0
0.0,0.0
0.0,0.0
0.0,0.0
0.0,0.0
-8.889141082763672,11.111105918884277
22.222211837768555,-17.757776260375977
0.0,0.0
0.0,0.0
-8.888172149658203,11.111105918884277
22.222211837768555,-17.704561233520508
0.0,0.0
0.0,0.0
-8.903952598571777,11.110980987548828
22.222211837768555,-17.150177001953125
0.0,0.0
0.0,0.0
-8.955224990844727,9.565580368041992
22.222211837768555,-16.05103874206543
0.0,0.0
0.0,0.0
0.0,0.0
0.0,0.0
0.0,0.0
0.0,0.0
0.0,0.0
0.0,0.0
0.0,0.0
0.0,0.0
0.0,0.0
0.0,0.0
0.0,0.0
0.0,0.0
0.0,0.0
0.0,0.0
0.0,0.0
0.0,0.0
0.32832619547843933,19.290306091308594
22.117233276367188,-17.77935218811035
0.0,0.0
0.0,0.0
0.0,0.0
0.0,0.0
0.0,0.0
0.0,0.0
2.39595365524292,22.948301315307617
22.212491989135742,-16.146005630493164
0.0,0.0
0.0,0.0
-7.49189567565918,11.109930038452148
8.354841232299805,-1.9301666021347046
0.0,0.0
0.0,0.0
0.0,0.0
0.0,0.0
0.0,0.0
0.0,0.0
0.0,0.0
0.0,0.0
0.0,0.0
0.0,0.0
0.0,0.0
0.0,0.0
0.0,0.0
0.0,0.0
0.0,0.0
0.0,0.0
0.0,0.0
0.0,0.0
0.0,0.0
0.0,0.0
0.0,0.0
0.0,0.0
0.0,0.0
0.0,0.0
0.0,0.0
0.0,0.0
0.0,0.0
0.0,0.0
0.0,0.0
0.0,0.0
0.0,0.0
0.0,0.0
0.0,0.0
0.0,0.0
0.0,0.0
0.0,0.0
0.0,0.0
0.0,0.0
0.0,0.0
0.0,0.0
0.0,0.0
0.0,0.0
0.0,0.0
0.0,0.0
0.0,0.0
0.0,0.0
0.0,0.0
0.0,0.0
0.0,0.0
0.0,0.0
-8.912080764770508,10.87862491607666
0.0,0.0
0.0,0.0
0.0,0.0
0.0,0.0
0.0,0.0
0.0,0.0
0.0,0.0
-8.926018714904785,10.739789962768555
22.222211837768555,-17.77777099609375
0.0,0.0
0.0,0.0
-9.197620391845703,10.032140731811523
0.0,0.0
0.0,0.0
0.0,0.0
0.0,0.0
0.0,0.0
0.0,0.0
0.0,0.0
0.0,0.0
0.0,0.0
0.0,0.0
0.0,0.0
0.0,0.0
0.0,0.0
0.0,0.0
0.0,0.0
0.0,0.0
0.0,0.0
0.0,0.0
0.0,0.0
-8.921918869018555,11.109103202819824
0.0,0.0
0.0,0.0
0.0,0.0
0.0,0.0
0.0,0.0
0.0,0.0
0.0,0.0
-8.936882972717285,9.817853927612305
22.222211837768555,-17.74267578125
0.0,0.0
0.0,0.0
-9.057382583618164,10.166977882385254
0.0,0.0
0.0,0.0
0.0,0.0
0.0,0.0
0.0,0.0
0.0,0.0
0.0,0.0
0.0,0.0
0.0,0.0
0.0,0.0
0.0,0.0
0.0,0.0
0.0,0.0
0.0,0.0
0.0,0.0
0.0,0.0
0.0,0.0
0.0,0.0
0.0,0.0
0.0,0.0
0.0,0.0
0.0,0.0
0.0,0.0
0.0,0.0
0.0,0.0
0.0,0.0
0.0,0.0
0.0,0.0
0.0,0.0
0.0,0.0
0.0,0.0
0.0,0.0
0.0,0.0
0.0,0.0
0.0,0.0
0.0,0.0
0.0,0.0
0.0,0.0
0.0,0.0
0.0,0.0
0.0,0.0
0.0,0.0
0.0,0.0
0.0,0.0
0.0,0.0
0.0,0.0
0.0,0.0
0.0,0.0
0.0,0.0
0.0,0.0
0.0,0.0
0.0,0.0
0.0,0.0
0.0,0.0
0.0,0.0
0.0,0.0
0.0,0.0
0.0,0.0
0.0,0.0
0.0,0.0
0.0,0.0
0.0,0.0
0.0,0.0
0.0,0.0
0.0,0.0
-9.976507186889648,-1.4387096166610718
22.222211837768555,-2.560934066772461
-9.658818244934082,6.1942267417907715
18.152801513671875,-1.9617999792099
-1.0,0.0
0.0,0.0
-1.909999966621399,0.015470999293029308
0.0,0.0
-9.892842292785645,0.8687387108802795
22.222211837768555,6.646011829376221
-9.637972831726074,4.814778804779053
19.155624389648438,0.0
0.0,0.0
0.0,0.0
-1.8387939929962158,6.063741683959961
0.0,0.0
0.0,0.0
0.0,0.0
-8.47585391998291,7.873193264007568
15.056099891662598,-1.6301788091659546
0.0,0.0
0.0,0.0
-1.899999976158142,1.9482966661453247
0.0,0.0
0.0,0.0
0.0,0.0
-9.369646072387695,2.96178936958313
16.292287826538086,-2.458760976791382
0.0,0.0
0.0,0.0
-4.424751281738281,5.371098518371582
0.0,0.0
-9.662921905517578,5.530760288238525
22.222211837768555,-15.94666862487793
-9.482598304748535,9.402146339416504
16.822040557861328,-3.6728732585906982
-9.260916709899902,4.672541618347168
0.0,0.0
-1.899999976158142,1.2665194272994995
0.0,0.0
-9.811464309692383,2.1957387924194336
22.222211837768555,-10.258843421936035
-10.410364151000977,5.739352703094482
19.431617736816406,-1.4199999570846558
-9.305987358093262,9.906679153442383
13.568530082702637,-5.206447124481201
-6.054434299468994,0.7982940077781677
11.772165298461914,-3.606187343597412
0.0,0.0
0.0,0.0
-3.275280714035034,7.7259745597839355
14.347362518310547,-3.6820716857910156
0.0,0.0
0.0,0.0
-1.8578205108642578,6.177491188049316
2.0,0.0
0.0,0.0
0.0,0.0
-6.642460823059082,5.321081161499023
15.701050758361816,0.12514188885688782
0.0,0.0
0.0,0.0
-7.117403507232666,5.573985576629639
17.75033187866211,0.36822041869163513
0.0,0.0
0.0,0.0
0.0,0.0
0.0,0.0
0.0,0.0
0.0,0.0
0.0,0.0
0.0,0.0
0.0,0.0
0.0,0.0
0.0,0.0
0.0,0.0
0.0,0.0
0.0,0.0
0.0,0.0
0.0,0.0
0.0,0.0
0.0,0.0
0.0,0.0
0.0,0.0
0.0,0.0
0.0,0.0
0.0,0.0
0.0,0.0
0.0,0.0
0.0,0.0
0.0,0.0
0.0,0.0
0.0,0.0
0.0,0.0
0.0,0.0
0.0,0.0
0.0,0.0
0.0,0.0
0.0,0.0
0.0,0.0
0.0,0.0
0.0,0.0
0.0,0.0
0.0,0.0
0.0,0.0
0.0,0.0
0.0,0.0
0.0,0.0
0.0,0.0
0.0,0.0
0.0,0.0
0.0,0.0
0.0,0.0
0.0,0.0
0.0,0.0
0.0,0.0
0.0,0.0
0.0,0.0
0.0,0.0
0.0,0.0
0.0,0.0
0.0,0.0
0.0,0.0
0.0,0.0
0.0,0.0
0.0,0.0
0.0,0.0
0.0,0.0
0.0,0.0
0.0,0.0
-8.416069030761719,-2.4000000953674316
0.0,0.0
0.0,0.0
0.0,0.0
0.0,0.0
0.0,0.0
-10.584521293640137,-5.8003339767456055
0.0,0.0
-10.688612937927246,-7.2889556884765625
0.0,0.0
0.0,0.0
0.0,0.0
-6.356335163116455,-5.886082649230957
0.0,0.0
0.0,0.0
0.0,0.0
-10.195734024047852,-1.9577696323394775
0.0,0.0
0.0,0.0
0.0,0.0
0.0,0.0
0.0,0.0
0.0,4.964264869689941
0.0,0.0
-9.86500358581543,1.3835259675979614
0.0,0.0
0.0,0.0
0.0,0.0
-9.715084075927734,2.5166358947753906
0.0,0.0
0.0,0.0
0.0,0.0
-3.3974802494049072,-2.10040020942688
0.0,0.0
0.0,0.0
0.0,0.0
0.0,0.0
0.0,0.0
-10.842325210571289,-8.768980026245117
0.0,0.0
-10.863056182861328,0.8100270628929138
0.0,0.0
0.0,0.0
0.0,0.0
-2.7290000915527344,-1.909999966621399
0.0,0.0
0.0,0.0
0.0,0.0
-8.059179306030273,0.3506966233253479
0.0,0.0
0.0,0.0
0.0,0.0
0.0,0.0
0.0,0.0
-1.909999966621399,1.0819000005722046
0.0,0.0
-10.059576034545898,2.3126790523529053
0.0,0.0
0.0,0.0
0.0,0.0
-8.571513175964355,0.1843288391828537
0.0,0.0
0.0,0.0
0.0,0.0
0.0,0.0
0.0,0.0
0.0,0.0
0.0,0.0
0.0,0.0
0.0,0.0
0.0,0.0
0.0,0.0
0.0,0.0
0.0,0.0
0.0,0.0
0.0,0.0
0.0,0.0
0.0,0.0
0.0,0.0
0.0,0.0
-17.78150177001953,22.105806350708008
11.106900215148926,-8.895624160766602
0.0,0.0
0.0,0.0
0.0,0.0
0.0,0.0
0.0,0.0
0.0,0.0
-17.331798553466797,22.047203063964844
10.361104965209961,-8.889201164245605
0.0,0.0
0.0,0.0
0.0,0.0
0.0,0.0
0.0,0.0
0.0,0.0
0.0,0.0
0.0,0.0
0.0,0.0
0.0,0.0
0.0,0.0
0.0,0.0
0.0,0.0
0.0,0.0
0.0,0.0
0.0,0.0
0.0,0.0
0.0,0.0
0.0,0.0
0.0,0.0
0.0,0.0
0.0,0.0
-17.79741859436035,21.85616111755371
11.111105918884277,-8.660344123840332
0.0,0.0
0.0,0.0
-10.307574272155762,19.305566787719727
0.0,0.0
0.0,0.0
0.0,0.0
-17.07248878479004,21.568021774291992
11.111105918884277,-8.422772407531738
0.0,0.0
0.0,0.0
-7.311877727508545,11.871789932250977
0.0,0.0
0.0,0.0
0.0,0.0
0.0,0.0
0.0,0.0
0.0,0.0
0.0,0.0
0.0,0.0
0.0,0.0
0.0,0.0
0.0,0.0
0.0,0.0
0.0,0.0
0.0,0.0
0.0,0.0
0.0,0.0
0.0,0.0
0.0,0.0
0.0,0.0
0.0,0.0
0.0,0.0
0.0,0.0
0.0,0.0
0.0,0.0
0.0,0.0
0.0,0.0
0.0,0.0
0.0,0.0
0.0,0.0
0.0,0.0
0.0,0.0
0.0,0.0
0.0,0.0
0.0,0.0
0.0,0.0
0.0,0.0
0.0,0.0
0.0,0.0
0.0,0.0
0.0,0.0
0.0,0.0
0.0,0.0
0.0,0.0
0.0,0.0
0.0,0.0
0.0,0.0
0.0,0.0
0.0,0.0
0.0,0.0
0.0,0.0
0.0,0.0
0.0,0.0
0.0,0.0
0.0,0.0
0.0,0.0
0.0,0.0
0.0,0.0
0.0,0.0
0.0,0.0
0.0,0.0
0.0,0.0
0.0,0.0
0.0,0.0
0.0,0.0
0.0,0.0
0.0,0.0
0.0,0.0
0.0,0.0
0.0,0.0
0.0,0.0
0.0,0.0
0.0,0.0
0.0,0.0
0.0,0.0
0.0,0.0
0.0,0.0
0.0,0.0
0.0,0.0
0.0,0.0
0.0,0.0
0.0,0.0
0.0,0.0
0.0,0.0
-17.77777099609375,22.222211837768555
11.111035346984863,-8.063485145568848
0.0,0.0
0.0,0.0
0.0,0.0
0.0,0.0
0.0,0.0
0.0,0.0
-17.77777099609375,22.222211837768555
11.111105918884277,-8.714856147766113
0.0,0.0
0.0,0.0
0.0,0.0
0.0,0.0
0.0,0.0
0.0,0.0
0.0,0.0
0.0,0.0
0.0,0.0
0.0,0.0
0.0,0.0
0.0,0.0
0.0,0.0
0.0,0.0
0.0,0.0
0.0,0.0
0.0,0.0
0.0,0.0
0.0,0.0
0.0,0.0
0.0,0.0
0.0,0.0
-17.77777099609375,22.222211837768555
11.111105918884277,-8.403470039367676
0.0,0.0
0.0,0.0
0.0,0.0
0.0,0.0
0.0,0.0
0.0,0.0
-17.777788162231445,22.222204208374023
11.111105918884277,-8.831336975097656
0.0,0.0
0.0,0.0
0.0,0.0
0.0,0.0
0.0,0.0
0.0,0.0
0.0,0.0
0.0,0.0
0.0,0.0
0.0,0.0
0.0,0.0
0.0,0.0
0.0,0.0
0.0,0.0
0.0,0.0
0.0,0.0
0.0,0.0
0.0,0.0
0.0,0.0
0.0,0.0
0.0,0.0
0.0,0.0
0.0,0.0
0.0,0.0
0.0,0.0
0.0,0.0
0.0,0.0
0.0,0.0
0.0,0.0
0.0,0.0
0.0,0.0
0.0,0.0
0.0,0.0
0.0,0.0
0.0,0.0
0.0,0.0
0.0,0.0
0.0,0.0
0.0,0.0
0.0,0.0
0.0,0.0
0.0,0.0
0.0,0.0
0.0,0.0
0.0,0.0
0.0,0.0
0.0,0.0
0.0,0.0
0.0,0.0
0.0,0.0
0.0,0.0
0.0,0.0
0.0,0.0
0.0,0.0
0.0,0.0
0.0,0.0
0.0,0.0
0.0,0.0
0.0,0.0
0.0,0.0
0.0,0.0
0.0,0.0
0.0,0.0
0.0,0.0
0.0,0.0
0.0,0.0
0.0,0.0
0.0,0.0
-17.399999618530273,22.222211837768555
7.173681259155273,0.0
-13.981830596923828,22.222070693969727
2.738100051879883,0.0
0.0,0.0
0.0,0.0
0.0,0.0
0.0,0.0
-17.726303100585938,22.222211837768555
5.369321823120117,-2.651125907897949
-14.949575424194336,22.151700973510742
0.0,0.0
0.0,0.0
0.0,0.0
0.0,0.0
0.0,0.0
-17.0523624420166,22.222211837768555
7.173681259155273,-1.819263219833374
-17.77777099609375,22.222211837768555
11.110895156860352,-7.622627258300781
0.0,0.0
0.0,0.0
0.0,0.0
0.0,0.0
-17.720123291015625,22.222211837768555
6.784265041351318,-1.7932236194610596
-17.77780532836914,22.222209930419922
11.109216690063477,-7.597914695739746
0.0,0.0
0.0,0.0
0.0,0.0
0.0,0.0
-17.57781982421875,22.222211837768555
5.369321823120117,-0.9726189970970154
-16.780824661254883,22.222192764282227
1.909999966621399,0.0
-2.0,9.6029052734375
0.0,0.0
0.0,0.0
0.0,0.0
-17.76101303100586,22.222211837768555
3.491671085357666,-1.8404403924942017
-13.21451187133789,22.1782169342041
0.0,0.0
-1.7799999713897705,17.30805778503418
0.0,0.0
0.0,0.0
0.0,0.0
-17.57782745361328,20.974151611328125
6.784265041351318,-0.9900000095367432
-17.777788162231445,22.222211837768555
10.473348617553711,-3.1345744132995605
-2.0,9.6029052734375
0.0,0.0
-6.523115158081055,19.91132164001465
0.0,0.0
-17.770092010498047,22.222211837768555
4.177420616149902,0.0
-17.78223419189453,22.222084045410156
11.08191204071045,-7.346069812774658
-6.4977335929870605,17.30805778503418
0.0,0.0
-9.463019371032715,22.18217658996582
0.0,0.0
0.0,0.0
0.0,0.0
0.0,0.0
0.0,0.0
0.0,0.0
0.0,0.0
0.0,0.0
0.0,0.0
0.0,0.0
0.0,0.0
0.0,0.0
0.0,0.0
0.0,0.0
0.0,0.0
0.0,0.0
0.0,0.0
0.0,0.0
0.0,0.0
0.0,0.0
0.0,0.0
0.0,0.0
0.0,0.0
0.0,0.0
0.0,0.0
0.0,0.0
0.0,0.0
0.0,0.0
0.0,0.0
0.0,0.0
0.0,0.0
0.0,0.0
0.0,0.0
0.0,0.0
0.0,0.0
0.0,0.0
0.0,0.0
0.0,0.0
0.0,0.0
0.0,0.0
0.0,0.0
0.0,0.0
0.0,0.0
0.0,0.0
0.0,0.0
0.0,0.0
0.0,0.0
0.0,0.0
0.0,0.0
0.0,0.0
0.0,0.0
0.0,0.0
0.0,0.0
0.0,0.0
0.0,0.0
0.0,0.0
0.0,0.0
0.0,0.0
0.0,0.0
0.0,0.0
0.0,0.0
0.0,0.0
0.0,0.0
0.0,0.0
0.0,0.0
0.0,0.0
0.0,0.0
-2.0,2.0
0.0,0.0
0.0,0.0
0.0,0.0
0.0,0.0
0.0,0.0
-15.314002990722656,22.18217658996582
0.0,0.0
-7.812796592712402,19.682771682739258
0.0,0.0
0.0,0.0
0.0,0.0
0.0,0.0
0.0,0.0
0.0,0.0
0.0,0.0
-17.77777099609375,22.222211837768555
0.0,0.0
0.0,0.0
0.0,0.0
0.0,0.0
0.0,0.0
-14.74062442779541,22.16908073425293
0.0,0.0
-17.77777099609375,22.222211837768555
0.0,0.0
0.0,0.0
0.0,0.0
0.0,0.0
0.0,0.0
0.0,0.0
0.0,0.0
0.0,0.0
0.0,0.0
0.0,0.0
0.0,0.0
0.0,0.0
0.0,0.0
-2.0,11.772165298461914
0.0,0.0
-2.0,2.0
0.0,0.0
0.0,0.0
0.0,0.0
0.0,0.0
0.0,0.0
0.0,0.0
0.0,0.0
0.0,0.0
0.0,0.0
0.0,0.0
0.0,0.0
0.0,0.0
0.0,0.0
-3.799999952316284,10.738643646240234
0.0,0.0
-14.675816535949707,22.21554946899414
0.0,0.0
0.0,0.0
0.0,0.0
0.0,0.0
0.0,0.0
0.0,0.0
0.0,0.0
0.0,0.0
0.0,0.0
0.0,0.0
0.0,0.0
0.0,0.0
0.0,0.0
0.0,0.0
0.0,0.0
0.0,0.0
0.0,0.0
0.0,0.0
0.0,0.0
0.0,0.0
0.0,0.0
0.0,0.0
0.0,0.0
0.0,0.0
0.0,0.0
0.0,0.0
0.0,0.0
0.0,0.0
0.0,0.0
0.0,0.0
0.0,0.0
0.0,0.0
0.0,0.0
0.0,0.0
0.0,0.0
0.0,0.0
0.0,0.0
0.0,0.0
0.0,0.0
0.0,0.0
0.0,0.0
0.0,0.0
0.0,0.0
0.0,0.0
0.0,0.0
0.0,0.0
0.0,0.0
0.0,0.0
0.0,0.0
0.0,0.0
0.0,0.0
0.0,0.0
0.0,0.0
0.0,0.0
0.0,0.0
0.0,0.0
0.0,0.0
0.0,0.0
0.0,0.0
0.0,0.0
0.0,0.0
0.0,0.0
0.0,0.0
0.0,0.0
0.0,0.0
0.0,0.0
0.0,0.0
0.0,0.0
0.0,0.0
