-9.045845031738281,6.260263919830322
0.0,0.0
0.0,0.0
0.0,0.0
0.0,0.0
0.0,0.0
0.0,0.0
0.0,0.0
0.0,0.0
0.0,0.0
0.0,0.0
0.0,0.0
0.0,0.0
0.0,0.0
0.0,0.0
0.0,0.0
0.0,0.0
0.0,0.0
2.000706434249878,34.5644645690918
0.0,0.0
0.0,0.0
0.0,0.0
0.0,0.0
0.0,0.0
0.0,0.0
0.0,0.0
-6.876957893371582,30.191545486450195
0.0,0.0
0.0,0.0
0.0,0.0
0.0,0.0
0.0,0.0
0.0,0.0
0.0,0.0
0.0,0.0
0.0,0.0
0.0,0.0
0.0,0.0
0.0,0.0
0.0,0.0
0.0,0.0
0.0,0.0
0.0,0.0
0.0,0.0
0.0,0.0
0.0,0.0
0.0,0.0
0.0,0.0
0.0,0.0
0.0,0.0
-8.866508483886719,11.111075401306152
0.0,0.0
0.0,0.0
0.0,0.0
-7.7758402824401855,11.106683731079102
0.0,0.0
0.0,0.0
0.0,0.0
-8.882174491882324,11.111104965209961
0.0,0.0
0.0,0.0
0.0,0.0
-5.284006595611572,11.054027557373047
0.0,0.0
0.0,0.0
0.0,0.0
0.0,0.0
0.0,0.0
0.0,0.0
0.0,0.0
0.0,0.0
0.0,0.0
0.0,0.0
0.0,0.0
0.0,0.0
0.0,0.0
0.0,0.0
0.0,0.0
0.0,0.0
0.0,0.0
0.0,0.0
0.0,0.0
-8.897082328796387,11.099174499511719
22.221050262451172,-14.628347396850586
0.0,0.0
0.0,0.0
-5.858503341674805,11.075850486755371
0.0,0.0
0.0,0.0
0.0,0.0
-8.889063835144043,11.11107349395752
22.222209930419922,-17.777761459350586
0.0,0.0
0.0,0.0
-3.42900013923645,6.356335163116455
22.137062072753906,-14.289715766906738
0.0,0.0
0.0,0.0
0.0,0.0
0.0,0.0
0.0,0.0
0.0,0.0
0.0,0.0
0.0,0.0
0.0,0.0
0.0,0.0
0.0,0.0
0.0,0.0
0.0,0.0
0.0,0.0
0.0,0.0
0.0,0.0
0.0,0.0
0.0,0.0
-8.475253105163574,11.108078002929688
22.119384765625,-6.202244758605957
0.0,0.0
0.0,0.0
-7.629814147949219,11.111028671264648
21.60511589050293,-4.984220027923584
0.0,0.0
0.0,0.0
-8.781859397888184,11.111104965209961
22.2157039642334,-14.139647483825684
0.0,0.0
0.0,0.0
-8.222024917602539,11.091065406799316
20.48079490661621,-9.701231002807617
0.0,0.0
0.0,0.0
0.0,0.0
0.0,0.0
0.0,0.0
0.0,0.0
0.0,0.0
0.0,0.0
0.0,0.0
0.0,0.0
0.0,0.0
0.0,0.0
0.0,0.0
0.0,0.0
0.0,0.0
0.0,0.0
0.0,0.0
0.0,0.0
3.0117454528808594,22.587379455566406
22.159679412841797,-17.784103393554688
0.0,0.0
0.0,0.0
0.0,0.0
0.0,0.0
0.0,0.0
0.0,0.0
0.13108402490615845,16.216032028198242
8.354841232299805,0.0
0.0,0.0
0.0,0.0
-4.783610820770264,10.830327987670898
0.0,0.0
0.0,0.0
0.0,0.0
0.0,0.0
0.0,0.0
0.0,0.0
0.0,0.0
0.0,0.0
0.0,0.0
0.0,0.0
0.0,0.0
0.0,0.0
0.0,0.0
0.0,0.0
0.0,0.0
0.0,0.0
0.0,0.0
0.0,0.0
0.0,0.0
0.0,0.0
0.0,0.0
0.0,0.0
0.0,0.0
0.0,0.0
0.0,0.0
0.0,0.0
0.0,0.0
0.0,0.0
0.0,0.0
0.0,0.0
0.0,0.0
0.0,0.0
0.0,0.0
0.0,0.0
0.0,0.0
0.0,0.0
0.0,0.0
0.0,0.0
0.0,0.0
0.0,0.0
0.0,0.0
0.0,0.0
0.0,0.0
0.0,0.0
0.0,0.0
0.0,0.0
0.0,0.0
0.0,0.0
0.0,0.0
0.0,0.0
0.0,0.0
-8.904226303100586,10.957355499267578
0.0,0.0
0.0,0.0
0.0,0.0
0.0,0.0
0.0,0.0
0.0,0.0
0.0,0.0
-8.931836128234863,10.68149185180664
22.222198486328125,-17.7775821685791
0.0,0.0
0.0,0.0
-5.29433012008667,6.533161640167236
0.0,0.0
0.0,0.0
0.0,0.0
0.0,0.0
0.0,0.0
0.0,0.0
0.0,0.0
0.0,0.0
0.0,0.0
0.0,0.0
0.0,0.0
0.0,0.0
0.0,0.0
0.0,0.0
0.0,0.0
0.0,0.0
0.0,0.0
0.0,0.0
0.0,0.0
-8.7474946975708,11.111104965209961
0.0,0.0
0.0,0.0
0.0,0.0
0.0,0.0
0.0,0.0
0.0,0.0
0.0,0.0
-8.907407760620117,11.034711837768555
19.91132164001465,-1.9452379941940308
0.0,0.0
0.0,0.0
-5.327923774719238,9.501033782958984
0.0,0.0
0.0,0.0
0.0,0.0
0.0,0.0
0.0,0.0
0.0,0.0
0.0,0.0
0.0,0.0
0.0,0.0
0.0,0.0
0.0,0.0
0.0,0.0
0.0,0.0
0.0,0.0
0.0,0.0
0.0,0.0
0.0,0.0
0.0,0.0
0.0,0.0
0.0,0.0
0.0,0.0
0.0,0.0
0.0,0.0
0.0,0.0
0.0,0.0
0.0,0.0
0.0,0.0
0.0,0.0
0.0,0.0
0.0,0.0
0.0,0.0
0.0,0.0
0.0,0.0
0.0,0.0
0.0,0.0
0.0,0.0
0.0,0.0
0.0,0.0
0.0,0.0
0.0,0.0
0.0,0.0
0.0,0.0
0.0,0.0
0.0,0.0
0.0,0.0
0.0,0.0
0.0,0.0
0.0,0.0
0.0,0.0
0.0,0.0
0.0,0.0
0.0,0.0
0.0,0.0
0.0,0.0
0.0,0.0
0.0,0.0
0.0,0.0
0.0,0.0
0.0,0.0
0.0,0.0
0.0,0.0
0.0,0.0
0.0,0.0
0.0,0.0
0.0,0.0
-9.928961753845215,-0.13432659208774567
20.11930274963379,3.2442626953125
-9.275679588317871,10.915336608886719
2.0,-2.0
0.0,0.0
0.0,0.0
-1.0,0.0
0.0,0.0
-9.879150390625,1.2518761157989502
21.981910705566406,1.9566365480422974
-9.910840034484863,-7.724715709686279
3.819999933242798,0.0
0.0,0.0
0.0,0.0
0.0,-1.0
0.0,0.0
0.0,0.0
0.0,0.0
0.0,7.876745223999023
2.0,-2.0
0.0,0.0
0.0,0.0
-1.0,1.0
0.0,0.0
0.0,0.0
0.0,0.0
-4.046112537384033,2.7073326110839844
3.819999933242798,0.0
0.0,0.0
0.0,0.0
-1.0,1.0
0.0,0.0
-9.71702766418457,5.535831928253174
21.028039932250977,2.214290142059326
-9.752063751220703,-0.12142201513051987
0.0,0.0
-5.861332416534424,0.9639565944671631
0.0,0.0
-1.0,0.0
0.0,0.0
-9.805865287780762,1.8695435523986816
19.91132164001465,-7.523205757141113
-9.942258834838867,4.747138023376465
5.476200103759766,0.0
-1.7636611461639404,7.850525379180908
0.0,0.0
0.0,5.369321823120117
0.0,-2.0
0.0,0.0
0.0,0.0
-1.909999966621399,2.8059213161468506
0.0,0.0
0.0,0.0
0.0,0.0
-1.0,0.0
0.0,0.0
0.0,0.0
0.0,0.0
-1.909999966621399,5.454344749450684
3.819999933242798,-1.9617999792099
0.0,0.0
0.0,0.0
-3.428983688354492,0.4135833978652954
2.0,0.0
0.0,0.0
0.0,0.0
0.0,0.0
0.0,0.0
0.0,0.0
0.0,0.0
0.0,0.0
0.0,0.0
0.0,0.0
0.0,0.0
0.0,0.0
0.0,0.0
0.0,0.0
0.0,0.0
0.0,0.0
0.0,0.0
0.0,0.0
0.0,0.0
0.0,0.0
0.0,0.0
0.0,0.0
0.0,0.0
0.0,0.0
0.0,0.0
0.0,0.0
0.0,0.0
0.0,0.0
0.0,0.0
0.0,0.0
0.0,0.0
0.0,0.0
0.0,0.0
0.0,0.0
0.0,0.0
0.0,0.0
0.0,0.0
0.0,0.0
0.0,0.0
0.0,0.0
0.0,0.0
0.0,0.0
0.0,0.0
0.0,0.0
0.0,0.0
0.0,0.0
0.0,0.0
0.0,0.0
0.0,0.0
0.0,0.0
0.0,0.0
0.0,0.0
0.0,0.0
0.0,0.0
0.0,0.0
0.0,0.0
0.0,0.0
0.0,0.0
0.0,0.0
0.0,0.0
0.0,0.0
0.0,0.0
0.0,0.0
0.0,0.0
0.0,0.0
0.0,0.0
0.0,0.0
-3.4778361320495605,-3.7746758460998535
0.0,0.0
0.0,0.0
0.0,0.0
0.0,0.0
0.0,0.0
-10.532767295837402,-5.346477031707764
0.0,0.0
-10.876075744628906,-7.964168071746826
0.0,0.0
0.0,0.0
0.0,0.0
-1.0,-1.0
0.0,0.0
0.0,0.0
0.0,0.0
-10.08000659942627,-0.800554096698761
0.0,0.0
0.0,0.0
0.0,0.0
0.0,0.0
0.0,0.0
0.0,0.0
0.0,0.0
-9.77092456817627,2.2925221920013428
0.0,0.0
0.0,0.0
0.0,0.0
-6.410176753997803,0.625863790512085
0.0,0.0
0.0,0.0
0.0,0.0
-1.0,-0.09000000357627869
0.0,0.0
0.0,0.0
0.0,0.0
0.0,0.0
0.0,0.0
-10.644800186157227,-7.294033050537109
0.0,0.0
-10.98543930053711,2.4336283206939697
0.0,0.0
0.0,0.0
0.0,0.0
0.0,0.0
0.0,0.0
0.0,0.0
0.0,0.0
-3.4833900928497314,-1.7593775987625122
0.0,0.0
0.0,0.0
0.0,0.0
0.0,0.0
0.0,0.0
0.0,0.0
0.0,0.0
-9.830942153930664,0.2495417445898056
0.0,0.0
0.0,0.0
0.0,0.0
-2.6841893196105957,2.9726672172546387
0.0,0.0
0.0,0.0
0.0,0.0
0.0,0.0
0.0,0.0
0.0,0.0
0.0,0.0
0.0,0.0
0.0,0.0
0.0,0.0
0.0,0.0
0.0,0.0
0.0,0.0
0.0,0.0
0.0,0.0
0.0,0.0
0.0,0.0
0.0,0.0
0.0,0.0
-17.786182403564453,22.130718231201172
11.097281455993652,-7.2892842292785645
0.0,0.0
0.0,0.0
0.0,0.0
0.0,0.0
0.0,0.0
0.0,0.0
-17.714948654174805,22.076387405395508
10.785244941711426,-1.8002359867095947
0.0,0.0
0.0,0.0
0.0,0.0
0.0,0.0
0.0,0.0
0.0,0.0
0.0,0.0
0.0,0.0
0.0,0.0
0.0,0.0
0.0,0.0
0.0,0.0
0.0,0.0
0.0,0.0
0.0,0.0
0.0,0.0
0.0,0.0
0.0,0.0
0.0,0.0
0.0,0.0
0.0,0.0
0.0,0.0
-17.72503089904785,22.193593978881836
11.111104965209961,-8.65095329284668
0.0,0.0
0.0,0.0
-1.7999999523162842,3.163341760635376
0.0,0.0
0.0,0.0
0.0,0.0
-17.81454849243164,21.901966094970703
10.978839874267578,-7.717250823974609
0.0,0.0
0.0,0.0
-3.5500850677490234,6.724264144897461
0.0,0.0
0.0,0.0
0.0,0.0
0.0,0.0
0.0,0.0
0.0,0.0
0.0,0.0
0.0,0.0
0.0,0.0
0.0,0.0
0.0,0.0
0.0,0.0
0.0,0.0
0.0,0.0
0.0,0.0
0.0,0.0
0.0,0.0
0.0,0.0
0.0,0.0
0.0,0.0
0.0,0.0
0.0,0.0
0.0,0.0
0.0,0.0
0.0,0.0
0.0,0.0
0.0,0.0
0.0,0.0
0.0,0.0
0.0,0.0
0.0,0.0
0.0,0.0
0.0,0.0
0.0,0.0
0.0,0.0
0.0,0.0
0.0,0.0
0.0,0.0
0.0,0.0
0.0,0.0
0.0,0.0
0.0,0.0
0.0,0.0
0.0,0.0
0.0,0.0
0.0,0.0
0.0,0.0
0.0,0.0
0.0,0.0
0.0,0.0
0.0,0.0
0.0,0.0
0.0,0.0
0.0,0.0
0.0,0.0
0.0,0.0
0.0,0.0
0.0,0.0
0.0,0.0
0.0,0.0
0.0,0.0
0.0,0.0
0.0,0.0
0.0,0.0
0.0,0.0
0.0,0.0
0.0,0.0
0.0,0.0
0.0,0.0
0.0,0.0
0.0,0.0
0.0,0.0
0.0,0.0
0.0,0.0
0.0,0.0
0.0,0.0
0.0,0.0
0.0,0.0
0.0,0.0
0.0,0.0
0.0,0.0
0.0,0.0
0.0,0.0
-17.777767181396484,22.222209930419922
3.491671085357666,-1.0
0.0,0.0
0.0,0.0
0.0,0.0
0.0,0.0
0.0,0.0
0.0,0.0
-17.777767181396484,22.222209930419922
3.491671085357666,-0.9650833010673523
0.0,0.0
0.0,0.0
0.0,0.0
0.0,0.0
0.0,0.0
0.0,0.0
0.0,0.0
0.0,0.0
0.0,0.0
0.0,0.0
0.0,0.0
0.0,0.0
0.0,0.0
0.0,0.0
0.0,0.0
0.0,0.0
0.0,0.0
0.0,0.0
0.0,0.0
0.0,0.0
0.0,0.0
0.0,0.0
-14.046899795532227,22.20508575439453
10.318761825561523,-1.7962696552276611
0.0,0.0
0.0,0.0
0.0,0.0
0.0,0.0
0.0,0.0
0.0,0.0
-17.779090881347656,22.21270179748535
10.154282569885254,-2.5133683681488037
0.0,0.0
0.0,0.0
0.0,0.0
0.0,0.0
0.0,0.0
0.0,0.0
0.0,0.0
0.0,0.0
0.0,0.0
0.0,0.0
0.0,0.0
0.0,0.0
0.0,0.0
0.0,0.0
0.0,0.0
0.0,0.0
0.0,0.0
0.0,0.0
0.0,0.0
0.0,0.0
0.0,0.0
0.0,0.0
0.0,0.0
0.0,0.0
0.0,0.0
0.0,0.0
0.0,0.0
0.0,0.0
0.0,0.0
0.0,0.0
0.0,0.0
0.0,0.0
0.0,0.0
0.0,0.0
0.0,0.0
0.0,0.0
0.0,0.0
0.0,0.0
0.0,0.0
0.0,0.0
0.0,0.0
0.0,0.0
0.0,0.0
0.0,0.0
0.0,0.0
0.0,0.0
0.0,0.0
0.0,0.0
0.0,0.0
0.0,0.0
0.0,0.0
0.0,0.0
0.0,0.0
0.0,0.0
0.0,0.0
0.0,0.0
0.0,0.0
0.0,0.0
0.0,0.0
0.0,0.0
0.0,0.0
0.0,0.0
0.0,0.0
0.0,0.0
0.0,0.0
0.0,0.0
0.0,0.0
0.0,0.0
-8.927546501159668,19.431617736816406
0.0,0.0
-3.6463146209716797,16.28795623779297
0.0,0.0
0.0,0.0
0.0,0.0
0.0,0.0
0.0,0.0
-11.168785095214844,22.0722599029541
1.0,0.0
-2.0,6.983342170715332
0.0,0.0
0.0,0.0
0.0,0.0
0.0,0.0
0.0,0.0
-8.919718742370605,19.682771682739258
0.0,0.0
-15.737587928771973,22.222209930419922
0.0,0.0
0.0,0.0
0.0,0.0
0.0,0.0
0.0,0.0
-10.52395248413086,22.085756301879883
1.0,0.0
-16.393232345581055,22.222209930419922
3.491671085357666,0.0
0.0,0.0
0.0,0.0
0.0,0.0
0.0,0.0
-4.941310882568359,20.308565139770508
0.0,0.0
-2.0,15.701050758361816
0.0,0.0
0.0,2.0
0.0,0.0
0.0,0.0
0.0,0.0
-12.926016807556152,22.128639221191406
0.0,0.0
-2.0,12.71267032623291
0.0,0.0
-3.799999952316284,0.0
0.0,0.0
0.0,0.0
0.0,0.0
-7.721715927124023,20.48079490661621
0.0,0.0
-15.179972648620605,22.182600021362305
0.0,0.0
-2.0,0.0
0.0,0.0
-2.0,2.0
0.0,0.0
-12.196279525756836,22.109214782714844
0.0,0.0
-16.86336898803711,22.222166061401367
0.0,0.0
-2.0,2.0
0.0,0.0
-3.7039709091186523,9.6029052734375
0.0,0.0
0.0,0.0
0.0,0.0
0.0,0.0
0.0,0.0
0.0,0.0
0.0,0.0
0.0,0.0
0.0,0.0
0.0,0.0
0.0,0.0
0.0,0.0
0.0,0.0
0.0,0.0
0.0,0.0
0.0,0.0
0.0,0.0
0.0,0.0
0.0,0.0
0.0,0.0
0.0,0.0
0.0,0.0
0.0,0.0
0.0,0.0
0.0,0.0
0.0,0.0
0.0,0.0
0.0,0.0
0.0,0.0
0.0,0.0
0.0,0.0
0.0,0.0
0.0,0.0
0.0,0.0
0.0,0.0
0.0,0.0
0.0,0.0
0.0,0.0
0.0,0.0
0.0,0.0
0.0,0.0
0.0,0.0
0.0,0.0
0.0,0.0
0.0,0.0
0.0,0.0
0.0,0.0
0.0,0.0
0.0,0.0
0.0,0.0
0.0,0.0
0.0,0.0
0.0,0.0
0.0,0.0
0.0,0.0
0.0,0.0
0.0,0.0
0.0,0.0
0.0,0.0
0.0,0.0
0.0,0.0
0.0,0.0
0.0,0.0
0.0,0.0
0.0,0.0
0.0,0.0
0.0,0.0
0.0,0.0
0.0,0.0
0.0,0.0
0.0,0.0
0.0,0.0
0.0,0.0
-3.7301666736602783,11.772165298461914
0.0,0.0
0.0,8.354841232299805
0.0,0.0
0.0,0.0
0.0,0.0
0.0,0.0
0.0,0.0
0.0,0.0
0.0,0.0
-17.777692794799805,22.222209930419922
0.0,0.0
0.0,0.0
0.0,0.0
0.0,0.0
0.0,0.0
-2.0,10.738643646240234
0.0,0.0
-17.7617130279541,22.222209930419922
0.0,0.0
0.0,0.0
0.0,0.0
0.0,0.0
0.0,0.0
0.0,0.0
0.0,0.0
0.0,0.0
0.0,0.0
0.0,0.0
0.0,0.0
0.0,0.0
0.0,0.0
-2.0,2.0
0.0,0.0
0.0,0.0
0.0,0.0
0.0,0.0
0.0,0.0
0.0,0.0
0.0,0.0
0.0,0.0
0.0,0.0
0.0,3.819999933242798
0.0,0.0
0.0,0.0
0.0,0.0
0.0,0.0
0.0,0.0
-2.0,5.476200103759766
0.0,0.0
0.0,8.354841232299805
0.0,0.0
0.0,0.0
0.0,0.0
0.0,0.0
0.0,0.0
0.0,0.0
0.0,0.0
0.0,0.0
0.0,0.0
0.0,0.0
0.0,0.0
0.0,0.0
0.0,0.0
0.0,0.0
0.0,0.0
0.0,0.0
0.0,0.0
0.0,0.0
0.0,0.0
0.0,0.0
0.0,0.0
0.0,0.0
0.0,0.0
0.0,0.0
0.0,0.0
0.0,0.0
0.0,0.0
0.0,0.0
0.0,0.0
0.0,0.0
0.0,0.0
0.0,0.0
0.0,0.0
0.0,0.0
0.0,0.0
0.0,0.0
0.0,0.0
0.0,0.0
0.0,0.0
0.0,0.0
0.0,0.0
0.0,0.0
0.0,0.0
0.0,0.0
0.0,0.0
0.0,0.0
0.0,0.0
0.0,0.0
0.0,0.0
0.0,0.0
0.0,0.0
0.0,0.0
0.0,0.0
0.0,0.0
0.0,0.0
0.0,0.0
0.0,0.0
0.0,0.0
0.0,0.0
0.0,0.0
0.0,0.0
0.0,0.0
0.0,0.0
0.0,0.0
0.0,0.0
0.0,0.0
0.0,0.0
0.0,0.0
0.0,0.0
