-9.685203552246094,6.01006555557251
0.0,0.0
0.0,0.0
0.0,0.0
0.0,0.0
0.0,0.0
0.0,0.0
0.0,0.0
0.0,0.0
0.0,0.0
0.0,0.0
0.0,0.0
0.0,0.0
0.0,0.0
0.0,0.0
0.0,0.0
0.0,0.0
0.0,0.0
1.8128578662872314,26.355615615844727
8.354841232299805,-1.9617999792099
0.0,0.0
0.0,0.0
0.0,0.0
0.0,0.0
0.0,0.0
0.0,0.0
-6.096461772918701,28.28610610961914
0.0,0.0
0.0,0.0
0.0,0.0
-2.608839988708496,8.143978118896484
0.0,0.0
0.0,0.0
0.0,0.0
0.0,0.0
0.0,0.0
0.0,0.0
0.0,0.0
0.0,0.0
0.0,0.0
0.0,0.0
0.0,0.0
0.0,0.0
0.0,0.0
0.0,0.0
0.0,0.0
0.0,0.0
0.0,0.0
0.0,0.0
0.0,0.0
-8.888896942138672,11.111104965209961
0.0,0.0
0.0,0.0
0.0,0.0
-8.401719093322754,11.111105918884277
0.0,0.0
0.0,0.0
0.0,0.0
-8.889559745788574,11.111088752746582
0.0,0.0
0.0,0.0
0.0,0.0
-8.442300796508789,11.109542846679688
0.0,0.0
0.0,0.0
0.0,0.0
0.0,0.0
0.0,0.0
0.0,0.0
0.0,0.0
0.0,0.0
0.0,0.0
0.0,0.0
0.0,0.0
0.0,0.0
0.0,0.0
0.0,0.0
0.0,0.0
0.0,0.0
0.0,0.0
0.0,0.0
0.0,0.0
-8.889089584350586,11.111105918884277
22.222211837768555,-17.217958450317383
0.0,0.0
0.0,0.0
-7.258157730102539,10.668132781982422
14.347362518310547,0.0
0.0,0.0
0.0,0.0
-8.907248497009277,10.547245025634766
22.199573516845703,-17.79381561279297
0.0,0.0
0.0,0.0
-8.249067306518555,10.87617015838623
22.22216796875,-16.359710693359375
0.0,0.0
0.0,0.0
0.0,0.0
0.0,0.0
0.0,0.0
0.0,0.0
0.0,0.0
0.0,0.0
0.0,0.0
0.0,0.0
0.0,0.0
0.0,0.0
0.0,0.0
0.0,0.0
0.0,0.0
0.0,0.0
0.0,0.0
0.0,0.0
-8.724499702453613,9.975345611572266
22.1782169342041,-15.230399131774902
0.0,0.0
0.0,0.0
-7.974182605743408,11.111100196838379
22.194761276245117,-15.643986701965332
0.0,0.0
0.0,0.0
-8.888898849487305,11.111105918884277
22.222211837768555,-16.099960327148438
0.0,0.0
0.0,0.0
-8.798043251037598,11.111105918884277
22.22212791442871,-16.874801635742188
0.0,0.0
0.0,0.0
0.0,0.0
0.0,0.0
0.0,0.0
0.0,0.0
0.0,0.0
0.0,0.0
0.0,0.0
0.0,0.0
0.0,0.0
0.0,0.0
0.0,0.0
0.0,0.0
0.0,0.0
0.0,0.0
0.0,0.0
0.0,0.0
-1.0825347900390625,19.290306091308594
22.222204208374023,-17.77809715270996
0.0,0.0
0.0,0.0
0.0,0.0
0.0,0.0
0.0,0.0
0.0,0.0
-6.976183891296387,23.45401382446289
3.819999933242798,0.0
0.0,0.0
0.0,0.0
-3.9344799518585205,10.830327987670898
0.0,0.0
0.0,0.0
0.0,0.0
0.0,0.0
0.0,0.0
0.0,0.0
0.0,0.0
0.0,0.0
0.0,0.0
0.0,0.0
0.0,0.0
0.0,0.0
0.0,0.0
0.0,0.0
0.0,0.0
0.0,0.0
0.0,0.0
0.0,0.0
0.0,0.0
0.0,0.0
0.0,0.0
0.0,0.0
0.0,0.0
0.0,0.0
0.0,0.0
0.0,0.0
0.0,0.0
0.0,0.0
0.0,0.0
0.0,0.0
0.0,0.0
0.0,0.0
0.0,0.0
0.0,0.0
0.0,0.0
0.0,0.0
0.0,0.0
0.0,0.0
0.0,0.0
0.0,0.0
0.0,0.0
0.0,0.0
0.0,0.0
0.0,0.0
0.0,0.0
0.0,0.0
0.0,0.0
0.0,0.0
0.0,0.0
0.0,0.0
0.0,0.0
-8.912284851074219,10.878664016723633
0.0,0.0
0.0,0.0
0.0,0.0
0.0,0.0
0.0,0.0
0.0,0.0
0.0,0.0
-8.914381980895996,10.547887802124023
22.222211837768555,-17.77777099609375
0.0,0.0
0.0,0.0
-9.162452697753906,5.345872402191162
0.0,0.0
0.0,0.0
0.0,0.0
0.0,0.0
0.0,0.0
0.0,0.0
0.0,0.0
0.0,0.0
0.0,0.0
0.0,0.0
0.0,0.0
0.0,0.0
0.0,0.0
0.0,0.0
0.0,0.0
0.0,0.0
0.0,0.0
0.0,0.0
0.0,0.0
-8.889120101928711,11.111105918884277
0.0,0.0
0.0,0.0
0.0,0.0
0.0,0.0
0.0,0.0
0.0,0.0
0.0,0.0
-8.994405746459961,10.14991569519043
22.222070693969727,-16.219600677490234
0.0,0.0
0.0,0.0
-8.14987850189209,10.21807861328125
0.0,0.0
0.0,0.0
0.0,0.0
0.0,0.0
0.0,0.0
0.0,0.0
0.0,0.0
0.0,0.0
0.0,0.0
0.0,0.0
0.0,0.0
0.0,0.0
0.0,0.0
0.0,0.0
0.0,0.0
0.0,0.0
0.0,0.0
0.0,0.0
0.0,0.0
0.0,0.0
0.0,0.0
0.0,0.0
0.0,0.0
0.0,0.0
0.0,0.0
0.0,0.0
0.0,0.0
0.0,0.0
0.0,0.0
0.0,0.0
0.0,0.0
0.0,0.0
0.0,0.0
0.0,0.0
0.0,0.0
0.0,0.0
0.0,0.0
0.0,0.0
0.0,0.0
0.0,0.0
0.0,0.0
0.0,0.0
0.0,0.0
0.0,0.0
0.0,0.0
0.0,0.0
0.0,0.0
0.0,0.0
0.0,0.0
0.0,0.0
0.0,0.0
0.0,0.0
0.0,0.0
0.0,0.0
0.0,0.0
0.0,0.0
0.0,0.0
0.0,0.0
0.0,0.0
0.0,0.0
0.0,0.0
0.0,0.0
0.0,0.0
0.0,0.0
0.0,0.0
-10.5122652053833,0.9001497626304626
22.20339012145996,10.223872184753418
-9.50269889831543,8.828669548034668
6.983342170715332,-1.9617999792099
0.0,0.0
0.0,0.0
-1.0,1.0
0.0,0.0
-10.100749969482422,2.5512502193450928
22.2221736907959,2.387993812561035
-9.806742668151855,-0.27861592173576355
8.354841232299805,0.0
0.0,0.0
0.0,0.0
-0.9900000095367432,3.2943108081817627
0.0,0.0
0.0,0.0
0.0,0.0
-5.453462600708008,8.902955055236816
3.819999933242798,-1.9617999792099
0.0,0.0
0.0,0.0
-1.899999976158142,0.09000000357627869
0.0,0.0
0.0,0.0
0.0,0.0
-7.391103267669678,4.850043296813965
3.8334333896636963,1.476199984550476
0.0,0.0
0.0,0.0
-1.8782258033752441,5.5385212898254395
0.0,0.0
-9.367433547973633,8.823927879333496
22.214889526367188,-8.53023910522461
-9.545270919799805,10.973543167114258
5.476200103759766,-2.0
-6.497586250305176,2.74770188331604
0.0,0.0
0.0,0.0
0.0,0.0
-9.90675163269043,5.573967456817627
22.222211837768555,-4.320683479309082
-9.631322860717773,1.4527809619903564
6.983342170715332,-1.4199999570846558
-6.342373371124268,-0.8573725819587708
6.983342170715332,-2.0
-1.8653327226638794,3.4667224884033203
5.476200103759766,0.0
0.0,0.0
0.0,0.0
-1.8582258224487305,2.4098830223083496
3.819999933242798,-1.9617999792099
0.0,0.0
0.0,0.0
-1.0,1.0
0.0,0.0
0.0,0.0
0.0,0.0
-5.0941925048828125,6.1544108390808105
2.0,-2.125620126724243
0.0,0.0
0.0,0.0
-4.489330291748047,5.030395984649658
8.354841232299805,-2.0
0.0,0.0
0.0,0.0
0.0,0.0
0.0,0.0
0.0,0.0
0.0,0.0
0.0,0.0
0.0,0.0
0.0,0.0
0.0,0.0
0.0,0.0
0.0,0.0
0.0,0.0
0.0,0.0
0.0,0.0
0.0,0.0
0.0,0.0
0.0,0.0
0.0,0.0
0.0,0.0
0.0,0.0
0.0,0.0
0.0,0.0
0.0,0.0
0.0,0.0
0.0,0.0
0.0,0.0
0.0,0.0
0.0,0.0
0.0,0.0
0.0,0.0
0.0,0.0
0.0,0.0
0.0,0.0
0.0,0.0
0.0,0.0
0.0,0.0
0.0,0.0
0.0,0.0
0.0,0.0
0.0,0.0
0.0,0.0
0.0,0.0
0.0,0.0
0.0,0.0
0.0,0.0
0.0,0.0
0.0,0.0
0.0,0.0
0.0,0.0
0.0,0.0
0.0,0.0
0.0,0.0
0.0,0.0
0.0,0.0
0.0,0.0
0.0,0.0
0.0,0.0
0.0,0.0
0.0,0.0
0.0,0.0
0.0,0.0
0.0,0.0
0.0,0.0
0.0,0.0
0.0,0.0
-5.226032257080078,-0.6974053382873535
0.0,0.0
0.0,0.0
0.0,0.0
0.0,0.0
0.0,0.0
-10.633599281311035,-6.7433762550354
0.0,0.0
-10.666635513305664,3.072809934616089
0.0,0.0
0.0,0.0
0.0,0.0
-1.909999966621399,-2.738100051879883
0.0,0.0
0.0,0.0
0.0,0.0
-10.177067756652832,-1.6218677759170532
0.0,0.0
0.0,0.0
0.0,0.0
0.0,0.0
0.0,0.0
0.0,1.909999966621399
0.0,0.0
-9.80078411102295,2.053574800491333
0.0,0.0
0.0,0.0
0.0,0.0
-7.629399299621582,-0.36298927664756775
0.0,0.0
0.0,0.0
0.0,0.0
-1.8782258033752441,2.981452703475952
0.0,0.0
0.0,0.0
0.0,0.0
0.0,0.0
0.0,0.0
-10.601218223571777,-8.777044296264648
0.0,0.0
-10.464710235595703,1.890167474746704
0.0,0.0
0.0,0.0
0.0,0.0
0.0,0.0
0.0,0.0
0.0,0.0
0.0,0.0
-3.875976800918579,6.845896244049072
0.0,0.0
0.0,0.0
0.0,0.0
0.0,0.0
0.0,0.0
-1.0,0.0
0.0,0.0
-9.970297813415527,4.163729190826416
0.0,0.0
0.0,0.0
0.0,0.0
-3.3666205406188965,6.464043140411377
0.0,0.0
0.0,0.0
0.0,0.0
0.0,0.0
0.0,0.0
0.0,0.0
0.0,0.0
0.0,0.0
0.0,0.0
0.0,0.0
0.0,0.0
0.0,0.0
0.0,0.0
0.0,0.0
0.0,0.0
0.0,0.0
0.0,0.0
0.0,0.0
0.0,0.0
-17.740943908691406,22.188297271728516
11.111105918884277,-8.527379989624023
0.0,0.0
0.0,0.0
0.0,0.0
0.0,0.0
0.0,0.0
0.0,0.0
-16.09824562072754,22.15234375
11.111105918884277,-8.885293006896973
0.0,0.0
0.0,0.0
0.0,0.0
0.0,0.0
0.0,0.0
0.0,0.0
0.0,0.0
0.0,0.0
0.0,0.0
0.0,0.0
0.0,0.0
0.0,0.0
0.0,0.0
0.0,0.0
0.0,0.0
0.0,0.0
0.0,0.0
0.0,0.0
0.0,0.0
0.0,0.0
0.0,0.0
0.0,0.0
-17.778850555419922,22.118927001953125
11.111105918884277,-8.853057861328125
0.0,0.0
0.0,0.0
-1.7818000316619873,13.491503715515137
0.0,0.0
0.0,0.0
0.0,0.0
-17.428354263305664,21.096675872802734
11.057363510131836,-8.894111633300781
0.0,0.0
0.0,0.0
-3.487316370010376,8.738643646240234
0.0,0.0
0.0,0.0
0.0,0.0
0.0,0.0
0.0,0.0
0.0,0.0
0.0,0.0
0.0,0.0
0.0,0.0
0.0,0.0
0.0,0.0
0.0,0.0
0.0,0.0
0.0,0.0
0.0,0.0
0.0,0.0
0.0,0.0
0.0,0.0
0.0,0.0
0.0,0.0
0.0,0.0
0.0,0.0
0.0,0.0
0.0,0.0
0.0,0.0
0.0,0.0
0.0,0.0
0.0,0.0
0.0,0.0
0.0,0.0
0.0,0.0
0.0,0.0
0.0,0.0
0.0,0.0
0.0,0.0
0.0,0.0
0.0,0.0
0.0,0.0
0.0,0.0
0.0,0.0
0.0,0.0
0.0,0.0
0.0,0.0
0.0,0.0
0.0,0.0
0.0,0.0
0.0,0.0
0.0,0.0
0.0,0.0
0.0,0.0
0.0,0.0
0.0,0.0
0.0,0.0
0.0,0.0
0.0,0.0
0.0,0.0
0.0,0.0
0.0,0.0
0.0,0.0
0.0,0.0
0.0,0.0
0.0,0.0
0.0,0.0
0.0,0.0
0.0,0.0
0.0,0.0
0.0,0.0
0.0,0.0
0.0,0.0
0.0,0.0
0.0,0.0
0.0,0.0
0.0,0.0
0.0,0.0
0.0,0.0
0.0,0.0
0.0,0.0
0.0,0.0
0.0,0.0
0.0,0.0
0.0,0.0
0.0,0.0
0.0,0.0
-17.77777099609375,22.222211837768555
8.411020278930664,-2.5785555839538574
0.0,0.0
0.0,0.0
0.0,0.0
0.0,0.0
0.0,0.0
0.0,0.0
-17.77777099609375,22.222211837768555
11.107444763183594,-7.298312664031982
0.0,0.0
0.0,0.0
0.0,0.0
0.0,0.0
0.0,0.0
0.0,0.0
0.0,0.0
0.0,0.0
0.0,0.0
0.0,0.0
0.0,0.0
0.0,0.0
0.0,0.0
0.0,0.0
0.0,0.0
0.0,0.0
0.0,0.0
0.0,0.0
0.0,0.0
0.0,0.0
0.0,0.0
0.0,0.0
-17.723976135253906,21.18869400024414
8.65402889251709,-4.395412445068359
0.0,0.0
0.0,0.0
0.0,0.0
0.0,0.0
0.0,0.0
0.0,0.0
-17.777788162231445,22.222204208374023
11.110132217407227,-7.666983604431152
0.0,0.0
0.0,0.0
0.0,0.0
0.0,0.0
0.0,0.0
0.0,0.0
0.0,0.0
0.0,0.0
0.0,0.0
0.0,0.0
0.0,0.0
0.0,0.0
0.0,0.0
0.0,0.0
0.0,0.0
0.0,0.0
0.0,0.0
0.0,0.0
0.0,0.0
0.0,0.0
0.0,0.0
0.0,0.0
0.0,0.0
0.0,0.0
0.0,0.0
0.0,0.0
0.0,0.0
0.0,0.0
0.0,0.0
0.0,0.0
0.0,0.0
0.0,0.0
0.0,0.0
0.0,0.0
0.0,0.0
0.0,0.0
0.0,0.0
0.0,0.0
0.0,0.0
0.0,0.0
0.0,0.0
0.0,0.0
0.0,0.0
0.0,0.0
0.0,0.0
0.0,0.0
0.0,0.0
0.0,0.0
0.0,0.0
0.0,0.0
0.0,0.0
0.0,0.0
0.0,0.0
0.0,0.0
0.0,0.0
0.0,0.0
0.0,0.0
0.0,0.0
0.0,0.0
0.0,0.0
0.0,0.0
0.0,0.0
0.0,0.0
0.0,0.0
0.0,0.0
0.0,0.0
0.0,0.0
0.0,0.0
-11.92557430267334,22.0722599029541
2.738100051879883,0.0
-9.829042434692383,21.32232093811035
1.909999966621399,0.0
0.0,0.0
0.0,0.0
0.0,0.0
0.0,0.0
-16.112045288085938,22.222150802612305
1.0,-0.9900000095367432
-7.696220874786377,17.30805778503418
0.0,0.0
0.0,0.0
0.0,0.0
0.0,0.0
0.0,0.0
-11.808736801147461,22.085756301879883
2.738100051879883,-0.9900000095367432
-17.765962600708008,22.222211837768555
10.661160469055176,-5.246561050415039
0.0,0.0
0.0,0.0
0.0,0.0
0.0,0.0
-14.267144203186035,22.222185134887695
1.909999966621399,0.0
-17.77770233154297,22.222211837768555
8.143978118896484,-2.5460586547851562
0.0,0.0
0.0,0.0
0.0,0.0
0.0,0.0
-15.26797103881836,22.128639221191406
2.738100051879883,0.0
-10.366207122802734,21.60511589050293
0.0,0.0
-2.0,0.0
0.0,0.0
0.0,0.0
0.0,0.0
-15.887236595153809,22.22159194946289
1.909999966621399,0.0
-9.9674072265625,17.75033187866211
0.0,0.0
-1.7799999713897705,8.354841232299805
0.0,0.0
0.0,0.0
0.0,0.0
-14.42478084564209,22.151700973510742
1.909999966621399,-0.9900000095367432
-17.777238845825195,22.222211837768555
7.173681259155273,-1.774950385093689
-2.0,0.0
0.0,0.0
-3.7301666736602783,6.983342170715332
0.0,0.0
-15.423272132873535,22.221649169921875
1.909999966621399,0.0
-17.77664566040039,22.222211837768555
9.577812194824219,-3.896036386489868
-2.0,6.983342170715332
0.0,0.0
-3.617419958114624,17.75033187866211
0.0,0.0
0.0,0.0
0.0,0.0
0.0,0.0
0.0,0.0
0.0,0.0
0.0,0.0
0.0,0.0
0.0,0.0
0.0,0.0
0.0,0.0
0.0,0.0
0.0,0.0
0.0,0.0
0.0,0.0
0.0,0.0
0.0,0.0
0.0,0.0
0.0,0.0
0.0,0.0
0.0,0.0
0.0,0.0
0.0,0.0
0.0,0.0
0.0,0.0
0.0,0.0
0.0,0.0
0.0,0.0
0.0,0.0
0.0,0.0
0.0,0.0
0.0,0.0
0.0,0.0
0.0,0.0
0.0,0.0
0.0,0.0
0.0,0.0
0.0,0.0
0.0,0.0
0.0,0.0
0.0,0.0
0.0,0.0
0.0,0.0
0.0,0.0
0.0,0.0
0.0,0.0
0.0,0.0
0.0,0.0
0.0,0.0
0.0,0.0
0.0,0.0
0.0,0.0
0.0,0.0
0.0,0.0
0.0,0.0
0.0,0.0
0.0,0.0
0.0,0.0
0.0,0.0
0.0,0.0
0.0,0.0
0.0,0.0
0.0,0.0
0.0,0.0
0.0,0.0
0.0,0.0
0.0,0.0
0.0,0.0
0.0,0.0
0.0,0.0
0.0,0.0
0.0,0.0
0.0,0.0
-8.845271110534668,17.30805778503418
0.0,0.0
-3.799999952316284,5.476200103759766
0.0,0.0
0.0,0.0
0.0,0.0
0.0,0.0
0.0,0.0
0.0,0.0
0.0,0.0
-17.77777099609375,22.222211837768555
0.0,0.0
0.0,0.0
0.0,0.0
0.0,0.0
0.0,0.0
-7.91150426864624,17.75033187866211
0.0,0.0
-17.77777099609375,22.222211837768555
0.0,0.0
0.0,0.0
0.0,0.0
0.0,0.0
0.0,0.0
0.0,0.0
0.0,0.0
0.0,0.0
0.0,0.0
0.0,0.0
0.0,0.0
0.0,0.0
0.0,0.0
-2.0,2.0
0.0,0.0
-2.0,0.0
0.0,0.0
0.0,0.0
0.0,0.0
0.0,0.0
0.0,0.0
0.0,0.0
0.0,0.0
0.0,0.0
0.0,0.0
0.0,0.0
0.0,0.0
0.0,0.0
0.0,0.0
-2.0,0.0
0.0,0.0
-9.750946044921875,20.637523651123047
0.0,0.0
0.0,0.0
0.0,0.0
0.0,0.0
0.0,0.0
0.0,0.0
0.0,0.0
0.0,0.0
0.0,0.0
0.0,0.0
0.0,0.0
0.0,0.0
0.0,0.0
0.0,0.0
0.0,0.0
0.0,0.0
0.0,0.0
0.0,0.0
0.0,0.0
0.0,0.0
0.0,0.0
0.0,0.0
0.0,0.0
0.0,0.0
0.0,0.0
0.0,0.0
0.0,0.0
0.0,0.0
0.0,0.0
0.0,0.0
0.0,0.0
0.0,0.0
0.0,0.0
0.0,0.0
0.0,0.0
0.0,0.0
0.0,0.0
0.0,0.0
0.0,0.0
0.0,0.0
0.0,0.0
0.0,0.0
0.0,0.0
0.0,0.0
0.0,0.0
0.0,0.0
0.0,0.0
0.0,0.0
0.0,0.0
0.0,0.0
0.0,0.0
0.0,0.0
0.0,0.0
0.0,0.0
0.0,0.0
0.0,0.0
0.0,0.0
0.0,0.0
0.0,0.0
0.0,0.0
0.0,0.0
0.0,0.0
0.0,0.0
0.0,0.0
0.0,0.0
0.0,0.0
0.0,0.0
0.0,0.0
0.0,0.0
