-6.783520221710205,4.623401641845703
0.0,0.0
0.0,0.0
0.0,0.0
0.0,0.0
0.0,0.0
0.0,0.0
0.0,0.0
0.0,0.0
0.0,0.0
0.0,0.0
0.0,0.0
0.0,0.0
0.0,0.0
0.0,0.0
0.0,0.0
0.0,0.0
0.0,0.0
15.524962425231934,29.711387634277344
21.32232093811035,-5.036457538604736
0.0,0.0
0.0,0.0
0.0,0.0
0.0,0.0
0.0,0.0
0.0,0.0
10.803556442260742,29.483074188232422
18.5190486907959,-6.584743499755859
0.0,0.0
0.0,0.0
-2.608839988708496,8.65402889251709
0.0,0.0
0.0,0.0
0.0,0.0
0.0,0.0
0.0,0.0
0.0,0.0
0.0,0.0
0.0,0.0
0.0,0.0
0.0,0.0
0.0,0.0
0.0,0.0
0.0,0.0
0.0,0.0
0.0,0.0
0.0,0.0
0.0,0.0
0.0,0.0
0.0,0.0
-8.889068603515625,11.111099243164062
0.0,0.0
0.0,0.0
0.0,0.0
-8.888845443725586,11.111083984375
0.0,0.0
0.0,0.0
0.0,0.0
-8.88952350616455,11.111092567443848
0.0,0.0
0.0,0.0
0.0,0.0
-8.850357055664062,11.110998153686523
0.0,0.0
0.0,0.0
0.0,0.0
0.0,0.0
0.0,0.0
0.0,0.0
0.0,0.0
0.0,0.0
0.0,0.0
0.0,0.0
0.0,0.0
0.0,0.0
0.0,0.0
0.0,0.0
0.0,0.0
0.0,0.0
0.0,0.0
0.0,0.0
0.0,0.0
-8.89108943939209,11.111104965209961
22.222211837768555,-17.754514694213867
0.0,0.0
0.0,0.0
-8.324578285217285,11.110147476196289
18.152801513671875,0.0
0.0,0.0
0.0,0.0
-8.91889762878418,10.881917953491211
22.05742835998535,-17.79042625427246
0.0,0.0
0.0,0.0
-8.82658576965332,10.95438289642334
22.222211837768555,-17.77483558654785
0.0,0.0
0.0,0.0
0.0,0.0
0.0,0.0
0.0,0.0
0.0,0.0
0.0,0.0
0.0,0.0
0.0,0.0
0.0,0.0
0.0,0.0
0.0,0.0
0.0,0.0
0.0,0.0
0.0,0.0
0.0,0.0
0.0,0.0
0.0,0.0
-8.889472961425781,11.111105918884277
22.222211837768555,-17.747291564941406
0.0,0.0
0.0,0.0
-8.886061668395996,11.111098289489746
22.222211837768555,-17.588788986206055
0.0,0.0
0.0,0.0
-8.891345977783203,11.111104965209961
22.222211837768555,-16.465614318847656
0.0,0.0
0.0,0.0
-8.91884994506836,9.600008010864258
22.222211837768555,-14.167593955993652
0.0,0.0
0.0,0.0
0.0,0.0
0.0,0.0
0.0,0.0
0.0,0.0
0.0,0.0
0.0,0.0
0.0,0.0
0.0,0.0
0.0,0.0
0.0,0.0
0.0,0.0
0.0,0.0
0.0,0.0
0.0,0.0
0.0,0.0
0.0,0.0
0.3273806571960449,19.290306091308594
22.222116470336914,-17.776639938354492
0.0,0.0
0.0,0.0
0.0,0.0
0.0,0.0
0.0,0.0
0.0,0.0
-6.766966342926025,22.947988510131836
22.210472106933594,-16.146005630493164
0.0,0.0
0.0,0.0
-7.336659908294678,11.10708236694336
8.354841232299805,-1.9301666021347046
0.0,0.0
0.0,0.0
0.0,0.0
0.0,0.0
0.0,0.0
0.0,0.0
0.0,0.0
0.0,0.0
0.0,0.0
0.0,0.0
0.0,0.0
0.0,0.0
0.0,0.0
0.0,0.0
0.0,0.0
0.0,0.0
0.0,0.0
0.0,0.0
0.0,0.0
0.0,0.0
0.0,0.0
0.0,0.0
0.0,0.0
0.0,0.0
0.0,0.0
0.0,0.0
0.0,0.0
0.0,0.0
0.0,0.0
0.0,0.0
0.0,0.0
0.0,0.0
0.0,0.0
0.0,0.0
0.0,0.0
0.0,0.0
0.0,0.0
0.0,0.0
0.0,0.0
0.0,0.0
0.0,0.0
0.0,0.0
0.0,0.0
0.0,0.0
0.0,0.0
0.0,0.0
0.0,0.0
0.0,0.0
0.0,0.0
0.0,0.0
-8.912080764770508,10.87862491607666
0.0,0.0
0.0,0.0
0.0,0.0
0.0,0.0
0.0,0.0
0.0,0.0
0.0,0.0
-8.926302909851074,10.73808765411377
22.222211837768555,-17.77777099609375
0.0,0.0
0.0,0.0
-9.135129928588867,9.319543838500977
0.0,0.0
0.0,0.0
0.0,0.0
0.0,0.0
0.0,0.0
0.0,0.0
0.0,0.0
0.0,0.0
0.0,0.0
0.0,0.0
0.0,0.0
0.0,0.0
0.0,0.0
0.0,0.0
0.0,0.0
0.0,0.0
0.0,0.0
0.0,0.0
0.0,0.0
-8.888894081115723,11.111104965209961
0.0,0.0
0.0,0.0
0.0,0.0
0.0,0.0
0.0,0.0
0.0,0.0
0.0,0.0
-8.92782974243164,10.788643836975098
22.222211837768555,-17.71833038330078
0.0,0.0
0.0,0.0
-9.011760711669922,7.076800346374512
0.0,0.0
0.0,0.0
0.0,0.0
0.0,0.0
0.0,0.0
0.0,0.0
0.0,0.0
0.0,0.0
0.0,0.0
0.0,0.0
0.0,0.0
0.0,0.0
0.0,0.0
0.0,0.0
0.0,0.0
0.0,0.0
0.0,0.0
0.0,0.0
0.0,0.0
0.0,0.0
0.0,0.0
0.0,0.0
0.0,0.0
0.0,0.0
0.0,0.0
0.0,0.0
0.0,0.0
0.0,0.0
0.0,0.0
0.0,0.0
0.0,0.0
0.0,0.0
0.0,0.0
0.0,0.0
0.0,0.0
0.0,0.0
0.0,0.0
0.0,0.0
0.0,0.0
0.0,0.0
0.0,0.0
0.0,0.0
0.0,0.0
0.0,0.0
0.0,0.0
0.0,0.0
0.0,0.0
0.0,0.0
0.0,0.0
0.0,0.0
0.0,0.0
0.0,0.0
0.0,0.0
0.0,0.0
0.0,0.0
0.0,0.0
0.0,0.0
0.0,0.0
0.0,0.0
0.0,0.0
0.0,0.0
0.0,0.0
0.0,0.0
0.0,0.0
0.0,0.0
-10.101079940795898,-1.5232294797897339
22.222211837768555,1.0084493160247803
-9.860588073730469,2.1761326789855957
17.30805778503418,-1.9617999792099
0.0,0.0
0.0,0.0
-1.909999966621399,-1.0819000005722046
0.0,0.0
-9.975526809692383,-0.12174292653799057
22.222211837768555,6.487056732177734
-9.809611320495605,2.961892604827881
18.152801513671875,0.0
0.0,0.0
0.0,0.0
-1.8387939929962158,5.56455135345459
0.0,0.0
0.0,0.0
0.0,0.0
-8.173900604248047,5.372300148010254
13.568530082702637,-1.6301788091659546
0.0,0.0
0.0,0.0
-1.899999976158142,1.0420842170715332
0.0,0.0
0.0,0.0
0.0,0.0
-9.236801147460938,3.0353403091430664
15.061331748962402,-2.458760976791382
0.0,0.0
0.0,0.0
-4.424751281738281,8.311237335205078
0.0,0.0
-9.770644187927246,0.42575639486312866
22.222211837768555,-14.986878395080566
-9.69272232055664,5.193319797515869
16.28795623779297,-3.6728732585906982
-9.097627639770508,7.208120346069336
0.0,0.0
-1.899999976158142,1.6381107568740845
0.0,0.0
-9.723123550415039,2.596015453338623
22.222211837768555,-6.317732810974121
-9.540121078491211,8.140031814575195
18.85233497619629,-1.4199999570846558
-9.305987358093262,3.8834879398345947
12.71267032623291,-5.206447124481201
-6.054434299468994,0.8553242683410645
10.738643646240234,-3.606187343597412
0.0,0.0
0.0,0.0
-2.606126070022583,5.686492443084717
13.568530082702637,-3.6820716857910156
0.0,0.0
0.0,0.0
-1.8578205108642578,5.402878761291504
2.0,0.0
0.0,0.0
0.0,0.0
-6.318700790405273,4.032546043395996
14.347362518310547,0.12514188885688782
0.0,0.0
0.0,0.0
-6.859048366546631,4.4245686531066895
16.822040557861328,0.36822041869163513
0.0,0.0
0.0,0.0
0.0,0.0
0.0,0.0
0.0,0.0
0.0,0.0
0.0,0.0
0.0,0.0
0.0,0.0
0.0,0.0
0.0,0.0
0.0,0.0
0.0,0.0
0.0,0.0
0.0,0.0
0.0,0.0
0.0,0.0
0.0,0.0
0.0,0.0
0.0,0.0
0.0,0.0
0.0,0.0
0.0,0.0
0.0,0.0
0.0,0.0
0.0,0.0
0.0,0.0
0.0,0.0
0.0,0.0
0.0,0.0
0.0,0.0
0.0,0.0
0.0,0.0
0.0,0.0
0.0,0.0
0.0,0.0
0.0,0.0
0.0,0.0
0.0,0.0
0.0,0.0
0.0,0.0
0.0,0.0
0.0,0.0
0.0,0.0
0.0,0.0
0.0,0.0
0.0,0.0
0.0,0.0
0.0,0.0
0.0,0.0
0.0,0.0
0.0,0.0
0.0,0.0
0.0,0.0
0.0,0.0
0.0,0.0
0.0,0.0
0.0,0.0
0.0,0.0
0.0,0.0
0.0,0.0
0.0,0.0
0.0,0.0
0.0,0.0
0.0,0.0
0.0,0.0
-8.000357627868652,-4.1058549880981445
0.0,0.0
0.0,0.0
0.0,0.0
0.0,0.0
0.0,0.0
-10.587386131286621,-5.6022539138793945
0.0,0.0
-10.54044246673584,-5.862213134765625
0.0,0.0
0.0,0.0
0.0,0.0
-5.369321823120117,-5.369321823120117
0.0,0.0
0.0,0.0
0.0,0.0
-10.195734024047852,-1.9577548503875732
0.0,0.0
0.0,0.0
0.0,0.0
0.0,0.0
0.0,0.0
0.0,4.356335163116455
0.0,0.0
-9.866337776184082,1.3841270208358765
0.0,0.0
0.0,0.0
0.0,0.0
-9.624042510986328,3.6786084175109863
0.0,0.0
0.0,0.0
0.0,0.0
-3.3974802494049072,0.846237301826477
0.0,0.0
0.0,0.0
0.0,0.0
0.0,0.0
0.0,0.0
-10.707535743713379,-6.578583717346191
0.0,0.0
-10.942497253417969,-9.233052253723145
0.0,0.0
0.0,0.0
0.0,0.0
-1.899999976158142,-1.909999966621399
0.0,0.0
0.0,0.0
0.0,0.0
-7.905790328979492,5.48969030380249
0.0,0.0
0.0,0.0
0.0,0.0
0.0,0.0
0.0,0.0
-1.0,-1.0
0.0,0.0
-9.665752410888672,1.073356032371521
0.0,0.0
0.0,0.0
0.0,0.0
-8.167346000671387,4.302407264709473
0.0,0.0
0.0,0.0
0.0,0.0
0.0,0.0
0.0,0.0
0.0,0.0
0.0,0.0
0.0,0.0
0.0,0.0
0.0,0.0
0.0,0.0
0.0,0.0
0.0,0.0
0.0,0.0
0.0,0.0
0.0,0.0
0.0,0.0
0.0,0.0
0.0,0.0
-17.706275939941406,22.132436752319336
11.111105918884277,-8.864670753479004
0.0,0.0
0.0,0.0
0.0,0.0
0.0,0.0
0.0,0.0
0.0,0.0
-17.793563842773438,22.042219161987305
11.111104965209961,-8.889692306518555
0.0,0.0
0.0,0.0
0.0,0.0
0.0,0.0
0.0,0.0
0.0,0.0
0.0,0.0
0.0,0.0
0.0,0.0
0.0,0.0
0.0,0.0
0.0,0.0
0.0,0.0
0.0,0.0
0.0,0.0
0.0,0.0
0.0,0.0
0.0,0.0
0.0,0.0
0.0,0.0
0.0,0.0
0.0,0.0
-17.790010452270508,21.816997528076172
11.111105918884277,-7.989762306213379
0.0,0.0
0.0,0.0
-10.307574272155762,19.635494232177734
0.0,0.0
0.0,0.0
0.0,0.0
-17.804302215576172,21.778688430786133
11.111105918884277,-8.441950798034668
0.0,0.0
0.0,0.0
-6.047040939331055,9.932539939880371
0.0,0.0
0.0,0.0
0.0,0.0
0.0,0.0
0.0,0.0
0.0,0.0
0.0,0.0
0.0,0.0
0.0,0.0
0.0,0.0
0.0,0.0
0.0,0.0
0.0,0.0
0.0,0.0
0.0,0.0
0.0,0.0
0.0,0.0
0.0,0.0
0.0,0.0
0.0,0.0
0.0,0.0
0.0,0.0
0.0,0.0
0.0,0.0
0.0,0.0
0.0,0.0
0.0,0.0
0.0,0.0
0.0,0.0
0.0,0.0
0.0,0.0
0.0,0.0
0.0,0.0
0.0,0.0
0.0,0.0
0.0,0.0
0.0,0.0
0.0,0.0
0.0,0.0
0.0,0.0
0.0,0.0
0.0,0.0
0.0,0.0
0.0,0.0
0.0,0.0
0.0,0.0
0.0,0.0
0.0,0.0
0.0,0.0
0.0,0.0
0.0,0.0
0.0,0.0
0.0,0.0
0.0,0.0
0.0,0.0
0.0,0.0
0.0,0.0
0.0,0.0
0.0,0.0
0.0,0.0
0.0,0.0
0.0,0.0
0.0,0.0
0.0,0.0
0.0,0.0
0.0,0.0
0.0,0.0
0.0,0.0
0.0,0.0
0.0,0.0
0.0,0.0
0.0,0.0
0.0,0.0
0.0,0.0
0.0,0.0
0.0,0.0
0.0,0.0
0.0,0.0
0.0,0.0
0.0,0.0
0.0,0.0
0.0,0.0
0.0,0.0
-17.77777099609375,22.222211837768555
11.110555648803711,-7.630833625793457
0.0,0.0
0.0,0.0
0.0,0.0
0.0,0.0
0.0,0.0
0.0,0.0
-17.77777099609375,22.222211837768555
11.111105918884277,-8.714856147766113
0.0,0.0
0.0,0.0
0.0,0.0
0.0,0.0
0.0,0.0
0.0,0.0
0.0,0.0
0.0,0.0
0.0,0.0
0.0,0.0
0.0,0.0
0.0,0.0
0.0,0.0
0.0,0.0
0.0,0.0
0.0,0.0
0.0,0.0
0.0,0.0
0.0,0.0
0.0,0.0
0.0,0.0
0.0,0.0
-17.77777099609375,22.222211837768555
11.111105918884277,-8.289607048034668
0.0,0.0
0.0,0.0
0.0,0.0
0.0,0.0
0.0,0.0
0.0,0.0
-17.777788162231445,22.222204208374023
11.111105918884277,-8.740337371826172
0.0,0.0
0.0,0.0
0.0,0.0
0.0,0.0
0.0,0.0
0.0,0.0
0.0,0.0
0.0,0.0
0.0,0.0
0.0,0.0
0.0,0.0
0.0,0.0
0.0,0.0
0.0,0.0
0.0,0.0
0.0,0.0
0.0,0.0
0.0,0.0
0.0,0.0
0.0,0.0
0.0,0.0
0.0,0.0
0.0,0.0
0.0,0.0
0.0,0.0
0.0,0.0
0.0,0.0
0.0,0.0
0.0,0.0
0.0,0.0
0.0,0.0
0.0,0.0
0.0,0.0
0.0,0.0
0.0,0.0
0.0,0.0
0.0,0.0
0.0,0.0
0.0,0.0
0.0,0.0
0.0,0.0
0.0,0.0
0.0,0.0
0.0,0.0
0.0,0.0
0.0,0.0
0.0,0.0
0.0,0.0
0.0,0.0
0.0,0.0
0.0,0.0
0.0,0.0
0.0,0.0
0.0,0.0
0.0,0.0
0.0,0.0
0.0,0.0
0.0,0.0
0.0,0.0
0.0,0.0
0.0,0.0
0.0,0.0
0.0,0.0
0.0,0.0
0.0,0.0
0.0,0.0
0.0,0.0
0.0,0.0
-17.13800621032715,22.222211837768555
6.784265041351318,0.0
-13.091414451599121,22.22159194946289
2.738100051879883,0.0
0.0,0.0
0.0,0.0
0.0,0.0
0.0,0.0
-17.670154571533203,22.222211837768555
4.177420616149902,-2.651125907897949
-14.283759117126465,22.085756301879883
0.0,0.0
0.0,0.0
0.0,0.0
0.0,0.0
0.0,0.0
-16.78269386291504,22.222211837768555
7.173681259155273,-0.9900000095367432
-17.77777099609375,22.222211837768555
11.110651016235352,-7.481927394866943
0.0,0.0
0.0,0.0
0.0,0.0
0.0,0.0
-17.680137634277344,22.222211837768555
6.356335163116455,-0.9519854784011841
-17.778318405151367,22.222209930419922
11.097380638122559,-7.117790699005127
0.0,0.0
0.0,0.0
0.0,0.0
0.0,0.0
-17.473007202148438,22.222211837768555
4.80145263671875,-0.9726189970970154
-16.41021156311035,22.222084045410156
1.909999966621399,0.0
-2.0,3.819999933242798
0.0,0.0
0.0,0.0
0.0,0.0
-17.734500885009766,22.22218132019043
3.491671085357666,-1.8404403924942017
-12.706892013549805,22.137062072753906
0.0,0.0
-1.7799999713897705,15.701050758361816
0.0,0.0
0.0,0.0
0.0,0.0
-17.41111183166504,22.222211837768555
6.356335163116455,-0.9900000095367432
-17.777788162231445,22.222211837768555
11.086932182312012,-3.1345744132995605
-2.0,3.819999933242798
0.0,0.0
-6.523115158081055,15.701050758361816
0.0,0.0
-17.757930755615234,22.222108840942383
4.177420616149902,0.0
-17.77973747253418,22.222209930419922
11.075850486755371,-7.346069812774658
-5.178459167480469,16.28795623779297
0.0,0.0
-8.538566589355469,22.128639221191406
0.0,0.0
0.0,0.0
0.0,0.0
0.0,0.0
0.0,0.0
0.0,0.0
0.0,0.0
0.0,0.0
0.0,0.0
0.0,0.0
0.0,0.0
0.0,0.0
0.0,0.0
0.0,0.0
0.0,0.0
0.0,0.0
0.0,0.0
0.0,0.0
0.0,0.0
0.0,0.0
0.0,0.0
0.0,0.0
0.0,0.0
0.0,0.0
0.0,0.0
0.0,0.0
0.0,0.0
0.0,0.0
0.0,0.0
0.0,0.0
0.0,0.0
0.0,0.0
0.0,0.0
0.0,0.0
0.0,0.0
0.0,0.0
0.0,0.0
0.0,0.0
0.0,0.0
0.0,0.0
0.0,0.0
0.0,0.0
0.0,0.0
0.0,0.0
0.0,0.0
0.0,0.0
0.0,0.0
0.0,0.0
0.0,0.0
0.0,0.0
0.0,0.0
0.0,0.0
0.0,0.0
0.0,0.0
0.0,0.0
0.0,0.0
0.0,0.0
0.0,0.0
0.0,0.0
0.0,0.0
0.0,0.0
0.0,0.0
0.0,0.0
0.0,0.0
0.0,0.0
0.0,0.0
0.0,0.0
-2.0,2.0
0.0,0.0
0.0,0.0
0.0,0.0
0.0,0.0
0.0,0.0
-15.314002990722656,22.137062072753906
0.0,0.0
-7.812796592712402,18.85233497619629
0.0,0.0
0.0,0.0
0.0,0.0
0.0,0.0
0.0,0.0
0.0,0.0
0.0,0.0
-17.77777099609375,22.222211837768555
0.0,0.0
0.0,0.0
0.0,0.0
0.0,0.0
0.0,0.0
-14.74062442779541,22.128639221191406
0.0,0.0
-17.77777099609375,22.222211837768555
0.0,0.0
0.0,0.0
0.0,0.0
0.0,0.0
0.0,0.0
0.0,0.0
0.0,0.0
0.0,0.0
0.0,0.0
0.0,0.0
0.0,0.0
0.0,0.0
0.0,0.0
-2.0,9.6029052734375
0.0,0.0
-2.0,2.0
0.0,0.0
0.0,0.0
0.0,0.0
0.0,0.0
0.0,0.0
0.0,0.0
0.0,0.0
0.0,0.0
0.0,0.0
0.0,0.0
0.0,0.0
0.0,0.0
0.0,0.0
-3.799999952316284,8.354841232299805
0.0,0.0
-14.331080436706543,22.213367462158203
0.0,0.0
0.0,0.0
0.0,0.0
0.0,0.0
0.0,0.0
0.0,0.0
0.0,0.0
0.0,0.0
0.0,0.0
0.0,0.0
0.0,0.0
0.0,0.0
0.0,0.0
0.0,0.0
0.0,0.0
0.0,0.0
0.0,0.0
0.0,0.0
0.0,0.0
0.0,0.0
0.0,0.0
0.0,0.0
0.0,0.0
0.0,0.0
0.0,0.0
0.0,0.0
0.0,0.0
0.0,0.0
0.0,0.0
0.0,0.0
0.0,0.0
0.0,0.0
0.0,0.0
0.0,0.0
0.0,0.0
0.0,0.0
0.0,0.0
0.0,0.0
0.0,0.0
0.0,0.0
0.0,0.0
0.0,0.0
0.0,0.0
0.0,0.0
0.0,0.0
0.0,0.0
0.0,0.0
0.0,0.0
0.0,0.0
0.0,0.0
0.0,0.0
0.0,0.0
0.0,0.0
0.0,0.0
0.0,0.0
0.0,0.0
0.0,0.0
0.0,0.0
0.0,0.0
0.0,0.0
0.0,0.0
0.0,0.0
0.0,0.0
0.0,0.0
0.0,0.0
0.0,0.0
0.0,0.0
0.0,0.0
0.0,0.0
