-9.957344055175781,4.889416694641113
0.0,0.0
0.0,0.0
0.0,0.0
0.0,0.0
0.0,0.0
0.0,0.0
0.0,0.0
0.0,0.0
0.0,0.0
0.0,0.0
0.0,0.0
0.0,0.0
0.0,0.0
0.0,0.0
0.0,0.0
0.0,0.0
0.0,0.0
-7.027429103851318,29.93149757385254
8.354841232299805,-1.9617999792099
0.0,0.0
0.0,0.0
0.0,0.0
0.0,0.0
0.0,0.0
0.0,0.0
-7.0898051261901855,29.513050079345703
0.0,0.0
0.0,0.0
0.0,0.0
-2.608839988708496,8.143978118896484
0.0,0.0
0.0,0.0
0.0,0.0
0.0,0.0
0.0,0.0
0.0,0.0
0.0,0.0
0.0,0.0
0.0,0.0
0.0,0.0
0.0,0.0
0.0,0.0
0.0,0.0
0.0,0.0
0.0,0.0
0.0,0.0
0.0,0.0
0.0,0.0
0.0,0.0
-8.890909194946289,11.106016159057617
0.0,0.0
0.0,0.0
0.0,0.0
-8.751298904418945,11.111105918884277
0.0,0.0
0.0,0.0
0.0,0.0
-8.888915061950684,11.111105918884277
0.0,0.0
0.0,0.0
0.0,0.0
-8.486966133117676,11.110651016235352
0.0,0.0
0.0,0.0
0.0,0.0
0.0,0.0
0.0,0.0
0.0,0.0
0.0,0.0
0.0,0.0
0.0,0.0
0.0,0.0
0.0,0.0
0.0,0.0
0.0,0.0
0.0,0.0
0.0,0.0
0.0,0.0
0.0,0.0
0.0,0.0
0.0,0.0
-8.892861366271973,11.10863971710205
22.222211837768555,-14.342581748962402
0.0,0.0
0.0,0.0
-7.825213432312012,11.021968841552734
14.347362518310547,0.0
0.0,0.0
0.0,0.0
-8.889063835144043,11.111104965209961
22.222209930419922,-17.580835342407227
0.0,0.0
0.0,0.0
-8.669757843017578,11.109916687011719
22.222211837768555,-17.332773208618164
0.0,0.0
0.0,0.0
0.0,0.0
0.0,0.0
0.0,0.0
0.0,0.0
0.0,0.0
0.0,0.0
0.0,0.0
0.0,0.0
0.0,0.0
0.0,0.0
0.0,0.0
0.0,0.0
0.0,0.0
0.0,0.0
0.0,0.0
0.0,0.0
-8.859046936035156,7.290737628936768
22.20339012145996,-15.485501289367676
0.0,0.0
0.0,0.0
-8.348763465881348,11.111105918884277
22.21554946899414,-16.518457412719727
0.0,0.0
0.0,0.0
-8.888894081115723,11.111105918884277
21.577268600463867,-17.6522159576416
0.0,0.0
0.0,0.0
-8.884811401367188,11.111035346984863
22.18413543701172,-17.44676399230957
0.0,0.0
0.0,0.0
0.0,0.0
0.0,0.0
0.0,0.0
0.0,0.0
0.0,0.0
0.0,0.0
0.0,0.0
0.0,0.0
0.0,0.0
0.0,0.0
0.0,0.0
0.0,0.0
0.0,0.0
0.0,0.0
0.0,0.0
0.0,0.0
0.8185651898384094,19.290306091308594
22.222204208374023,-17.777788162231445
0.0,0.0
0.0,0.0
0.0,0.0
0.0,0.0
0.0,0.0
0.0,0.0
-7.608098983764648,23.438373565673828
15.701050758361816,-6.358938217163086
0.0,0.0
0.0,0.0
-3.9344799518585205,10.855598449707031
0.0,0.0
0.0,0.0
0.0,0.0
0.0,0.0
0.0,0.0
0.0,0.0
0.0,0.0
0.0,0.0
0.0,0.0
0.0,0.0
0.0,0.0
0.0,0.0
0.0,0.0
0.0,0.0
0.0,0.0
0.0,0.0
0.0,0.0
0.0,0.0
0.0,0.0
0.0,0.0
0.0,0.0
0.0,0.0
0.0,0.0
0.0,0.0
0.0,0.0
0.0,0.0
0.0,0.0
0.0,0.0
0.0,0.0
0.0,0.0
0.0,0.0
0.0,0.0
0.0,0.0
0.0,0.0
0.0,0.0
0.0,0.0
0.0,0.0
0.0,0.0
0.0,0.0
0.0,0.0
0.0,0.0
0.0,0.0
0.0,0.0
0.0,0.0
0.0,0.0
0.0,0.0
0.0,0.0
0.0,0.0
0.0,0.0
0.0,0.0
0.0,0.0
-8.91199016571045,10.879918098449707
0.0,0.0
0.0,0.0
0.0,0.0
0.0,0.0
0.0,0.0
0.0,0.0
0.0,0.0
-8.93516731262207,10.702461242675781
22.222211837768555,-17.77777099609375
0.0,0.0
0.0,0.0
-9.18975830078125,7.424183368682861
0.0,0.0
0.0,0.0
0.0,0.0
0.0,0.0
0.0,0.0
0.0,0.0
0.0,0.0
0.0,0.0
0.0,0.0
0.0,0.0
0.0,0.0
0.0,0.0
0.0,0.0
0.0,0.0
0.0,0.0
0.0,0.0
0.0,0.0
0.0,0.0
0.0,0.0
-8.890694618225098,11.111105918884277
0.0,0.0
0.0,0.0
0.0,0.0
0.0,0.0
0.0,0.0
0.0,0.0
0.0,0.0
-8.918301582336426,11.108692169189453
22.22218894958496,-16.37541961669922
0.0,0.0
0.0,0.0
-8.251174926757812,7.858479976654053
0.0,0.0
0.0,0.0
0.0,0.0
0.0,0.0
0.0,0.0
0.0,0.0
0.0,0.0
0.0,0.0
0.0,0.0
0.0,0.0
0.0,0.0
0.0,0.0
0.0,0.0
0.0,0.0
0.0,0.0
0.0,0.0
0.0,0.0
0.0,0.0
0.0,0.0
0.0,0.0
0.0,0.0
0.0,0.0
0.0,0.0
0.0,0.0
0.0,0.0
0.0,0.0
0.0,0.0
0.0,0.0
0.0,0.0
0.0,0.0
0.0,0.0
0.0,0.0
0.0,0.0
0.0,0.0
0.0,0.0
0.0,0.0
0.0,0.0
0.0,0.0
0.0,0.0
0.0,0.0
0.0,0.0
0.0,0.0
0.0,0.0
0.0,0.0
0.0,0.0
0.0,0.0
0.0,0.0
0.0,0.0
0.0,0.0
0.0,0.0
0.0,0.0
0.0,0.0
0.0,0.0
0.0,0.0
0.0,0.0
0.0,0.0
0.0,0.0
0.0,0.0
0.0,0.0
0.0,0.0
0.0,0.0
0.0,0.0
0.0,0.0
0.0,0.0
0.0,0.0
-9.642522811889648,0.804619550704956
22.221384048461914,14.432452201843262
-10.12524127960205,8.027234077453613
10.738643646240234,-1.9617999792099
0.0,0.0
0.0,0.0
-1.0,-0.09000000357627869
0.0,0.0
-10.070062637329102,0.2761007845401764
22.222211837768555,-1.4435030221939087
-9.858901023864746,5.408041000366211
10.738643646240234,0.0
0.0,0.0
0.0,0.0
-0.9900000095367432,5.220596790313721
0.0,0.0
0.0,0.0
0.0,0.0
-5.453462600708008,7.884588718414307
6.983342170715332,0.30421343445777893
0.0,0.0
0.0,0.0
-1.899999976158142,0.1645289957523346
0.0,0.0
0.0,0.0
0.0,0.0
-7.952710151672363,5.47710657119751
5.488424301147461,-0.6165357828140259
0.0,0.0
0.0,0.0
-2.6175060272216797,7.289709568023682
0.0,0.0
-9.93401050567627,-3.625307559967041
22.22088050842285,-0.19637130200862885
-10.123581886291504,4.36292839050293
8.354841232299805,-2.0
-6.497586250305176,2.74770188331604
0.0,0.0
0.0,0.0
0.0,0.0
-9.890788078308105,2.684926986694336
22.222211837768555,1.0085015296936035
-10.174628257751465,-3.5052688121795654
8.354841232299805,-1.4199999570846558
-7.0193095207214355,7.833776473999023
9.6029052734375,-2.0
-3.3701109886169434,1.8743215799331665
8.354841232299805,0.0
0.0,0.0
0.0,0.0
-1.8582258224487305,2.921886920928955
5.476200103759766,-1.9617999792099
0.0,0.0
0.0,0.0
-1.0,1.0
0.0,0.0
0.0,0.0
0.0,0.0
-5.0941925048828125,6.646471977233887
2.0,-2.125620126724243
0.0,0.0
0.0,0.0
-5.455499649047852,4.8132805824279785
11.772165298461914,-2.0
0.0,0.0
0.0,0.0
0.0,0.0
0.0,0.0
0.0,0.0
0.0,0.0
0.0,0.0
0.0,0.0
0.0,0.0
0.0,0.0
0.0,0.0
0.0,0.0
0.0,0.0
0.0,0.0
0.0,0.0
0.0,0.0
0.0,0.0
0.0,0.0
0.0,0.0
0.0,0.0
0.0,0.0
0.0,0.0
0.0,0.0
0.0,0.0
0.0,0.0
0.0,0.0
0.0,0.0
0.0,0.0
0.0,0.0
0.0,0.0
0.0,0.0
0.0,0.0
0.0,0.0
0.0,0.0
0.0,0.0
0.0,0.0
0.0,0.0
0.0,0.0
0.0,0.0
0.0,0.0
0.0,0.0
0.0,0.0
0.0,0.0
0.0,0.0
0.0,0.0
0.0,0.0
0.0,0.0
0.0,0.0
0.0,0.0
0.0,0.0
0.0,0.0
0.0,0.0
0.0,0.0
0.0,0.0
0.0,0.0
0.0,0.0
0.0,0.0
0.0,0.0
0.0,0.0
0.0,0.0
0.0,0.0
0.0,0.0
0.0,0.0
0.0,0.0
0.0,0.0
0.0,0.0
-5.226032257080078,-1.7068018913269043
0.0,0.0
0.0,0.0
0.0,0.0
0.0,0.0
0.0,0.0
-10.230780601501465,-4.68527364730835
0.0,0.0
-10.466816902160645,-5.730527400970459
0.0,0.0
0.0,0.0
0.0,0.0
-3.491671085357666,-3.491671085357666
0.0,0.0
0.0,0.0
0.0,0.0
-10.19100570678711,-1.882975459098816
0.0,0.0
0.0,0.0
0.0,0.0
0.0,0.0
0.0,0.0
0.0,2.738100051879883
0.0,0.0
-9.894902229309082,0.39252379536628723
0.0,0.0
0.0,0.0
0.0,0.0
-8.556791305541992,0.6054752469062805
0.0,0.0
0.0,0.0
0.0,0.0
-2.673271894454956,2.558941125869751
0.0,0.0
0.0,0.0
0.0,0.0
0.0,0.0
0.0,0.0
-10.570780754089355,-6.834378242492676
0.0,0.0
-10.831851959228516,-7.16217565536499
0.0,0.0
0.0,0.0
0.0,0.0
-1.0,0.0
0.0,0.0
0.0,0.0
0.0,0.0
-4.419919967651367,3.20289945602417
0.0,0.0
0.0,0.0
0.0,0.0
0.0,0.0
0.0,0.0
-1.0,-1.0
0.0,0.0
-9.69421100616455,4.436463832855225
0.0,0.0
0.0,0.0
0.0,0.0
-3.3666205406188965,-0.521814227104187
0.0,0.0
0.0,0.0
0.0,0.0
0.0,0.0
0.0,0.0
0.0,0.0
0.0,0.0
0.0,0.0
0.0,0.0
0.0,0.0
0.0,0.0
0.0,0.0
0.0,0.0
0.0,0.0
0.0,0.0
0.0,0.0
0.0,0.0
0.0,0.0
0.0,0.0
-17.78561782836914,22.200824737548828
11.105523109436035,-8.809723854064941
0.0,0.0
0.0,0.0
0.0,0.0
0.0,0.0
0.0,0.0
0.0,0.0
-17.604034423828125,22.172414779663086
11.111105918884277,-8.88763427734375
0.0,0.0
0.0,0.0
0.0,0.0
0.0,0.0
0.0,0.0
0.0,0.0
0.0,0.0
0.0,0.0
0.0,0.0
0.0,0.0
0.0,0.0
0.0,0.0
0.0,0.0
0.0,0.0
0.0,0.0
0.0,0.0
0.0,0.0
0.0,0.0
0.0,0.0
0.0,0.0
0.0,0.0
0.0,0.0
-17.801544189453125,22.094907760620117
11.111105918884277,-8.869847297668457
0.0,0.0
0.0,0.0
-4.979061603546143,17.26431655883789
0.0,0.0
0.0,0.0
0.0,0.0
-16.027868270874023,21.865217208862305
11.110884666442871,-8.891270637512207
0.0,0.0
0.0,0.0
-3.487316370010376,7.236470699310303
0.0,0.0
0.0,0.0
0.0,0.0
0.0,0.0
0.0,0.0
0.0,0.0
0.0,0.0
0.0,0.0
0.0,0.0
0.0,0.0
0.0,0.0
0.0,0.0
0.0,0.0
0.0,0.0
0.0,0.0
0.0,0.0
0.0,0.0
0.0,0.0
0.0,0.0
0.0,0.0
0.0,0.0
0.0,0.0
0.0,0.0
0.0,0.0
0.0,0.0
0.0,0.0
0.0,0.0
0.0,0.0
0.0,0.0
0.0,0.0
0.0,0.0
0.0,0.0
0.0,0.0
0.0,0.0
0.0,0.0
0.0,0.0
0.0,0.0
0.0,0.0
0.0,0.0
0.0,0.0
0.0,0.0
0.0,0.0
0.0,0.0
0.0,0.0
0.0,0.0
0.0,0.0
0.0,0.0
0.0,0.0
0.0,0.0
0.0,0.0
0.0,0.0
0.0,0.0
0.0,0.0
0.0,0.0
0.0,0.0
0.0,0.0
0.0,0.0
0.0,0.0
0.0,0.0
0.0,0.0
0.0,0.0
0.0,0.0
0.0,0.0
0.0,0.0
0.0,0.0
0.0,0.0
0.0,0.0
0.0,0.0
0.0,0.0
0.0,0.0
0.0,0.0
0.0,0.0
0.0,0.0
0.0,0.0
0.0,0.0
0.0,0.0
0.0,0.0
0.0,0.0
0.0,0.0
0.0,0.0
0.0,0.0
0.0,0.0
0.0,0.0
-17.77777099609375,22.222211837768555
10.966012954711914,-6.9703545570373535
0.0,0.0
0.0,0.0
0.0,0.0
0.0,0.0
0.0,0.0
0.0,0.0
-17.77777099609375,22.222211837768555
11.107444763183594,-7.298312664031982
0.0,0.0
0.0,0.0
0.0,0.0
0.0,0.0
0.0,0.0
0.0,0.0
0.0,0.0
0.0,0.0
0.0,0.0
0.0,0.0
0.0,0.0
0.0,0.0
0.0,0.0
0.0,0.0
0.0,0.0
0.0,0.0
0.0,0.0
0.0,0.0
0.0,0.0
0.0,0.0
0.0,0.0
0.0,0.0
-17.77549934387207,22.221939086914062
8.65402889251709,-4.395412445068359
0.0,0.0
0.0,0.0
0.0,0.0
0.0,0.0
0.0,0.0
0.0,0.0
-17.777788162231445,22.222204208374023
11.110373497009277,-7.666983604431152
0.0,0.0
0.0,0.0
0.0,0.0
0.0,0.0
0.0,0.0
0.0,0.0
0.0,0.0
0.0,0.0
0.0,0.0
0.0,0.0
0.0,0.0
0.0,0.0
0.0,0.0
0.0,0.0
0.0,0.0
0.0,0.0
0.0,0.0
0.0,0.0
0.0,0.0
0.0,0.0
0.0,0.0
0.0,0.0
0.0,0.0
0.0,0.0
0.0,0.0
0.0,0.0
0.0,0.0
0.0,0.0
0.0,0.0
0.0,0.0
0.0,0.0
0.0,0.0
0.0,0.0
0.0,0.0
0.0,0.0
0.0,0.0
0.0,0.0
0.0,0.0
0.0,0.0
0.0,0.0
0.0,0.0
0.0,0.0
0.0,0.0
0.0,0.0
0.0,0.0
0.0,0.0
0.0,0.0
0.0,0.0
0.0,0.0
0.0,0.0
0.0,0.0
0.0,0.0
0.0,0.0
0.0,0.0
0.0,0.0
0.0,0.0
0.0,0.0
0.0,0.0
0.0,0.0
0.0,0.0
0.0,0.0
0.0,0.0
0.0,0.0
0.0,0.0
0.0,0.0
0.0,0.0
0.0,0.0
0.0,0.0
-13.941136360168457,22.197233200073242
2.738100051879883,0.0
-10.629531860351562,21.75718879699707
1.909999966621399,0.0
0.0,0.0
0.0,0.0
0.0,0.0
0.0,0.0
-16.27861785888672,22.222211837768555
1.0,-0.9900000095367432
-7.696220874786377,18.85233497619629
0.0,0.0
0.0,0.0
0.0,0.0
0.0,0.0
0.0,0.0
-12.944485664367676,22.20339012145996
2.738100051879883,-0.9900000095367432
-17.7760066986084,22.222211837768555
10.802557945251465,-5.246561050415039
0.0,0.0
0.0,0.0
0.0,0.0
0.0,0.0
-15.474452018737793,22.222211837768555
1.909999966621399,0.0
-17.77776336669922,22.222211837768555
8.143978118896484,-2.5460586547851562
0.0,0.0
0.0,0.0
0.0,0.0
0.0,0.0
-16.13266944885254,22.197233200073242
2.738100051879883,0.0
-13.418863296508789,21.932025909423828
1.909999966621399,0.0
-2.0,0.0
0.0,0.0
0.0,0.0
0.0,0.0
-16.399574279785156,22.222211837768555
1.909999966621399,0.0
-10.789138793945312,19.431617736816406
0.0,0.0
-1.7799999713897705,10.738643646240234
0.0,0.0
0.0,0.0
0.0,0.0
-15.334457397460938,22.20508575439453
1.909999966621399,-0.9900000095367432
-17.77762794494629,22.222211837768555
9.955660820007324,-1.774950385093689
-2.0,0.0
0.0,0.0
-3.7301666736602783,6.983342170715332
0.0,0.0
-16.232988357543945,22.222209930419922
1.909999966621399,0.0
-17.80817985534668,21.086477279663086
9.715808868408203,-3.896036386489868
-2.0,9.6029052734375
0.0,0.0
-5.0704874992370605,19.155624389648438
0.0,0.0
0.0,0.0
0.0,0.0
0.0,0.0
0.0,0.0
0.0,0.0
0.0,0.0
0.0,0.0
0.0,0.0
0.0,0.0
0.0,0.0
0.0,0.0
0.0,0.0
0.0,0.0
0.0,0.0
0.0,0.0
0.0,0.0
0.0,0.0
0.0,0.0
0.0,0.0
0.0,0.0
0.0,0.0
0.0,0.0
0.0,0.0
0.0,0.0
0.0,0.0
0.0,0.0
0.0,0.0
0.0,0.0
0.0,0.0
0.0,0.0
0.0,0.0
0.0,0.0
0.0,0.0
0.0,0.0
0.0,0.0
0.0,0.0
0.0,0.0
0.0,0.0
0.0,0.0
0.0,0.0
0.0,0.0
0.0,0.0
0.0,0.0
0.0,0.0
0.0,0.0
0.0,0.0
0.0,0.0
0.0,0.0
0.0,0.0
0.0,0.0
0.0,0.0
0.0,0.0
0.0,0.0
0.0,0.0
0.0,0.0
0.0,0.0
0.0,0.0
0.0,0.0
0.0,0.0
0.0,0.0
0.0,0.0
0.0,0.0
0.0,0.0
0.0,0.0
0.0,0.0
0.0,0.0
0.0,0.0
0.0,0.0
0.0,0.0
0.0,0.0
0.0,0.0
0.0,0.0
-10.612069129943848,19.91132164001465
0.0,0.0
-3.799999952316284,9.6029052734375
0.0,0.0
0.0,0.0
0.0,0.0
0.0,0.0
0.0,0.0
0.0,0.0
0.0,0.0
-17.77777099609375,22.222211837768555
0.0,0.0
0.0,0.0
0.0,0.0
0.0,0.0
0.0,0.0
-9.850090980529785,19.91132164001465
0.0,0.0
-17.77777099609375,22.222211837768555
0.0,0.0
0.0,0.0
0.0,0.0
0.0,0.0
0.0,0.0
0.0,0.0
0.0,0.0
0.0,0.0
0.0,0.0
0.0,0.0
0.0,0.0
0.0,0.0
0.0,0.0
-2.0,2.0
0.0,0.0
-2.0,0.0
0.0,0.0
0.0,0.0
0.0,0.0
0.0,0.0
0.0,0.0
0.0,0.0
0.0,0.0
0.0,0.0
0.0,0.0
0.0,0.0
0.0,0.0
0.0,0.0
0.0,0.0
-3.799999952316284,0.0
0.0,0.0
-9.750946044921875,21.711196899414062
0.0,0.0
0.0,0.0
0.0,0.0
0.0,0.0
0.0,0.0
0.0,0.0
0.0,0.0
0.0,0.0
0.0,0.0
0.0,0.0
0.0,0.0
0.0,0.0
0.0,0.0
0.0,0.0
0.0,0.0
0.0,0.0
0.0,0.0
0.0,0.0
0.0,0.0
0.0,0.0
0.0,0.0
0.0,0.0
0.0,0.0
0.0,0.0
0.0,0.0
0.0,0.0
0.0,0.0
0.0,0.0
0.0,0.0
0.0,0.0
0.0,0.0
0.0,0.0
0.0,0.0
0.0,0.0
0.0,0.0
0.0,0.0
0.0,0.0
0.0,0.0
0.0,0.0
0.0,0.0
0.0,0.0
0.0,0.0
0.0,0.0
0.0,0.0
0.0,0.0
0.0,0.0
0.0,0.0
0.0,0.0
0.0,0.0
0.0,0.0
0.0,0.0
0.0,0.0
0.0,0.0
0.0,0.0
0.0,0.0
0.0,0.0
0.0,0.0
0.0,0.0
0.0,0.0
0.0,0.0
0.0,0.0
0.0,0.0
0.0,0.0
0.0,0.0
0.0,0.0
0.0,0.0
0.0,0.0
0.0,0.0
0.0,0.0
