-8.49361801147461,6.524656295776367
0.0,0.0
0.0,0.0
0.0,0.0
0.0,0.0
0.0,0.0
0.0,0.0
0.0,0.0
0.0,0.0
0.0,0.0
0.0,0.0
0.0,0.0
0.0,0.0
0.0,0.0
0.0,0.0
0.0,0.0
0.0,0.0
0.0,0.0
10.13844108581543,29.711532592773438
22.085756301879883,-6.313778400421143
0.0,0.0
0.0,0.0
0.0,0.0
0.0,0.0
0.0,0.0
0.0,0.0
7.020991802215576,29.483692169189453
20.7801456451416,-6.584743499755859
0.0,0.0
0.0,0.0
-2.608839988708496,8.65402889251709
0.0,0.0
0.0,0.0
0.0,0.0
0.0,0.0
0.0,0.0
0.0,0.0
0.0,0.0
0.0,0.0
0.0,0.0
0.0,0.0
0.0,0.0
0.0,0.0
0.0,0.0
0.0,0.0
0.0,0.0
0.0,0.0
0.0,0.0
0.0,0.0
0.0,0.0
-8.903922080993652,11.1027193069458
16.822040557861328,-5.137569427490234
0.0,0.0
0.0,0.0
-8.88930892944336,11.111105918884277
0.0,0.0
0.0,0.0
0.0,0.0
-8.890522956848145,11.082764625549316
0.0,0.0
0.0,0.0
0.0,0.0
-8.880955696105957,11.111105918884277
0.0,0.0
0.0,0.0
0.0,0.0
0.0,0.0
0.0,0.0
0.0,0.0
0.0,0.0
0.0,0.0
0.0,0.0
0.0,0.0
0.0,0.0
0.0,0.0
0.0,0.0
0.0,0.0
0.0,0.0
0.0,0.0
0.0,0.0
0.0,0.0
0.0,0.0
-8.929756164550781,11.103178024291992
22.222211837768555,-17.776683807373047
0.0,0.0
0.0,0.0
-8.711809158325195,11.111105918884277
22.109214782714844,-3.4163925647735596
0.0,0.0
0.0,0.0
-8.901501655578613,11.04297924041748
22.21137237548828,-17.785001754760742
0.0,0.0
0.0,0.0
-8.903679847717285,11.108647346496582
22.222211837768555,-17.777381896972656
0.0,0.0
0.0,0.0
0.0,0.0
0.0,0.0
0.0,0.0
0.0,0.0
0.0,0.0
0.0,0.0
0.0,0.0
0.0,0.0
0.0,0.0
0.0,0.0
0.0,0.0
0.0,0.0
0.0,0.0
0.0,0.0
0.0,0.0
0.0,0.0
-8.933638572692871,9.859457015991211
22.222211837768555,-17.767148971557617
0.0,0.0
0.0,0.0
-8.888847351074219,11.111105918884277
22.222211837768555,-17.754802703857422
0.0,0.0
0.0,0.0
-8.888894081115723,11.111102104187012
22.222211837768555,-17.7652530670166
0.0,0.0
0.0,0.0
-8.894491195678711,11.111104965209961
22.222211837768555,-17.729753494262695
0.0,0.0
0.0,0.0
0.0,0.0
0.0,0.0
0.0,0.0
0.0,0.0
0.0,0.0
0.0,0.0
0.0,0.0
0.0,0.0
0.0,0.0
0.0,0.0
0.0,0.0
0.0,0.0
0.0,0.0
0.0,0.0
0.0,0.0
0.0,0.0
0.328326940536499,19.290306091308594
22.22197151184082,-17.777814865112305
0.0,0.0
0.0,0.0
0.0,0.0
0.0,0.0
0.0,0.0
0.0,0.0
9.964710235595703,22.948305130004883
22.222211837768555,-17.07537269592285
0.0,0.0
0.0,0.0
-8.14648151397705,11.111048698425293
10.738643646240234,-1.9301666021347046
0.0,0.0
0.0,0.0
0.0,0.0
0.0,0.0
0.0,0.0
0.0,0.0
0.0,0.0
0.0,0.0
0.0,0.0
0.0,0.0
0.0,0.0
0.0,0.0
0.0,0.0
0.0,0.0
0.0,0.0
0.0,0.0
0.0,0.0
0.0,0.0
0.0,0.0
0.0,0.0
0.0,0.0
0.0,0.0
0.0,0.0
0.0,0.0
0.0,0.0
0.0,0.0
0.0,0.0
0.0,0.0
0.0,0.0
0.0,0.0
0.0,0.0
0.0,0.0
0.0,0.0
0.0,0.0
0.0,0.0
0.0,0.0
0.0,0.0
0.0,0.0
0.0,0.0
0.0,0.0
0.0,0.0
0.0,0.0
0.0,0.0
0.0,0.0
0.0,0.0
0.0,0.0
0.0,0.0
0.0,0.0
0.0,0.0
0.0,0.0
-8.912080764770508,10.87862491607666
0.0,0.0
0.0,0.0
0.0,0.0
0.0,0.0
0.0,0.0
0.0,0.0
0.0,0.0
-8.926163673400879,10.73809814453125
22.222034454345703,-17.777809143066406
0.0,0.0
0.0,0.0
-9.108400344848633,8.828157424926758
3.4761998653411865,0.0
0.0,0.0
0.0,0.0
0.0,0.0
0.0,0.0
0.0,0.0
0.0,0.0
0.0,0.0
0.0,0.0
0.0,0.0
0.0,0.0
0.0,0.0
0.0,0.0
0.0,0.0
0.0,0.0
0.0,0.0
0.0,0.0
0.0,0.0
0.0,0.0
-8.901644706726074,11.034561157226562
0.0,0.0
0.0,0.0
0.0,0.0
0.0,0.0
0.0,0.0
0.0,0.0
0.0,0.0
-8.932212829589844,10.90125846862793
22.222211837768555,-17.774324417114258
0.0,0.0
0.0,0.0
-9.156601905822754,5.986842155456543
0.0,0.0
0.0,0.0
0.0,0.0
0.0,0.0
0.0,0.0
0.0,0.0
0.0,0.0
0.0,0.0
0.0,0.0
0.0,0.0
0.0,0.0
0.0,0.0
0.0,0.0
0.0,0.0
0.0,0.0
0.0,0.0
0.0,0.0
0.0,0.0
0.0,0.0
0.0,0.0
0.0,0.0
0.0,0.0
0.0,0.0
0.0,0.0
0.0,0.0
0.0,0.0
0.0,0.0
0.0,0.0
0.0,0.0
0.0,0.0
0.0,0.0
0.0,0.0
0.0,0.0
0.0,0.0
0.0,0.0
0.0,0.0
0.0,0.0
0.0,0.0
0.0,0.0
0.0,0.0
0.0,0.0
0.0,0.0
0.0,0.0
0.0,0.0
0.0,0.0
0.0,0.0
0.0,0.0
0.0,0.0
0.0,0.0
0.0,0.0
0.0,0.0
0.0,0.0
0.0,0.0
0.0,0.0
0.0,0.0
0.0,0.0
0.0,0.0
0.0,0.0
0.0,0.0
0.0,0.0
0.0,0.0
0.0,0.0
0.0,0.0
0.0,0.0
0.0,0.0
-10.027750968933105,-0.9583135843276978
22.222211837768555,-5.690923690795898
-9.604196548461914,5.141254901885986
18.85233497619629,-1.9617999792099
-1.0,0.0
0.0,0.0
-1.909999966621399,1.0140786170959473
0.0,0.0
-9.882186889648438,1.1731207370758057
22.222211837768555,-2.9958534240722656
-9.61284351348877,8.86507797241211
21.028039932250977,0.0
0.0,0.0
0.0,0.0
-1.8387939929962158,8.244865417480469
0.0,0.0
0.0,0.0
0.0,0.0
-8.678046226501465,4.457869529724121
15.056099891662598,-1.6301788091659546
0.0,0.0
0.0,0.0
-2.690516948699951,2.7729499340057373
0.0,0.0
0.0,0.0
0.0,0.0
-9.380197525024414,8.338316917419434
19.157861709594727,-4.021306037902832
0.0,0.0
0.0,0.0
-5.354219436645508,6.875857830047607
0.0,0.0
-9.647780418395996,2.916494846343994
22.222211837768555,-15.94666862487793
-9.22118854522705,10.054601669311523
19.155624389648438,-3.6728732585906982
-9.25766658782959,2.9717252254486084
0.0,0.0
-1.899999976158142,4.149170875549316
0.0,0.0
-9.807714462280273,2.073837995529175
22.222211837768555,8.235939025878906
-9.643367767333984,-1.0623846054077148
21.028039932250977,-1.4199999570846558
-9.34237003326416,7.476646900177002
15.056099891662598,-5.206447124481201
-6.054434299468994,1.767991542816162
14.347362518310547,-3.606187343597412
0.0,0.0
0.0,0.0
-4.45147705078125,3.6801187992095947
16.28795623779297,-1.1703908443450928
0.0,0.0
0.0,0.0
-1.8578205108642578,7.313544273376465
2.0,0.0
0.0,0.0
0.0,0.0
-7.1763505935668945,5.394040584564209
18.152801513671875,2.2696382999420166
0.0,0.0
0.0,0.0
-7.562978267669678,2.8401081562042236
19.155624389648438,2.508901596069336
0.0,0.0
0.0,0.0
0.0,0.0
0.0,0.0
0.0,0.0
0.0,0.0
0.0,0.0
0.0,0.0
0.0,0.0
0.0,0.0
0.0,0.0
0.0,0.0
0.0,0.0
0.0,0.0
0.0,0.0
0.0,0.0
0.0,0.0
0.0,0.0
0.0,0.0
0.0,0.0
0.0,0.0
0.0,0.0
0.0,0.0
0.0,0.0
0.0,0.0
0.0,0.0
0.0,0.0
0.0,0.0
0.0,0.0
0.0,0.0
0.0,0.0
0.0,0.0
0.0,0.0
0.0,0.0
0.0,0.0
0.0,0.0
0.0,0.0
0.0,0.0
0.0,0.0
0.0,0.0
0.0,0.0
0.0,0.0
0.0,0.0
0.0,0.0
0.0,0.0
0.0,0.0
0.0,0.0
0.0,0.0
0.0,0.0
0.0,0.0
0.0,0.0
0.0,0.0
0.0,0.0
0.0,0.0
0.0,0.0
0.0,0.0
0.0,0.0
0.0,0.0
0.0,0.0
0.0,0.0
0.0,0.0
0.0,0.0
0.0,0.0
0.0,0.0
0.0,0.0
0.0,0.0
-8.785473823547363,-4.156964302062988
0.0,0.0
0.0,0.0
0.0,0.0
0.0,0.0
0.0,0.0
-10.56537914276123,-5.665100574493408
0.0,0.0
-10.790786743164062,-7.463752269744873
0.0,0.0
0.0,0.0
0.0,0.0
-8.143978118896484,-7.850525379180908
0.0,0.0
0.0,0.0
0.0,0.0
-10.195734024047852,-1.9577696323394775
0.0,0.0
0.0,0.0
0.0,0.0
0.0,0.0
0.0,0.0
0.0,7.2752814292907715
0.0,0.0
-9.862452507019043,1.377589225769043
0.0,0.0
0.0,0.0
0.0,0.0
-9.990069389343262,-0.37833887338638306
0.0,0.0
0.0,0.0
0.0,0.0
-3.3974802494049072,-0.6647006869316101
0.0,0.0
0.0,0.0
0.0,0.0
0.0,0.0
0.0,0.0
-10.771319389343262,-7.433269500732422
0.0,0.0
-10.940314292907715,-2.1564347743988037
0.0,0.0
0.0,0.0
0.0,0.0
-4.169885158538818,-4.177420616149902
0.0,0.0
0.0,0.0
0.0,0.0
-8.059179306030273,-0.6367208361625671
0.0,0.0
0.0,0.0
0.0,0.0
0.0,0.0
0.0,0.0
-1.909999966621399,-0.015470999293029308
0.0,0.0
-9.911791801452637,1.8139910697937012
0.0,0.0
0.0,0.0
0.0,0.0
-9.252715110778809,0.5379356145858765
0.0,0.0
0.0,0.0
0.0,0.0
0.0,0.0
0.0,0.0
0.0,0.0
0.0,0.0
0.0,0.0
0.0,0.0
0.0,0.0
0.0,0.0
0.0,0.0
0.0,0.0
0.0,0.0
0.0,0.0
0.0,0.0
0.0,0.0
0.0,0.0
0.0,0.0
-17.791120529174805,22.08115577697754
11.111104965209961,-8.889148712158203
0.0,0.0
0.0,0.0
0.0,0.0
0.0,0.0
0.0,0.0
0.0,0.0
-17.766382217407227,22.054391860961914
10.989226341247559,-8.899144172668457
0.0,0.0
0.0,0.0
0.0,0.0
0.0,0.0
0.0,0.0
0.0,0.0
0.0,0.0
0.0,0.0
0.0,0.0
0.0,0.0
0.0,0.0
0.0,0.0
0.0,0.0
0.0,0.0
0.0,0.0
0.0,0.0
0.0,0.0
0.0,0.0
0.0,0.0
0.0,0.0
0.0,0.0
0.0,0.0
-17.07097625732422,21.873977661132812
11.111105918884277,-8.866382598876953
0.0,0.0
0.0,0.0
-11.779704093933105,18.222126007080078
0.0,0.0
0.0,0.0
0.0,0.0
-17.05026626586914,22.037940979003906
10.361104965209961,-8.878596305847168
0.0,0.0
0.0,0.0
-8.43356990814209,14.028474807739258
0.0,0.0
0.0,0.0
0.0,0.0
0.0,0.0
0.0,0.0
0.0,0.0
0.0,0.0
0.0,0.0
0.0,0.0
0.0,0.0
0.0,0.0
0.0,0.0
0.0,0.0
0.0,0.0
0.0,0.0
0.0,0.0
0.0,0.0
0.0,0.0
0.0,0.0
0.0,0.0
0.0,0.0
0.0,0.0
0.0,0.0
0.0,0.0
0.0,0.0
0.0,0.0
0.0,0.0
0.0,0.0
0.0,0.0
0.0,0.0
0.0,0.0
0.0,0.0
0.0,0.0
0.0,0.0
0.0,0.0
0.0,0.0
0.0,0.0
0.0,0.0
0.0,0.0
0.0,0.0
0.0,0.0
0.0,0.0
0.0,0.0
0.0,0.0
0.0,0.0
0.0,0.0
0.0,0.0
0.0,0.0
0.0,0.0
0.0,0.0
0.0,0.0
0.0,0.0
0.0,0.0
0.0,0.0
0.0,0.0
0.0,0.0
0.0,0.0
0.0,0.0
0.0,0.0
0.0,0.0
0.0,0.0
0.0,0.0
0.0,0.0
0.0,0.0
0.0,0.0
0.0,0.0
0.0,0.0
0.0,0.0
0.0,0.0
0.0,0.0
0.0,0.0
0.0,0.0
0.0,0.0
0.0,0.0
0.0,0.0
0.0,0.0
0.0,0.0
0.0,0.0
0.0,0.0
0.0,0.0
0.0,0.0
0.0,0.0
0.0,0.0
-17.77777099609375,22.222211837768555
11.111105918884277,-8.401496887207031
0.0,0.0
0.0,0.0
0.0,0.0
0.0,0.0
0.0,0.0
0.0,0.0
-17.77777099609375,22.222211837768555
11.111105918884277,-8.83427619934082
0.0,0.0
0.0,0.0
0.0,0.0
0.0,0.0
0.0,0.0
0.0,0.0
0.0,0.0
0.0,0.0
0.0,0.0
0.0,0.0
0.0,0.0
0.0,0.0
0.0,0.0
0.0,0.0
0.0,0.0
0.0,0.0
0.0,0.0
0.0,0.0
0.0,0.0
0.0,0.0
0.0,0.0
0.0,0.0
-17.77777099609375,22.222211837768555
11.111105918884277,-8.570405960083008
0.0,0.0
0.0,0.0
0.0,0.0
0.0,0.0
0.0,0.0
0.0,0.0
-17.777788162231445,22.222204208374023
11.111105918884277,-8.854905128479004
0.0,0.0
0.0,0.0
0.0,0.0
0.0,0.0
0.0,0.0
0.0,0.0
0.0,0.0
0.0,0.0
0.0,0.0
0.0,0.0
0.0,0.0
0.0,0.0
0.0,0.0
0.0,0.0
0.0,0.0
0.0,0.0
0.0,0.0
0.0,0.0
0.0,0.0
0.0,0.0
0.0,0.0
0.0,0.0
0.0,0.0
0.0,0.0
0.0,0.0
0.0,0.0
0.0,0.0
0.0,0.0
0.0,0.0
0.0,0.0
0.0,0.0
0.0,0.0
0.0,0.0
0.0,0.0
0.0,0.0
0.0,0.0
0.0,0.0
0.0,0.0
0.0,0.0
0.0,0.0
0.0,0.0
0.0,0.0
0.0,0.0
0.0,0.0
0.0,0.0
0.0,0.0
0.0,0.0
0.0,0.0
0.0,0.0
0.0,0.0
0.0,0.0
0.0,0.0
0.0,0.0
0.0,0.0
0.0,0.0
0.0,0.0
0.0,0.0
0.0,0.0
0.0,0.0
0.0,0.0
0.0,0.0
0.0,0.0
0.0,0.0
0.0,0.0
0.0,0.0
0.0,0.0
0.0,0.0
0.0,0.0
-17.615158081054688,22.222211837768555
7.528049945831299,0.0
-15.28725814819336,22.222211837768555
3.491671085357666,0.0
0.0,0.0
0.0,0.0
0.0,0.0
0.0,0.0
-17.76469612121582,22.222211837768555
6.356335163116455,-2.651125907897949
-15.487360954284668,22.21554946899414
0.0,0.0
0.0,0.0
0.0,0.0
0.0,0.0
0.0,0.0
-17.465511322021484,22.222211837768555
7.528049945831299,-1.819263219833374
-17.77777099609375,22.222211837768555
11.111059188842773,-7.622627258300781
0.0,0.0
0.0,0.0
0.0,0.0
0.0,0.0
-17.76590919494629,22.222211837768555
7.528049945831299,-1.7932236194610596
-17.777788162231445,22.222209930419922
11.110932350158691,-7.8432135581970215
0.0,0.0
0.0,0.0
0.0,0.0
0.0,0.0
-17.659706115722656,22.222211837768555
5.369321823120117,-0.9726189970970154
-17.123676300048828,22.222211837768555
2.738100051879883,0.0
-2.0,13.568530082702637
0.0,0.0
0.0,0.0
0.0,0.0
-17.771282196044922,22.222211837768555
4.177420616149902,-1.8404403924942017
-13.21451187133789,22.21554946899414
0.0,0.0
-1.7799999713897705,17.75033187866211
0.0,0.0
0.0,0.0
0.0,0.0
-17.670028686523438,22.218618392944336
7.528049945831299,-0.9900000095367432
-17.778175354003906,22.221960067749023
11.004833221435547,-3.713627576828003
-3.6643147468566895,13.568530082702637
0.0,0.0
-7.660523414611816,21.40331268310547
0.0,0.0
-17.77662467956543,22.222211837768555
5.369321823120117,0.0
-17.80352020263672,21.898876190185547
11.103314399719238,-7.500552177429199
-6.4977335929870605,18.152801513671875
0.0,0.0
-10.294745445251465,22.20508575439453
0.0,0.0
0.0,0.0
0.0,0.0
0.0,0.0
0.0,0.0
0.0,0.0
0.0,0.0
0.0,0.0
0.0,0.0
0.0,0.0
0.0,0.0
0.0,0.0
0.0,0.0
0.0,0.0
0.0,0.0
0.0,0.0
0.0,0.0
0.0,0.0
0.0,0.0
0.0,0.0
0.0,0.0
0.0,0.0
0.0,0.0
0.0,0.0
0.0,0.0
0.0,0.0
0.0,0.0
0.0,0.0
0.0,0.0
0.0,0.0
0.0,0.0
0.0,0.0
0.0,0.0
0.0,0.0
0.0,0.0
0.0,0.0
0.0,0.0
0.0,0.0
0.0,0.0
0.0,0.0
0.0,0.0
0.0,0.0
0.0,0.0
0.0,0.0
0.0,0.0
0.0,0.0
0.0,0.0
0.0,0.0
0.0,0.0
0.0,0.0
0.0,0.0
0.0,0.0
0.0,0.0
0.0,0.0
0.0,0.0
0.0,0.0
0.0,0.0
0.0,0.0
0.0,0.0
0.0,0.0
0.0,0.0
0.0,0.0
0.0,0.0
0.0,0.0
0.0,0.0
0.0,0.0
0.0,0.0
-2.0,6.983342170715332
0.0,0.0
0.0,0.0
0.0,0.0
0.0,0.0
0.0,0.0
-16.468795776367188,22.220439910888672
0.0,0.0
-7.812796592712402,20.308565139770508
0.0,0.0
0.0,0.0
0.0,0.0
0.0,0.0
0.0,0.0
0.0,0.0
0.0,0.0
-17.77777099609375,22.222211837768555
0.0,0.0
0.0,0.0
0.0,0.0
0.0,0.0
0.0,0.0
-15.044427871704102,22.21962547302246
0.0,0.0
-17.77777099609375,22.222211837768555
0.0,0.0
0.0,0.0
0.0,0.0
0.0,0.0
0.0,0.0
0.0,0.0
0.0,0.0
0.0,0.0
0.0,0.0
0.0,0.0
0.0,0.0
0.0,0.0
0.0,0.0
-3.6494390964508057,16.28795623779297
0.0,0.0
-2.0,2.0
0.0,0.0
0.0,0.0
0.0,0.0
0.0,0.0
0.0,0.0
0.0,0.0
0.0,0.0
-2.0,0.0
0.0,0.0
0.0,0.0
0.0,0.0
0.0,0.0
0.0,0.0
-3.799999952316284,14.347362518310547
0.0,0.0
-15.516518592834473,22.221460342407227
0.0,0.0
0.0,0.0
0.0,0.0
0.0,0.0
0.0,0.0
0.0,0.0
0.0,0.0
0.0,0.0
0.0,0.0
0.0,0.0
0.0,0.0
0.0,0.0
0.0,0.0
0.0,0.0
0.0,0.0
0.0,0.0
0.0,0.0
0.0,0.0
0.0,0.0
0.0,0.0
0.0,0.0
0.0,0.0
0.0,0.0
0.0,0.0
0.0,0.0
0.0,0.0
0.0,0.0
0.0,0.0
0.0,0.0
0.0,0.0
0.0,0.0
0.0,0.0
0.0,0.0
0.0,0.0
0.0,0.0
0.0,0.0
0.0,0.0
0.0,0.0
0.0,0.0
0.0,0.0
0.0,0.0
0.0,0.0
0.0,0.0
0.0,0.0
0.0,0.0
0.0,0.0
0.0,0.0
0.0,0.0
0.0,0.0
0.0,0.0
0.0,0.0
0.0,0.0
0.0,0.0
0.0,0.0
0.0,0.0
0.0,0.0
0.0,0.0
0.0,0.0
0.0,0.0
0.0,0.0
0.0,0.0
0.0,0.0
0.0,0.0
0.0,0.0
0.0,0.0
0.0,0.0
0.0,0.0
0.0,0.0
0.0,0.0
