-9.00582504272461,6.677967071533203
0.0,0.0
0.0,0.0
0.0,0.0
0.0,0.0
0.0,0.0
0.0,0.0
0.0,0.0
0.0,0.0
0.0,0.0
0.0,0.0
0.0,0.0
0.0,0.0
0.0,0.0
0.0,0.0
0.0,0.0
0.0,0.0
0.0,0.0
4.392083644866943,29.711524963378906
21.32232093811035,-5.036457538604736
0.0,0.0
0.0,0.0
0.0,0.0
0.0,0.0
0.0,0.0
0.0,0.0
4.912133693695068,29.483591079711914
18.5190486907959,-6.584743499755859
0.0,0.0
0.0,0.0
-2.608839988708496,8.65402889251709
0.0,0.0
0.0,0.0
0.0,0.0
0.0,0.0
0.0,0.0
0.0,0.0
0.0,0.0
0.0,0.0
0.0,0.0
0.0,0.0
0.0,0.0
0.0,0.0
0.0,0.0
0.0,0.0
0.0,0.0
0.0,0.0
0.0,0.0
0.0,0.0
0.0,0.0
-8.891672134399414,11.111099243164062
0.0,0.0
0.0,0.0
0.0,0.0
-8.888860702514648,11.111105918884277
0.0,0.0
0.0,0.0
0.0,0.0
-7.121065139770508,13.05573558807373
0.0,0.0
0.0,0.0
0.0,0.0
-8.85767936706543,11.111078262329102
0.0,0.0
0.0,0.0
0.0,0.0
0.0,0.0
0.0,0.0
0.0,0.0
0.0,0.0
0.0,0.0
0.0,0.0
0.0,0.0
0.0,0.0
0.0,0.0
0.0,0.0
0.0,0.0
0.0,0.0
0.0,0.0
0.0,0.0
0.0,0.0
0.0,0.0
-8.914916038513184,10.4362154006958
22.222211837768555,-17.76876449584961
0.0,0.0
0.0,0.0
-8.518656730651855,11.111059188842773
20.11930274963379,-1.8184720277786255
0.0,0.0
0.0,0.0
-8.893099784851074,11.11083984375
22.220855712890625,-17.761917114257812
0.0,0.0
0.0,0.0
-8.83370590209961,11.065118789672852
22.222211837768555,-17.775129318237305
0.0,0.0
0.0,0.0
0.0,0.0
0.0,0.0
0.0,0.0
0.0,0.0
0.0,0.0
0.0,0.0
0.0,0.0
0.0,0.0
0.0,0.0
0.0,0.0
0.0,0.0
0.0,0.0
0.0,0.0
0.0,0.0
0.0,0.0
0.0,0.0
-8.889168739318848,11.111105918884277
22.222211837768555,-17.75033950805664
0.0,0.0
0.0,0.0
-8.88790512084961,11.111105918884277
22.222211837768555,-17.653783798217773
0.0,0.0
0.0,0.0
-8.909505844116211,11.101449966430664
22.222211837768555,-16.916868209838867
0.0,0.0
0.0,0.0
-8.905336380004883,11.109633445739746
22.222211837768555,-14.85352897644043
0.0,0.0
0.0,0.0
0.0,0.0
0.0,0.0
0.0,0.0
0.0,0.0
0.0,0.0
0.0,0.0
0.0,0.0
0.0,0.0
0.0,0.0
0.0,0.0
0.0,0.0
0.0,0.0
0.0,0.0
0.0,0.0
0.0,0.0
0.0,0.0
0.32821473479270935,19.290306091308594
22.222116470336914,-17.77777671813965
0.0,0.0
0.0,0.0
0.0,0.0
0.0,0.0
0.0,0.0
0.0,0.0
1.446364402770996,22.948266983032227
22.212491989135742,-16.146005630493164
0.0,0.0
0.0,0.0
-7.336659908294678,11.109216690063477
8.354841232299805,-1.9301666021347046
0.0,0.0
0.0,0.0
0.0,0.0
0.0,0.0
0.0,0.0
0.0,0.0
0.0,0.0
0.0,0.0
0.0,0.0
0.0,0.0
0.0,0.0
0.0,0.0
0.0,0.0
0.0,0.0
0.0,0.0
0.0,0.0
0.0,0.0
0.0,0.0
0.0,0.0
0.0,0.0
0.0,0.0
0.0,0.0
0.0,0.0
0.0,0.0
0.0,0.0
0.0,0.0
0.0,0.0
0.0,0.0
0.0,0.0
0.0,0.0
0.0,0.0
0.0,0.0
0.0,0.0
0.0,0.0
0.0,0.0
0.0,0.0
0.0,0.0
0.0,0.0
0.0,0.0
0.0,0.0
0.0,0.0
0.0,0.0
0.0,0.0
0.0,0.0
0.0,0.0
0.0,0.0
0.0,0.0
0.0,0.0
0.0,0.0
0.0,0.0
-8.912080764770508,10.87862491607666
0.0,0.0
0.0,0.0
0.0,0.0
0.0,0.0
0.0,0.0
0.0,0.0
0.0,0.0
-8.92604923248291,10.739773750305176
22.222211837768555,-17.77777099609375
0.0,0.0
0.0,0.0
-9.213858604431152,7.654911994934082
0.0,0.0
0.0,0.0
0.0,0.0
0.0,0.0
0.0,0.0
0.0,0.0
0.0,0.0
0.0,0.0
0.0,0.0
0.0,0.0
0.0,0.0
0.0,0.0
0.0,0.0
0.0,0.0
0.0,0.0
0.0,0.0
0.0,0.0
0.0,0.0
0.0,0.0
-8.950695991516113,10.831939697265625
0.0,0.0
0.0,0.0
0.0,0.0
0.0,0.0
0.0,0.0
0.0,0.0
0.0,0.0
-8.917704582214355,11.018659591674805
22.222211837768555,-17.729625701904297
0.0,0.0
0.0,0.0
-9.057382583618164,9.1033935546875
0.0,0.0
0.0,0.0
0.0,0.0
0.0,0.0
0.0,0.0
0.0,0.0
0.0,0.0
0.0,0.0
0.0,0.0
0.0,0.0
0.0,0.0
0.0,0.0
0.0,0.0
0.0,0.0
0.0,0.0
0.0,0.0
0.0,0.0
0.0,0.0
0.0,0.0
0.0,0.0
0.0,0.0
0.0,0.0
0.0,0.0
0.0,0.0
0.0,0.0
0.0,0.0
0.0,0.0
0.0,0.0
0.0,0.0
0.0,0.0
0.0,0.0
0.0,0.0
0.0,0.0
0.0,0.0
0.0,0.0
0.0,0.0
0.0,0.0
0.0,0.0
0.0,0.0
0.0,0.0
0.0,0.0
0.0,0.0
0.0,0.0
0.0,0.0
0.0,0.0
0.0,0.0
0.0,0.0
0.0,0.0
0.0,0.0
0.0,0.0
0.0,0.0
0.0,0.0
0.0,0.0
0.0,0.0
0.0,0.0
0.0,0.0
0.0,0.0
0.0,0.0
0.0,0.0
0.0,0.0
0.0,0.0
0.0,0.0
0.0,0.0
0.0,0.0
0.0,0.0
-9.838282585144043,2.213871479034424
22.222211837768555,1.0084493160247803
-9.526073455810547,3.0673882961273193
17.75033187866211,-1.9617999792099
-1.0,0.0
0.0,0.0
-1.909999966621399,0.015470999293029308
0.0,0.0
-9.873015403747559,1.120674967765808
22.222211837768555,7.782519817352295
-9.863374710083008,-4.661431789398193
18.85233497619629,0.0
0.0,0.0
0.0,0.0
-1.8387939929962158,6.063741683959961
0.0,0.0
0.0,0.0
0.0,0.0
-8.387176513671875,7.2604851722717285
14.347362518310547,-1.6301788091659546
0.0,0.0
0.0,0.0
-1.899999976158142,1.9482966661453247
0.0,0.0
0.0,0.0
0.0,0.0
-9.369646072387695,2.1753036975860596
16.292287826538086,-2.458760976791382
0.0,0.0
0.0,0.0
-4.424751281738281,7.00120735168457
0.0,0.0
-9.715156555175781,2.792487621307373
22.222211837768555,-15.94666862487793
-9.311148643493652,10.054433822631836
16.822040557861328,-3.6728732585906982
-9.265141487121582,7.150880336761475
0.0,0.0
-1.899999976158142,2.490680694580078
0.0,0.0
-9.863533020019531,1.6554555892944336
22.222211837768555,-7.463737487792969
-9.777440071105957,-2.497144937515259
19.431617736816406,-1.4199999570846558
-9.305987358093262,7.712303638458252
12.71267032623291,-5.206447124481201
-6.054434299468994,-0.22165492177009583
10.738643646240234,-3.606187343597412
0.0,0.0
0.0,0.0
-3.275280714035034,7.391180992126465
14.347362518310547,-3.6820716857910156
0.0,0.0
0.0,0.0
-1.8578205108642578,5.153352737426758
2.0,0.0
0.0,0.0
0.0,0.0
-6.642460823059082,6.534333229064941
15.701050758361816,0.12514188885688782
0.0,0.0
0.0,0.0
-6.859048366546631,5.573985576629639
16.822040557861328,0.36822041869163513
0.0,0.0
0.0,0.0
0.0,0.0
0.0,0.0
0.0,0.0
0.0,0.0
0.0,0.0
0.0,0.0
0.0,0.0
0.0,0.0
0.0,0.0
0.0,0.0
0.0,0.0
0.0,0.0
0.0,0.0
0.0,0.0
0.0,0.0
0.0,0.0
0.0,0.0
0.0,0.0
0.0,0.0
0.0,0.0
0.0,0.0
0.0,0.0
0.0,0.0
0.0,0.0
0.0,0.0
0.0,0.0
0.0,0.0
0.0,0.0
0.0,0.0
0.0,0.0
0.0,0.0
0.0,0.0
0.0,0.0
0.0,0.0
0.0,0.0
0.0,0.0
0.0,0.0
0.0,0.0
0.0,0.0
0.0,0.0
0.0,0.0
0.0,0.0
0.0,0.0
0.0,0.0
0.0,0.0
0.0,0.0
0.0,0.0
0.0,0.0
0.0,0.0
0.0,0.0
0.0,0.0
0.0,0.0
0.0,0.0
0.0,0.0
0.0,0.0
0.0,0.0
0.0,0.0
0.0,0.0
0.0,0.0
0.0,0.0
0.0,0.0
0.0,0.0
0.0,0.0
0.0,0.0
-8.222982406616211,-1.0620919466018677
0.0,0.0
0.0,0.0
0.0,0.0
0.0,0.0
0.0,0.0
-10.565281867980957,-5.749868392944336
0.0,0.0
-10.600526809692383,-6.3643388748168945
0.0,0.0
0.0,0.0
0.0,0.0
-5.886082649230957,-5.886082649230957
0.0,0.0
0.0,0.0
0.0,0.0
-10.195734024047852,-1.9577696323394775
0.0,0.0
0.0,0.0
0.0,0.0
0.0,0.0
0.0,0.0
0.0,4.356335163116455
0.0,0.0
-9.867765426635742,1.3254464864730835
0.0,0.0
0.0,0.0
0.0,0.0
-9.715084075927734,-6.992228984832764
0.0,0.0
0.0,0.0
0.0,0.0
-3.3974802494049072,-2.10040020942688
0.0,0.0
0.0,0.0
0.0,0.0
0.0,0.0
0.0,0.0
-10.796025276184082,-8.450623512268066
0.0,0.0
-11.081153869628906,-11.080699920654297
0.0,0.0
0.0,0.0
0.0,0.0
-1.899999976158142,-1.909999966621399
0.0,0.0
0.0,0.0
0.0,0.0
-8.059179306030273,0.3506966233253479
0.0,0.0
0.0,0.0
0.0,0.0
0.0,0.0
0.0,0.0
-1.909999966621399,0.09000000357627869
0.0,0.0
-9.805038452148438,4.220335006713867
0.0,0.0
0.0,0.0
0.0,0.0
-8.433629035949707,1.8753043413162231
0.0,0.0
0.0,0.0
0.0,0.0
0.0,0.0
0.0,0.0
0.0,0.0
0.0,0.0
0.0,0.0
0.0,0.0
0.0,0.0
0.0,0.0
0.0,0.0
0.0,0.0
0.0,0.0
0.0,0.0
0.0,0.0
0.0,0.0
0.0,0.0
0.0,0.0
-16.493188858032227,22.113525390625
10.111105918884277,-8.881290435791016
0.0,0.0
0.0,0.0
0.0,0.0
0.0,0.0
0.0,0.0
0.0,0.0
-17.781591415405273,22.063364028930664
11.111104965209961,-8.889235496520996
0.0,0.0
0.0,0.0
0.0,0.0
0.0,0.0
0.0,0.0
0.0,0.0
0.0,0.0
0.0,0.0
0.0,0.0
0.0,0.0
0.0,0.0
0.0,0.0
0.0,0.0
0.0,0.0
0.0,0.0
0.0,0.0
0.0,0.0
0.0,0.0
0.0,0.0
0.0,0.0
0.0,0.0
0.0,0.0
-17.58672523498535,21.80264663696289
11.111105918884277,-8.634949684143066
0.0,0.0
0.0,0.0
-10.307574272155762,21.214908599853516
0.0,0.0
0.0,0.0
0.0,0.0
-17.682737350463867,22.14687728881836
11.111105918884277,-8.178452491760254
0.0,0.0
0.0,0.0
-6.047040939331055,13.045923233032227
0.0,0.0
0.0,0.0
0.0,0.0
0.0,0.0
0.0,0.0
0.0,0.0
0.0,0.0
0.0,0.0
0.0,0.0
0.0,0.0
0.0,0.0
0.0,0.0
0.0,0.0
0.0,0.0
0.0,0.0
0.0,0.0
0.0,0.0
0.0,0.0
0.0,0.0
0.0,0.0
0.0,0.0
0.0,0.0
0.0,0.0
0.0,0.0
0.0,0.0
0.0,0.0
0.0,0.0
0.0,0.0
0.0,0.0
0.0,0.0
0.0,0.0
0.0,0.0
0.0,0.0
0.0,0.0
0.0,0.0
0.0,0.0
0.0,0.0
0.0,0.0
0.0,0.0
0.0,0.0
0.0,0.0
0.0,0.0
0.0,0.0
0.0,0.0
0.0,0.0
0.0,0.0
0.0,0.0
0.0,0.0
0.0,0.0
0.0,0.0
0.0,0.0
0.0,0.0
0.0,0.0
0.0,0.0
0.0,0.0
0.0,0.0
0.0,0.0
0.0,0.0
0.0,0.0
0.0,0.0
0.0,0.0
0.0,0.0
0.0,0.0
0.0,0.0
0.0,0.0
0.0,0.0
0.0,0.0
0.0,0.0
0.0,0.0
0.0,0.0
0.0,0.0
0.0,0.0
0.0,0.0
0.0,0.0
0.0,0.0
0.0,0.0
0.0,0.0
0.0,0.0
0.0,0.0
0.0,0.0
0.0,0.0
0.0,0.0
0.0,0.0
-17.77777099609375,22.222211837768555
11.110555648803711,-7.630833625793457
0.0,0.0
0.0,0.0
0.0,0.0
0.0,0.0
0.0,0.0
0.0,0.0
-17.77777099609375,22.222211837768555
11.111105918884277,-8.714856147766113
0.0,0.0
0.0,0.0
0.0,0.0
0.0,0.0
0.0,0.0
0.0,0.0
0.0,0.0
0.0,0.0
0.0,0.0
0.0,0.0
0.0,0.0
0.0,0.0
0.0,0.0
0.0,0.0
0.0,0.0
0.0,0.0
0.0,0.0
0.0,0.0
0.0,0.0
0.0,0.0
0.0,0.0
0.0,0.0
-17.77777099609375,22.222211837768555
11.111105918884277,-8.403470039367676
0.0,0.0
0.0,0.0
0.0,0.0
0.0,0.0
0.0,0.0
0.0,0.0
-17.777788162231445,22.222204208374023
11.111105918884277,-8.824942588806152
0.0,0.0
0.0,0.0
0.0,0.0
0.0,0.0
0.0,0.0
0.0,0.0
0.0,0.0
0.0,0.0
0.0,0.0
0.0,0.0
0.0,0.0
0.0,0.0
0.0,0.0
0.0,0.0
0.0,0.0
0.0,0.0
0.0,0.0
0.0,0.0
0.0,0.0
0.0,0.0
0.0,0.0
0.0,0.0
0.0,0.0
0.0,0.0
0.0,0.0
0.0,0.0
0.0,0.0
0.0,0.0
0.0,0.0
0.0,0.0
0.0,0.0
0.0,0.0
0.0,0.0
0.0,0.0
0.0,0.0
0.0,0.0
0.0,0.0
0.0,0.0
0.0,0.0
0.0,0.0
0.0,0.0
0.0,0.0
0.0,0.0
0.0,0.0
0.0,0.0
0.0,0.0
0.0,0.0
0.0,0.0
0.0,0.0
0.0,0.0
0.0,0.0
0.0,0.0
0.0,0.0
0.0,0.0
0.0,0.0
0.0,0.0
0.0,0.0
0.0,0.0
0.0,0.0
0.0,0.0
0.0,0.0
0.0,0.0
0.0,0.0
0.0,0.0
0.0,0.0
0.0,0.0
0.0,0.0
0.0,0.0
-17.35802459716797,22.222211837768555
7.173681259155273,0.0
-13.981830596923828,22.221952438354492
2.738100051879883,0.0
0.0,0.0
0.0,0.0
0.0,0.0
0.0,0.0
-17.690603256225586,22.222211837768555
5.369321823120117,-2.651125907897949
-14.63429069519043,22.128639221191406
0.0,0.0
0.0,0.0
0.0,0.0
0.0,0.0
0.0,0.0
-16.971759796142578,22.222211837768555
7.173681259155273,-1.819263219833374
-17.77777099609375,22.222211837768555
11.110895156860352,-7.622627258300781
0.0,0.0
0.0,0.0
0.0,0.0
0.0,0.0
-17.698688507080078,22.222211837768555
6.784265041351318,-1.7932236194610596
-17.77787971496582,22.222209930419922
11.109216690063477,-7.597914695739746
0.0,0.0
0.0,0.0
0.0,0.0
0.0,0.0
-17.57781982421875,22.222211837768555
4.80145263671875,-0.9726189970970154
-16.67005157470703,22.22216796875
1.909999966621399,0.0
-2.0,8.354841232299805
0.0,0.0
0.0,0.0
0.0,0.0
-17.7493839263916,22.222211837768555
3.491671085357666,-1.8404403924942017
-13.21451187133789,22.173864364624023
0.0,0.0
-1.7799999713897705,16.28795623779297
0.0,0.0
0.0,0.0
0.0,0.0
-17.537208557128906,22.222211837768555
6.356335163116455,-0.9900000095367432
-17.777788162231445,22.222211837768555
10.08910846710205,-3.1345744132995605
-2.0,8.354841232299805
0.0,0.0
-6.523115158081055,19.155624389648438
0.0,0.0
-17.769237518310547,22.222211837768555
4.177420616149902,0.0
-17.7899112701416,22.210145950317383
11.08191204071045,-7.346069812774658
-6.4977335929870605,16.28795623779297
0.0,0.0
-8.538566589355469,22.158048629760742
0.0,0.0
0.0,0.0
0.0,0.0
0.0,0.0
0.0,0.0
0.0,0.0
0.0,0.0
0.0,0.0
0.0,0.0
0.0,0.0
0.0,0.0
0.0,0.0
0.0,0.0
0.0,0.0
0.0,0.0
0.0,0.0
0.0,0.0
0.0,0.0
0.0,0.0
0.0,0.0
0.0,0.0
0.0,0.0
0.0,0.0
0.0,0.0
0.0,0.0
0.0,0.0
0.0,0.0
0.0,0.0
0.0,0.0
0.0,0.0
0.0,0.0
0.0,0.0
0.0,0.0
0.0,0.0
0.0,0.0
0.0,0.0
0.0,0.0
0.0,0.0
0.0,0.0
0.0,0.0
0.0,0.0
0.0,0.0
0.0,0.0
0.0,0.0
0.0,0.0
0.0,0.0
0.0,0.0
0.0,0.0
0.0,0.0
0.0,0.0
0.0,0.0
0.0,0.0
0.0,0.0
0.0,0.0
0.0,0.0
0.0,0.0
0.0,0.0
0.0,0.0
0.0,0.0
0.0,0.0
0.0,0.0
0.0,0.0
0.0,0.0
0.0,0.0
0.0,0.0
0.0,0.0
0.0,0.0
-2.0,2.0
0.0,0.0
0.0,0.0
0.0,0.0
0.0,0.0
0.0,0.0
-15.314002990722656,22.173864364624023
0.0,0.0
-7.812796592712402,19.431617736816406
0.0,0.0
0.0,0.0
0.0,0.0
0.0,0.0
0.0,0.0
0.0,0.0
0.0,0.0
-17.77777099609375,22.222211837768555
0.0,0.0
0.0,0.0
0.0,0.0
0.0,0.0
0.0,0.0
-14.74062442779541,22.158048629760742
0.0,0.0
-17.77777099609375,22.222211837768555
0.0,0.0
0.0,0.0
0.0,0.0
0.0,0.0
0.0,0.0
0.0,0.0
0.0,0.0
0.0,0.0
0.0,0.0
0.0,0.0
0.0,0.0
0.0,0.0
0.0,0.0
-2.0,10.738643646240234
0.0,0.0
-2.0,2.0
0.0,0.0
0.0,0.0
0.0,0.0
0.0,0.0
0.0,0.0
0.0,0.0
0.0,0.0
0.0,0.0
0.0,0.0
0.0,0.0
0.0,0.0
0.0,0.0
0.0,0.0
-3.799999952316284,9.6029052734375
0.0,0.0
-14.675816535949707,22.21554946899414
0.0,0.0
0.0,0.0
0.0,0.0
0.0,0.0
0.0,0.0
0.0,0.0
0.0,0.0
0.0,0.0
0.0,0.0
0.0,0.0
0.0,0.0
0.0,0.0
0.0,0.0
0.0,0.0
0.0,0.0
0.0,0.0
0.0,0.0
0.0,0.0
0.0,0.0
0.0,0.0
0.0,0.0
0.0,0.0
0.0,0.0
0.0,0.0
0.0,0.0
0.0,0.0
0.0,0.0
0.0,0.0
0.0,0.0
0.0,0.0
0.0,0.0
0.0,0.0
0.0,0.0
0.0,0.0
0.0,0.0
0.0,0.0
0.0,0.0
0.0,0.0
0.0,0.0
0.0,0.0
0.0,0.0
0.0,0.0
0.0,0.0
0.0,0.0
0.0,0.0
0.0,0.0
0.0,0.0
0.0,0.0
0.0,0.0
0.0,0.0
0.0,0.0
0.0,0.0
0.0,0.0
0.0,0.0
0.0,0.0
0.0,0.0
0.0,0.0
0.0,0.0
0.0,0.0
0.0,0.0
0.0,0.0
0.0,0.0
0.0,0.0
0.0,0.0
0.0,0.0
0.0,0.0
0.0,0.0
0.0,0.0
0.0,0.0
