-5.261293888092041,8.633496284484863
0.0,0.0
0.0,0.0
0.0,0.0
0.0,0.0
0.0,0.0
0.0,0.0
0.0,0.0
0.0,0.0
0.0,0.0
0.0,0.0
0.0,0.0
0.0,0.0
0.0,0.0
0.0,0.0
0.0,0.0
0.0,0.0
0.0,0.0
16.628334045410156,29.711532592773438
21.32232093811035,-5.036457538604736
0.0,0.0
0.0,0.0
0.0,0.0
0.0,0.0
0.0,0.0
0.0,0.0
5.430263996124268,29.483692169189453
18.5190486907959,-6.584743499755859
0.0,0.0
0.0,0.0
-2.608839988708496,8.65402889251709
0.0,0.0
0.0,0.0
0.0,0.0
0.0,0.0
0.0,0.0
0.0,0.0
0.0,0.0
0.0,0.0
0.0,0.0
0.0,0.0
0.0,0.0
0.0,0.0
0.0,0.0
0.0,0.0
0.0,0.0
0.0,0.0
0.0,0.0
0.0,0.0
0.0,0.0
-8.890449523925781,11.092507362365723
0.0,0.0
0.0,0.0
0.0,0.0
-8.888874053955078,11.111105918884277
0.0,0.0
0.0,0.0
0.0,0.0
-8.87627124786377,11.108342170715332
0.0,0.0
0.0,0.0
0.0,0.0
-8.876797676086426,11.111105918884277
0.0,0.0
0.0,0.0
0.0,0.0
0.0,0.0
0.0,0.0
0.0,0.0
0.0,0.0
0.0,0.0
0.0,0.0
0.0,0.0
0.0,0.0
0.0,0.0
0.0,0.0
0.0,0.0
0.0,0.0
0.0,0.0
0.0,0.0
0.0,0.0
0.0,0.0
-8.956341743469238,10.228070259094238
22.222211837768555,-17.77495002746582
0.0,0.0
0.0,0.0
-8.670271873474121,11.111105918884277
22.04113006591797,-3.4163925647735596
0.0,0.0
0.0,0.0
-8.923600196838379,10.9634428024292
22.222164154052734,-17.777795791625977
0.0,0.0
0.0,0.0
-8.910477638244629,11.060729026794434
22.222211837768555,-17.77604103088379
0.0,0.0
0.0,0.0
0.0,0.0
0.0,0.0
0.0,0.0
0.0,0.0
0.0,0.0
0.0,0.0
0.0,0.0
0.0,0.0
0.0,0.0
0.0,0.0
0.0,0.0
0.0,0.0
0.0,0.0
0.0,0.0
0.0,0.0
0.0,0.0
-8.888978004455566,11.111105918884277
22.222211837768555,-17.76465606689453
0.0,0.0
0.0,0.0
-8.888663291931152,11.111105918884277
22.222211837768555,-17.729740142822266
0.0,0.0
0.0,0.0
-8.889195442199707,11.111102104187012
22.222211837768555,-17.22172737121582
0.0,0.0
0.0,0.0
-8.927425384521484,11.109712600708008
22.222211837768555,-17.235910415649414
0.0,0.0
0.0,0.0
0.0,0.0
0.0,0.0
0.0,0.0
0.0,0.0
0.0,0.0
0.0,0.0
0.0,0.0
0.0,0.0
0.0,0.0
0.0,0.0
0.0,0.0
0.0,0.0
0.0,0.0
0.0,0.0
0.0,0.0
0.0,0.0
0.32832324504852295,19.290306091308594
22.221200942993164,-17.777969360351562
0.0,0.0
0.0,0.0
0.0,0.0
0.0,0.0
0.0,0.0
0.0,0.0
-2.591705322265625,22.948305130004883
22.217647552490234,-16.146005630493164
0.0,0.0
0.0,0.0
-7.631600379943848,11.110730171203613
8.354841232299805,-1.9301666021347046
0.0,0.0
0.0,0.0
0.0,0.0
0.0,0.0
0.0,0.0
0.0,0.0
0.0,0.0
0.0,0.0
0.0,0.0
0.0,0.0
0.0,0.0
0.0,0.0
0.0,0.0
0.0,0.0
0.0,0.0
0.0,0.0
0.0,0.0
0.0,0.0
0.0,0.0
0.0,0.0
0.0,0.0
0.0,0.0
0.0,0.0
0.0,0.0
0.0,0.0
0.0,0.0
0.0,0.0
0.0,0.0
0.0,0.0
0.0,0.0
0.0,0.0
0.0,0.0
0.0,0.0
0.0,0.0
0.0,0.0
0.0,0.0
0.0,0.0
0.0,0.0
0.0,0.0
0.0,0.0
0.0,0.0
0.0,0.0
0.0,0.0
0.0,0.0
0.0,0.0
0.0,0.0
0.0,0.0
0.0,0.0
0.0,0.0
0.0,0.0
-8.912080764770508,10.87862491607666
0.0,0.0
0.0,0.0
0.0,0.0
0.0,0.0
0.0,0.0
0.0,0.0
0.0,0.0
-8.926023483276367,10.739673614501953
22.222211837768555,-17.77777099609375
0.0,0.0
0.0,0.0
-9.061988830566406,10.702348709106445
3.4761998653411865,0.0
0.0,0.0
0.0,0.0
0.0,0.0
0.0,0.0
0.0,0.0
0.0,0.0
0.0,0.0
0.0,0.0
0.0,0.0
0.0,0.0
0.0,0.0
0.0,0.0
0.0,0.0
0.0,0.0
0.0,0.0
0.0,0.0
0.0,0.0
0.0,0.0
-8.905906677246094,11.088423728942871
0.0,0.0
0.0,0.0
0.0,0.0
0.0,0.0
0.0,0.0
0.0,0.0
0.0,0.0
-8.9363374710083,10.82223129272461
22.222211837768555,-17.767866134643555
0.0,0.0
0.0,0.0
-9.104801177978516,9.396244049072266
0.0,0.0
0.0,0.0
0.0,0.0
0.0,0.0
0.0,0.0
0.0,0.0
0.0,0.0
0.0,0.0
0.0,0.0
0.0,0.0
0.0,0.0
0.0,0.0
0.0,0.0
0.0,0.0
0.0,0.0
0.0,0.0
0.0,0.0
0.0,0.0
0.0,0.0
0.0,0.0
0.0,0.0
0.0,0.0
0.0,0.0
0.0,0.0
0.0,0.0
0.0,0.0
0.0,0.0
0.0,0.0
0.0,0.0
0.0,0.0
0.0,0.0
0.0,0.0
0.0,0.0
0.0,0.0
0.0,0.0
0.0,0.0
0.0,0.0
0.0,0.0
0.0,0.0
0.0,0.0
0.0,0.0
0.0,0.0
0.0,0.0
0.0,0.0
0.0,0.0
0.0,0.0
0.0,0.0
0.0,0.0
0.0,0.0
0.0,0.0
0.0,0.0
0.0,0.0
0.0,0.0
0.0,0.0
0.0,0.0
0.0,0.0
0.0,0.0
0.0,0.0
0.0,0.0
0.0,0.0
0.0,0.0
0.0,0.0
0.0,0.0
0.0,0.0
0.0,0.0
-10.13365364074707,-1.8430713415145874
22.222211837768555,-6.684699058532715
-9.57921314239502,8.477828025817871
18.152801513671875,-1.9617999792099
-1.0,0.0
0.0,0.0
-1.909999966621399,0.015470999293029308
0.0,0.0
-9.87324047088623,1.2711620330810547
22.222211837768555,6.184625625610352
-9.747998237609863,3.2932488918304443
20.308565139770508,0.0
0.0,0.0
0.0,0.0
-1.8387939929962158,6.931384563446045
0.0,0.0
0.0,0.0
0.0,0.0
-8.543971061706543,4.007175445556641
15.056099891662598,-1.6301788091659546
0.0,0.0
0.0,0.0
-2.690516948699951,1.9482966661453247
0.0,0.0
0.0,0.0
0.0,0.0
-9.369646072387695,6.539879322052002
18.155771255493164,-2.458760976791382
0.0,0.0
0.0,0.0
-4.914420127868652,7.529158592224121
0.0,0.0
-9.795408248901367,1.0011646747589111
22.222211837768555,-15.94666862487793
-9.65334415435791,5.930957317352295
17.30805778503418,-3.6728732585906982
-9.277031898498535,4.259191989898682
0.0,0.0
-1.899999976158142,0.9588046669960022
0.0,0.0
-9.772592544555664,2.6920955181121826
22.222211837768555,-4.153371334075928
-9.33697509765625,7.763073921203613
20.11930274963379,-1.4199999570846558
-9.34237003326416,8.174506187438965
14.347362518310547,-5.206447124481201
-6.054434299468994,4.0391011238098145
13.568530082702637,-3.606187343597412
0.0,0.0
0.0,0.0
-3.8758647441864014,7.541804790496826
14.347362518310547,-1.1703908443450928
0.0,0.0
0.0,0.0
-1.8578205108642578,5.573277950286865
2.0,0.0
0.0,0.0
0.0,0.0
-7.1763505935668945,3.9777393341064453
15.701050758361816,2.2696382999420166
0.0,0.0
0.0,0.0
-7.562978267669678,5.457801818847656
18.5190486907959,2.508901596069336
0.0,0.0
0.0,0.0
0.0,0.0
0.0,0.0
0.0,0.0
0.0,0.0
0.0,0.0
0.0,0.0
0.0,0.0
0.0,0.0
0.0,0.0
0.0,0.0
0.0,0.0
0.0,0.0
0.0,0.0
0.0,0.0
0.0,0.0
0.0,0.0
0.0,0.0
0.0,0.0
0.0,0.0
0.0,0.0
0.0,0.0
0.0,0.0
0.0,0.0
0.0,0.0
0.0,0.0
0.0,0.0
0.0,0.0
0.0,0.0
0.0,0.0
0.0,0.0
0.0,0.0
0.0,0.0
0.0,0.0
0.0,0.0
0.0,0.0
0.0,0.0
0.0,0.0
0.0,0.0
0.0,0.0
0.0,0.0
0.0,0.0
0.0,0.0
0.0,0.0
0.0,0.0
0.0,0.0
0.0,0.0
0.0,0.0
0.0,0.0
0.0,0.0
0.0,0.0
0.0,0.0
0.0,0.0
0.0,0.0
0.0,0.0
0.0,0.0
0.0,0.0
0.0,0.0
0.0,0.0
0.0,0.0
0.0,0.0
0.0,0.0
0.0,0.0
0.0,0.0
0.0,0.0
-8.60807991027832,-6.2752766609191895
0.0,0.0
0.0,0.0
0.0,0.0
0.0,0.0
0.0,0.0
-10.572395324707031,-5.769622802734375
0.0,0.0
-10.760493278503418,-7.5417985916137695
0.0,0.0
0.0,0.0
0.0,0.0
-6.784265041351318,-6.356335163116455
0.0,0.0
0.0,0.0
0.0,0.0
-10.195734024047852,-1.9577696323394775
0.0,0.0
0.0,0.0
0.0,0.0
0.0,0.0
0.0,0.0
0.0,5.517480850219727
0.0,0.0
-9.860201835632324,1.3939481973648071
0.0,0.0
0.0,0.0
0.0,0.0
-9.755477905273438,-2.393704414367676
0.0,0.0
0.0,0.0
0.0,0.0
-3.3974802494049072,-1.8293414115905762
0.0,0.0
0.0,0.0
0.0,0.0
0.0,0.0
0.0,0.0
-10.428105354309082,-3.489168882369995
0.0,0.0
-10.951383590698242,-10.782171249389648
0.0,0.0
0.0,0.0
0.0,0.0
-3.4833900928497314,-3.491671085357666
0.0,0.0
0.0,0.0
0.0,0.0
-8.059179306030273,-4.478437900543213
0.0,0.0
0.0,0.0
0.0,0.0
0.0,0.0
0.0,0.0
-1.909999966621399,1.0819000005722046
0.0,0.0
-9.891852378845215,4.511251926422119
0.0,0.0
0.0,0.0
0.0,0.0
-8.846593856811523,1.3478189706802368
0.0,0.0
0.0,0.0
0.0,0.0
0.0,0.0
0.0,0.0
0.0,0.0
0.0,0.0
0.0,0.0
0.0,0.0
0.0,0.0
0.0,0.0
0.0,0.0
0.0,0.0
0.0,0.0
0.0,0.0
0.0,0.0
0.0,0.0
0.0,0.0
0.0,0.0
-17.791757583618164,22.080839157104492
11.111104965209961,-8.891016006469727
0.0,0.0
0.0,0.0
0.0,0.0
0.0,0.0
0.0,0.0
0.0,0.0
-16.972492218017578,22.06801414489746
11.036249160766602,-8.907159805297852
0.0,0.0
0.0,0.0
0.0,0.0
0.0,0.0
0.0,0.0
0.0,0.0
0.0,0.0
0.0,0.0
0.0,0.0
0.0,0.0
0.0,0.0
0.0,0.0
0.0,0.0
0.0,0.0
0.0,0.0
0.0,0.0
0.0,0.0
0.0,0.0
0.0,0.0
0.0,0.0
0.0,0.0
0.0,0.0
-17.7030086517334,22.081647872924805
11.111105918884277,-8.817169189453125
0.0,0.0
0.0,0.0
-11.779704093933105,20.024314880371094
0.0,0.0
0.0,0.0
0.0,0.0
-17.704086303710938,22.00013542175293
11.110509872436523,-8.785672187805176
0.0,0.0
0.0,0.0
-7.311877727508545,12.256077766418457
0.0,0.0
0.0,0.0
0.0,0.0
0.0,0.0
0.0,0.0
0.0,0.0
0.0,0.0
0.0,0.0
0.0,0.0
0.0,0.0
0.0,0.0
0.0,0.0
0.0,0.0
0.0,0.0
0.0,0.0
0.0,0.0
0.0,0.0
0.0,0.0
0.0,0.0
0.0,0.0
0.0,0.0
0.0,0.0
0.0,0.0
0.0,0.0
0.0,0.0
0.0,0.0
0.0,0.0
0.0,0.0
0.0,0.0
0.0,0.0
0.0,0.0
0.0,0.0
0.0,0.0
0.0,0.0
0.0,0.0
0.0,0.0
0.0,0.0
0.0,0.0
0.0,0.0
0.0,0.0
0.0,0.0
0.0,0.0
0.0,0.0
0.0,0.0
0.0,0.0
0.0,0.0
0.0,0.0
0.0,0.0
0.0,0.0
0.0,0.0
0.0,0.0
0.0,0.0
0.0,0.0
0.0,0.0
0.0,0.0
0.0,0.0
0.0,0.0
0.0,0.0
0.0,0.0
0.0,0.0
0.0,0.0
0.0,0.0
0.0,0.0
0.0,0.0
0.0,0.0
0.0,0.0
0.0,0.0
0.0,0.0
0.0,0.0
0.0,0.0
0.0,0.0
0.0,0.0
0.0,0.0
0.0,0.0
0.0,0.0
0.0,0.0
0.0,0.0
0.0,0.0
0.0,0.0
0.0,0.0
0.0,0.0
0.0,0.0
0.0,0.0
-17.77777099609375,22.222211837768555
11.111088752746582,-8.146026611328125
0.0,0.0
0.0,0.0
0.0,0.0
0.0,0.0
0.0,0.0
0.0,0.0
-17.77777099609375,22.222211837768555
11.111105918884277,-8.821465492248535
0.0,0.0
0.0,0.0
0.0,0.0
0.0,0.0
0.0,0.0
0.0,0.0
0.0,0.0
0.0,0.0
0.0,0.0
0.0,0.0
0.0,0.0
0.0,0.0
0.0,0.0
0.0,0.0
0.0,0.0
0.0,0.0
0.0,0.0
0.0,0.0
0.0,0.0
0.0,0.0
0.0,0.0
0.0,0.0
-17.77777099609375,22.222211837768555
11.111105918884277,-8.535018920898438
0.0,0.0
0.0,0.0
0.0,0.0
0.0,0.0
0.0,0.0
0.0,0.0
-17.777788162231445,22.222204208374023
11.111105918884277,-8.846933364868164
0.0,0.0
0.0,0.0
0.0,0.0
0.0,0.0
0.0,0.0
0.0,0.0
0.0,0.0
0.0,0.0
0.0,0.0
0.0,0.0
0.0,0.0
0.0,0.0
0.0,0.0
0.0,0.0
0.0,0.0
0.0,0.0
0.0,0.0
0.0,0.0
0.0,0.0
0.0,0.0
0.0,0.0
0.0,0.0
0.0,0.0
0.0,0.0
0.0,0.0
0.0,0.0
0.0,0.0
0.0,0.0
0.0,0.0
0.0,0.0
0.0,0.0
0.0,0.0
0.0,0.0
0.0,0.0
0.0,0.0
0.0,0.0
0.0,0.0
0.0,0.0
0.0,0.0
0.0,0.0
0.0,0.0
0.0,0.0
0.0,0.0
0.0,0.0
0.0,0.0
0.0,0.0
0.0,0.0
0.0,0.0
0.0,0.0
0.0,0.0
0.0,0.0
0.0,0.0
0.0,0.0
0.0,0.0
0.0,0.0
0.0,0.0
0.0,0.0
0.0,0.0
0.0,0.0
0.0,0.0
0.0,0.0
0.0,0.0
0.0,0.0
0.0,0.0
0.0,0.0
0.0,0.0
0.0,0.0
0.0,0.0
-17.529918670654297,22.222211837768555
7.528049945831299,0.0
-15.010533332824707,22.222198486328125
2.738100051879883,0.0
0.0,0.0
0.0,0.0
0.0,0.0
0.0,0.0
-17.750423431396484,22.222211837768555
5.886082649230957,-2.651125907897949
-14.949575424194336,22.18906021118164
0.0,0.0
0.0,0.0
0.0,0.0
0.0,0.0
0.0,0.0
-17.1901912689209,22.222211837768555
7.528049945831299,-1.819263219833374
-17.77777099609375,22.222211837768555
11.11098861694336,-7.622627258300781
0.0,0.0
0.0,0.0
0.0,0.0
0.0,0.0
-17.74713897705078,22.222211837768555
7.173681259155273,-1.7932236194610596
-17.777788162231445,22.222209930419922
11.109683990478516,-7.597914695739746
0.0,0.0
0.0,0.0
0.0,0.0
0.0,0.0
-17.646587371826172,22.222211837768555
5.369321823120117,-0.9726189970970154
-16.970245361328125,22.222211837768555
1.909999966621399,0.0
-2.0,10.738643646240234
0.0,0.0
0.0,0.0
0.0,0.0
-17.76677894592285,22.222211837768555
4.177420616149902,-1.8404403924942017
-13.21451187133789,22.20508575439453
0.0,0.0
-1.7799999713897705,17.75033187866211
0.0,0.0
0.0,0.0
0.0,0.0
-17.642559051513672,22.07959747314453
7.528049945831299,-0.9900000095367432
-17.777788162231445,22.222211837768555
10.748945236206055,-3.713627576828003
-2.0,10.738643646240234
0.0,0.0
-6.523115158081055,20.11930274963379
0.0,0.0
-17.77480125427246,22.222211837768555
4.80145263671875,0.0
-17.79433822631836,22.208057403564453
11.097380638122559,-7.500552177429199
-6.4977335929870605,18.152801513671875
0.0,0.0
-10.294745445251465,22.199481964111328
0.0,0.0
0.0,0.0
0.0,0.0
0.0,0.0
0.0,0.0
0.0,0.0
0.0,0.0
0.0,0.0
0.0,0.0
0.0,0.0
0.0,0.0
0.0,0.0
0.0,0.0
0.0,0.0
0.0,0.0
0.0,0.0
0.0,0.0
0.0,0.0
0.0,0.0
0.0,0.0
0.0,0.0
0.0,0.0
0.0,0.0
0.0,0.0
0.0,0.0
0.0,0.0
0.0,0.0
0.0,0.0
0.0,0.0
0.0,0.0
0.0,0.0
0.0,0.0
0.0,0.0
0.0,0.0
0.0,0.0
0.0,0.0
0.0,0.0
0.0,0.0
0.0,0.0
0.0,0.0
0.0,0.0
0.0,0.0
0.0,0.0
0.0,0.0
0.0,0.0
0.0,0.0
0.0,0.0
0.0,0.0
0.0,0.0
0.0,0.0
0.0,0.0
0.0,0.0
0.0,0.0
0.0,0.0
0.0,0.0
0.0,0.0
0.0,0.0
0.0,0.0
0.0,0.0
0.0,0.0
0.0,0.0
0.0,0.0
0.0,0.0
0.0,0.0
0.0,0.0
0.0,0.0
0.0,0.0
-2.0,3.819999933242798
0.0,0.0
0.0,0.0
0.0,0.0
0.0,0.0
0.0,0.0
-15.782416343688965,22.208032608032227
0.0,0.0
-7.812796592712402,19.682771682739258
0.0,0.0
0.0,0.0
0.0,0.0
0.0,0.0
0.0,0.0
0.0,0.0
0.0,0.0
-17.77777099609375,22.222211837768555
0.0,0.0
0.0,0.0
0.0,0.0
0.0,0.0
0.0,0.0
-14.74062442779541,22.20508575439453
0.0,0.0
-17.77777099609375,22.222211837768555
0.0,0.0
0.0,0.0
0.0,0.0
0.0,0.0
0.0,0.0
0.0,0.0
0.0,0.0
0.0,0.0
0.0,0.0
0.0,0.0
0.0,0.0
0.0,0.0
0.0,0.0
-2.0,13.568530082702637
0.0,0.0
-2.0,2.0
0.0,0.0
0.0,0.0
0.0,0.0
0.0,0.0
0.0,0.0
0.0,0.0
0.0,0.0
-2.0,0.0
0.0,0.0
0.0,0.0
0.0,0.0
0.0,0.0
0.0,0.0
-3.799999952316284,11.772165298461914
0.0,0.0
-14.986058235168457,22.218433380126953
0.0,0.0
0.0,0.0
0.0,0.0
0.0,0.0
0.0,0.0
0.0,0.0
0.0,0.0
0.0,0.0
0.0,0.0
0.0,0.0
0.0,0.0
0.0,0.0
0.0,0.0
0.0,0.0
0.0,0.0
0.0,0.0
0.0,0.0
0.0,0.0
0.0,0.0
0.0,0.0
0.0,0.0
0.0,0.0
0.0,0.0
0.0,0.0
0.0,0.0
0.0,0.0
0.0,0.0
0.0,0.0
0.0,0.0
0.0,0.0
0.0,0.0
0.0,0.0
0.0,0.0
0.0,0.0
0.0,0.0
0.0,0.0
0.0,0.0
0.0,0.0
0.0,0.0
0.0,0.0
0.0,0.0
0.0,0.0
0.0,0.0
0.0,0.0
0.0,0.0
0.0,0.0
0.0,0.0
0.0,0.0
0.0,0.0
0.0,0.0
0.0,0.0
0.0,0.0
0.0,0.0
0.0,0.0
0.0,0.0
0.0,0.0
0.0,0.0
0.0,0.0
0.0,0.0
0.0,0.0
0.0,0.0
0.0,0.0
0.0,0.0
0.0,0.0
0.0,0.0
0.0,0.0
0.0,0.0
0.0,0.0
0.0,0.0
