-6.009138584136963,7.978947639465332
0.0,0.0
0.0,0.0
0.0,0.0
0.0,0.0
0.0,0.0
0.0,0.0
0.0,0.0
0.0,0.0
0.0,0.0
0.0,0.0
0.0,0.0
0.0,0.0
0.0,0.0
0.0,0.0
0.0,0.0
0.0,0.0
0.0,0.0
3.9396419525146484,29.711532592773438
21.32232093811035,-5.036457538604736
0.0,0.0
0.0,0.0
0.0,0.0
0.0,0.0
0.0,0.0
0.0,0.0
14.623787879943848,29.483692169189453
18.5190486907959,-6.584743499755859
0.0,0.0
0.0,0.0
-2.608839988708496,8.65402889251709
0.0,0.0
0.0,0.0
0.0,0.0
0.0,0.0
0.0,0.0
0.0,0.0
0.0,0.0
0.0,0.0
0.0,0.0
0.0,0.0
0.0,0.0
0.0,0.0
0.0,0.0
0.0,0.0
0.0,0.0
0.0,0.0
0.0,0.0
0.0,0.0
0.0,0.0
-8.88943862915039,11.11083698272705
0.0,0.0
0.0,0.0
0.0,0.0
-8.888866424560547,11.111105918884277
0.0,0.0
0.0,0.0
0.0,0.0
-8.838643074035645,11.111102104187012
0.0,0.0
0.0,0.0
0.0,0.0
-8.863609313964844,11.111103057861328
0.0,0.0
0.0,0.0
0.0,0.0
0.0,0.0
0.0,0.0
0.0,0.0
0.0,0.0
0.0,0.0
0.0,0.0
0.0,0.0
0.0,0.0
0.0,0.0
0.0,0.0
0.0,0.0
0.0,0.0
0.0,0.0
0.0,0.0
0.0,0.0
0.0,0.0
-8.891621589660645,11.111102104187012
22.222211837768555,-17.772457122802734
0.0,0.0
0.0,0.0
-8.589001655578613,11.111104011535645
21.981910705566406,-1.8184720277786255
0.0,0.0
0.0,0.0
-8.892718315124512,11.110382080078125
22.190134048461914,-17.790512084960938
0.0,0.0
0.0,0.0
-8.911568641662598,10.90378475189209
22.222211837768555,-17.775848388671875
0.0,0.0
0.0,0.0
0.0,0.0
0.0,0.0
0.0,0.0
0.0,0.0
0.0,0.0
0.0,0.0
0.0,0.0
0.0,0.0
0.0,0.0
0.0,0.0
0.0,0.0
0.0,0.0
0.0,0.0
0.0,0.0
0.0,0.0
0.0,0.0
-8.889039039611816,11.111105918884277
22.222211837768555,-17.757776260375977
0.0,0.0
0.0,0.0
-8.88830852508545,11.111105918884277
22.222211837768555,-17.718473434448242
0.0,0.0
0.0,0.0
-8.890925407409668,11.111102104187012
22.222211837768555,-17.53463363647461
0.0,0.0
0.0,0.0
-8.99968433380127,9.964666366577148
22.222211837768555,-16.860118865966797
0.0,0.0
0.0,0.0
0.0,0.0
0.0,0.0
0.0,0.0
0.0,0.0
0.0,0.0
0.0,0.0
0.0,0.0
0.0,0.0
0.0,0.0
0.0,0.0
0.0,0.0
0.0,0.0
0.0,0.0
0.0,0.0
0.0,0.0
0.0,0.0
0.3283146619796753,19.290306091308594
22.17197608947754,-17.78449058532715
0.0,0.0
0.0,0.0
0.0,0.0
0.0,0.0
0.0,0.0
0.0,0.0
-4.905307769775391,22.948305130004883
22.212491989135742,-16.146005630493164
0.0,0.0
0.0,0.0
-7.49189567565918,11.110440254211426
8.354841232299805,-1.9301666021347046
0.0,0.0
0.0,0.0
0.0,0.0
0.0,0.0
0.0,0.0
0.0,0.0
0.0,0.0
0.0,0.0
0.0,0.0
0.0,0.0
0.0,0.0
0.0,0.0
0.0,0.0
0.0,0.0
0.0,0.0
0.0,0.0
0.0,0.0
0.0,0.0
0.0,0.0
0.0,0.0
0.0,0.0
0.0,0.0
0.0,0.0
0.0,0.0
0.0,0.0
0.0,0.0
0.0,0.0
0.0,0.0
0.0,0.0
0.0,0.0
0.0,0.0
0.0,0.0
0.0,0.0
0.0,0.0
0.0,0.0
0.0,0.0
0.0,0.0
0.0,0.0
0.0,0.0
0.0,0.0
0.0,0.0
0.0,0.0
0.0,0.0
0.0,0.0
0.0,0.0
0.0,0.0
0.0,0.0
0.0,0.0
0.0,0.0
0.0,0.0
-8.912080764770508,10.87862491607666
0.0,0.0
0.0,0.0
0.0,0.0
0.0,0.0
0.0,0.0
0.0,0.0
0.0,0.0
-8.925956726074219,10.740670204162598
22.222211837768555,-17.77777099609375
0.0,0.0
0.0,0.0
-9.097270011901855,9.249290466308594
0.0,0.0
0.0,0.0
0.0,0.0
0.0,0.0
0.0,0.0
0.0,0.0
0.0,0.0
0.0,0.0
0.0,0.0
0.0,0.0
0.0,0.0
0.0,0.0
0.0,0.0
0.0,0.0
0.0,0.0
0.0,0.0
0.0,0.0
0.0,0.0
0.0,0.0
-8.91439151763916,10.946538925170898
0.0,0.0
0.0,0.0
0.0,0.0
0.0,0.0
0.0,0.0
0.0,0.0
0.0,0.0
-8.947060585021973,10.672625541687012
22.222211837768555,-17.760990142822266
0.0,0.0
0.0,0.0
-9.057382583618164,7.739845275878906
0.0,0.0
0.0,0.0
0.0,0.0
0.0,0.0
0.0,0.0
0.0,0.0
0.0,0.0
0.0,0.0
0.0,0.0
0.0,0.0
0.0,0.0
0.0,0.0
0.0,0.0
0.0,0.0
0.0,0.0
0.0,0.0
0.0,0.0
0.0,0.0
0.0,0.0
0.0,0.0
0.0,0.0
0.0,0.0
0.0,0.0
0.0,0.0
0.0,0.0
0.0,0.0
0.0,0.0
0.0,0.0
0.0,0.0
0.0,0.0
0.0,0.0
0.0,0.0
0.0,0.0
0.0,0.0
0.0,0.0
0.0,0.0
0.0,0.0
0.0,0.0
0.0,0.0
0.0,0.0
0.0,0.0
0.0,0.0
0.0,0.0
0.0,0.0
0.0,0.0
0.0,0.0
0.0,0.0
0.0,0.0
0.0,0.0
0.0,0.0
0.0,0.0
0.0,0.0
0.0,0.0
0.0,0.0
0.0,0.0
0.0,0.0
0.0,0.0
0.0,0.0
0.0,0.0
0.0,0.0
0.0,0.0
0.0,0.0
0.0,0.0
0.0,0.0
0.0,0.0
-9.8856201171875,2.3011295795440674
22.222211837768555,-5.452134609222412
-9.731524467468262,5.522634506225586
18.152801513671875,-1.9617999792099
-1.0,0.0
0.0,0.0
-1.909999966621399,0.015470999293029308
0.0,0.0
-9.866557121276855,1.482807993888855
22.222211837768555,6.646011829376221
-9.790225982666016,0.04906345158815384
19.155624389648438,0.0
0.0,0.0
0.0,0.0
-1.8387939929962158,6.518004894256592
0.0,0.0
0.0,0.0
0.0,0.0
-8.543971061706543,9.272396087646484
15.056099891662598,-1.6301788091659546
0.0,0.0
0.0,0.0
-1.899999976158142,1.9482966661453247
0.0,0.0
0.0,0.0
0.0,0.0
-9.369646072387695,4.520308971405029
16.292287826538086,-2.458760976791382
0.0,0.0
0.0,0.0
-4.424751281738281,6.785604000091553
0.0,0.0
-9.476961135864258,6.378039836883545
22.222211837768555,-15.94666862487793
-9.80588436126709,2.7454192638397217
16.822040557861328,-3.6728732585906982
-9.260916709899902,5.779331684112549
0.0,0.0
-1.899999976158142,1.2665194272994995
0.0,0.0
-9.911638259887695,0.5062270760536194
22.222211837768555,-7.01073694229126
-9.898550033569336,6.792966365814209
19.682771682739258,-1.4199999570846558
-9.34237003326416,5.428396224975586
13.568530082702637,-5.206447124481201
-6.054434299468994,1.726447582244873
11.772165298461914,-3.606187343597412
0.0,0.0
0.0,0.0
-3.275280714035034,8.56017017364502
14.347362518310547,-3.6820716857910156
0.0,0.0
0.0,0.0
-1.8578205108642578,6.177491188049316
2.0,0.0
0.0,0.0
0.0,0.0
-6.906808853149414,5.823131561279297
15.701050758361816,0.12514188885688782
0.0,0.0
0.0,0.0
-7.352840423583984,4.284267425537109
17.75033187866211,0.36822041869163513
0.0,0.0
0.0,0.0
0.0,0.0
0.0,0.0
0.0,0.0
0.0,0.0
0.0,0.0
0.0,0.0
0.0,0.0
0.0,0.0
0.0,0.0
0.0,0.0
0.0,0.0
0.0,0.0
0.0,0.0
0.0,0.0
0.0,0.0
0.0,0.0
0.0,0.0
0.0,0.0
0.0,0.0
0.0,0.0
0.0,0.0
0.0,0.0
0.0,0.0
0.0,0.0
0.0,0.0
0.0,0.0
0.0,0.0
0.0,0.0
0.0,0.0
0.0,0.0
0.0,0.0
0.0,0.0
0.0,0.0
0.0,0.0
0.0,0.0
0.0,0.0
0.0,0.0
0.0,0.0
0.0,0.0
0.0,0.0
0.0,0.0
0.0,0.0
0.0,0.0
0.0,0.0
0.0,0.0
0.0,0.0
0.0,0.0
0.0,0.0
0.0,0.0
0.0,0.0
0.0,0.0
0.0,0.0
0.0,0.0
0.0,0.0
0.0,0.0
0.0,0.0
0.0,0.0
0.0,0.0
0.0,0.0
0.0,0.0
0.0,0.0
0.0,0.0
0.0,0.0
0.0,0.0
-8.416069030761719,-1.9741281270980835
0.0,0.0
0.0,0.0
0.0,0.0
0.0,0.0
0.0,0.0
-10.574433326721191,-5.746400833129883
0.0,0.0
-10.709115028381348,-7.482166290283203
0.0,0.0
0.0,0.0
0.0,0.0
-6.356335163116455,-6.356335163116455
0.0,0.0
0.0,0.0
0.0,0.0
-10.195734024047852,-1.9577696323394775
0.0,0.0
0.0,0.0
0.0,0.0
0.0,0.0
0.0,0.0
0.0,4.964264869689941
0.0,0.0
-9.85918140411377,1.4140926599502563
0.0,0.0
0.0,0.0
0.0,0.0
-9.755477905273438,1.0193045139312744
0.0,0.0
0.0,0.0
0.0,0.0
-3.3974802494049072,-1.8293414115905762
0.0,0.0
0.0,0.0
0.0,0.0
0.0,0.0
0.0,0.0
-10.751522064208984,-4.564103603363037
0.0,0.0
-10.971354484558105,-4.2154011726379395
0.0,0.0
0.0,0.0
0.0,0.0
-2.7290000915527344,-2.738100051879883
0.0,0.0
0.0,0.0
0.0,0.0
-8.059179306030273,-3.8224592208862305
0.0,0.0
0.0,0.0
0.0,0.0
0.0,0.0
0.0,0.0
-1.909999966621399,1.0819000005722046
0.0,0.0
-10.134007453918457,-0.21774335205554962
0.0,0.0
0.0,0.0
0.0,0.0
-8.722684860229492,-2.5991950035095215
0.0,0.0
0.0,0.0
0.0,0.0
0.0,0.0
0.0,0.0
0.0,0.0
0.0,0.0
0.0,0.0
0.0,0.0
0.0,0.0
0.0,0.0
0.0,0.0
0.0,0.0
0.0,0.0
0.0,0.0
0.0,0.0
0.0,0.0
0.0,0.0
0.0,0.0
-17.79132843017578,22.08524513244629
11.111104965209961,-8.891806602478027
0.0,0.0
0.0,0.0
0.0,0.0
0.0,0.0
0.0,0.0
0.0,0.0
-17.22069549560547,22.062335968017578
9.98824405670166,-8.889201164245605
0.0,0.0
0.0,0.0
0.0,0.0
0.0,0.0
0.0,0.0
0.0,0.0
0.0,0.0
0.0,0.0
0.0,0.0
0.0,0.0
0.0,0.0
0.0,0.0
0.0,0.0
0.0,0.0
0.0,0.0
0.0,0.0
0.0,0.0
0.0,0.0
0.0,0.0
0.0,0.0
0.0,0.0
0.0,0.0
-17.83102798461914,21.784238815307617
11.111105918884277,-8.767430305480957
0.0,0.0
0.0,0.0
-10.307574272155762,19.305566787719727
0.0,0.0
0.0,0.0
0.0,0.0
-17.80833625793457,21.795135498046875
11.093887329101562,-8.648564338684082
0.0,0.0
0.0,0.0
-7.311877727508545,11.651028633117676
0.0,0.0
0.0,0.0
0.0,0.0
0.0,0.0
0.0,0.0
0.0,0.0
0.0,0.0
0.0,0.0
0.0,0.0
0.0,0.0
0.0,0.0
0.0,0.0
0.0,0.0
0.0,0.0
0.0,0.0
0.0,0.0
0.0,0.0
0.0,0.0
0.0,0.0
0.0,0.0
0.0,0.0
0.0,0.0
0.0,0.0
0.0,0.0
0.0,0.0
0.0,0.0
0.0,0.0
0.0,0.0
0.0,0.0
0.0,0.0
0.0,0.0
0.0,0.0
0.0,0.0
0.0,0.0
0.0,0.0
0.0,0.0
0.0,0.0
0.0,0.0
0.0,0.0
0.0,0.0
0.0,0.0
0.0,0.0
0.0,0.0
0.0,0.0
0.0,0.0
0.0,0.0
0.0,0.0
0.0,0.0
0.0,0.0
0.0,0.0
0.0,0.0
0.0,0.0
0.0,0.0
0.0,0.0
0.0,0.0
0.0,0.0
0.0,0.0
0.0,0.0
0.0,0.0
0.0,0.0
0.0,0.0
0.0,0.0
0.0,0.0
0.0,0.0
0.0,0.0
0.0,0.0
0.0,0.0
0.0,0.0
0.0,0.0
0.0,0.0
0.0,0.0
0.0,0.0
0.0,0.0
0.0,0.0
0.0,0.0
0.0,0.0
0.0,0.0
0.0,0.0
0.0,0.0
0.0,0.0
0.0,0.0
0.0,0.0
0.0,0.0
-17.77777099609375,22.222211837768555
11.111088752746582,-8.146026611328125
0.0,0.0
0.0,0.0
0.0,0.0
0.0,0.0
0.0,0.0
0.0,0.0
-17.77777099609375,22.222211837768555
11.111105918884277,-8.77470588684082
0.0,0.0
0.0,0.0
0.0,0.0
0.0,0.0
0.0,0.0
0.0,0.0
0.0,0.0
0.0,0.0
0.0,0.0
0.0,0.0
0.0,0.0
0.0,0.0
0.0,0.0
0.0,0.0
0.0,0.0
0.0,0.0
0.0,0.0
0.0,0.0
0.0,0.0
0.0,0.0
0.0,0.0
0.0,0.0
-17.77777099609375,22.222211837768555
11.111105918884277,-8.535018920898438
0.0,0.0
0.0,0.0
0.0,0.0
0.0,0.0
0.0,0.0
0.0,0.0
-17.777788162231445,22.222204208374023
11.111105918884277,-8.84227180480957
0.0,0.0
0.0,0.0
0.0,0.0
0.0,0.0
0.0,0.0
0.0,0.0
0.0,0.0
0.0,0.0
0.0,0.0
0.0,0.0
0.0,0.0
0.0,0.0
0.0,0.0
0.0,0.0
0.0,0.0
0.0,0.0
0.0,0.0
0.0,0.0
0.0,0.0
0.0,0.0
0.0,0.0
0.0,0.0
0.0,0.0
0.0,0.0
0.0,0.0
0.0,0.0
0.0,0.0
0.0,0.0
0.0,0.0
0.0,0.0
0.0,0.0
0.0,0.0
0.0,0.0
0.0,0.0
0.0,0.0
0.0,0.0
0.0,0.0
0.0,0.0
0.0,0.0
0.0,0.0
0.0,0.0
0.0,0.0
0.0,0.0
0.0,0.0
0.0,0.0
0.0,0.0
0.0,0.0
0.0,0.0
0.0,0.0
0.0,0.0
0.0,0.0
0.0,0.0
0.0,0.0
0.0,0.0
0.0,0.0
0.0,0.0
0.0,0.0
0.0,0.0
0.0,0.0
0.0,0.0
0.0,0.0
0.0,0.0
0.0,0.0
0.0,0.0
0.0,0.0
0.0,0.0
0.0,0.0
0.0,0.0
-17.529918670654297,22.222211837768555
7.173681259155273,0.0
-13.981830596923828,22.2221622467041
2.738100051879883,0.0
0.0,0.0
0.0,0.0
0.0,0.0
0.0,0.0
-17.740253448486328,22.222211837768555
5.369321823120117,-2.651125907897949
-14.949575424194336,22.1782169342041
0.0,0.0
0.0,0.0
0.0,0.0
0.0,0.0
0.0,0.0
-17.12490463256836,22.222211837768555
7.173681259155273,-1.819263219833374
-17.77777099609375,22.222211837768555
11.110895156860352,-7.622627258300781
0.0,0.0
0.0,0.0
0.0,0.0
0.0,0.0
-17.720123291015625,22.222211837768555
6.784265041351318,-1.7932236194610596
-17.777788162231445,22.222209930419922
11.109216690063477,-7.597914695739746
0.0,0.0
0.0,0.0
0.0,0.0
0.0,0.0
-17.615812301635742,22.222211837768555
5.369321823120117,-0.9726189970970154
-16.780824661254883,22.22220802307129
1.909999966621399,0.0
-2.0,10.738643646240234
0.0,0.0
0.0,0.0
0.0,0.0
-17.7626895904541,22.222211837768555
3.491671085357666,-1.8404403924942017
-13.21451187133789,22.194761276245117
0.0,0.0
-1.7799999713897705,17.30805778503418
0.0,0.0
0.0,0.0
0.0,0.0
-17.57782745361328,21.736204147338867
7.173681259155273,-0.9900000095367432
-17.777788162231445,22.222211837768555
10.713127136230469,-3.1345744132995605
-2.0,10.738643646240234
0.0,0.0
-6.523115158081055,20.11930274963379
0.0,0.0
-17.773239135742188,22.222211837768555
4.177420616149902,0.0
-17.77950668334961,22.222209930419922
11.08191204071045,-7.346069812774658
-6.4977335929870605,17.75033187866211
0.0,0.0
-9.463019371032715,22.194761276245117
0.0,0.0
0.0,0.0
0.0,0.0
0.0,0.0
0.0,0.0
0.0,0.0
0.0,0.0
0.0,0.0
0.0,0.0
0.0,0.0
0.0,0.0
0.0,0.0
0.0,0.0
0.0,0.0
0.0,0.0
0.0,0.0
0.0,0.0
0.0,0.0
0.0,0.0
0.0,0.0
0.0,0.0
0.0,0.0
0.0,0.0
0.0,0.0
0.0,0.0
0.0,0.0
0.0,0.0
0.0,0.0
0.0,0.0
0.0,0.0
0.0,0.0
0.0,0.0
0.0,0.0
0.0,0.0
0.0,0.0
0.0,0.0
0.0,0.0
0.0,0.0
0.0,0.0
0.0,0.0
0.0,0.0
0.0,0.0
0.0,0.0
0.0,0.0
0.0,0.0
0.0,0.0
0.0,0.0
0.0,0.0
0.0,0.0
0.0,0.0
0.0,0.0
0.0,0.0
0.0,0.0
0.0,0.0
0.0,0.0
0.0,0.0
0.0,0.0
0.0,0.0
0.0,0.0
0.0,0.0
0.0,0.0
0.0,0.0
0.0,0.0
0.0,0.0
0.0,0.0
0.0,0.0
0.0,0.0
-2.0,2.0
0.0,0.0
0.0,0.0
0.0,0.0
0.0,0.0
0.0,0.0
-15.314002990722656,22.197233200073242
0.0,0.0
-7.812796592712402,19.682771682739258
0.0,0.0
0.0,0.0
0.0,0.0
0.0,0.0
0.0,0.0
0.0,0.0
0.0,0.0
-17.77777099609375,22.222211837768555
0.0,0.0
0.0,0.0
0.0,0.0
0.0,0.0
0.0,0.0
-14.74062442779541,22.185781478881836
0.0,0.0
-17.77777099609375,22.222211837768555
0.0,0.0
0.0,0.0
0.0,0.0
0.0,0.0
0.0,0.0
0.0,0.0
0.0,0.0
0.0,0.0
0.0,0.0
0.0,0.0
0.0,0.0
0.0,0.0
0.0,0.0
-2.0,13.568530082702637
0.0,0.0
-2.0,2.0
0.0,0.0
0.0,0.0
0.0,0.0
0.0,0.0
0.0,0.0
0.0,0.0
0.0,0.0
-2.0,0.0
0.0,0.0
0.0,0.0
0.0,0.0
0.0,0.0
0.0,0.0
-3.799999952316284,11.772165298461914
0.0,0.0
-14.675816535949707,22.21554946899414
0.0,0.0
0.0,0.0
0.0,0.0
0.0,0.0
0.0,0.0
0.0,0.0
0.0,0.0
0.0,0.0
0.0,0.0
0.0,0.0
0.0,0.0
0.0,0.0
0.0,0.0
0.0,0.0
0.0,0.0
0.0,0.0
0.0,0.0
0.0,0.0
0.0,0.0
0.0,0.0
0.0,0.0
0.0,0.0
0.0,0.0
0.0,0.0
0.0,0.0
0.0,0.0
0.0,0.0
0.0,0.0
0.0,0.0
0.0,0.0
0.0,0.0
0.0,0.0
0.0,0.0
0.0,0.0
0.0,0.0
0.0,0.0
0.0,0.0
0.0,0.0
0.0,0.0
0.0,0.0
0.0,0.0
0.0,0.0
0.0,0.0
0.0,0.0
0.0,0.0
0.0,0.0
0.0,0.0
0.0,0.0
0.0,0.0
0.0,0.0
0.0,0.0
0.0,0.0
0.0,0.0
0.0,0.0
0.0,0.0
0.0,0.0
0.0,0.0
0.0,0.0
0.0,0.0
0.0,0.0
0.0,0.0
0.0,0.0
0.0,0.0
0.0,0.0
0.0,0.0
0.0,0.0
0.0,0.0
0.0,0.0
0.0,0.0
