-7.7001471519470215,6.29597282409668
0.0,0.0
0.0,0.0
0.0,0.0
0.0,0.0
0.0,0.0
0.0,0.0
0.0,0.0
0.0,0.0
0.0,0.0
0.0,0.0
0.0,0.0
0.0,0.0
0.0,0.0
0.0,0.0
0.0,0.0
0.0,0.0
0.0,0.0
10.991236686706543,29.701387405395508
15.701050758361816,-1.9617999792099
0.0,0.0
0.0,0.0
0.0,0.0
0.0,0.0
0.0,0.0
0.0,0.0
-5.5688557624816895,29.63008689880371
15.056099891662598,-6.584743499755859
0.0,0.0
0.0,0.0
-2.608839988708496,8.143978118896484
0.0,0.0
0.0,0.0
0.0,0.0
0.0,0.0
0.0,0.0
0.0,0.0
0.0,0.0
0.0,0.0
0.0,0.0
0.0,0.0
0.0,0.0
0.0,0.0
0.0,0.0
0.0,0.0
0.0,0.0
0.0,0.0
0.0,0.0
0.0,0.0
0.0,0.0
-8.889464378356934,11.10861587524414
0.0,0.0
0.0,0.0
0.0,0.0
-8.872885704040527,11.095776557922363
0.0,0.0
0.0,0.0
0.0,0.0
-8.890180587768555,11.110994338989258
0.0,0.0
0.0,0.0
0.0,0.0
-8.625192642211914,11.111071586608887
0.0,0.0
0.0,0.0
0.0,0.0
0.0,0.0
0.0,0.0
0.0,0.0
0.0,0.0
0.0,0.0
0.0,0.0
0.0,0.0
0.0,0.0
0.0,0.0
0.0,0.0
0.0,0.0
0.0,0.0
0.0,0.0
0.0,0.0
0.0,0.0
0.0,0.0
-8.890621185302734,11.111104965209961
22.222211837768555,-17.64672088623047
0.0,0.0
0.0,0.0
-8.028128623962402,11.079521179199219
14.347362518310547,0.0
0.0,0.0
0.0,0.0
-8.987180709838867,8.816766738891602
22.222204208374023,-17.777997970581055
0.0,0.0
0.0,0.0
-8.72915267944336,11.111053466796875
22.222211837768555,-17.586217880249023
0.0,0.0
0.0,0.0
0.0,0.0
0.0,0.0
0.0,0.0
0.0,0.0
0.0,0.0
0.0,0.0
0.0,0.0
0.0,0.0
0.0,0.0
0.0,0.0
0.0,0.0
0.0,0.0
0.0,0.0
0.0,0.0
0.0,0.0
0.0,0.0
-8.89529800415039,11.110991477966309
22.22218894958496,-17.058563232421875
0.0,0.0
0.0,0.0
-8.807819366455078,11.111105918884277
22.221952438354492,-17.10861587524414
0.0,0.0
0.0,0.0
-8.918521881103516,9.333841323852539
22.222211837768555,-17.773393630981445
0.0,0.0
0.0,0.0
-8.907201766967773,11.089483261108398
22.22205924987793,-17.662851333618164
0.0,0.0
0.0,0.0
0.0,0.0
0.0,0.0
0.0,0.0
0.0,0.0
0.0,0.0
0.0,0.0
0.0,0.0
0.0,0.0
0.0,0.0
0.0,0.0
0.0,0.0
0.0,0.0
0.0,0.0
0.0,0.0
0.0,0.0
0.0,0.0
0.39095014333724976,19.290306091308594
22.072664260864258,-17.794139862060547
0.0,0.0
0.0,0.0
0.0,0.0
0.0,0.0
0.0,0.0
0.0,0.0
4.258822441101074,22.955646514892578
20.90993309020996,-13.05573844909668
0.0,0.0
0.0,0.0
-4.432246208190918,10.878594398498535
0.0,0.0
0.0,0.0
0.0,0.0
0.0,0.0
0.0,0.0
0.0,0.0
0.0,0.0
0.0,0.0
0.0,0.0
0.0,0.0
0.0,0.0
0.0,0.0
0.0,0.0
0.0,0.0
0.0,0.0
0.0,0.0
0.0,0.0
0.0,0.0
0.0,0.0
0.0,0.0
0.0,0.0
0.0,0.0
0.0,0.0
0.0,0.0
0.0,0.0
0.0,0.0
0.0,0.0
0.0,0.0
0.0,0.0
0.0,0.0
0.0,0.0
0.0,0.0
0.0,0.0
0.0,0.0
0.0,0.0
0.0,0.0
0.0,0.0
0.0,0.0
0.0,0.0
0.0,0.0
0.0,0.0
0.0,0.0
0.0,0.0
0.0,0.0
0.0,0.0
0.0,0.0
0.0,0.0
0.0,0.0
0.0,0.0
0.0,0.0
0.0,0.0
-8.912080764770508,10.878665924072266
0.0,0.0
0.0,0.0
0.0,0.0
0.0,0.0
0.0,0.0
0.0,0.0
0.0,0.0
-8.912821769714355,10.894306182861328
22.222211837768555,-17.77777099609375
0.0,0.0
0.0,0.0
-9.026407241821289,8.856794357299805
0.0,0.0
0.0,0.0
0.0,0.0
0.0,0.0
0.0,0.0
0.0,0.0
0.0,0.0
0.0,0.0
0.0,0.0
0.0,0.0
0.0,0.0
0.0,0.0
0.0,0.0
0.0,0.0
0.0,0.0
0.0,0.0
0.0,0.0
0.0,0.0
0.0,0.0
-8.888894081115723,11.111105918884277
0.0,0.0
0.0,0.0
0.0,0.0
0.0,0.0
0.0,0.0
0.0,0.0
0.0,0.0
-8.922593116760254,10.922820091247559
22.222211837768555,-17.381711959838867
0.0,0.0
0.0,0.0
-8.820469856262207,8.668514251708984
0.0,0.0
0.0,0.0
0.0,0.0
0.0,0.0
0.0,0.0
0.0,0.0
0.0,0.0
0.0,0.0
0.0,0.0
0.0,0.0
0.0,0.0
0.0,0.0
0.0,0.0
0.0,0.0
0.0,0.0
0.0,0.0
0.0,0.0
0.0,0.0
0.0,0.0
0.0,0.0
0.0,0.0
0.0,0.0
0.0,0.0
0.0,0.0
0.0,0.0
0.0,0.0
0.0,0.0
0.0,0.0
0.0,0.0
0.0,0.0
0.0,0.0
0.0,0.0
0.0,0.0
0.0,0.0
0.0,0.0
0.0,0.0
0.0,0.0
0.0,0.0
0.0,0.0
0.0,0.0
0.0,0.0
0.0,0.0
0.0,0.0
0.0,0.0
0.0,0.0
0.0,0.0
0.0,0.0
0.0,0.0
0.0,0.0
0.0,0.0
0.0,0.0
0.0,0.0
0.0,0.0
0.0,0.0
0.0,0.0
0.0,0.0
0.0,0.0
0.0,0.0
0.0,0.0
0.0,0.0
0.0,0.0
0.0,0.0
0.0,0.0
0.0,0.0
0.0,0.0
-10.30537223815918,-6.343627452850342
22.222211837768555,-1.542981743812561
-9.847063064575195,6.538033485412598
15.056099891662598,-1.9617999792099
0.0,0.0
0.0,0.0
-1.0,-0.09000000357627869
0.0,0.0
-10.070391654968262,0.4080530107021332
22.222211837768555,5.296689033508301
-9.993009567260742,-0.45234447717666626
15.701050758361816,0.0
0.0,0.0
0.0,0.0
-1.8387939929962158,3.7507431507110596
0.0,0.0
0.0,0.0
0.0,0.0
-5.453462600708008,7.780075550079346
10.738643646240234,-1.6301788091659546
0.0,0.0
0.0,0.0
-1.899999976158142,1.149721384048462
0.0,0.0
0.0,0.0
0.0,0.0
-8.607076644897461,4.687033176422119
10.747027397155762,-2.458760976791382
0.0,0.0
0.0,0.0
-3.2900032997131348,6.575213432312012
0.0,0.0
-10.056009292602539,-0.2135484665632248
22.222211837768555,-16.25901985168457
-9.27511978149414,-0.7972260117530823
12.71267032623291,-3.6728732585906982
-7.7324981689453125,0.5850276350975037
0.0,0.0
-1.0,0.0
0.0,0.0
-9.811239242553711,2.902207136154175
22.222211837768555,1.1979929208755493
-9.637139320373535,6.897925853729248
13.568530082702637,-1.4199999570846558
-7.74338436126709,3.7963573932647705
10.738643646240234,-3.7039709091186523
-4.605864524841309,0.7056326270103455
9.6029052734375,0.0
0.0,0.0
0.0,0.0
-1.8582258224487305,5.089203357696533
10.738643646240234,-3.6820716857910156
0.0,0.0
0.0,0.0
-1.0,2.738100051879883
0.0,0.0
0.0,0.0
0.0,0.0
-5.9485321044921875,6.8761138916015625
8.354841232299805,0.12514188885688782
0.0,0.0
0.0,0.0
-5.876148700714111,4.709048748016357
12.71267032623291,-2.0
0.0,0.0
0.0,0.0
0.0,0.0
0.0,0.0
0.0,0.0
0.0,0.0
0.0,0.0
0.0,0.0
0.0,0.0
0.0,0.0
0.0,0.0
0.0,0.0
0.0,0.0
0.0,0.0
0.0,0.0
0.0,0.0
0.0,0.0
0.0,0.0
0.0,0.0
0.0,0.0
0.0,0.0
0.0,0.0
0.0,0.0
0.0,0.0
0.0,0.0
0.0,0.0
0.0,0.0
0.0,0.0
0.0,0.0
0.0,0.0
0.0,0.0
0.0,0.0
0.0,0.0
0.0,0.0
0.0,0.0
0.0,0.0
0.0,0.0
0.0,0.0
0.0,0.0
0.0,0.0
0.0,0.0
0.0,0.0
0.0,0.0
0.0,0.0
0.0,0.0
0.0,0.0
0.0,0.0
0.0,0.0
0.0,0.0
0.0,0.0
0.0,0.0
0.0,0.0
0.0,0.0
0.0,0.0
0.0,0.0
0.0,0.0
0.0,0.0
0.0,0.0
0.0,0.0
0.0,0.0
0.0,0.0
0.0,0.0
0.0,0.0
0.0,0.0
0.0,0.0
0.0,0.0
-6.48107385635376,0.9100964665412903
0.0,0.0
0.0,0.0
0.0,0.0
0.0,0.0
0.0,0.0
-10.551336288452148,-5.0940842628479
0.0,0.0
-10.847830772399902,-10.735692024230957
0.0,0.0
0.0,0.0
0.0,0.0
-4.80145263671875,-4.80145263671875
0.0,0.0
0.0,0.0
0.0,0.0
-10.195161819458008,-1.9468233585357666
0.0,0.0
0.0,0.0
0.0,0.0
0.0,0.0
0.0,0.0
0.0,5.369321823120117
0.0,0.0
-9.945935249328613,0.878525972366333
0.0,0.0
0.0,0.0
0.0,0.0
-9.423591613769531,4.201814651489258
0.0,0.0
0.0,0.0
0.0,0.0
-2.673271894454956,0.8464438319206238
0.0,0.0
0.0,0.0
0.0,0.0
0.0,0.0
0.0,0.0
-10.799945831298828,-0.3460327684879303
0.0,0.0
-10.588408470153809,3.78861665725708
0.0,0.0
0.0,0.0
0.0,0.0
-1.899999976158142,0.0
0.0,0.0
0.0,0.0
0.0,0.0
-5.811197280883789,0.40891289710998535
0.0,0.0
0.0,0.0
0.0,0.0
0.0,0.0
0.0,0.0
-1.0,-1.0
0.0,0.0
-9.848831176757812,-4.231332778930664
0.0,0.0
0.0,0.0
0.0,0.0
-6.0123772621154785,4.365066051483154
0.0,0.0
0.0,0.0
0.0,0.0
0.0,0.0
0.0,0.0
0.0,0.0
0.0,0.0
0.0,0.0
0.0,0.0
0.0,0.0
0.0,0.0
0.0,0.0
0.0,0.0
0.0,0.0
0.0,0.0
0.0,0.0
0.0,0.0
0.0,0.0
0.0,0.0
-17.787092208862305,22.073278427124023
11.111105918884277,-8.874244689941406
0.0,0.0
0.0,0.0
0.0,0.0
0.0,0.0
0.0,0.0
0.0,0.0
-17.78622817993164,22.17449378967285
11.111105918884277,-8.575067520141602
0.0,0.0
0.0,0.0
0.0,0.0
0.0,0.0
0.0,0.0
0.0,0.0
0.0,0.0
0.0,0.0
0.0,0.0
0.0,0.0
0.0,0.0
0.0,0.0
0.0,0.0
0.0,0.0
0.0,0.0
0.0,0.0
0.0,0.0
0.0,0.0
0.0,0.0
0.0,0.0
0.0,0.0
0.0,0.0
-17.740734100341797,22.213075637817383
11.1036958694458,-8.894092559814453
0.0,0.0
0.0,0.0
-6.308512210845947,17.1661376953125
0.0,0.0
0.0,0.0
0.0,0.0
-17.070722579956055,21.36031723022461
11.007668495178223,-8.913074493408203
0.0,0.0
0.0,0.0
-3.040459632873535,11.945748329162598
0.0,0.0
0.0,0.0
0.0,0.0
0.0,0.0
0.0,0.0
0.0,0.0
0.0,0.0
0.0,0.0
0.0,0.0
0.0,0.0
0.0,0.0
0.0,0.0
0.0,0.0
0.0,0.0
0.0,0.0
0.0,0.0
0.0,0.0
0.0,0.0
0.0,0.0
0.0,0.0
0.0,0.0
0.0,0.0
0.0,0.0
0.0,0.0
0.0,0.0
0.0,0.0
0.0,0.0
0.0,0.0
0.0,0.0
0.0,0.0
0.0,0.0
0.0,0.0
0.0,0.0
0.0,0.0
0.0,0.0
0.0,0.0
0.0,0.0
0.0,0.0
0.0,0.0
0.0,0.0
0.0,0.0
0.0,0.0
0.0,0.0
0.0,0.0
0.0,0.0
0.0,0.0
0.0,0.0
0.0,0.0
0.0,0.0
0.0,0.0
0.0,0.0
0.0,0.0
0.0,0.0
0.0,0.0
0.0,0.0
0.0,0.0
0.0,0.0
0.0,0.0
0.0,0.0
0.0,0.0
0.0,0.0
0.0,0.0
0.0,0.0
0.0,0.0
0.0,0.0
0.0,0.0
0.0,0.0
0.0,0.0
0.0,0.0
0.0,0.0
0.0,0.0
0.0,0.0
0.0,0.0
0.0,0.0
0.0,0.0
0.0,0.0
0.0,0.0
0.0,0.0
0.0,0.0
0.0,0.0
0.0,0.0
0.0,0.0
0.0,0.0
-17.77777099609375,22.222211837768555
11.049018859863281,-7.163032054901123
0.0,0.0
0.0,0.0
0.0,0.0
0.0,0.0
0.0,0.0
0.0,0.0
-17.77777099609375,22.222211837768555
11.11108112335205,-8.204224586486816
0.0,0.0
0.0,0.0
0.0,0.0
0.0,0.0
0.0,0.0
0.0,0.0
0.0,0.0
0.0,0.0
0.0,0.0
0.0,0.0
0.0,0.0
0.0,0.0
0.0,0.0
0.0,0.0
0.0,0.0
0.0,0.0
0.0,0.0
0.0,0.0
0.0,0.0
0.0,0.0
0.0,0.0
0.0,0.0
-17.777555465698242,22.222211837768555
11.100764274597168,-7.6359333992004395
0.0,0.0
0.0,0.0
0.0,0.0
0.0,0.0
0.0,0.0
0.0,0.0
-17.777788162231445,22.222204208374023
11.11098861694336,-7.9981279373168945
0.0,0.0
0.0,0.0
0.0,0.0
0.0,0.0
0.0,0.0
0.0,0.0
0.0,0.0
0.0,0.0
0.0,0.0
0.0,0.0
0.0,0.0
0.0,0.0
0.0,0.0
0.0,0.0
0.0,0.0
0.0,0.0
0.0,0.0
0.0,0.0
0.0,0.0
0.0,0.0
0.0,0.0
0.0,0.0
0.0,0.0
0.0,0.0
0.0,0.0
0.0,0.0
0.0,0.0
0.0,0.0
0.0,0.0
0.0,0.0
0.0,0.0
0.0,0.0
0.0,0.0
0.0,0.0
0.0,0.0
0.0,0.0
0.0,0.0
0.0,0.0
0.0,0.0
0.0,0.0
0.0,0.0
0.0,0.0
0.0,0.0
0.0,0.0
0.0,0.0
0.0,0.0
0.0,0.0
0.0,0.0
0.0,0.0
0.0,0.0
0.0,0.0
0.0,0.0
0.0,0.0
0.0,0.0
0.0,0.0
0.0,0.0
0.0,0.0
0.0,0.0
0.0,0.0
0.0,0.0
0.0,0.0
0.0,0.0
0.0,0.0
0.0,0.0
0.0,0.0
0.0,0.0
0.0,0.0
0.0,0.0
-15.512484550476074,22.22100067138672
4.80145263671875,0.0
-11.991886138916016,22.137062072753906
1.909999966621399,0.0
0.0,0.0
0.0,0.0
0.0,0.0
0.0,0.0
-17.060733795166016,22.222211837768555
1.909999966621399,-1.88100004196167
-8.717499732971191,21.477014541625977
0.0,0.0
0.0,0.0
0.0,0.0
0.0,0.0
0.0,0.0
-14.2544527053833,22.221384048461914
4.80145263671875,-0.9900000095367432
-17.77770233154297,22.222211837768555
11.10169506072998,-6.74433708190918
0.0,0.0
0.0,0.0
0.0,0.0
0.0,0.0
-17.12725257873535,22.222211837768555
4.177420616149902,0.0
-17.77777099609375,22.222211837768555
10.616660118103027,-4.303990364074707
0.0,0.0
0.0,0.0
0.0,0.0
0.0,0.0
-17.14057159423828,22.221952438354492
3.491671085357666,-0.9726189970970154
-13.85500431060791,22.197233200073242
1.909999966621399,0.0
-2.0,0.0
0.0,0.0
0.0,0.0
0.0,0.0
-17.388534545898438,22.222211837768555
2.738100051879883,0.0
-11.499944686889648,21.233320236206055
0.0,0.0
-1.7799999713897705,13.568530082702637
0.0,0.0
0.0,0.0
0.0,0.0
-16.335268020629883,22.222070693969727
3.491671085357666,-0.9900000095367432
-17.778432846069336,22.222211837768555
10.878594398498535,-3.1345744132995605
-2.0,0.0
0.0,0.0
-3.7301666736602783,8.354841232299805
0.0,0.0
-17.038911819458008,22.222211837768555
2.738100051879883,0.0
-17.7783145904541,22.222211837768555
10.878594398498535,-6.268946170806885
-2.0,12.71267032623291
0.0,0.0
-6.364325523376465,20.90993309020996
0.0,0.0
0.0,0.0
0.0,0.0
0.0,0.0
0.0,0.0
0.0,0.0
0.0,0.0
0.0,0.0
0.0,0.0
0.0,0.0
0.0,0.0
0.0,0.0
0.0,0.0
0.0,0.0
0.0,0.0
0.0,0.0
0.0,0.0
0.0,0.0
0.0,0.0
0.0,0.0
0.0,0.0
0.0,0.0
0.0,0.0
0.0,0.0
0.0,0.0
0.0,0.0
0.0,0.0
0.0,0.0
0.0,0.0
0.0,0.0
0.0,0.0
0.0,0.0
0.0,0.0
0.0,0.0
0.0,0.0
0.0,0.0
0.0,0.0
0.0,0.0
0.0,0.0
0.0,0.0
0.0,0.0
0.0,0.0
0.0,0.0
0.0,0.0
0.0,0.0
0.0,0.0
0.0,0.0
0.0,0.0
0.0,0.0
0.0,0.0
0.0,0.0
0.0,0.0
0.0,0.0
0.0,0.0
0.0,0.0
0.0,0.0
0.0,0.0
0.0,0.0
0.0,0.0
0.0,0.0
0.0,0.0
0.0,0.0
0.0,0.0
0.0,0.0
0.0,0.0
0.0,0.0
0.0,0.0
-2.0,0.0
0.0,0.0
0.0,0.0
0.0,0.0
0.0,0.0
0.0,0.0
-13.121734619140625,21.32232093811035
0.0,0.0
-5.323970794677734,11.772165298461914
0.0,0.0
0.0,0.0
0.0,0.0
0.0,0.0
0.0,0.0
0.0,0.0
0.0,0.0
-17.77777099609375,22.222211837768555
0.0,0.0
0.0,0.0
0.0,0.0
0.0,0.0
0.0,0.0
-11.394563674926758,21.477014541625977
0.0,0.0
-17.77777099609375,22.222211837768555
0.0,0.0
0.0,0.0
0.0,0.0
0.0,0.0
0.0,0.0
0.0,0.0
0.0,0.0
0.0,0.0
0.0,0.0
0.0,0.0
0.0,0.0
0.0,0.0
0.0,0.0
-2.0,2.0
0.0,0.0
-2.0,0.0
0.0,0.0
0.0,0.0
0.0,0.0
0.0,0.0
0.0,0.0
0.0,0.0
0.0,0.0
0.0,0.0
0.0,0.0
0.0,0.0
0.0,0.0
0.0,0.0
0.0,0.0
-3.799999952316284,2.0
0.0,0.0
-11.936728477478027,22.0722599029541
0.0,0.0
0.0,0.0
0.0,0.0
0.0,0.0
0.0,0.0
0.0,0.0
0.0,0.0
0.0,0.0
0.0,0.0
0.0,0.0
0.0,0.0
0.0,0.0
0.0,0.0
0.0,0.0
0.0,0.0
0.0,0.0
0.0,0.0
0.0,0.0
0.0,0.0
0.0,0.0
0.0,0.0
0.0,0.0
0.0,0.0
0.0,0.0
0.0,0.0
0.0,0.0
0.0,0.0
0.0,0.0
0.0,0.0
0.0,0.0
0.0,0.0
0.0,0.0
0.0,0.0
0.0,0.0
0.0,0.0
0.0,0.0
0.0,0.0
0.0,0.0
0.0,0.0
0.0,0.0
0.0,0.0
0.0,0.0
0.0,0.0
0.0,0.0
0.0,0.0
0.0,0.0
0.0,0.0
0.0,0.0
0.0,0.0
0.0,0.0
0.0,0.0
0.0,0.0
0.0,0.0
0.0,0.0
0.0,0.0
0.0,0.0
0.0,0.0
0.0,0.0
0.0,0.0
0.0,0.0
0.0,0.0
0.0,0.0
0.0,0.0
0.0,0.0
0.0,0.0
0.0,0.0
0.0,0.0
0.0,0.0
0.0,0.0
