-6.900384902954102,7.884848594665527
0.0,0.0
0.0,0.0
0.0,0.0
0.0,0.0
0.0,0.0
0.0,0.0
0.0,0.0
0.0,0.0
0.0,0.0
0.0,0.0
0.0,0.0
0.0,0.0
0.0,0.0
0.0,0.0
0.0,0.0
0.0,0.0
0.0,0.0
7.320949077606201,29.711532592773438
22.18217658996582,-6.313778400421143
0.0,0.0
0.0,0.0
0.0,0.0
0.0,0.0
0.0,0.0
0.0,0.0
9.287123680114746,29.483692169189453
22.213367462158203,-11.177833557128906
0.0,0.0
0.0,0.0
-3.823772430419922,10.802557945251465
0.0,0.0
0.0,0.0
0.0,0.0
0.0,0.0
0.0,0.0
0.0,0.0
0.0,0.0
0.0,0.0
0.0,0.0
0.0,0.0
0.0,0.0
0.0,0.0
0.0,0.0
0.0,0.0
0.0,0.0
0.0,0.0
0.0,0.0
0.0,0.0
0.0,0.0
-8.891112327575684,11.107850074768066
16.822040557861328,-5.137569427490234
0.0,0.0
0.0,0.0
-8.888985633850098,11.111105918884277
0.0,0.0
0.0,0.0
0.0,0.0
-8.89079475402832,11.069371223449707
11.772165298461914,-1.9301666021347046
0.0,0.0
0.0,0.0
-8.885722160339355,11.111058235168457
0.0,0.0
0.0,0.0
0.0,0.0
0.0,0.0
0.0,0.0
0.0,0.0
0.0,0.0
0.0,0.0
0.0,0.0
0.0,0.0
0.0,0.0
0.0,0.0
0.0,0.0
0.0,0.0
0.0,0.0
0.0,0.0
0.0,0.0
0.0,0.0
0.0,0.0
-8.918539047241211,11.009838104248047
22.222211837768555,-17.777742385864258
0.0,0.0
0.0,0.0
-8.772706031799316,11.111105918884277
22.218774795532227,-6.145223617553711
0.0,0.0
0.0,0.0
-8.917448043823242,10.990429878234863
22.17626190185547,-17.779687881469727
0.0,0.0
0.0,0.0
-8.974403381347656,8.999094009399414
22.222211837768555,-17.77776336669922
0.0,0.0
0.0,0.0
0.0,0.0
0.0,0.0
0.0,0.0
0.0,0.0
0.0,0.0
0.0,0.0
0.0,0.0
0.0,0.0
0.0,0.0
0.0,0.0
0.0,0.0
0.0,0.0
0.0,0.0
0.0,0.0
0.0,0.0
0.0,0.0
-8.89338207244873,10.701433181762695
22.222211837768555,-17.7767333984375
0.0,0.0
0.0,0.0
-8.888885498046875,11.111105918884277
22.222211837768555,-17.773048400878906
0.0,0.0
0.0,0.0
-8.894560813903809,11.11109447479248
22.222211837768555,-17.777732849121094
0.0,0.0
0.0,0.0
-8.890036582946777,11.111104965209961
22.222211837768555,-16.050071716308594
0.0,0.0
0.0,0.0
0.0,0.0
0.0,0.0
0.0,0.0
0.0,0.0
0.0,0.0
0.0,0.0
0.0,0.0
0.0,0.0
0.0,0.0
0.0,0.0
0.0,0.0
0.0,0.0
0.0,0.0
0.0,0.0
0.0,0.0
0.0,0.0
0.3283415734767914,19.290306091308594
22.19879150390625,-17.780466079711914
0.0,0.0
0.0,0.0
0.0,0.0
0.0,0.0
0.0,0.0
0.0,0.0
8.326925277709961,22.948305130004883
22.222211837768555,-17.505653381347656
0.0,0.0
0.0,0.0
-8.347673416137695,11.111105918884277
10.738643646240234,-1.9301666021347046
0.0,0.0
0.0,0.0
0.0,0.0
0.0,0.0
0.0,0.0
0.0,0.0
0.0,0.0
0.0,0.0
0.0,0.0
0.0,0.0
0.0,0.0
0.0,0.0
0.0,0.0
0.0,0.0
0.0,0.0
0.0,0.0
0.0,0.0
0.0,0.0
0.0,0.0
0.0,0.0
0.0,0.0
0.0,0.0
0.0,0.0
0.0,0.0
0.0,0.0
0.0,0.0
0.0,0.0
0.0,0.0
0.0,0.0
0.0,0.0
0.0,0.0
0.0,0.0
0.0,0.0
0.0,0.0
0.0,0.0
0.0,0.0
0.0,0.0
0.0,0.0
0.0,0.0
0.0,0.0
0.0,0.0
0.0,0.0
0.0,0.0
0.0,0.0
0.0,0.0
0.0,0.0
0.0,0.0
0.0,0.0
0.0,0.0
0.0,0.0
-8.912080764770508,10.87862491607666
0.0,0.0
0.0,0.0
0.0,0.0
0.0,0.0
0.0,0.0
0.0,0.0
0.0,0.0
-8.926284790039062,10.73688793182373
22.222034454345703,-17.777809143066406
0.0,0.0
0.0,0.0
-9.145877838134766,10.32866382598877
3.4761998653411865,0.0
0.0,0.0
0.0,0.0
0.0,0.0
0.0,0.0
0.0,0.0
0.0,0.0
0.0,0.0
0.0,0.0
0.0,0.0
0.0,0.0
0.0,0.0
0.0,0.0
0.0,0.0
0.0,0.0
0.0,0.0
0.0,0.0
0.0,0.0
0.0,0.0
-8.9058256149292,11.105766296386719
0.0,0.0
0.0,0.0
0.0,0.0
0.0,0.0
0.0,0.0
0.0,0.0
0.0,0.0
-8.951888084411621,10.67098331451416
22.222211837768555,-17.77743911743164
0.0,0.0
0.0,0.0
-9.226737022399902,10.757085800170898
0.0,0.0
0.0,0.0
0.0,0.0
0.0,0.0
0.0,0.0
0.0,0.0
0.0,0.0
0.0,0.0
0.0,0.0
0.0,0.0
0.0,0.0
0.0,0.0
0.0,0.0
0.0,0.0
0.0,0.0
0.0,0.0
0.0,0.0
0.0,0.0
0.0,0.0
0.0,0.0
0.0,0.0
0.0,0.0
0.0,0.0
0.0,0.0
0.0,0.0
0.0,0.0
0.0,0.0
0.0,0.0
0.0,0.0
0.0,0.0
0.0,0.0
0.0,0.0
0.0,0.0
0.0,0.0
0.0,0.0
0.0,0.0
0.0,0.0
0.0,0.0
0.0,0.0
0.0,0.0
0.0,0.0
0.0,0.0
0.0,0.0
0.0,0.0
0.0,0.0
0.0,0.0
0.0,0.0
0.0,0.0
0.0,0.0
0.0,0.0
0.0,0.0
0.0,0.0
0.0,0.0
0.0,0.0
0.0,0.0
0.0,0.0
0.0,0.0
0.0,0.0
0.0,0.0
0.0,0.0
0.0,0.0
0.0,0.0
0.0,0.0
0.0,0.0
0.0,0.0
-9.951443672180176,0.8955124616622925
22.222211837768555,-4.4162116050720215
-9.663702964782715,4.705063819885254
20.308565139770508,-1.9617999792099
-1.0,0.0
0.0,0.0
-1.909999966621399,-0.1539197713136673
0.0,0.0
-9.873485565185547,1.2675153017044067
22.222211837768555,-6.838409423828125
-9.631973266601562,0.9792305827140808
21.837127685546875,2.211355209350586
0.0,0.0
0.0,0.0
-2.5698862075805664,6.007258415222168
0.0,0.0
0.0,0.0
0.0,0.0
-9.116464614868164,0.6440771222114563
17.30805778503418,-3.310150384902954
0.0,0.0
0.0,0.0
-2.690516948699951,5.907830238342285
0.0,0.0
0.0,0.0
0.0,0.0
-9.376757621765137,5.558095455169678
21.32297706604004,-5.417966842651367
0.0,0.0
0.0,0.0
-5.354219436645508,1.849377155303955
0.0,0.0
-9.848960876464844,0.5978387594223022
22.222211837768555,-10.83212661743164
-9.574240684509277,6.003702163696289
21.135517120361328,-5.108758449554443
-9.249631881713867,-2.4993505477905273
0.0,0.0
-1.899999976158142,6.766636371612549
0.0,0.0
-9.77766227722168,2.2765157222747803
22.222211837768555,-6.776709079742432
-9.466437339782715,6.103463172912598
21.75718879699707,-4.536813259124756
-9.402824401855469,4.357580661773682
17.75033187866211,-6.522922992706299
-6.421950340270996,4.823765754699707
17.30805778503418,-3.606187343597412
0.0,0.0
0.0,0.0
-4.45147705078125,7.401461124420166
19.91132164001465,-1.1703908443450928
0.0,0.0
0.0,0.0
-1.8578205108642578,9.148676872253418
2.0,0.0
0.0,0.0
0.0,0.0
-7.398270130157471,6.6050872802734375
19.91132164001465,0.23699064552783966
0.0,0.0
0.0,0.0
-8.225196838378906,6.84096622467041
20.637523651123047,4.457124710083008
0.0,0.0
0.0,0.0
0.0,0.0
0.0,0.0
0.0,0.0
0.0,0.0
0.0,0.0
0.0,0.0
0.0,0.0
0.0,0.0
0.0,0.0
0.0,0.0
0.0,0.0
0.0,0.0
0.0,0.0
0.0,0.0
0.0,0.0
0.0,0.0
0.0,0.0
0.0,0.0
0.0,0.0
0.0,0.0
0.0,0.0
0.0,0.0
0.0,0.0
0.0,0.0
0.0,0.0
0.0,0.0
0.0,0.0
0.0,0.0
0.0,0.0
0.0,0.0
0.0,0.0
0.0,0.0
0.0,0.0
0.0,0.0
0.0,0.0
0.0,0.0
0.0,0.0
0.0,0.0
0.0,0.0
0.0,0.0
0.0,0.0
0.0,0.0
0.0,0.0
0.0,0.0
0.0,0.0
0.0,0.0
0.0,0.0
0.0,0.0
0.0,0.0
0.0,0.0
0.0,0.0
0.0,0.0
0.0,0.0
0.0,0.0
0.0,0.0
0.0,0.0
0.0,0.0
0.0,0.0
0.0,0.0
0.0,0.0
0.0,0.0
0.0,0.0
0.0,0.0
0.0,0.0
-9.360772132873535,-4.378040313720703
0.0,0.0
0.0,0.0
0.0,0.0
0.0,0.0
0.0,0.0
-10.567137718200684,-5.671657085418701
0.0,0.0
-10.678399085998535,-6.424297332763672
0.0,0.0
0.0,0.0
0.0,0.0
-9.25952434539795,-9.25952434539795
0.0,0.0
0.0,0.0
0.0,0.0
-10.195734024047852,-1.9577696323394775
0.0,0.0
0.0,0.0
0.0,0.0
0.0,0.0
0.0,0.0
-0.927247166633606,7.934660911560059
0.0,0.0
-9.862777709960938,1.3721003532409668
0.0,0.0
0.0,0.0
0.0,0.0
-9.995927810668945,3.2430789470672607
0.0,0.0
0.0,0.0
0.0,0.0
-3.3974802494049072,2.929563045501709
0.0,0.0
0.0,0.0
0.0,0.0
0.0,0.0
0.0,0.0
-10.6818265914917,-8.799211502075195
0.0,0.0
-10.932796478271484,-10.882627487182617
0.0,0.0
0.0,0.0
0.0,0.0
-4.794595718383789,-4.80145263671875
0.0,0.0
0.0,0.0
0.0,0.0
-8.249055862426758,1.387019157409668
0.0,0.0
0.0,0.0
0.0,0.0
0.0,0.0
0.0,0.0
-1.909999966621399,1.9739197492599487
0.0,0.0
-10.027892112731934,0.790075957775116
0.0,0.0
0.0,0.0
0.0,0.0
-9.252715110778809,3.309492588043213
0.0,0.0
0.0,0.0
0.0,0.0
0.0,0.0
0.0,0.0
0.0,0.0
0.0,0.0
0.0,0.0
0.0,0.0
0.0,0.0
0.0,0.0
0.0,0.0
0.0,0.0
0.0,0.0
0.0,0.0
0.0,0.0
0.0,0.0
0.0,0.0
0.0,0.0
-17.791728973388672,22.07929229736328
11.10055160522461,-8.889921188354492
0.0,0.0
0.0,0.0
0.0,0.0
0.0,0.0
0.0,0.0
0.0,0.0
-17.42829132080078,22.052902221679688
11.098087310791016,-8.900299072265625
0.0,0.0
0.0,0.0
0.0,0.0
0.0,0.0
0.0,0.0
0.0,0.0
0.0,0.0
0.0,0.0
0.0,0.0
0.0,0.0
0.0,0.0
0.0,0.0
0.0,0.0
0.0,0.0
0.0,0.0
0.0,0.0
0.0,0.0
0.0,0.0
0.0,0.0
0.0,0.0
0.0,0.0
0.0,0.0
-16.713809967041016,21.871049880981445
11.110851287841797,-8.889145851135254
0.0,0.0
0.0,0.0
-10.406445503234863,16.075151443481445
0.0,0.0
0.0,0.0
0.0,0.0
-17.463287353515625,21.911460876464844
11.05829906463623,-8.89465045928955
0.0,0.0
0.0,0.0
-9.449928283691406,12.707304954528809
0.0,0.0
0.0,0.0
0.0,0.0
0.0,0.0
0.0,0.0
0.0,0.0
0.0,0.0
0.0,0.0
0.0,0.0
0.0,0.0
0.0,0.0
0.0,0.0
0.0,0.0
0.0,0.0
0.0,0.0
0.0,0.0
0.0,0.0
0.0,0.0
0.0,0.0
0.0,0.0
0.0,0.0
0.0,0.0
0.0,0.0
0.0,0.0
0.0,0.0
0.0,0.0
0.0,0.0
0.0,0.0
0.0,0.0
0.0,0.0
0.0,0.0
0.0,0.0
0.0,0.0
0.0,0.0
0.0,0.0
0.0,0.0
0.0,0.0
0.0,0.0
0.0,0.0
0.0,0.0
0.0,0.0
0.0,0.0
0.0,0.0
0.0,0.0
0.0,0.0
0.0,0.0
0.0,0.0
0.0,0.0
0.0,0.0
0.0,0.0
0.0,0.0
0.0,0.0
0.0,0.0
0.0,0.0
0.0,0.0
0.0,0.0
0.0,0.0
0.0,0.0
0.0,0.0
0.0,0.0
0.0,0.0
0.0,0.0
0.0,0.0
0.0,0.0
0.0,0.0
0.0,0.0
0.0,0.0
0.0,0.0
0.0,0.0
0.0,0.0
0.0,0.0
0.0,0.0
0.0,0.0
0.0,0.0
0.0,0.0
0.0,0.0
0.0,0.0
0.0,0.0
0.0,0.0
0.0,0.0
0.0,0.0
0.0,0.0
0.0,0.0
-17.77777099609375,22.222211837768555
11.111105918884277,-8.601089477539062
0.0,0.0
0.0,0.0
0.0,0.0
0.0,0.0
0.0,0.0
0.0,0.0
-17.77777099609375,22.222211837768555
11.111105918884277,-8.85664176940918
0.0,0.0
0.0,0.0
0.0,0.0
0.0,0.0
0.0,0.0
0.0,0.0
0.0,0.0
0.0,0.0
0.0,0.0
0.0,0.0
0.0,0.0
0.0,0.0
0.0,0.0
0.0,0.0
0.0,0.0
0.0,0.0
0.0,0.0
0.0,0.0
0.0,0.0
0.0,0.0
0.0,0.0
0.0,0.0
-17.77777099609375,22.222211837768555
11.111105918884277,-8.751792907714844
0.0,0.0
0.0,0.0
0.0,0.0
0.0,0.0
0.0,0.0
0.0,0.0
-17.777788162231445,22.222204208374023
11.111105918884277,-8.875722885131836
0.0,0.0
0.0,0.0
0.0,0.0
0.0,0.0
0.0,0.0
0.0,0.0
0.0,0.0
0.0,0.0
0.0,0.0
0.0,0.0
0.0,0.0
0.0,0.0
0.0,0.0
0.0,0.0
0.0,0.0
0.0,0.0
0.0,0.0
0.0,0.0
0.0,0.0
0.0,0.0
0.0,0.0
0.0,0.0
0.0,0.0
0.0,0.0
0.0,0.0
0.0,0.0
0.0,0.0
0.0,0.0
0.0,0.0
0.0,0.0
0.0,0.0
0.0,0.0
0.0,0.0
0.0,0.0
0.0,0.0
0.0,0.0
0.0,0.0
0.0,0.0
0.0,0.0
0.0,0.0
0.0,0.0
0.0,0.0
0.0,0.0
0.0,0.0
0.0,0.0
0.0,0.0
0.0,0.0
0.0,0.0
0.0,0.0
0.0,0.0
0.0,0.0
0.0,0.0
0.0,0.0
0.0,0.0
0.0,0.0
0.0,0.0
0.0,0.0
0.0,0.0
0.0,0.0
0.0,0.0
0.0,0.0
0.0,0.0
0.0,0.0
0.0,0.0
0.0,0.0
0.0,0.0
0.0,0.0
0.0,0.0
-17.691356658935547,22.222211837768555
7.528049945831299,0.0
-15.962189674377441,22.222211837768555
4.177420616149902,-0.9582257866859436
0.0,0.0
0.0,0.0
0.0,0.0
0.0,0.0
-17.773218154907227,22.222211837768555
7.528049945831299,-2.651125907897949
-16.108186721801758,22.221925735473633
0.0,0.0
0.0,0.0
0.0,0.0
0.0,0.0
0.0,0.0
-17.6284236907959,22.222211837768555
7.850525379180908,-1.819263219833374
-17.77777099609375,22.222211837768555
11.111101150512695,-7.749253749847412
0.0,0.0
0.0,0.0
0.0,0.0
0.0,0.0
-17.77533531188965,22.222211837768555
8.143978118896484,-2.535396099090576
-17.777788162231445,22.222209930419922
11.11108684539795,-7.947781562805176
0.0,0.0
0.0,0.0
0.0,0.0
0.0,0.0
-17.73203468322754,22.222211837768555
6.784265041351318,-1.8216638565063477
-17.464921951293945,22.222211837768555
4.80145263671875,0.0
-2.0,15.056099891662598
0.0,0.0
0.0,0.0
0.0,0.0
-17.775741577148438,22.222211837768555
4.80145263671875,-1.8404403924942017
-14.081548690795898,22.222097396850586
0.0,0.0
-1.7799999713897705,19.155624389648438
0.0,0.0
0.0,0.0
0.0,0.0
-17.699228286743164,22.222211837768555
8.65402889251709,-0.9900000095367432
-17.778474807739258,22.222204208374023
11.109269142150879,-4.231882572174072
-3.6643147468566895,15.701050758361816
0.0,0.0
-7.660523414611816,22.04113006591797
0.0,0.0
-17.777565002441406,22.222211837768555
5.886082649230957,0.0
-17.77935218811035,22.222204208374023
11.109683990478516,-7.639450550079346
-7.6664323806762695,19.431617736816406
0.0,0.0
-11.043166160583496,21.18317222595215
0.0,0.0
0.0,0.0
0.0,0.0
0.0,0.0
0.0,0.0
0.0,0.0
0.0,0.0
0.0,0.0
0.0,0.0
0.0,0.0
0.0,0.0
0.0,0.0
0.0,0.0
0.0,0.0
0.0,0.0
0.0,0.0
0.0,0.0
0.0,0.0
0.0,0.0
0.0,0.0
0.0,0.0
0.0,0.0
0.0,0.0
0.0,0.0
0.0,0.0
0.0,0.0
0.0,0.0
0.0,0.0
0.0,0.0
0.0,0.0
0.0,0.0
0.0,0.0
0.0,0.0
0.0,0.0
0.0,0.0
0.0,0.0
0.0,0.0
0.0,0.0
0.0,0.0
0.0,0.0
0.0,0.0
0.0,0.0
0.0,0.0
0.0,0.0
0.0,0.0
0.0,0.0
0.0,0.0
0.0,0.0
0.0,0.0
0.0,0.0
0.0,0.0
0.0,0.0
0.0,0.0
0.0,0.0
0.0,0.0
0.0,0.0
0.0,0.0
0.0,0.0
0.0,0.0
0.0,0.0
0.0,0.0
0.0,0.0
0.0,0.0
0.0,0.0
0.0,0.0
0.0,0.0
0.0,0.0
-2.0,10.738643646240234
0.0,0.0
0.0,0.0
0.0,0.0
0.0,0.0
0.0,0.0
-16.82353401184082,22.222206115722656
0.0,0.0
-8.815465927124023,21.87178611755371
0.0,0.0
0.0,0.0
0.0,0.0
0.0,0.0
0.0,0.0
0.0,0.0
0.0,0.0
-17.77777099609375,22.222211837768555
0.0,0.0
0.0,0.0
0.0,0.0
0.0,0.0
0.0,0.0
-15.785174369812012,22.222156524658203
0.0,0.0
-17.77777099609375,22.222211837768555
0.0,0.0
0.0,0.0
0.0,0.0
0.0,0.0
0.0,0.0
0.0,0.0
0.0,0.0
0.0,0.0
0.0,0.0
0.0,0.0
0.0,0.0
0.0,0.0
0.0,0.0
-5.116274833679199,18.85233497619629
0.0,0.0
-2.0,2.0
0.0,0.0
0.0,0.0
0.0,0.0
0.0,0.0
0.0,0.0
0.0,0.0
0.0,0.0
-2.0,3.819999933242798
0.0,0.0
0.0,0.0
0.0,0.0
0.0,0.0
0.0,0.0
-3.799999952316284,20.11930274963379
0.0,0.0
-15.742644309997559,22.222211837768555
0.0,0.0
0.0,0.0
0.0,0.0
0.0,0.0
0.0,0.0
0.0,0.0
0.0,0.0
0.0,0.0
0.0,0.0
0.0,0.0
0.0,0.0
0.0,0.0
0.0,0.0
0.0,0.0
0.0,0.0
0.0,0.0
0.0,0.0
0.0,0.0
0.0,0.0
0.0,0.0
0.0,0.0
0.0,0.0
0.0,0.0
0.0,0.0
0.0,0.0
0.0,0.0
0.0,0.0
0.0,0.0
0.0,0.0
0.0,0.0
0.0,0.0
0.0,0.0
0.0,0.0
0.0,0.0
0.0,0.0
0.0,0.0
0.0,0.0
0.0,0.0
0.0,0.0
0.0,0.0
0.0,0.0
0.0,0.0
0.0,0.0
0.0,0.0
0.0,0.0
0.0,0.0
0.0,0.0
0.0,0.0
0.0,0.0
0.0,0.0
0.0,0.0
0.0,0.0
0.0,0.0
0.0,0.0
0.0,0.0
0.0,0.0
0.0,0.0
0.0,0.0
0.0,0.0
0.0,0.0
0.0,0.0
0.0,0.0
0.0,0.0
0.0,0.0
0.0,0.0
0.0,0.0
0.0,0.0
0.0,0.0
0.0,0.0
