-7.136171340942383,6.709234714508057
0.0,0.0
0.0,0.0
0.0,0.0
0.0,0.0
0.0,0.0
0.0,0.0
0.0,0.0
0.0,0.0
0.0,0.0
0.0,0.0
0.0,0.0
0.0,0.0
0.0,0.0
0.0,0.0
0.0,0.0
0.0,0.0
0.0,0.0
10.933842658996582,29.711532592773438
22.085756301879883,-6.313778400421143
0.0,0.0
0.0,0.0
0.0,0.0
0.0,0.0
0.0,0.0
0.0,0.0
2.501396656036377,29.483692169189453
21.711196899414062,-7.711499214172363
0.0,0.0
0.0,0.0
-2.608839988708496,8.65402889251709
0.0,0.0
0.0,0.0
0.0,0.0
0.0,0.0
0.0,0.0
0.0,0.0
0.0,0.0
0.0,0.0
0.0,0.0
0.0,0.0
0.0,0.0
0.0,0.0
0.0,0.0
0.0,0.0
0.0,0.0
0.0,0.0
0.0,0.0
0.0,0.0
0.0,0.0
-8.891197204589844,11.111067771911621
16.822040557861328,-5.137569427490234
0.0,0.0
0.0,0.0
-8.88919448852539,11.111105918884277
0.0,0.0
0.0,0.0
0.0,0.0
-8.890337944030762,11.094606399536133
0.0,0.0
0.0,0.0
0.0,0.0
-8.882463455200195,11.111105918884277
0.0,0.0
0.0,0.0
0.0,0.0
0.0,0.0
0.0,0.0
0.0,0.0
0.0,0.0
0.0,0.0
0.0,0.0
0.0,0.0
0.0,0.0
0.0,0.0
0.0,0.0
0.0,0.0
0.0,0.0
0.0,0.0
0.0,0.0
0.0,0.0
0.0,0.0
-8.899316787719727,11.111099243164062
22.222211837768555,-17.777198791503906
0.0,0.0
0.0,0.0
-8.711809158325195,11.111105918884277
22.1782169342041,-3.4163925647735596
0.0,0.0
0.0,0.0
-8.935298919677734,10.554830551147461
22.2220401763916,-17.778322219848633
0.0,0.0
0.0,0.0
-8.900887489318848,11.110316276550293
22.222211837768555,-17.77764129638672
0.0,0.0
0.0,0.0
0.0,0.0
0.0,0.0
0.0,0.0
0.0,0.0
0.0,0.0
0.0,0.0
0.0,0.0
0.0,0.0
0.0,0.0
0.0,0.0
0.0,0.0
0.0,0.0
0.0,0.0
0.0,0.0
0.0,0.0
0.0,0.0
-8.920506477355957,11.109420776367188
22.222211837768555,-17.768211364746094
0.0,0.0
0.0,0.0
-8.888858795166016,11.111105918884277
22.222211837768555,-17.75916862487793
0.0,0.0
0.0,0.0
-8.888894081115723,11.111102104187012
22.222211837768555,-17.777124404907227
0.0,0.0
0.0,0.0
-8.900360107421875,11.107430458068848
22.222211837768555,-17.73887825012207
0.0,0.0
0.0,0.0
0.0,0.0
0.0,0.0
0.0,0.0
0.0,0.0
0.0,0.0
0.0,0.0
0.0,0.0
0.0,0.0
0.0,0.0
0.0,0.0
0.0,0.0
0.0,0.0
0.0,0.0
0.0,0.0
0.0,0.0
0.0,0.0
0.3283340036869049,19.290306091308594
22.22197151184082,-17.777814865112305
0.0,0.0
0.0,0.0
0.0,0.0
0.0,0.0
0.0,0.0
0.0,0.0
17.73304557800293,22.948305130004883
22.222211837768555,-17.208829879760742
0.0,0.0
0.0,0.0
-8.14648151397705,11.111075401306152
10.738643646240234,-1.9301666021347046
0.0,0.0
0.0,0.0
0.0,0.0
0.0,0.0
0.0,0.0
0.0,0.0
0.0,0.0
0.0,0.0
0.0,0.0
0.0,0.0
0.0,0.0
0.0,0.0
0.0,0.0
0.0,0.0
0.0,0.0
0.0,0.0
0.0,0.0
0.0,0.0
0.0,0.0
0.0,0.0
0.0,0.0
0.0,0.0
0.0,0.0
0.0,0.0
0.0,0.0
0.0,0.0
0.0,0.0
0.0,0.0
0.0,0.0
0.0,0.0
0.0,0.0
0.0,0.0
0.0,0.0
0.0,0.0
0.0,0.0
0.0,0.0
0.0,0.0
0.0,0.0
0.0,0.0
0.0,0.0
0.0,0.0
0.0,0.0
0.0,0.0
0.0,0.0
0.0,0.0
0.0,0.0
0.0,0.0
0.0,0.0
0.0,0.0
0.0,0.0
-8.912080764770508,10.87862491607666
0.0,0.0
0.0,0.0
0.0,0.0
0.0,0.0
0.0,0.0
0.0,0.0
0.0,0.0
-8.926207542419434,10.737637519836426
22.222034454345703,-17.777809143066406
0.0,0.0
0.0,0.0
-9.152308464050293,5.139386177062988
3.4761998653411865,0.0
0.0,0.0
0.0,0.0
0.0,0.0
0.0,0.0
0.0,0.0
0.0,0.0
0.0,0.0
0.0,0.0
0.0,0.0
0.0,0.0
0.0,0.0
0.0,0.0
0.0,0.0
0.0,0.0
0.0,0.0
0.0,0.0
0.0,0.0
0.0,0.0
-8.893426895141602,11.11103343963623
0.0,0.0
0.0,0.0
0.0,0.0
0.0,0.0
0.0,0.0
0.0,0.0
0.0,0.0
-8.944018363952637,10.613189697265625
22.222211837768555,-17.776575088500977
0.0,0.0
0.0,0.0
-9.156601905822754,10.709551811218262
0.0,0.0
0.0,0.0
0.0,0.0
0.0,0.0
0.0,0.0
0.0,0.0
0.0,0.0
0.0,0.0
0.0,0.0
0.0,0.0
0.0,0.0
0.0,0.0
0.0,0.0
0.0,0.0
0.0,0.0
0.0,0.0
0.0,0.0
0.0,0.0
0.0,0.0
0.0,0.0
0.0,0.0
0.0,0.0
0.0,0.0
0.0,0.0
0.0,0.0
0.0,0.0
0.0,0.0
0.0,0.0
0.0,0.0
0.0,0.0
0.0,0.0
0.0,0.0
0.0,0.0
0.0,0.0
0.0,0.0
0.0,0.0
0.0,0.0
0.0,0.0
0.0,0.0
0.0,0.0
0.0,0.0
0.0,0.0
0.0,0.0
0.0,0.0
0.0,0.0
0.0,0.0
0.0,0.0
0.0,0.0
0.0,0.0
0.0,0.0
0.0,0.0
0.0,0.0
0.0,0.0
0.0,0.0
0.0,0.0
0.0,0.0
0.0,0.0
0.0,0.0
0.0,0.0
0.0,0.0
0.0,0.0
0.0,0.0
0.0,0.0
0.0,0.0
0.0,0.0
-10.076096534729004,0.8343175649642944
22.222211837768555,-5.690923690795898
-9.687904357910156,7.307046413421631
18.85233497619629,-1.9617999792099
-1.0,0.0
0.0,0.0
-1.909999966621399,1.0140786170959473
0.0,0.0
-9.887028694152832,1.0616482496261597
22.222211837768555,-3.7617549896240234
-9.61475658416748,3.796051502227783
21.233320236206055,2.211355209350586
0.0,0.0
0.0,0.0
-1.8387939929962158,8.502827644348145
0.0,0.0
0.0,0.0
0.0,0.0
-8.678046226501465,5.88018798828125
15.056099891662598,-1.6301788091659546
0.0,0.0
0.0,0.0
-2.690516948699951,2.7729499340057373
0.0,0.0
0.0,0.0
0.0,0.0
-9.336545944213867,6.932509899139404
19.913009643554688,-4.021306037902832
0.0,0.0
0.0,0.0
-5.354219436645508,7.603897571563721
0.0,0.0
-9.934394836425781,-0.5245938301086426
22.222211837768555,-15.94666862487793
-9.562697410583496,0.9177192449569702
19.682771682739258,-5.108758449554443
-9.25766658782959,2.9717252254486084
0.0,0.0
-1.899999976158142,4.149170875549316
0.0,0.0
-9.810094833374023,2.1610541343688965
22.222211837768555,6.893332481384277
-9.63396167755127,9.985494613647461
21.233320236206055,-1.4199999570846558
-9.34237003326416,1.4443049430847168
15.056099891662598,-5.206447124481201
-6.054434299468994,4.070407390594482
14.347362518310547,-3.606187343597412
0.0,0.0
0.0,0.0
-4.45147705078125,5.102434158325195
17.30805778503418,-1.1703908443450928
0.0,0.0
0.0,0.0
-1.8578205108642578,7.313544273376465
2.0,0.0
0.0,0.0
0.0,0.0
-7.1763505935668945,7.190631866455078
18.5190486907959,2.2696382999420166
0.0,0.0
0.0,0.0
-7.956164836883545,3.360779047012329
19.431617736816406,2.508901596069336
0.0,0.0
0.0,0.0
0.0,0.0
0.0,0.0
0.0,0.0
0.0,0.0
0.0,0.0
0.0,0.0
0.0,0.0
0.0,0.0
0.0,0.0
0.0,0.0
0.0,0.0
0.0,0.0
0.0,0.0
0.0,0.0
0.0,0.0
0.0,0.0
0.0,0.0
0.0,0.0
0.0,0.0
0.0,0.0
0.0,0.0
0.0,0.0
0.0,0.0
0.0,0.0
0.0,0.0
0.0,0.0
0.0,0.0
0.0,0.0
0.0,0.0
0.0,0.0
0.0,0.0
0.0,0.0
0.0,0.0
0.0,0.0
0.0,0.0
0.0,0.0
0.0,0.0
0.0,0.0
0.0,0.0
0.0,0.0
0.0,0.0
0.0,0.0
0.0,0.0
0.0,0.0
0.0,0.0
0.0,0.0
0.0,0.0
0.0,0.0
0.0,0.0
0.0,0.0
0.0,0.0
0.0,0.0
0.0,0.0
0.0,0.0
0.0,0.0
0.0,0.0
0.0,0.0
0.0,0.0
0.0,0.0
0.0,0.0
0.0,0.0
0.0,0.0
0.0,0.0
0.0,0.0
-8.785473823547363,-4.490890979766846
0.0,0.0
0.0,0.0
0.0,0.0
0.0,0.0
0.0,0.0
-10.56597900390625,-5.656700611114502
0.0,0.0
-10.778055191040039,-7.149787902832031
0.0,0.0
0.0,0.0
0.0,0.0
-8.411020278930664,-8.411020278930664
0.0,0.0
0.0,0.0
0.0,0.0
-10.195734024047852,-1.9577696323394775
0.0,0.0
0.0,0.0
0.0,0.0
0.0,0.0
0.0,0.0
-0.927247166633606,7.2752814292907715
0.0,0.0
-9.86230182647705,1.3759145736694336
0.0,0.0
0.0,0.0
0.0,0.0
-9.970830917358398,1.623139500617981
0.0,0.0
0.0,0.0
0.0,0.0
-3.3974802494049072,1.3595613241195679
0.0,0.0
0.0,0.0
0.0,0.0
0.0,0.0
0.0,0.0
-10.596251487731934,-5.047191143035889
0.0,0.0
-10.704014778137207,-6.62781286239624
0.0,0.0
0.0,0.0
0.0,0.0
-4.169885158538818,-4.177420616149902
0.0,0.0
0.0,0.0
0.0,0.0
-8.249055862426758,3.055039882659912
0.0,0.0
0.0,0.0
0.0,0.0
0.0,0.0
0.0,0.0
-1.909999966621399,-0.015470999293029308
0.0,0.0
-9.96472454071045,-1.2039928436279297
0.0,0.0
0.0,0.0
0.0,0.0
-9.252715110778809,1.2593920230865479
0.0,0.0
0.0,0.0
0.0,0.0
0.0,0.0
0.0,0.0
0.0,0.0
0.0,0.0
0.0,0.0
0.0,0.0
0.0,0.0
0.0,0.0
0.0,0.0
0.0,0.0
0.0,0.0
0.0,0.0
0.0,0.0
0.0,0.0
0.0,0.0
0.0,0.0
-17.791826248168945,22.081636428833008
11.111104965209961,-8.889079093933105
0.0,0.0
0.0,0.0
0.0,0.0
0.0,0.0
0.0,0.0
0.0,0.0
-17.773523330688477,22.05358123779297
11.041245460510254,-8.897793769836426
0.0,0.0
0.0,0.0
0.0,0.0
0.0,0.0
0.0,0.0
0.0,0.0
0.0,0.0
0.0,0.0
0.0,0.0
0.0,0.0
0.0,0.0
0.0,0.0
0.0,0.0
0.0,0.0
0.0,0.0
0.0,0.0
0.0,0.0
0.0,0.0
0.0,0.0
0.0,0.0
0.0,0.0
0.0,0.0
-17.782604217529297,21.938322067260742
11.111105918884277,-8.880169868469238
0.0,0.0
0.0,0.0
-11.779704093933105,17.479156494140625
0.0,0.0
0.0,0.0
0.0,0.0
-17.77010154724121,22.011056900024414
11.091303825378418,-8.883092880249023
0.0,0.0
0.0,0.0
-9.449928283691406,14.028474807739258
0.0,0.0
0.0,0.0
0.0,0.0
0.0,0.0
0.0,0.0
0.0,0.0
0.0,0.0
0.0,0.0
0.0,0.0
0.0,0.0
0.0,0.0
0.0,0.0
0.0,0.0
0.0,0.0
0.0,0.0
0.0,0.0
0.0,0.0
0.0,0.0
0.0,0.0
0.0,0.0
0.0,0.0
0.0,0.0
0.0,0.0
0.0,0.0
0.0,0.0
0.0,0.0
0.0,0.0
0.0,0.0
0.0,0.0
0.0,0.0
0.0,0.0
0.0,0.0
0.0,0.0
0.0,0.0
0.0,0.0
0.0,0.0
0.0,0.0
0.0,0.0
0.0,0.0
0.0,0.0
0.0,0.0
0.0,0.0
0.0,0.0
0.0,0.0
0.0,0.0
0.0,0.0
0.0,0.0
0.0,0.0
0.0,0.0
0.0,0.0
0.0,0.0
0.0,0.0
0.0,0.0
0.0,0.0
0.0,0.0
0.0,0.0
0.0,0.0
0.0,0.0
0.0,0.0
0.0,0.0
0.0,0.0
0.0,0.0
0.0,0.0
0.0,0.0
0.0,0.0
0.0,0.0
0.0,0.0
0.0,0.0
0.0,0.0
0.0,0.0
0.0,0.0
0.0,0.0
0.0,0.0
0.0,0.0
0.0,0.0
0.0,0.0
0.0,0.0
0.0,0.0
0.0,0.0
0.0,0.0
0.0,0.0
0.0,0.0
0.0,0.0
-17.77777099609375,22.222211837768555
11.111105918884277,-8.450236320495605
0.0,0.0
0.0,0.0
0.0,0.0
0.0,0.0
0.0,0.0
0.0,0.0
-17.77777099609375,22.222211837768555
11.111105918884277,-8.83427619934082
0.0,0.0
0.0,0.0
0.0,0.0
0.0,0.0
0.0,0.0
0.0,0.0
0.0,0.0
0.0,0.0
0.0,0.0
0.0,0.0
0.0,0.0
0.0,0.0
0.0,0.0
0.0,0.0
0.0,0.0
0.0,0.0
0.0,0.0
0.0,0.0
0.0,0.0
0.0,0.0
0.0,0.0
0.0,0.0
-17.77777099609375,22.222211837768555
11.111105918884277,-8.6309175491333
0.0,0.0
0.0,0.0
0.0,0.0
0.0,0.0
0.0,0.0
0.0,0.0
-17.777788162231445,22.222204208374023
11.111105918884277,-8.86136245727539
0.0,0.0
0.0,0.0
0.0,0.0
0.0,0.0
0.0,0.0
0.0,0.0
0.0,0.0
0.0,0.0
0.0,0.0
0.0,0.0
0.0,0.0
0.0,0.0
0.0,0.0
0.0,0.0
0.0,0.0
0.0,0.0
0.0,0.0
0.0,0.0
0.0,0.0
0.0,0.0
0.0,0.0
0.0,0.0
0.0,0.0
0.0,0.0
0.0,0.0
0.0,0.0
0.0,0.0
0.0,0.0
0.0,0.0
0.0,0.0
0.0,0.0
0.0,0.0
0.0,0.0
0.0,0.0
0.0,0.0
0.0,0.0
0.0,0.0
0.0,0.0
0.0,0.0
0.0,0.0
0.0,0.0
0.0,0.0
0.0,0.0
0.0,0.0
0.0,0.0
0.0,0.0
0.0,0.0
0.0,0.0
0.0,0.0
0.0,0.0
0.0,0.0
0.0,0.0
0.0,0.0
0.0,0.0
0.0,0.0
0.0,0.0
0.0,0.0
0.0,0.0
0.0,0.0
0.0,0.0
0.0,0.0
0.0,0.0
0.0,0.0
0.0,0.0
0.0,0.0
0.0,0.0
0.0,0.0
0.0,0.0
-17.65922737121582,22.222211837768555
7.528049945831299,0.0
-15.28725814819336,22.222211837768555
3.491671085357666,0.0
0.0,0.0
0.0,0.0
0.0,0.0
0.0,0.0
-17.77005386352539,22.222211837768555
6.356335163116455,-2.651125907897949
-15.716463088989258,22.216697692871094
0.0,0.0
0.0,0.0
0.0,0.0
0.0,0.0
0.0,0.0
-17.524843215942383,22.222211837768555
7.528049945831299,-1.819263219833374
-17.77777099609375,22.222211837768555
11.111059188842773,-7.622627258300781
0.0,0.0
0.0,0.0
0.0,0.0
0.0,0.0
-17.769990921020508,22.222211837768555
7.528049945831299,-1.7932236194610596
-17.777788162231445,22.222209930419922
11.11098861694336,-7.8432135581970215
0.0,0.0
0.0,0.0
0.0,0.0
0.0,0.0
-17.682138442993164,22.222211837768555
5.369321823120117,-0.9726189970970154
-17.1890869140625,22.222211837768555
2.738100051879883,0.0
-2.0,14.347362518310547
0.0,0.0
0.0,0.0
0.0,0.0
-17.772518157958984,22.222211837768555
4.80145263671875,-1.8404403924942017
-13.21451187133789,22.21936798095703
0.0,0.0
-1.7799999713897705,17.75033187866211
0.0,0.0
0.0,0.0
0.0,0.0
-17.670028686523438,22.221426010131836
7.528049945831299,-0.9900000095367432
-17.77796745300293,22.222204208374023
11.004833221435547,-3.713627576828003
-3.6643147468566895,14.347362518310547
0.0,0.0
-7.660523414611816,21.660655975341797
0.0,0.0
-17.77674102783203,22.222211837768555
5.886082649230957,0.0
-17.800935745239258,22.2072696685791
11.10708236694336,-7.639450550079346
-6.4977335929870605,18.152801513671875
0.0,0.0
-10.294745445251465,22.20508575439453
0.0,0.0
0.0,0.0
0.0,0.0
0.0,0.0
0.0,0.0
0.0,0.0
0.0,0.0
0.0,0.0
0.0,0.0
0.0,0.0
0.0,0.0
0.0,0.0
0.0,0.0
0.0,0.0
0.0,0.0
0.0,0.0
0.0,0.0
0.0,0.0
0.0,0.0
0.0,0.0
0.0,0.0
0.0,0.0
0.0,0.0
0.0,0.0
0.0,0.0
0.0,0.0
0.0,0.0
0.0,0.0
0.0,0.0
0.0,0.0
0.0,0.0
0.0,0.0
0.0,0.0
0.0,0.0
0.0,0.0
0.0,0.0
0.0,0.0
0.0,0.0
0.0,0.0
0.0,0.0
0.0,0.0
0.0,0.0
0.0,0.0
0.0,0.0
0.0,0.0
0.0,0.0
0.0,0.0
0.0,0.0
0.0,0.0
0.0,0.0
0.0,0.0
0.0,0.0
0.0,0.0
0.0,0.0
0.0,0.0
0.0,0.0
0.0,0.0
0.0,0.0
0.0,0.0
0.0,0.0
0.0,0.0
0.0,0.0
0.0,0.0
0.0,0.0
0.0,0.0
0.0,0.0
0.0,0.0
-2.0,6.983342170715332
0.0,0.0
0.0,0.0
0.0,0.0
0.0,0.0
0.0,0.0
-16.468795776367188,22.22159194946289
0.0,0.0
-7.812796592712402,20.48079490661621
0.0,0.0
0.0,0.0
0.0,0.0
0.0,0.0
0.0,0.0
0.0,0.0
0.0,0.0
-17.77777099609375,22.222211837768555
0.0,0.0
0.0,0.0
0.0,0.0
0.0,0.0
0.0,0.0
-15.044427871704102,22.221111297607422
0.0,0.0
-17.77777099609375,22.222211837768555
0.0,0.0
0.0,0.0
0.0,0.0
0.0,0.0
0.0,0.0
0.0,0.0
0.0,0.0
0.0,0.0
0.0,0.0
0.0,0.0
0.0,0.0
0.0,0.0
0.0,0.0
-5.116274833679199,16.822040557861328
0.0,0.0
-2.0,2.0
0.0,0.0
0.0,0.0
0.0,0.0
0.0,0.0
0.0,0.0
0.0,0.0
0.0,0.0
-2.0,0.0
0.0,0.0
0.0,0.0
0.0,0.0
0.0,0.0
0.0,0.0
-3.799999952316284,15.701050758361816
0.0,0.0
-15.516518592834473,22.22174835205078
0.0,0.0
0.0,0.0
0.0,0.0
0.0,0.0
0.0,0.0
0.0,0.0
0.0,0.0
0.0,0.0
0.0,0.0
0.0,0.0
0.0,0.0
0.0,0.0
0.0,0.0
0.0,0.0
0.0,0.0
0.0,0.0
0.0,0.0
0.0,0.0
0.0,0.0
0.0,0.0
0.0,0.0
0.0,0.0
0.0,0.0
0.0,0.0
0.0,0.0
0.0,0.0
0.0,0.0
0.0,0.0
0.0,0.0
0.0,0.0
0.0,0.0
0.0,0.0
0.0,0.0
0.0,0.0
0.0,0.0
0.0,0.0
0.0,0.0
0.0,0.0
0.0,0.0
0.0,0.0
0.0,0.0
0.0,0.0
0.0,0.0
0.0,0.0
0.0,0.0
0.0,0.0
0.0,0.0
0.0,0.0
0.0,0.0
0.0,0.0
0.0,0.0
0.0,0.0
0.0,0.0
0.0,0.0
0.0,0.0
0.0,0.0
0.0,0.0
0.0,0.0
0.0,0.0
0.0,0.0
0.0,0.0
0.0,0.0
0.0,0.0
0.0,0.0
0.0,0.0
0.0,0.0
0.0,0.0
0.0,0.0
0.0,0.0
