-8.75585651397705,9.278973579406738
0.0,0.0
0.0,0.0
0.0,0.0
0.0,0.0
0.0,0.0
0.0,0.0
0.0,0.0
0.0,0.0
0.0,0.0
0.0,0.0
0.0,0.0
0.0,0.0
0.0,0.0
0.0,0.0
0.0,0.0
0.0,0.0
0.0,0.0
23.094480514526367,29.70636749267578
18.5190486907959,-3.5925393104553223
0.0,0.0
0.0,0.0
0.0,0.0
0.0,0.0
0.0,0.0
0.0,0.0
8.086087226867676,29.488431930541992
15.701050758361816,-6.584743499755859
0.0,0.0
0.0,0.0
-2.608839988708496,8.143978118896484
0.0,0.0
0.0,0.0
0.0,0.0
0.0,0.0
0.0,0.0
0.0,0.0
0.0,0.0
0.0,0.0
0.0,0.0
0.0,0.0
0.0,0.0
0.0,0.0
0.0,0.0
0.0,0.0
0.0,0.0
0.0,0.0
0.0,0.0
0.0,0.0
0.0,0.0
-8.889612197875977,11.111102104187012
0.0,0.0
0.0,0.0
0.0,0.0
-8.887889862060547,11.111105918884277
0.0,0.0
0.0,0.0
0.0,0.0
-8.889594078063965,11.110840797424316
0.0,0.0
0.0,0.0
0.0,0.0
-8.79893970489502,11.099554061889648
0.0,0.0
0.0,0.0
0.0,0.0
0.0,0.0
0.0,0.0
0.0,0.0
0.0,0.0
0.0,0.0
0.0,0.0
0.0,0.0
0.0,0.0
0.0,0.0
0.0,0.0
0.0,0.0
0.0,0.0
0.0,0.0
0.0,0.0
0.0,0.0
0.0,0.0
-8.974761009216309,10.395447731018066
22.222211837768555,-16.361207962036133
0.0,0.0
0.0,0.0
-8.261852264404297,11.104753494262695
16.822040557861328,0.0
0.0,0.0
0.0,0.0
-8.898138046264648,9.492197036743164
22.221942901611328,-17.77925682067871
0.0,0.0
0.0,0.0
-8.772441864013672,10.2552490234375
22.14851951599121,-17.715023040771484
0.0,0.0
0.0,0.0
0.0,0.0
0.0,0.0
0.0,0.0
0.0,0.0
0.0,0.0
0.0,0.0
0.0,0.0
0.0,0.0
0.0,0.0
0.0,0.0
0.0,0.0
0.0,0.0
0.0,0.0
0.0,0.0
0.0,0.0
0.0,0.0
-8.897918701171875,11.11051082611084
22.222211837768555,-17.353090286254883
0.0,0.0
0.0,0.0
-8.841018676757812,9.623538970947266
22.22219467163086,-17.175533294677734
0.0,0.0
0.0,0.0
-8.900543212890625,11.110372543334961
22.214557647705078,-17.789596557617188
0.0,0.0
0.0,0.0
-8.895467758178711,11.111064910888672
22.222211837768555,-17.73325538635254
0.0,0.0
0.0,0.0
0.0,0.0
0.0,0.0
0.0,0.0
0.0,0.0
0.0,0.0
0.0,0.0
0.0,0.0
0.0,0.0
0.0,0.0
0.0,0.0
0.0,0.0
0.0,0.0
0.0,0.0
0.0,0.0
0.0,0.0
0.0,0.0
0.3256291449069977,19.290306091308594
21.851945877075195,-17.7819881439209
0.0,0.0
0.0,0.0
0.0,0.0
0.0,0.0
0.0,0.0
0.0,0.0
-7.663661479949951,22.946884155273438
21.544082641601562,-13.968485832214355
0.0,0.0
0.0,0.0
-4.432246208190918,10.878594398498535
0.0,0.0
0.0,0.0
0.0,0.0
0.0,0.0
0.0,0.0
0.0,0.0
0.0,0.0
0.0,0.0
0.0,0.0
0.0,0.0
0.0,0.0
0.0,0.0
0.0,0.0
0.0,0.0
0.0,0.0
0.0,0.0
0.0,0.0
0.0,0.0
0.0,0.0
0.0,0.0
0.0,0.0
0.0,0.0
0.0,0.0
0.0,0.0
0.0,0.0
0.0,0.0
0.0,0.0
0.0,0.0
0.0,0.0
0.0,0.0
0.0,0.0
0.0,0.0
0.0,0.0
0.0,0.0
0.0,0.0
0.0,0.0
0.0,0.0
0.0,0.0
0.0,0.0
0.0,0.0
0.0,0.0
0.0,0.0
0.0,0.0
0.0,0.0
0.0,0.0
0.0,0.0
0.0,0.0
0.0,0.0
0.0,0.0
0.0,0.0
0.0,0.0
-8.912080764770508,10.87862491607666
0.0,0.0
0.0,0.0
0.0,0.0
0.0,0.0
0.0,0.0
0.0,0.0
0.0,0.0
-8.928360939025879,10.716919898986816
22.222211837768555,-17.77777099609375
0.0,0.0
0.0,0.0
-9.020891189575195,10.992818832397461
0.0,0.0
0.0,0.0
0.0,0.0
0.0,0.0
0.0,0.0
0.0,0.0
0.0,0.0
0.0,0.0
0.0,0.0
0.0,0.0
0.0,0.0
0.0,0.0
0.0,0.0
0.0,0.0
0.0,0.0
0.0,0.0
0.0,0.0
0.0,0.0
0.0,0.0
-8.891944885253906,11.111077308654785
0.0,0.0
0.0,0.0
0.0,0.0
0.0,0.0
0.0,0.0
0.0,0.0
0.0,0.0
-8.9622802734375,10.190984725952148
22.222211837768555,-17.65349006652832
0.0,0.0
0.0,0.0
-8.916383743286133,8.31548023223877
0.0,0.0
0.0,0.0
0.0,0.0
0.0,0.0
0.0,0.0
0.0,0.0
0.0,0.0
0.0,0.0
0.0,0.0
0.0,0.0
0.0,0.0
0.0,0.0
0.0,0.0
0.0,0.0
0.0,0.0
0.0,0.0
0.0,0.0
0.0,0.0
0.0,0.0
0.0,0.0
0.0,0.0
0.0,0.0
0.0,0.0
0.0,0.0
0.0,0.0
0.0,0.0
0.0,0.0
0.0,0.0
0.0,0.0
0.0,0.0
0.0,0.0
0.0,0.0
0.0,0.0
0.0,0.0
0.0,0.0
0.0,0.0
0.0,0.0
0.0,0.0
0.0,0.0
0.0,0.0
0.0,0.0
0.0,0.0
0.0,0.0
0.0,0.0
0.0,0.0
0.0,0.0
0.0,0.0
0.0,0.0
0.0,0.0
0.0,0.0
0.0,0.0
0.0,0.0
0.0,0.0
0.0,0.0
0.0,0.0
0.0,0.0
0.0,0.0
0.0,0.0
0.0,0.0
0.0,0.0
0.0,0.0
0.0,0.0
0.0,0.0
0.0,0.0
0.0,0.0
-9.965103149414062,2.2188613414764404
22.222211837768555,4.897388458251953
-9.577509880065918,7.15127420425415
16.28795623779297,-1.9617999792099
0.0,0.0
0.0,0.0
-1.909999966621399,-1.0819000005722046
0.0,0.0
-9.97522258758545,0.08315882086753845
22.222211837768555,12.227863311767578
-10.090313911437988,3.5544068813323975
17.30805778503418,0.0
0.0,0.0
0.0,0.0
-1.8387939929962158,5.015990257263184
0.0,0.0
0.0,0.0
0.0,0.0
-7.29373836517334,6.538193702697754
12.71267032623291,-1.6301788091659546
0.0,0.0
0.0,0.0
-1.899999976158142,1.0420842170715332
0.0,0.0
0.0,0.0
0.0,0.0
-8.874491691589355,3.7431130409240723
13.574848175048828,-2.458760976791382
0.0,0.0
0.0,0.0
-3.8911685943603516,7.028172492980957
0.0,0.0
-9.726279258728027,6.977468490600586
22.222211837768555,-16.97064971923828
-9.559906005859375,7.6495256423950195
13.568530082702637,-3.6728732585906982
-8.826847076416016,8.101155281066895
0.0,0.0
-1.0,0.0
0.0,0.0
-9.8510160446167,1.5698606967926025
22.222211837768555,8.133535385131836
-9.64078140258789,9.484213829040527
16.822040557861328,-1.4199999570846558
-8.427326202392578,9.65922737121582
10.738643646240234,-3.7039709091186523
-5.132579803466797,0.15555842220783234
9.6029052734375,-1.9039709568023682
0.0,0.0
0.0,0.0
-1.8582258224487305,6.6277241706848145
10.738643646240234,-3.6820716857910156
0.0,0.0
0.0,0.0
-1.0,2.981452703475952
0.0,0.0
0.0,0.0
0.0,0.0
-5.9485321044921875,3.423316240310669
11.772165298461914,0.12514188885688782
0.0,0.0
0.0,0.0
-6.570628643035889,4.667036056518555
15.056099891662598,-2.0
0.0,0.0
0.0,0.0
0.0,0.0
0.0,0.0
0.0,0.0
0.0,0.0
0.0,0.0
0.0,0.0
0.0,0.0
0.0,0.0
0.0,0.0
0.0,0.0
0.0,0.0
0.0,0.0
0.0,0.0
0.0,0.0
0.0,0.0
0.0,0.0
0.0,0.0
0.0,0.0
0.0,0.0
0.0,0.0
0.0,0.0
0.0,0.0
0.0,0.0
0.0,0.0
0.0,0.0
0.0,0.0
0.0,0.0
0.0,0.0
0.0,0.0
0.0,0.0
0.0,0.0
0.0,0.0
0.0,0.0
0.0,0.0
0.0,0.0
0.0,0.0
0.0,0.0
0.0,0.0
0.0,0.0
0.0,0.0
0.0,0.0
0.0,0.0
0.0,0.0
0.0,0.0
0.0,0.0
0.0,0.0
0.0,0.0
0.0,0.0
0.0,0.0
0.0,0.0
0.0,0.0
0.0,0.0
0.0,0.0
0.0,0.0
0.0,0.0
0.0,0.0
0.0,0.0
0.0,0.0
0.0,0.0
0.0,0.0
0.0,0.0
0.0,0.0
0.0,0.0
0.0,0.0
-7.354616165161133,-1.2147345542907715
0.0,0.0
0.0,0.0
0.0,0.0
0.0,0.0
0.0,0.0
-10.622488021850586,-6.262229919433594
0.0,0.0
-10.755391120910645,-8.335870742797852
0.0,0.0
0.0,0.0
0.0,0.0
-5.369321823120117,-4.80145263671875
0.0,0.0
0.0,0.0
0.0,0.0
-10.195577621459961,-1.9559237957000732
0.0,0.0
0.0,0.0
0.0,0.0
0.0,0.0
0.0,0.0
0.0,4.356335163116455
0.0,0.0
-9.820502281188965,1.826267123222351
0.0,0.0
0.0,0.0
0.0,0.0
-9.605329513549805,4.29217529296875
0.0,0.0
0.0,0.0
0.0,0.0
-3.3974802494049072,3.3283870220184326
0.0,0.0
0.0,0.0
0.0,0.0
0.0,0.0
0.0,0.0
-10.710790634155273,-9.555879592895508
0.0,0.0
-10.832330703735352,-9.174028396606445
0.0,0.0
0.0,0.0
0.0,0.0
-1.899999976158142,-1.0
0.0,0.0
0.0,0.0
0.0,0.0
-7.552280902862549,0.840139627456665
0.0,0.0
0.0,0.0
0.0,0.0
0.0,0.0
0.0,0.0
-1.0,-1.0
0.0,0.0
-9.6159086227417,5.610759258270264
0.0,0.0
0.0,0.0
0.0,0.0
-7.451769828796387,2.094634771347046
0.0,0.0
0.0,0.0
0.0,0.0
0.0,0.0
0.0,0.0
0.0,0.0
0.0,0.0
0.0,0.0
0.0,0.0
0.0,0.0
0.0,0.0
0.0,0.0
0.0,0.0
0.0,0.0
0.0,0.0
0.0,0.0
0.0,0.0
0.0,0.0
0.0,0.0
-17.797565460205078,22.033662796020508
10.111105918884277,-8.53975772857666
0.0,0.0
0.0,0.0
0.0,0.0
0.0,0.0
0.0,0.0
0.0,0.0
-17.681228637695312,22.098752975463867
10.092068672180176,-8.894107818603516
0.0,0.0
0.0,0.0
0.0,0.0
0.0,0.0
0.0,0.0
0.0,0.0
0.0,0.0
0.0,0.0
0.0,0.0
0.0,0.0
0.0,0.0
0.0,0.0
0.0,0.0
0.0,0.0
0.0,0.0
0.0,0.0
0.0,0.0
0.0,0.0
0.0,0.0
0.0,0.0
0.0,0.0
0.0,0.0
-17.793264389038086,22.120813369750977
10.946630477905273,-8.899428367614746
0.0,0.0
0.0,0.0
-6.308512210845947,20.993553161621094
0.0,0.0
0.0,0.0
0.0,0.0
-17.55291175842285,21.82326316833496
11.111105918884277,-8.893019676208496
0.0,0.0
0.0,0.0
-6.047040939331055,11.631322860717773
0.0,0.0
0.0,0.0
0.0,0.0
0.0,0.0
0.0,0.0
0.0,0.0
0.0,0.0
0.0,0.0
0.0,0.0
0.0,0.0
0.0,0.0
0.0,0.0
0.0,0.0
0.0,0.0
0.0,0.0
0.0,0.0
0.0,0.0
0.0,0.0
0.0,0.0
0.0,0.0
0.0,0.0
0.0,0.0
0.0,0.0
0.0,0.0
0.0,0.0
0.0,0.0
0.0,0.0
0.0,0.0
0.0,0.0
0.0,0.0
0.0,0.0
0.0,0.0
0.0,0.0
0.0,0.0
0.0,0.0
0.0,0.0
0.0,0.0
0.0,0.0
0.0,0.0
0.0,0.0
0.0,0.0
0.0,0.0
0.0,0.0
0.0,0.0
0.0,0.0
0.0,0.0
0.0,0.0
0.0,0.0
0.0,0.0
0.0,0.0
0.0,0.0
0.0,0.0
0.0,0.0
0.0,0.0
0.0,0.0
0.0,0.0
0.0,0.0
0.0,0.0
0.0,0.0
0.0,0.0
0.0,0.0
0.0,0.0
0.0,0.0
0.0,0.0
0.0,0.0
0.0,0.0
0.0,0.0
0.0,0.0
0.0,0.0
0.0,0.0
0.0,0.0
0.0,0.0
0.0,0.0
0.0,0.0
0.0,0.0
0.0,0.0
0.0,0.0
0.0,0.0
0.0,0.0
0.0,0.0
0.0,0.0
0.0,0.0
0.0,0.0
-17.77777099609375,22.222211837768555
11.100764274597168,-7.163032054901123
0.0,0.0
0.0,0.0
0.0,0.0
0.0,0.0
0.0,0.0
0.0,0.0
-17.77777099609375,22.222211837768555
11.111105918884277,-8.69551944732666
0.0,0.0
0.0,0.0
0.0,0.0
0.0,0.0
0.0,0.0
0.0,0.0
0.0,0.0
0.0,0.0
0.0,0.0
0.0,0.0
0.0,0.0
0.0,0.0
0.0,0.0
0.0,0.0
0.0,0.0
0.0,0.0
0.0,0.0
0.0,0.0
0.0,0.0
0.0,0.0
0.0,0.0
0.0,0.0
-17.77777099609375,22.222211837768555
11.111078262329102,-7.97548770904541
0.0,0.0
0.0,0.0
0.0,0.0
0.0,0.0
0.0,0.0
0.0,0.0
-17.777788162231445,22.222204208374023
11.111105918884277,-8.609360694885254
0.0,0.0
0.0,0.0
0.0,0.0
0.0,0.0
0.0,0.0
0.0,0.0
0.0,0.0
0.0,0.0
0.0,0.0
0.0,0.0
0.0,0.0
0.0,0.0
0.0,0.0
0.0,0.0
0.0,0.0
0.0,0.0
0.0,0.0
0.0,0.0
0.0,0.0
0.0,0.0
0.0,0.0
0.0,0.0
0.0,0.0
0.0,0.0
0.0,0.0
0.0,0.0
0.0,0.0
0.0,0.0
0.0,0.0
0.0,0.0
0.0,0.0
0.0,0.0
0.0,0.0
0.0,0.0
0.0,0.0
0.0,0.0
0.0,0.0
0.0,0.0
0.0,0.0
0.0,0.0
0.0,0.0
0.0,0.0
0.0,0.0
0.0,0.0
0.0,0.0
0.0,0.0
0.0,0.0
0.0,0.0
0.0,0.0
0.0,0.0
0.0,0.0
0.0,0.0
0.0,0.0
0.0,0.0
0.0,0.0
0.0,0.0
0.0,0.0
0.0,0.0
0.0,0.0
0.0,0.0
0.0,0.0
0.0,0.0
0.0,0.0
0.0,0.0
0.0,0.0
0.0,0.0
0.0,0.0
0.0,0.0
-16.98793601989746,22.222177505493164
5.886082649230957,0.0
-11.991886138916016,22.206628799438477
1.909999966621399,0.0
0.0,0.0
0.0,0.0
0.0,0.0
0.0,0.0
-17.499980926513672,22.222211837768555
2.738100051879883,-1.88100004196167
-11.848844528198242,21.932025909423828
0.0,0.0
0.0,0.0
0.0,0.0
0.0,0.0
0.0,0.0
-15.905351638793945,22.222196578979492
6.356335163116455,-0.9900000095367432
-17.77777099609375,22.222211837768555
11.10777473449707,-6.958825588226318
0.0,0.0
0.0,0.0
0.0,0.0
0.0,0.0
-17.49774932861328,22.222211837768555
4.80145263671875,0.0
-17.81104278564453,21.658344268798828
10.772041320800781,-4.76620626449585
0.0,0.0
0.0,0.0
0.0,0.0
0.0,0.0
-17.31325912475586,22.222211837768555
3.491671085357666,-0.9726189970970154
-15.204407691955566,22.21936798095703
1.909999966621399,0.0
-2.0,2.0
0.0,0.0
0.0,0.0
0.0,0.0
-17.69474220275879,21.555648803710938
2.738100051879883,0.0
-12.706892013549805,21.799041748046875
0.0,0.0
-1.7799999713897705,15.056099891662598
0.0,0.0
0.0,0.0
0.0,0.0
-17.011171340942383,22.222211837768555
3.491671085357666,-0.9900000095367432
-17.77781105041504,22.222211837768555
10.878594398498535,-3.1345744132995605
-2.0,2.0
0.0,0.0
-3.7301666736602783,12.71267032623291
0.0,0.0
-17.677167892456055,21.417278289794922
2.738100051879883,0.0
-18.1193790435791,22.208581924438477
10.899520874023438,-6.268946170806885
-5.178459167480469,13.568530082702637
0.0,0.0
-7.510321140289307,21.87178611755371
0.0,0.0
0.0,0.0
0.0,0.0
0.0,0.0
0.0,0.0
0.0,0.0
0.0,0.0
0.0,0.0
0.0,0.0
0.0,0.0
0.0,0.0
0.0,0.0
0.0,0.0
0.0,0.0
0.0,0.0
0.0,0.0
0.0,0.0
0.0,0.0
0.0,0.0
0.0,0.0
0.0,0.0
0.0,0.0
0.0,0.0
0.0,0.0
0.0,0.0
0.0,0.0
0.0,0.0
0.0,0.0
0.0,0.0
0.0,0.0
0.0,0.0
0.0,0.0
0.0,0.0
0.0,0.0
0.0,0.0
0.0,0.0
0.0,0.0
0.0,0.0
0.0,0.0
0.0,0.0
0.0,0.0
0.0,0.0
0.0,0.0
0.0,0.0
0.0,0.0
0.0,0.0
0.0,0.0
0.0,0.0
0.0,0.0
0.0,0.0
0.0,0.0
0.0,0.0
0.0,0.0
0.0,0.0
0.0,0.0
0.0,0.0
0.0,0.0
0.0,0.0
0.0,0.0
0.0,0.0
0.0,0.0
0.0,0.0
0.0,0.0
0.0,0.0
0.0,0.0
0.0,0.0
0.0,0.0
-2.0,0.0
0.0,0.0
0.0,0.0
0.0,0.0
0.0,0.0
0.0,0.0
-14.01417064666748,21.9033260345459
0.0,0.0
-6.655888557434082,14.347362518310547
0.0,0.0
0.0,0.0
0.0,0.0
0.0,0.0
0.0,0.0
0.0,0.0
0.0,0.0
-17.77777099609375,22.222211837768555
0.0,0.0
0.0,0.0
0.0,0.0
0.0,0.0
0.0,0.0
-13.605390548706055,21.9033260345459
0.0,0.0
-17.77777099609375,22.222211837768555
0.0,0.0
0.0,0.0
0.0,0.0
0.0,0.0
0.0,0.0
0.0,0.0
0.0,0.0
0.0,0.0
0.0,0.0
0.0,0.0
0.0,0.0
0.0,0.0
0.0,0.0
-2.0,8.354841232299805
0.0,0.0
-2.0,0.0
0.0,0.0
0.0,0.0
0.0,0.0
0.0,0.0
0.0,0.0
0.0,0.0
0.0,0.0
0.0,0.0
0.0,0.0
0.0,0.0
0.0,0.0
0.0,0.0
0.0,0.0
-3.799999952316284,3.819999933242798
0.0,0.0
-13.048481941223145,22.144725799560547
0.0,0.0
0.0,0.0
0.0,0.0
0.0,0.0
0.0,0.0
0.0,0.0
0.0,0.0
0.0,0.0
0.0,0.0
0.0,0.0
0.0,0.0
0.0,0.0
0.0,0.0
0.0,0.0
0.0,0.0
0.0,0.0
0.0,0.0
0.0,0.0
0.0,0.0
0.0,0.0
0.0,0.0
0.0,0.0
0.0,0.0
0.0,0.0
0.0,0.0
0.0,0.0
0.0,0.0
0.0,0.0
0.0,0.0
0.0,0.0
0.0,0.0
0.0,0.0
0.0,0.0
0.0,0.0
0.0,0.0
0.0,0.0
0.0,0.0
0.0,0.0
0.0,0.0
0.0,0.0
0.0,0.0
0.0,0.0
0.0,0.0
0.0,0.0
0.0,0.0
0.0,0.0
0.0,0.0
0.0,0.0
0.0,0.0
0.0,0.0
0.0,0.0
0.0,0.0
0.0,0.0
0.0,0.0
0.0,0.0
0.0,0.0
0.0,0.0
0.0,0.0
0.0,0.0
0.0,0.0
0.0,0.0
0.0,0.0
0.0,0.0
0.0,0.0
0.0,0.0
0.0,0.0
0.0,0.0
0.0,0.0
0.0,0.0
