-7.669652938842773,7.48193359375
0.0,0.0
0.0,0.0
0.0,0.0
0.0,0.0
0.0,0.0
0.0,0.0
0.0,0.0
0.0,0.0
0.0,0.0
0.0,0.0
0.0,0.0
0.0,0.0
0.0,0.0
0.0,0.0
0.0,0.0
0.0,0.0
0.0,0.0
-4.543034553527832,33.804443359375
8.354841232299805,-1.9617999792099
0.0,0.0
0.0,0.0
0.0,0.0
0.0,0.0
0.0,0.0
0.0,0.0
-7.434041500091553,26.713102340698242
0.0,0.0
0.0,0.0
0.0,0.0
-2.608839988708496,8.143978118896484
0.0,0.0
0.0,0.0
0.0,0.0
0.0,0.0
0.0,0.0
0.0,0.0
0.0,0.0
0.0,0.0
0.0,0.0
0.0,0.0
0.0,0.0
0.0,0.0
0.0,0.0
0.0,0.0
0.0,0.0
0.0,0.0
0.0,0.0
0.0,0.0
0.0,0.0
-8.88902473449707,11.111104965209961
0.0,0.0
0.0,0.0
0.0,0.0
-8.287444114685059,11.111105918884277
0.0,0.0
0.0,0.0
0.0,0.0
-8.889909744262695,11.111068725585938
0.0,0.0
0.0,0.0
0.0,0.0
-8.442300796508789,11.109542846679688
0.0,0.0
0.0,0.0
0.0,0.0
0.0,0.0
0.0,0.0
0.0,0.0
0.0,0.0
0.0,0.0
0.0,0.0
0.0,0.0
0.0,0.0
0.0,0.0
0.0,0.0
0.0,0.0
0.0,0.0
0.0,0.0
0.0,0.0
0.0,0.0
0.0,0.0
-8.889355659484863,11.111105918884277
22.222211837768555,-17.217958450317383
0.0,0.0
0.0,0.0
-6.356287956237793,8.909810066223145
12.71267032623291,0.0
0.0,0.0
0.0,0.0
-8.91471004486084,11.109856605529785
22.166040420532227,-17.798551559448242
0.0,0.0
0.0,0.0
-8.249067306518555,10.852933883666992
22.22216796875,-16.359710693359375
0.0,0.0
0.0,0.0
0.0,0.0
0.0,0.0
0.0,0.0
0.0,0.0
0.0,0.0
0.0,0.0
0.0,0.0
0.0,0.0
0.0,0.0
0.0,0.0
0.0,0.0
0.0,0.0
0.0,0.0
0.0,0.0
0.0,0.0
0.0,0.0
-8.693614959716797,9.863017082214355
22.1638240814209,-14.946819305419922
0.0,0.0
0.0,0.0
-7.974182605743408,11.111078262329102
22.144725799560547,-15.406530380249023
0.0,0.0
0.0,0.0
-8.888932228088379,11.111105918884277
22.222211837768555,-16.099960327148438
0.0,0.0
0.0,0.0
-8.798043251037598,11.111105918884277
22.22212791442871,-16.874801635742188
0.0,0.0
0.0,0.0
0.0,0.0
0.0,0.0
0.0,0.0
0.0,0.0
0.0,0.0
0.0,0.0
0.0,0.0
0.0,0.0
0.0,0.0
0.0,0.0
0.0,0.0
0.0,0.0
0.0,0.0
0.0,0.0
0.0,0.0
0.0,0.0
-1.182755470275879,19.290306091308594
22.220979690551758,-17.78366470336914
0.0,0.0
0.0,0.0
0.0,0.0
0.0,0.0
0.0,0.0
0.0,0.0
-7.524071216583252,24.898469924926758
3.819999933242798,0.0
0.0,0.0
0.0,0.0
-3.3794405460357666,10.567758560180664
0.0,0.0
0.0,0.0
0.0,0.0
0.0,0.0
0.0,0.0
0.0,0.0
0.0,0.0
0.0,0.0
0.0,0.0
0.0,0.0
0.0,0.0
0.0,0.0
0.0,0.0
0.0,0.0
0.0,0.0
0.0,0.0
0.0,0.0
0.0,0.0
0.0,0.0
0.0,0.0
0.0,0.0
0.0,0.0
0.0,0.0
0.0,0.0
0.0,0.0
0.0,0.0
0.0,0.0
0.0,0.0
0.0,0.0
0.0,0.0
0.0,0.0
0.0,0.0
0.0,0.0
0.0,0.0
0.0,0.0
0.0,0.0
0.0,0.0
0.0,0.0
0.0,0.0
0.0,0.0
0.0,0.0
0.0,0.0
0.0,0.0
0.0,0.0
0.0,0.0
0.0,0.0
0.0,0.0
0.0,0.0
0.0,0.0
0.0,0.0
0.0,0.0
-8.912505149841309,10.874808311462402
0.0,0.0
0.0,0.0
0.0,0.0
0.0,0.0
0.0,0.0
0.0,0.0
0.0,0.0
-8.904962539672852,10.918926239013672
22.222211837768555,-17.77777099609375
0.0,0.0
0.0,0.0
-9.178567886352539,8.656540870666504
0.0,0.0
0.0,0.0
0.0,0.0
0.0,0.0
0.0,0.0
0.0,0.0
0.0,0.0
0.0,0.0
0.0,0.0
0.0,0.0
0.0,0.0
0.0,0.0
0.0,0.0
0.0,0.0
0.0,0.0
0.0,0.0
0.0,0.0
0.0,0.0
0.0,0.0
-8.890275955200195,11.111105918884277
0.0,0.0
0.0,0.0
0.0,0.0
0.0,0.0
0.0,0.0
0.0,0.0
0.0,0.0
-8.934295654296875,10.698456764221191
22.222070693969727,-16.219600677490234
0.0,0.0
0.0,0.0
-7.825728893280029,10.182108879089355
0.0,0.0
0.0,0.0
0.0,0.0
0.0,0.0
0.0,0.0
0.0,0.0
0.0,0.0
0.0,0.0
0.0,0.0
0.0,0.0
0.0,0.0
0.0,0.0
0.0,0.0
0.0,0.0
0.0,0.0
0.0,0.0
0.0,0.0
0.0,0.0
0.0,0.0
0.0,0.0
0.0,0.0
0.0,0.0
0.0,0.0
0.0,0.0
0.0,0.0
0.0,0.0
0.0,0.0
0.0,0.0
0.0,0.0
0.0,0.0
0.0,0.0
0.0,0.0
0.0,0.0
0.0,0.0
0.0,0.0
0.0,0.0
0.0,0.0
0.0,0.0
0.0,0.0
0.0,0.0
0.0,0.0
0.0,0.0
0.0,0.0
0.0,0.0
0.0,0.0
0.0,0.0
0.0,0.0
0.0,0.0
0.0,0.0
0.0,0.0
0.0,0.0
0.0,0.0
0.0,0.0
0.0,0.0
0.0,0.0
0.0,0.0
0.0,0.0
0.0,0.0
0.0,0.0
0.0,0.0
0.0,0.0
0.0,0.0
0.0,0.0
0.0,0.0
0.0,0.0
-9.677114486694336,0.2946842312812805
22.20339012145996,10.223872184753418
-10.079198837280273,4.401002883911133
6.983342170715332,-1.9617999792099
0.0,0.0
0.0,0.0
-1.0,0.0
0.0,0.0
-10.066835403442383,0.9759513735771179
22.221384048461914,12.958057403564453
-9.848710060119629,-0.6095570921897888
8.354841232299805,0.0
0.0,0.0
0.0,0.0
-0.9900000095367432,2.5212206840515137
0.0,0.0
0.0,0.0
0.0,0.0
-5.453462600708008,7.891047954559326
3.819999933242798,-1.9617999792099
0.0,0.0
0.0,0.0
-1.899999976158142,-1.0
0.0,0.0
0.0,0.0
0.0,0.0
-7.155641078948975,2.049877882003784
3.8334333896636963,1.476199984550476
0.0,0.0
0.0,0.0
-1.8782258033752441,4.987386226654053
0.0,0.0
-9.366798400878906,10.695602416992188
22.208032608032227,-7.502635955810547
-9.288187026977539,9.28895092010498
3.819999933242798,-2.0
-6.497586250305176,2.74770188331604
0.0,0.0
0.0,0.0
0.0,0.0
-9.937047004699707,3.0555431842803955
22.222211837768555,-4.320683479309082
-9.86526107788086,8.603998184204102
6.983342170715332,-1.4199999570846558
-5.438366889953613,3.7040889263153076
6.983342170715332,-2.0
-1.0,3.4667224884033203
5.476200103759766,0.0
0.0,0.0
0.0,0.0
-1.8582258224487305,2.4098830223083496
3.819999933242798,0.0
0.0,0.0
0.0,0.0
-1.0,1.0
0.0,0.0
0.0,0.0
0.0,0.0
-5.0941925048828125,5.664187908172607
2.0,-2.125620126724243
0.0,0.0
0.0,0.0
-3.9262447357177734,4.429006576538086
8.354841232299805,-2.0
0.0,0.0
0.0,0.0
0.0,0.0
0.0,0.0
0.0,0.0
0.0,0.0
0.0,0.0
0.0,0.0
0.0,0.0
0.0,0.0
0.0,0.0
0.0,0.0
0.0,0.0
0.0,0.0
0.0,0.0
0.0,0.0
0.0,0.0
0.0,0.0
0.0,0.0
0.0,0.0
0.0,0.0
0.0,0.0
0.0,0.0
0.0,0.0
0.0,0.0
0.0,0.0
0.0,0.0
0.0,0.0
0.0,0.0
0.0,0.0
0.0,0.0
0.0,0.0
0.0,0.0
0.0,0.0
0.0,0.0
0.0,0.0
0.0,0.0
0.0,0.0
0.0,0.0
0.0,0.0
0.0,0.0
0.0,0.0
0.0,0.0
0.0,0.0
0.0,0.0
0.0,0.0
0.0,0.0
0.0,0.0
0.0,0.0
0.0,0.0
0.0,0.0
0.0,0.0
0.0,0.0
0.0,0.0
0.0,0.0
0.0,0.0
0.0,0.0
0.0,0.0
0.0,0.0
0.0,0.0
0.0,0.0
0.0,0.0
0.0,0.0
0.0,0.0
0.0,0.0
0.0,0.0
-4.68784236907959,1.4643094539642334
0.0,0.0
0.0,0.0
0.0,0.0
0.0,0.0
0.0,0.0
-10.515579223632812,-8.874149322509766
0.0,0.0
-10.770136833190918,-5.900382995605469
0.0,0.0
0.0,0.0
0.0,0.0
-1.909999966621399,-2.738100051879883
0.0,0.0
0.0,0.0
0.0,0.0
-10.271984100341797,-2.6870923042297363
0.0,0.0
0.0,0.0
0.0,0.0
0.0,0.0
0.0,0.0
0.0,1.909999966621399
0.0,0.0
-9.757339477539062,5.683196544647217
0.0,0.0
0.0,0.0
0.0,0.0
-7.349763870239258,-0.506771445274353
0.0,0.0
0.0,0.0
0.0,0.0
-1.8782258033752441,2.1774206161499023
0.0,0.0
0.0,0.0
0.0,0.0
0.0,0.0
0.0,0.0
-11.004403114318848,-8.323678970336914
0.0,0.0
-10.836858749389648,-10.850269317626953
0.0,0.0
0.0,0.0
0.0,0.0
0.0,0.0
0.0,0.0
0.0,0.0
0.0,0.0
-3.2715952396392822,4.891326427459717
0.0,0.0
0.0,0.0
0.0,0.0
0.0,0.0
0.0,0.0
-1.0,0.0
0.0,0.0
-9.682249069213867,4.087126731872559
0.0,0.0
0.0,0.0
0.0,0.0
-3.3666205406188965,5.125572204589844
0.0,0.0
0.0,0.0
0.0,0.0
0.0,0.0
0.0,0.0
0.0,0.0
0.0,0.0
0.0,0.0
0.0,0.0
0.0,0.0
0.0,0.0
0.0,0.0
0.0,0.0
0.0,0.0
0.0,0.0
0.0,0.0
0.0,0.0
0.0,0.0
0.0,0.0
-16.604211807250977,22.135683059692383
11.111105918884277,-8.527379989624023
0.0,0.0
0.0,0.0
0.0,0.0
0.0,0.0
0.0,0.0
0.0,0.0
-16.675626754760742,22.088985443115234
11.111105918884277,-8.882798194885254
0.0,0.0
0.0,0.0
0.0,0.0
0.0,0.0
0.0,0.0
0.0,0.0
0.0,0.0
0.0,0.0
0.0,0.0
0.0,0.0
0.0,0.0
0.0,0.0
0.0,0.0
0.0,0.0
0.0,0.0
0.0,0.0
0.0,0.0
0.0,0.0
0.0,0.0
0.0,0.0
0.0,0.0
0.0,0.0
-17.79833984375,20.71918487548828
11.111105918884277,-8.853057861328125
0.0,0.0
0.0,0.0
-1.7818000316619873,13.491503715515137
0.0,0.0
0.0,0.0
0.0,0.0
-16.81146812438965,21.885101318359375
11.110922813415527,-8.868063926696777
0.0,0.0
0.0,0.0
-3.487316370010376,8.354841232299805
0.0,0.0
0.0,0.0
0.0,0.0
0.0,0.0
0.0,0.0
0.0,0.0
0.0,0.0
0.0,0.0
0.0,0.0
0.0,0.0
0.0,0.0
0.0,0.0
0.0,0.0
0.0,0.0
0.0,0.0
0.0,0.0
0.0,0.0
0.0,0.0
0.0,0.0
0.0,0.0
0.0,0.0
0.0,0.0
0.0,0.0
0.0,0.0
0.0,0.0
0.0,0.0
0.0,0.0
0.0,0.0
0.0,0.0
0.0,0.0
0.0,0.0
0.0,0.0
0.0,0.0
0.0,0.0
0.0,0.0
0.0,0.0
0.0,0.0
0.0,0.0
0.0,0.0
0.0,0.0
0.0,0.0
0.0,0.0
0.0,0.0
0.0,0.0
0.0,0.0
0.0,0.0
0.0,0.0
0.0,0.0
0.0,0.0
0.0,0.0
0.0,0.0
0.0,0.0
0.0,0.0
0.0,0.0
0.0,0.0
0.0,0.0
0.0,0.0
0.0,0.0
0.0,0.0
0.0,0.0
0.0,0.0
0.0,0.0
0.0,0.0
0.0,0.0
0.0,0.0
0.0,0.0
0.0,0.0
0.0,0.0
0.0,0.0
0.0,0.0
0.0,0.0
0.0,0.0
0.0,0.0
0.0,0.0
0.0,0.0
0.0,0.0
0.0,0.0
0.0,0.0
0.0,0.0
0.0,0.0
0.0,0.0
0.0,0.0
0.0,0.0
-17.77777099609375,22.222211837768555
8.411020278930664,-2.5785555839538574
0.0,0.0
0.0,0.0
0.0,0.0
0.0,0.0
0.0,0.0
0.0,0.0
-17.77777099609375,22.222211837768555
11.104655265808105,-6.925119876861572
0.0,0.0
0.0,0.0
0.0,0.0
0.0,0.0
0.0,0.0
0.0,0.0
0.0,0.0
0.0,0.0
0.0,0.0
0.0,0.0
0.0,0.0
0.0,0.0
0.0,0.0
0.0,0.0
0.0,0.0
0.0,0.0
0.0,0.0
0.0,0.0
0.0,0.0
0.0,0.0
0.0,0.0
0.0,0.0
-17.674346923828125,20.222211837768555
8.65402889251709,-4.395412445068359
0.0,0.0
0.0,0.0
0.0,0.0
0.0,0.0
0.0,0.0
0.0,0.0
-17.777788162231445,22.222204208374023
11.11003589630127,-7.666983604431152
0.0,0.0
0.0,0.0
0.0,0.0
0.0,0.0
0.0,0.0
0.0,0.0
0.0,0.0
0.0,0.0
0.0,0.0
0.0,0.0
0.0,0.0
0.0,0.0
0.0,0.0
0.0,0.0
0.0,0.0
0.0,0.0
0.0,0.0
0.0,0.0
0.0,0.0
0.0,0.0
0.0,0.0
0.0,0.0
0.0,0.0
0.0,0.0
0.0,0.0
0.0,0.0
0.0,0.0
0.0,0.0
0.0,0.0
0.0,0.0
0.0,0.0
0.0,0.0
0.0,0.0
0.0,0.0
0.0,0.0
0.0,0.0
0.0,0.0
0.0,0.0
0.0,0.0
0.0,0.0
0.0,0.0
0.0,0.0
0.0,0.0
0.0,0.0
0.0,0.0
0.0,0.0
0.0,0.0
0.0,0.0
0.0,0.0
0.0,0.0
0.0,0.0
0.0,0.0
0.0,0.0
0.0,0.0
0.0,0.0
0.0,0.0
0.0,0.0
0.0,0.0
0.0,0.0
0.0,0.0
0.0,0.0
0.0,0.0
0.0,0.0
0.0,0.0
0.0,0.0
0.0,0.0
0.0,0.0
0.0,0.0
-11.92557430267334,22.003538131713867
2.738100051879883,0.0
-9.829042434692383,20.7801456451416
1.909999966621399,0.0
0.0,0.0
0.0,0.0
0.0,0.0
0.0,0.0
-15.492816925048828,22.22201919555664
1.0,0.0
-7.696220874786377,16.822040557861328
0.0,0.0
0.0,0.0
0.0,0.0
0.0,0.0
0.0,0.0
-11.808736801147461,22.02322006225586
2.738100051879883,-0.9900000095367432
-17.755544662475586,22.222211837768555
10.661160469055176,-5.246561050415039
0.0,0.0
0.0,0.0
0.0,0.0
0.0,0.0
-13.877073287963867,22.222084045410156
1.0,0.0
-17.777605056762695,22.222211837768555
4.177420616149902,0.0
0.0,0.0
0.0,0.0
0.0,0.0
0.0,0.0
-14.32982349395752,22.04113006591797
2.738100051879883,0.0
-9.535164833068848,21.233320236206055
0.0,0.0
-2.0,0.0
0.0,0.0
0.0,0.0
0.0,0.0
-15.184412002563477,22.221111297607422
1.909999966621399,0.0
-9.9674072265625,16.822040557861328
0.0,0.0
-1.7799999713897705,6.983342170715332
0.0,0.0
0.0,0.0
0.0,0.0
-14.051279067993164,22.05742835998535
1.909999966621399,-0.9900000095367432
-17.776386260986328,22.222211837768555
7.173681259155273,-1.774950385093689
-2.0,0.0
0.0,0.0
-3.7301666736602783,6.983342170715332
0.0,0.0
-15.161653518676758,22.221111297607422
1.909999966621399,0.0
-17.77564811706543,22.222211837768555
9.577812194824219,-3.896036386489868
-2.0,5.476200103759766
0.0,0.0
-3.617419958114624,16.28795623779297
0.0,0.0
0.0,0.0
0.0,0.0
0.0,0.0
0.0,0.0
0.0,0.0
0.0,0.0
0.0,0.0
0.0,0.0
0.0,0.0
0.0,0.0
0.0,0.0
0.0,0.0
0.0,0.0
0.0,0.0
0.0,0.0
0.0,0.0
0.0,0.0
0.0,0.0
0.0,0.0
0.0,0.0
0.0,0.0
0.0,0.0
0.0,0.0
0.0,0.0
0.0,0.0
0.0,0.0
0.0,0.0
0.0,0.0
0.0,0.0
0.0,0.0
0.0,0.0
0.0,0.0
0.0,0.0
0.0,0.0
0.0,0.0
0.0,0.0
0.0,0.0
0.0,0.0
0.0,0.0
0.0,0.0
0.0,0.0
0.0,0.0
0.0,0.0
0.0,0.0
0.0,0.0
0.0,0.0
0.0,0.0
0.0,0.0
0.0,0.0
0.0,0.0
0.0,0.0
0.0,0.0
0.0,0.0
0.0,0.0
0.0,0.0
0.0,0.0
0.0,0.0
0.0,0.0
0.0,0.0
0.0,0.0
0.0,0.0
0.0,0.0
0.0,0.0
0.0,0.0
0.0,0.0
0.0,0.0
0.0,0.0
0.0,0.0
0.0,0.0
0.0,0.0
0.0,0.0
0.0,0.0
-7.798168659210205,16.28795623779297
0.0,0.0
-3.799999952316284,5.476200103759766
0.0,0.0
0.0,0.0
0.0,0.0
0.0,0.0
0.0,0.0
0.0,0.0
0.0,0.0
-17.77777099609375,22.222211837768555
0.0,0.0
0.0,0.0
0.0,0.0
0.0,0.0
0.0,0.0
-7.91150426864624,15.701050758361816
0.0,0.0
-17.77777099609375,22.222211837768555
0.0,0.0
0.0,0.0
0.0,0.0
0.0,0.0
0.0,0.0
0.0,0.0
0.0,0.0
0.0,0.0
0.0,0.0
0.0,0.0
0.0,0.0
0.0,0.0
0.0,0.0
-2.0,0.0
0.0,0.0
-2.0,0.0
0.0,0.0
0.0,0.0
0.0,0.0
0.0,0.0
0.0,0.0
0.0,0.0
0.0,0.0
0.0,0.0
0.0,0.0
0.0,0.0
0.0,0.0
0.0,0.0
0.0,0.0
0.0,0.0
0.0,0.0
-9.750946044921875,19.682771682739258
0.0,0.0
0.0,0.0
0.0,0.0
0.0,0.0
0.0,0.0
0.0,0.0
0.0,0.0
0.0,0.0
0.0,0.0
0.0,0.0
0.0,0.0
0.0,0.0
0.0,0.0
0.0,0.0
0.0,0.0
0.0,0.0
0.0,0.0
0.0,0.0
0.0,0.0
0.0,0.0
0.0,0.0
0.0,0.0
0.0,0.0
0.0,0.0
0.0,0.0
0.0,0.0
0.0,0.0
0.0,0.0
0.0,0.0
0.0,0.0
0.0,0.0
0.0,0.0
0.0,0.0
0.0,0.0
0.0,0.0
0.0,0.0
0.0,0.0
0.0,0.0
0.0,0.0
0.0,0.0
0.0,0.0
0.0,0.0
0.0,0.0
0.0,0.0
0.0,0.0
0.0,0.0
0.0,0.0
0.0,0.0
0.0,0.0
0.0,0.0
0.0,0.0
0.0,0.0
0.0,0.0
0.0,0.0
0.0,0.0
0.0,0.0
0.0,0.0
0.0,0.0
0.0,0.0
0.0,0.0
0.0,0.0
0.0,0.0
0.0,0.0
0.0,0.0
0.0,0.0
0.0,0.0
0.0,0.0
0.0,0.0
0.0,0.0
