-6.1930317878723145,7.330761909484863
0.0,0.0
0.0,0.0
0.0,0.0
0.0,0.0
0.0,0.0
0.0,0.0
0.0,0.0
0.0,0.0
0.0,0.0
0.0,0.0
0.0,0.0
0.0,0.0
0.0,0.0
0.0,0.0
0.0,0.0
0.0,0.0
0.0,0.0
10.558732032775879,29.711532592773438
22.218774795532227,-7.460285186767578
0.0,0.0
0.0,0.0
0.0,0.0
0.0,0.0
0.0,0.0
0.0,0.0
5.2520365715026855,29.483692169189453
22.22216796875,-11.177833557128906
0.0,0.0
0.0,0.0
-3.823772430419922,10.802557945251465
0.0,0.0
0.0,0.0
0.0,0.0
0.0,0.0
0.0,0.0
0.0,0.0
0.0,0.0
0.0,0.0
0.0,0.0
0.0,0.0
0.0,0.0
0.0,0.0
0.0,0.0
0.0,0.0
0.0,0.0
0.0,0.0
0.0,0.0
0.0,0.0
0.0,0.0
-8.889962196350098,11.105179786682129
16.822040557861328,-5.137569427490234
0.0,0.0
0.0,0.0
-8.888967514038086,11.111105918884277
0.0,0.0
0.0,0.0
0.0,0.0
-8.942755699157715,11.103472709655762
11.772165298461914,-1.9301666021347046
0.0,0.0
0.0,0.0
-8.886038780212402,10.998095512390137
0.0,0.0
0.0,0.0
0.0,0.0
0.0,0.0
0.0,0.0
0.0,0.0
0.0,0.0
0.0,0.0
0.0,0.0
0.0,0.0
0.0,0.0
0.0,0.0
0.0,0.0
0.0,0.0
0.0,0.0
0.0,0.0
0.0,0.0
0.0,0.0
0.0,0.0
-8.931365966796875,10.790827751159668
22.222211837768555,-17.77777099609375
0.0,0.0
0.0,0.0
-8.772706031799316,11.111105918884277
22.22170066833496,-6.145223617553711
0.0,0.0
0.0,0.0
-8.916460990905762,10.999617576599121
22.221628189086914,-17.777849197387695
0.0,0.0
0.0,0.0
-8.974076271057129,11.097155570983887
22.222211837768555,-17.77777099609375
0.0,0.0
0.0,0.0
0.0,0.0
0.0,0.0
0.0,0.0
0.0,0.0
0.0,0.0
0.0,0.0
0.0,0.0
0.0,0.0
0.0,0.0
0.0,0.0
0.0,0.0
0.0,0.0
0.0,0.0
0.0,0.0
0.0,0.0
0.0,0.0
-8.893017768859863,11.111104965209961
22.222211837768555,-17.77741241455078
0.0,0.0
0.0,0.0
-8.888885498046875,11.111105918884277
22.222211837768555,-17.775264739990234
0.0,0.0
0.0,0.0
-8.90684986114502,10.560401916503906
22.222211837768555,-17.77777099609375
0.0,0.0
0.0,0.0
-8.896504402160645,11.103333473205566
22.222211837768555,-17.175365447998047
0.0,0.0
0.0,0.0
0.0,0.0
0.0,0.0
0.0,0.0
0.0,0.0
0.0,0.0
0.0,0.0
0.0,0.0
0.0,0.0
0.0,0.0
0.0,0.0
0.0,0.0
0.0,0.0
0.0,0.0
0.0,0.0
0.0,0.0
0.0,0.0
0.32834216952323914,19.290306091308594
22.205400466918945,-17.779468536376953
0.0,0.0
0.0,0.0
0.0,0.0
0.0,0.0
0.0,0.0
0.0,0.0
9.458910942077637,22.948305130004883
22.222211837768555,-17.5992374420166
0.0,0.0
0.0,0.0
-8.347673416137695,11.111105918884277
10.738643646240234,-1.9301666021347046
0.0,0.0
0.0,0.0
0.0,0.0
0.0,0.0
0.0,0.0
0.0,0.0
0.0,0.0
0.0,0.0
0.0,0.0
0.0,0.0
0.0,0.0
0.0,0.0
0.0,0.0
0.0,0.0
0.0,0.0
0.0,0.0
0.0,0.0
0.0,0.0
0.0,0.0
0.0,0.0
0.0,0.0
0.0,0.0
0.0,0.0
0.0,0.0
0.0,0.0
0.0,0.0
0.0,0.0
0.0,0.0
0.0,0.0
0.0,0.0
0.0,0.0
0.0,0.0
0.0,0.0
0.0,0.0
0.0,0.0
0.0,0.0
0.0,0.0
0.0,0.0
0.0,0.0
0.0,0.0
0.0,0.0
0.0,0.0
0.0,0.0
0.0,0.0
0.0,0.0
0.0,0.0
0.0,0.0
0.0,0.0
0.0,0.0
0.0,0.0
-8.912080764770508,10.87862491607666
0.0,0.0
0.0,0.0
0.0,0.0
0.0,0.0
0.0,0.0
0.0,0.0
0.0,0.0
-8.926284790039062,10.73688793182373
22.222034454345703,-17.777809143066406
0.0,0.0
0.0,0.0
-9.199572563171387,4.702260971069336
3.4761998653411865,0.0
0.0,0.0
0.0,0.0
0.0,0.0
0.0,0.0
0.0,0.0
0.0,0.0
0.0,0.0
0.0,0.0
0.0,0.0
0.0,0.0
0.0,0.0
0.0,0.0
0.0,0.0
0.0,0.0
0.0,0.0
0.0,0.0
0.0,0.0
0.0,0.0
-8.893878936767578,11.073953628540039
0.0,0.0
0.0,0.0
0.0,0.0
0.0,0.0
0.0,0.0
0.0,0.0
0.0,0.0
-8.964536666870117,10.324172019958496
22.222211837768555,-17.777616500854492
0.0,0.0
0.0,0.0
-9.200204849243164,8.384052276611328
0.0,0.0
0.0,0.0
0.0,0.0
0.0,0.0
0.0,0.0
0.0,0.0
0.0,0.0
0.0,0.0
0.0,0.0
0.0,0.0
0.0,0.0
0.0,0.0
0.0,0.0
0.0,0.0
0.0,0.0
0.0,0.0
0.0,0.0
0.0,0.0
0.0,0.0
0.0,0.0
0.0,0.0
0.0,0.0
0.0,0.0
0.0,0.0
0.0,0.0
0.0,0.0
0.0,0.0
0.0,0.0
0.0,0.0
0.0,0.0
0.0,0.0
0.0,0.0
0.0,0.0
0.0,0.0
0.0,0.0
0.0,0.0
0.0,0.0
0.0,0.0
0.0,0.0
0.0,0.0
0.0,0.0
0.0,0.0
0.0,0.0
0.0,0.0
0.0,0.0
0.0,0.0
0.0,0.0
0.0,0.0
0.0,0.0
0.0,0.0
0.0,0.0
0.0,0.0
0.0,0.0
0.0,0.0
0.0,0.0
0.0,0.0
0.0,0.0
0.0,0.0
0.0,0.0
0.0,0.0
0.0,0.0
0.0,0.0
0.0,0.0
0.0,0.0
0.0,0.0
-9.965686798095703,0.05932379513978958
22.222211837768555,-5.887906551361084
-9.56966781616211,6.131104946136475
20.90993309020996,-1.9617999792099
-1.0,0.0
0.0,0.0
-1.909999966621399,2.622110605239868
0.0,0.0
-9.872970581054688,1.273269534111023
22.222211837768555,-5.316889762878418
-9.763773918151855,4.3473711013793945
22.02322006225586,2.211355209350586
0.0,0.0
0.0,0.0
-2.5698862075805664,6.392789840698242
0.0,0.0
0.0,0.0
0.0,0.0
-9.261832237243652,0.8307093977928162
18.85233497619629,-3.310150384902954
0.0,0.0
0.0,0.0
-3.349564552307129,7.54296350479126
0.0,0.0
0.0,0.0
0.0,0.0
-9.376757621765137,2.732592821121216
21.75752830505371,-5.417966842651367
0.0,0.0
0.0,0.0
-5.354219436645508,2.594130516052246
0.0,0.0
-9.84679126739502,1.8602285385131836
22.222211837768555,-4.484614372253418
-9.622481346130371,5.606430530548096
21.660655975341797,-5.108758449554443
-9.452540397644043,3.8707189559936523
0.0,0.0
-1.899999976158142,3.797991991043091
0.0,0.0
-9.779998779296875,2.2038629055023193
22.222211837768555,8.071441650390625
-9.651442527770996,6.035719394683838
22.085756301879883,-4.536813259124756
-9.356874465942383,10.864053726196289
19.91132164001465,-6.522922992706299
-6.749959468841553,6.036766052246094
18.85233497619629,-3.606187343597412
0.0,0.0
0.0,0.0
-4.45147705078125,4.398819923400879
20.90993309020996,-1.1703908443450928
0.0,0.0
0.0,0.0
-3.2512083053588867,8.848937034606934
3.819999933242798,0.0
0.0,0.0
0.0,0.0
-7.398270130157471,1.7063794136047363
21.32232093811035,0.23699064552783966
0.0,0.0
0.0,0.0
-8.361984252929688,5.740786552429199
21.40331268310547,4.457124710083008
0.0,0.0
0.0,0.0
0.0,0.0
0.0,0.0
0.0,0.0
0.0,0.0
0.0,0.0
0.0,0.0
0.0,0.0
0.0,0.0
0.0,0.0
0.0,0.0
0.0,0.0
0.0,0.0
0.0,0.0
0.0,0.0
0.0,0.0
0.0,0.0
0.0,0.0
0.0,0.0
0.0,0.0
0.0,0.0
0.0,0.0
0.0,0.0
0.0,0.0
0.0,0.0
0.0,0.0
0.0,0.0
0.0,0.0
0.0,0.0
0.0,0.0
0.0,0.0
0.0,0.0
0.0,0.0
0.0,0.0
0.0,0.0
0.0,0.0
0.0,0.0
0.0,0.0
0.0,0.0
0.0,0.0
0.0,0.0
0.0,0.0
0.0,0.0
0.0,0.0
0.0,0.0
0.0,0.0
0.0,0.0
0.0,0.0
0.0,0.0
0.0,0.0
0.0,0.0
0.0,0.0
0.0,0.0
0.0,0.0
0.0,0.0
0.0,0.0
0.0,0.0
0.0,0.0
0.0,0.0
0.0,0.0
0.0,0.0
0.0,0.0
0.0,0.0
0.0,0.0
0.0,0.0
-9.489633560180664,-5.132104396820068
0.0,0.0
0.0,0.0
0.0,0.0
0.0,0.0
0.0,0.0
-10.567166328430176,-5.67146635055542
0.0,0.0
-10.683481216430664,-6.795173168182373
0.0,0.0
0.0,0.0
0.0,0.0
-10.059651374816895,-10.059651374816895
0.0,0.0
0.0,0.0
0.0,0.0
-10.195734024047852,-1.9577696323394775
0.0,0.0
0.0,0.0
0.0,0.0
0.0,0.0
0.0,0.0
-1.7551758289337158,9.469645500183105
0.0,0.0
-9.862777709960938,1.3720247745513916
0.0,0.0
0.0,0.0
0.0,0.0
-9.975751876831055,-5.319207668304443
0.0,0.0
0.0,0.0
0.0,0.0
-4.028436660766602,3.406179904937744
0.0,0.0
0.0,0.0
0.0,0.0
0.0,0.0
0.0,0.0
-10.512232780456543,-4.495778560638428
0.0,0.0
-10.678282737731934,-6.167219638824463
0.0,0.0
0.0,0.0
0.0,0.0
-5.363081932067871,-5.369321823120117
0.0,0.0
0.0,0.0
0.0,0.0
-8.401528358459473,4.457146644592285
0.0,0.0
0.0,0.0
0.0,0.0
0.0,0.0
0.0,0.0
-1.909999966621399,2.4055886268615723
0.0,0.0
-10.046162605285645,-3.6354000568389893
0.0,0.0
0.0,0.0
0.0,0.0
-9.296394348144531,-2.216414213180542
0.0,0.0
0.0,0.0
0.0,0.0
0.0,0.0
0.0,0.0
0.0,0.0
0.0,0.0
0.0,0.0
0.0,0.0
0.0,0.0
0.0,0.0
0.0,0.0
0.0,0.0
0.0,0.0
0.0,0.0
0.0,0.0
0.0,0.0
0.0,0.0
0.0,0.0
-17.791797637939453,22.079166412353516
10.809545516967773,-8.889179229736328
0.0,0.0
0.0,0.0
0.0,0.0
0.0,0.0
0.0,0.0
0.0,0.0
-17.730714797973633,22.052701950073242
11.111102104187012,-8.8915376663208
0.0,0.0
0.0,0.0
0.0,0.0
0.0,0.0
0.0,0.0
0.0,0.0
0.0,0.0
0.0,0.0
0.0,0.0
0.0,0.0
0.0,0.0
0.0,0.0
0.0,0.0
0.0,0.0
0.0,0.0
0.0,0.0
0.0,0.0
0.0,0.0
0.0,0.0
0.0,0.0
0.0,0.0
0.0,0.0
-17.80392837524414,21.950498580932617
10.959120750427246,-8.894017219543457
0.0,0.0
0.0,0.0
-11.213571548461914,18.139129638671875
0.0,0.0
0.0,0.0
0.0,0.0
-16.67945098876953,21.955896377563477
11.111102104187012,-8.890559196472168
0.0,0.0
0.0,0.0
-10.377861976623535,12.27160930633545
0.0,0.0
0.0,0.0
0.0,0.0
0.0,0.0
0.0,0.0
0.0,0.0
0.0,0.0
0.0,0.0
0.0,0.0
0.0,0.0
0.0,0.0
0.0,0.0
0.0,0.0
0.0,0.0
0.0,0.0
0.0,0.0
0.0,0.0
0.0,0.0
0.0,0.0
0.0,0.0
0.0,0.0
0.0,0.0
0.0,0.0
0.0,0.0
0.0,0.0
0.0,0.0
0.0,0.0
0.0,0.0
0.0,0.0
0.0,0.0
0.0,0.0
0.0,0.0
0.0,0.0
0.0,0.0
0.0,0.0
0.0,0.0
0.0,0.0
0.0,0.0
0.0,0.0
0.0,0.0
0.0,0.0
0.0,0.0
0.0,0.0
0.0,0.0
0.0,0.0
0.0,0.0
0.0,0.0
0.0,0.0
0.0,0.0
0.0,0.0
0.0,0.0
0.0,0.0
0.0,0.0
0.0,0.0
0.0,0.0
0.0,0.0
0.0,0.0
0.0,0.0
0.0,0.0
0.0,0.0
0.0,0.0
0.0,0.0
0.0,0.0
0.0,0.0
0.0,0.0
0.0,0.0
0.0,0.0
0.0,0.0
0.0,0.0
0.0,0.0
0.0,0.0
0.0,0.0
0.0,0.0
0.0,0.0
0.0,0.0
0.0,0.0
0.0,0.0
0.0,0.0
0.0,0.0
0.0,0.0
0.0,0.0
0.0,0.0
0.0,0.0
-17.77777099609375,22.222211837768555
11.111105918884277,-8.655771255493164
0.0,0.0
0.0,0.0
0.0,0.0
0.0,0.0
0.0,0.0
0.0,0.0
-17.77777099609375,22.222211837768555
11.111105918884277,-8.869847297668457
0.0,0.0
0.0,0.0
0.0,0.0
0.0,0.0
0.0,0.0
0.0,0.0
0.0,0.0
0.0,0.0
0.0,0.0
0.0,0.0
0.0,0.0
0.0,0.0
0.0,0.0
0.0,0.0
0.0,0.0
0.0,0.0
0.0,0.0
0.0,0.0
0.0,0.0
0.0,0.0
0.0,0.0
0.0,0.0
-17.77777099609375,22.222211837768555
11.111105918884277,-8.7655029296875
0.0,0.0
0.0,0.0
0.0,0.0
0.0,0.0
0.0,0.0
0.0,0.0
-17.777788162231445,22.222204208374023
11.111105918884277,-8.880250930786133
0.0,0.0
0.0,0.0
0.0,0.0
0.0,0.0
0.0,0.0
0.0,0.0
0.0,0.0
0.0,0.0
0.0,0.0
0.0,0.0
0.0,0.0
0.0,0.0
0.0,0.0
0.0,0.0
0.0,0.0
0.0,0.0
0.0,0.0
0.0,0.0
0.0,0.0
0.0,0.0
0.0,0.0
0.0,0.0
0.0,0.0
0.0,0.0
0.0,0.0
0.0,0.0
0.0,0.0
0.0,0.0
0.0,0.0
0.0,0.0
0.0,0.0
0.0,0.0
0.0,0.0
0.0,0.0
0.0,0.0
0.0,0.0
0.0,0.0
0.0,0.0
0.0,0.0
0.0,0.0
0.0,0.0
0.0,0.0
0.0,0.0
0.0,0.0
0.0,0.0
0.0,0.0
0.0,0.0
0.0,0.0
0.0,0.0
0.0,0.0
0.0,0.0
0.0,0.0
0.0,0.0
0.0,0.0
0.0,0.0
0.0,0.0
0.0,0.0
0.0,0.0
0.0,0.0
0.0,0.0
0.0,0.0
0.0,0.0
0.0,0.0
0.0,0.0
0.0,0.0
0.0,0.0
0.0,0.0
0.0,0.0
-17.69999885559082,22.222211837768555
7.850525379180908,0.0
-15.962189674377441,22.222211837768555
4.80145263671875,-0.9582257866859436
0.0,0.0
0.0,0.0
0.0,0.0
0.0,0.0
-17.776187896728516,22.222211837768555
8.411020278930664,-2.651125907897949
-16.275148391723633,22.222211837768555
0.0,0.0
0.0,0.0
0.0,0.0
0.0,0.0
0.0,0.0
-17.679786682128906,22.222211837768555
8.143978118896484,-1.819263219833374
-17.77777099609375,22.222211837768555
11.111105918884277,-7.863217353820801
0.0,0.0
0.0,0.0
0.0,0.0
0.0,0.0
-17.775798797607422,22.222211837768555
9.25952434539795,-2.535396099090576
-17.77804946899414,22.222198486328125
11.111105918884277,-8.271428108215332
0.0,0.0
0.0,0.0
0.0,0.0
0.0,0.0
-17.74443244934082,22.222211837768555
7.850525379180908,-1.8216638565063477
-17.549705505371094,22.222211837768555
5.369321823120117,0.0
-3.64298939704895,17.30805778503418
0.0,0.0
0.0,0.0
0.0,0.0
-17.786415100097656,22.222211837768555
5.886082649230957,-1.8404403924942017
-14.451171875,22.222211837768555
0.0,0.0
-1.7799999713897705,20.11930274963379
0.0,0.0
0.0,0.0
0.0,0.0
-17.714153289794922,22.222211837768555
9.426167488098145,-0.9900000095367432
-17.777873992919922,22.222204208374023
11.111048698425293,-4.231882572174072
-3.6643147468566895,18.152801513671875
0.0,0.0
-7.660523414611816,22.18217658996582
0.0,0.0
-17.777664184570312,22.222211837768555
6.784265041351318,0.0
-17.777971267700195,22.222204208374023
11.110795974731445,-7.764400482177734
-7.6664323806762695,20.308565139770508
0.0,0.0
-11.043166160583496,21.9697265625
0.0,0.0
0.0,0.0
0.0,0.0
0.0,0.0
0.0,0.0
0.0,0.0
0.0,0.0
0.0,0.0
0.0,0.0
0.0,0.0
0.0,0.0
0.0,0.0
0.0,0.0
0.0,0.0
0.0,0.0
0.0,0.0
0.0,0.0
0.0,0.0
0.0,0.0
0.0,0.0
0.0,0.0
0.0,0.0
0.0,0.0
0.0,0.0
0.0,0.0
0.0,0.0
0.0,0.0
0.0,0.0
0.0,0.0
0.0,0.0
0.0,0.0
0.0,0.0
0.0,0.0
0.0,0.0
0.0,0.0
0.0,0.0
0.0,0.0
0.0,0.0
0.0,0.0
0.0,0.0
0.0,0.0
0.0,0.0
0.0,0.0
0.0,0.0
0.0,0.0
0.0,0.0
0.0,0.0
0.0,0.0
0.0,0.0
0.0,0.0
0.0,0.0
0.0,0.0
0.0,0.0
0.0,0.0
0.0,0.0
0.0,0.0
0.0,0.0
0.0,0.0
0.0,0.0
0.0,0.0
0.0,0.0
0.0,0.0
0.0,0.0
0.0,0.0
0.0,0.0
0.0,0.0
0.0,0.0
-2.0,11.772165298461914
0.0,0.0
0.0,0.0
0.0,0.0
0.0,0.0
0.0,0.0
-16.91895866394043,22.222211837768555
0.0,0.0
-8.815465927124023,22.144725799560547
0.0,0.0
0.0,0.0
0.0,0.0
0.0,0.0
0.0,0.0
0.0,0.0
0.0,0.0
-17.77777099609375,22.222211837768555
0.0,0.0
0.0,0.0
0.0,0.0
0.0,0.0
0.0,0.0
-15.984435081481934,22.222211837768555
0.0,0.0
-17.77777099609375,22.222211837768555
0.0,0.0
0.0,0.0
0.0,0.0
0.0,0.0
0.0,0.0
0.0,0.0
0.0,0.0
0.0,0.0
0.0,0.0
0.0,0.0
0.0,0.0
0.0,0.0
0.0,0.0
-5.116274833679199,19.155624389648438
0.0,0.0
-3.7452380657196045,6.983342170715332
0.0,0.0
0.0,0.0
0.0,0.0
0.0,0.0
0.0,0.0
0.0,0.0
0.0,0.0
-3.7301666736602783,6.983342170715332
0.0,0.0
0.0,0.0
0.0,0.0
0.0,0.0
0.0,0.0
-3.799999952316284,20.7801456451416
0.0,0.0
-15.742644309997559,22.222211837768555
0.0,0.0
0.0,0.0
0.0,0.0
0.0,0.0
0.0,0.0
0.0,0.0
0.0,0.0
0.0,0.0
0.0,0.0
0.0,0.0
0.0,0.0
0.0,0.0
0.0,0.0
0.0,0.0
0.0,0.0
0.0,0.0
0.0,0.0
0.0,0.0
0.0,0.0
0.0,0.0
0.0,0.0
0.0,0.0
0.0,0.0
0.0,0.0
0.0,0.0
0.0,0.0
0.0,0.0
0.0,0.0
0.0,0.0
0.0,0.0
0.0,0.0
0.0,0.0
0.0,0.0
0.0,0.0
0.0,0.0
0.0,0.0
0.0,0.0
0.0,0.0
0.0,0.0
0.0,0.0
0.0,0.0
0.0,0.0
0.0,0.0
0.0,0.0
0.0,0.0
0.0,0.0
0.0,0.0
0.0,0.0
0.0,0.0
0.0,0.0
0.0,0.0
0.0,0.0
0.0,0.0
0.0,0.0
0.0,0.0
0.0,0.0
0.0,0.0
0.0,0.0
0.0,0.0
0.0,0.0
0.0,0.0
0.0,0.0
0.0,0.0
0.0,0.0
0.0,0.0
0.0,0.0
0.0,0.0
0.0,0.0
0.0,0.0
