-8.106571197509766,7.223916530609131
0.0,0.0
0.0,0.0
0.0,0.0
0.0,0.0
0.0,0.0
0.0,0.0
0.0,0.0
0.0,0.0
0.0,0.0
0.0,0.0
0.0,0.0
0.0,0.0
0.0,0.0
0.0,0.0
0.0,0.0
0.0,0.0
0.0,0.0
50.3050537109375,26.185474395751953
8.354841232299805,-1.9617999792099
0.0,0.0
0.0,0.0
0.0,0.0
0.0,0.0
0.0,0.0
0.0,0.0
-7.263058662414551,28.65606117248535
0.0,0.0
0.0,0.0
0.0,0.0
-2.608839988708496,8.143978118896484
0.0,0.0
0.0,0.0
0.0,0.0
0.0,0.0
0.0,0.0
0.0,0.0
0.0,0.0
0.0,0.0
0.0,0.0
0.0,0.0
0.0,0.0
0.0,0.0
0.0,0.0
0.0,0.0
0.0,0.0
0.0,0.0
0.0,0.0
0.0,0.0
0.0,0.0
-8.89069652557373,11.099334716796875
0.0,0.0
0.0,0.0
0.0,0.0
-8.494281768798828,11.111105918884277
0.0,0.0
0.0,0.0
0.0,0.0
-8.889178276062012,11.111105918884277
0.0,0.0
0.0,0.0
0.0,0.0
-8.442300796508789,11.11050033569336
0.0,0.0
0.0,0.0
0.0,0.0
0.0,0.0
0.0,0.0
0.0,0.0
0.0,0.0
0.0,0.0
0.0,0.0
0.0,0.0
0.0,0.0
0.0,0.0
0.0,0.0
0.0,0.0
0.0,0.0
0.0,0.0
0.0,0.0
0.0,0.0
0.0,0.0
-8.888936042785645,11.111105918884277
22.222211837768555,-17.273941040039062
0.0,0.0
0.0,0.0
-7.258157730102539,10.708001136779785
14.347362518310547,0.0
0.0,0.0
0.0,0.0
-8.892560005187988,11.11090087890625
22.222177505493164,-17.78050994873047
0.0,0.0
0.0,0.0
-8.645349502563477,11.098484992980957
22.222192764282227,-16.50151824951172
0.0,0.0
0.0,0.0
0.0,0.0
0.0,0.0
0.0,0.0
0.0,0.0
0.0,0.0
0.0,0.0
0.0,0.0
0.0,0.0
0.0,0.0
0.0,0.0
0.0,0.0
0.0,0.0
0.0,0.0
0.0,0.0
0.0,0.0
0.0,0.0
-8.818568229675293,11.079570770263672
22.1782169342041,-15.230399131774902
0.0,0.0
0.0,0.0
-7.974182605743408,11.111100196838379
22.194761276245117,-15.643986701965332
0.0,0.0
0.0,0.0
-8.888894081115723,11.111105918884277
22.222211837768555,-17.251262664794922
0.0,0.0
0.0,0.0
-8.878283500671387,11.065118789672852
21.08643913269043,-16.965099334716797
0.0,0.0
0.0,0.0
0.0,0.0
0.0,0.0
0.0,0.0
0.0,0.0
0.0,0.0
0.0,0.0
0.0,0.0
0.0,0.0
0.0,0.0
0.0,0.0
0.0,0.0
0.0,0.0
0.0,0.0
0.0,0.0
0.0,0.0
0.0,0.0
1.6165754795074463,19.290306091308594
22.222204208374023,-17.777788162231445
0.0,0.0
0.0,0.0
0.0,0.0
0.0,0.0
0.0,0.0
0.0,0.0
6.97200870513916,23.19817543029785
14.347362518310547,-1.8565263748168945
0.0,0.0
0.0,0.0
-3.9344799518585205,10.855598449707031
0.0,0.0
0.0,0.0
0.0,0.0
0.0,0.0
0.0,0.0
0.0,0.0
0.0,0.0
0.0,0.0
0.0,0.0
0.0,0.0
0.0,0.0
0.0,0.0
0.0,0.0
0.0,0.0
0.0,0.0
0.0,0.0
0.0,0.0
0.0,0.0
0.0,0.0
0.0,0.0
0.0,0.0
0.0,0.0
0.0,0.0
0.0,0.0
0.0,0.0
0.0,0.0
0.0,0.0
0.0,0.0
0.0,0.0
0.0,0.0
0.0,0.0
0.0,0.0
0.0,0.0
0.0,0.0
0.0,0.0
0.0,0.0
0.0,0.0
0.0,0.0
0.0,0.0
0.0,0.0
0.0,0.0
0.0,0.0
0.0,0.0
0.0,0.0
0.0,0.0
0.0,0.0
0.0,0.0
0.0,0.0
0.0,0.0
0.0,0.0
0.0,0.0
-8.911978721618652,10.88051700592041
0.0,0.0
0.0,0.0
0.0,0.0
0.0,0.0
0.0,0.0
0.0,0.0
0.0,0.0
-8.939112663269043,10.67498779296875
22.222211837768555,-17.77777099609375
0.0,0.0
0.0,0.0
-9.143293380737305,0.27377021312713623
0.0,0.0
0.0,0.0
0.0,0.0
0.0,0.0
0.0,0.0
0.0,0.0
0.0,0.0
0.0,0.0
0.0,0.0
0.0,0.0
0.0,0.0
0.0,0.0
0.0,0.0
0.0,0.0
0.0,0.0
0.0,0.0
0.0,0.0
0.0,0.0
0.0,0.0
-8.893532752990723,11.110149383544922
0.0,0.0
0.0,0.0
0.0,0.0
0.0,0.0
0.0,0.0
0.0,0.0
0.0,0.0
-8.921340942382812,11.027825355529785
22.222135543823242,-16.219600677490234
0.0,0.0
0.0,0.0
-8.251174926757812,8.618147850036621
0.0,0.0
0.0,0.0
0.0,0.0
0.0,0.0
0.0,0.0
0.0,0.0
0.0,0.0
0.0,0.0
0.0,0.0
0.0,0.0
0.0,0.0
0.0,0.0
0.0,0.0
0.0,0.0
0.0,0.0
0.0,0.0
0.0,0.0
0.0,0.0
0.0,0.0
0.0,0.0
0.0,0.0
0.0,0.0
0.0,0.0
0.0,0.0
0.0,0.0
0.0,0.0
0.0,0.0
0.0,0.0
0.0,0.0
0.0,0.0
0.0,0.0
0.0,0.0
0.0,0.0
0.0,0.0
0.0,0.0
0.0,0.0
0.0,0.0
0.0,0.0
0.0,0.0
0.0,0.0
0.0,0.0
0.0,0.0
0.0,0.0
0.0,0.0
0.0,0.0
0.0,0.0
0.0,0.0
0.0,0.0
0.0,0.0
0.0,0.0
0.0,0.0
0.0,0.0
0.0,0.0
0.0,0.0
0.0,0.0
0.0,0.0
0.0,0.0
0.0,0.0
0.0,0.0
0.0,0.0
0.0,0.0
0.0,0.0
0.0,0.0
0.0,0.0
0.0,0.0
-10.084866523742676,-0.004305923357605934
22.20931053161621,13.475003242492676
-9.257336616516113,6.456998825073242
6.983342170715332,-1.9617999792099
0.0,0.0
0.0,0.0
-1.0,1.0
0.0,0.0
-9.792058944702148,3.073645830154419
22.222211837768555,-1.4435030221939087
-9.88314151763916,5.052025318145752
10.738643646240234,0.0
0.0,0.0
0.0,0.0
-0.9900000095367432,4.638018608093262
0.0,0.0
0.0,0.0
0.0,0.0
-5.453462600708008,7.282537460327148
3.819999933242798,-1.9617999792099
0.0,0.0
0.0,0.0
-1.899999976158142,0.09000000357627869
0.0,0.0
0.0,0.0
0.0,0.0
-7.603492736816406,4.106320858001709
5.488424301147461,-0.6165357828140259
0.0,0.0
0.0,0.0
-1.8782258033752441,6.911768913269043
0.0,0.0
-9.903470993041992,4.272331714630127
22.214889526367188,-8.53023910522461
-9.78661060333252,7.558083534240723
5.476200103759766,-2.0
-6.497586250305176,2.74770188331604
0.0,0.0
0.0,0.0
0.0,0.0
-9.887736320495605,5.250471115112305
22.222211837768555,-6.8775315284729
-9.624070167541504,2.0262415409088135
6.983342170715332,-1.4199999570846558
-6.342373371124268,2.0920088291168213
8.354841232299805,-2.0
-2.644132137298584,3.4667224884033203
6.983342170715332,0.0
0.0,0.0
0.0,0.0
-1.8582258224487305,2.0856242179870605
3.819999933242798,-1.9617999792099
0.0,0.0
0.0,0.0
-1.0,1.0
0.0,0.0
0.0,0.0
0.0,0.0
-5.0941925048828125,5.18646764755249
2.0,-2.125620126724243
0.0,0.0
0.0,0.0
-4.489330291748047,4.25567102432251
9.6029052734375,-2.0
0.0,0.0
0.0,0.0
0.0,0.0
0.0,0.0
0.0,0.0
0.0,0.0
0.0,0.0
0.0,0.0
0.0,0.0
0.0,0.0
0.0,0.0
0.0,0.0
0.0,0.0
0.0,0.0
0.0,0.0
0.0,0.0
0.0,0.0
0.0,0.0
0.0,0.0
0.0,0.0
0.0,0.0
0.0,0.0
0.0,0.0
0.0,0.0
0.0,0.0
0.0,0.0
0.0,0.0
0.0,0.0
0.0,0.0
0.0,0.0
0.0,0.0
0.0,0.0
0.0,0.0
0.0,0.0
0.0,0.0
0.0,0.0
0.0,0.0
0.0,0.0
0.0,0.0
0.0,0.0
0.0,0.0
0.0,0.0
0.0,0.0
0.0,0.0
0.0,0.0
0.0,0.0
0.0,0.0
0.0,0.0
0.0,0.0
0.0,0.0
0.0,0.0
0.0,0.0
0.0,0.0
0.0,0.0
0.0,0.0
0.0,0.0
0.0,0.0
0.0,0.0
0.0,0.0
0.0,0.0
0.0,0.0
0.0,0.0
0.0,0.0
0.0,0.0
0.0,0.0
0.0,0.0
-5.226032257080078,-1.4436445236206055
0.0,0.0
0.0,0.0
0.0,0.0
0.0,0.0
0.0,0.0
-10.486998558044434,-5.713026523590088
0.0,0.0
-10.670388221740723,-5.941500663757324
0.0,0.0
0.0,0.0
0.0,0.0
-3.491671085357666,-2.738100051879883
0.0,0.0
0.0,0.0
0.0,0.0
-10.175031661987305,-1.7923332452774048
0.0,0.0
0.0,0.0
0.0,0.0
0.0,0.0
0.0,0.0
0.0,1.909999966621399
0.0,0.0
-9.970856666564941,2.009204864501953
0.0,0.0
0.0,0.0
0.0,0.0
-7.850365161895752,-0.2944565713405609
0.0,0.0
0.0,0.0
0.0,0.0
-1.8782258033752441,2.981452703475952
0.0,0.0
0.0,0.0
0.0,0.0
0.0,0.0
0.0,0.0
-10.58419132232666,-3.556835174560547
0.0,0.0
-10.880728721618652,-10.86268138885498
0.0,0.0
0.0,0.0
0.0,0.0
-1.0,0.0
0.0,0.0
0.0,0.0
0.0,0.0
-3.875976800918579,6.845896244049072
0.0,0.0
0.0,0.0
0.0,0.0
0.0,0.0
0.0,0.0
-1.0,-1.0
0.0,0.0
-9.648165702819824,1.6616740226745605
0.0,0.0
0.0,0.0
0.0,0.0
-3.3666205406188965,1.6763503551483154
0.0,0.0
0.0,0.0
0.0,0.0
0.0,0.0
0.0,0.0
0.0,0.0
0.0,0.0
0.0,0.0
0.0,0.0
0.0,0.0
0.0,0.0
0.0,0.0
0.0,0.0
0.0,0.0
0.0,0.0
0.0,0.0
0.0,0.0
0.0,0.0
0.0,0.0
-17.744888305664062,22.222164154052734
10.111105918884277,-8.715980529785156
0.0,0.0
0.0,0.0
0.0,0.0
0.0,0.0
0.0,0.0
0.0,0.0
-17.779499053955078,22.21933364868164
11.111105918884277,-8.886529922485352
0.0,0.0
0.0,0.0
0.0,0.0
0.0,0.0
0.0,0.0
0.0,0.0
0.0,0.0
0.0,0.0
0.0,0.0
0.0,0.0
0.0,0.0
0.0,0.0
0.0,0.0
0.0,0.0
0.0,0.0
0.0,0.0
0.0,0.0
0.0,0.0
0.0,0.0
0.0,0.0
0.0,0.0
0.0,0.0
-17.633705139160156,21.425106048583984
11.111105918884277,-8.869847297668457
0.0,0.0
0.0,0.0
-1.7818000316619873,13.491503715515137
0.0,0.0
0.0,0.0
0.0,0.0
-17.782482147216797,22.151330947875977
11.102961540222168,-8.892849922180176
0.0,0.0
0.0,0.0
-3.487316370010376,7.952165603637695
0.0,0.0
0.0,0.0
0.0,0.0
0.0,0.0
0.0,0.0
0.0,0.0
0.0,0.0
0.0,0.0
0.0,0.0
0.0,0.0
0.0,0.0
0.0,0.0
0.0,0.0
0.0,0.0
0.0,0.0
0.0,0.0
0.0,0.0
0.0,0.0
0.0,0.0
0.0,0.0
0.0,0.0
0.0,0.0
0.0,0.0
0.0,0.0
0.0,0.0
0.0,0.0
0.0,0.0
0.0,0.0
0.0,0.0
0.0,0.0
0.0,0.0
0.0,0.0
0.0,0.0
0.0,0.0
0.0,0.0
0.0,0.0
0.0,0.0
0.0,0.0
0.0,0.0
0.0,0.0
0.0,0.0
0.0,0.0
0.0,0.0
0.0,0.0
0.0,0.0
0.0,0.0
0.0,0.0
0.0,0.0
0.0,0.0
0.0,0.0
0.0,0.0
0.0,0.0
0.0,0.0
0.0,0.0
0.0,0.0
0.0,0.0
0.0,0.0
0.0,0.0
0.0,0.0
0.0,0.0
0.0,0.0
0.0,0.0
0.0,0.0
0.0,0.0
0.0,0.0
0.0,0.0
0.0,0.0
0.0,0.0
0.0,0.0
0.0,0.0
0.0,0.0
0.0,0.0
0.0,0.0
0.0,0.0
0.0,0.0
0.0,0.0
0.0,0.0
0.0,0.0
0.0,0.0
0.0,0.0
0.0,0.0
0.0,0.0
0.0,0.0
-17.77777099609375,22.222211837768555
10.830327987670898,-6.514595985412598
0.0,0.0
0.0,0.0
0.0,0.0
0.0,0.0
0.0,0.0
0.0,0.0
-17.77777099609375,22.222211837768555
11.107444763183594,-7.298312664031982
0.0,0.0
0.0,0.0
0.0,0.0
0.0,0.0
0.0,0.0
0.0,0.0
0.0,0.0
0.0,0.0
0.0,0.0
0.0,0.0
0.0,0.0
0.0,0.0
0.0,0.0
0.0,0.0
0.0,0.0
0.0,0.0
0.0,0.0
0.0,0.0
0.0,0.0
0.0,0.0
0.0,0.0
0.0,0.0
-17.772226333618164,22.21587562561035
8.65402889251709,-4.395412445068359
0.0,0.0
0.0,0.0
0.0,0.0
0.0,0.0
0.0,0.0
0.0,0.0
-17.777788162231445,22.222204208374023
11.110132217407227,-7.666983604431152
0.0,0.0
0.0,0.0
0.0,0.0
0.0,0.0
0.0,0.0
0.0,0.0
0.0,0.0
0.0,0.0
0.0,0.0
0.0,0.0
0.0,0.0
0.0,0.0
0.0,0.0
0.0,0.0
0.0,0.0
0.0,0.0
0.0,0.0
0.0,0.0
0.0,0.0
0.0,0.0
0.0,0.0
0.0,0.0
0.0,0.0
0.0,0.0
0.0,0.0
0.0,0.0
0.0,0.0
0.0,0.0
0.0,0.0
0.0,0.0
0.0,0.0
0.0,0.0
0.0,0.0
0.0,0.0
0.0,0.0
0.0,0.0
0.0,0.0
0.0,0.0
0.0,0.0
0.0,0.0
0.0,0.0
0.0,0.0
0.0,0.0
0.0,0.0
0.0,0.0
0.0,0.0
0.0,0.0
0.0,0.0
0.0,0.0
0.0,0.0
0.0,0.0
0.0,0.0
0.0,0.0
0.0,0.0
0.0,0.0
0.0,0.0
0.0,0.0
0.0,0.0
0.0,0.0
0.0,0.0
0.0,0.0
0.0,0.0
0.0,0.0
0.0,0.0
0.0,0.0
0.0,0.0
0.0,0.0
0.0,0.0
-13.51435375213623,22.137062072753906
2.738100051879883,0.0
-9.829042434692383,21.477014541625977
1.909999966621399,0.0
0.0,0.0
0.0,0.0
0.0,0.0
0.0,0.0
-16.112045288085938,22.222198486328125
1.0,-0.9900000095367432
-7.696220874786377,17.75033187866211
0.0,0.0
0.0,0.0
0.0,0.0
0.0,0.0
0.0,0.0
-12.944485664367676,22.151700973510742
2.738100051879883,-0.9900000095367432
-17.770029067993164,22.222211837768555
10.802557945251465,-5.246561050415039
0.0,0.0
0.0,0.0
0.0,0.0
0.0,0.0
-14.934165000915527,22.22220802307129
1.909999966621399,0.0
-17.77775001525879,22.222211837768555
8.143978118896484,-2.5460586547851562
0.0,0.0
0.0,0.0
0.0,0.0
0.0,0.0
-15.519803047180176,22.158048629760742
2.738100051879883,0.0
-12.388541221618652,21.799041748046875
1.0,0.0
-2.0,0.0
0.0,0.0
0.0,0.0
0.0,0.0
-15.887236595153809,22.222055435180664
1.909999966621399,0.0
-10.789138793945312,18.5190486907959
0.0,0.0
-1.7799999713897705,9.6029052734375
0.0,0.0
0.0,0.0
0.0,0.0
-14.760786056518555,22.173864364624023
1.909999966621399,-0.9900000095367432
-17.777385711669922,22.222211837768555
8.875165939331055,-1.774950385093689
-2.0,0.0
0.0,0.0
-3.7301666736602783,6.983342170715332
0.0,0.0
-15.423272132873535,22.222070693969727
1.909999966621399,0.0
-17.777175903320312,22.222211837768555
9.715808868408203,-3.896036386489868
-2.0,8.354841232299805
0.0,0.0
-3.617419958114624,18.5190486907959
0.0,0.0
0.0,0.0
0.0,0.0
0.0,0.0
0.0,0.0
0.0,0.0
0.0,0.0
0.0,0.0
0.0,0.0
0.0,0.0
0.0,0.0
0.0,0.0
0.0,0.0
0.0,0.0
0.0,0.0
0.0,0.0
0.0,0.0
0.0,0.0
0.0,0.0
0.0,0.0
0.0,0.0
0.0,0.0
0.0,0.0
0.0,0.0
0.0,0.0
0.0,0.0
0.0,0.0
0.0,0.0
0.0,0.0
0.0,0.0
0.0,0.0
0.0,0.0
0.0,0.0
0.0,0.0
0.0,0.0
0.0,0.0
0.0,0.0
0.0,0.0
0.0,0.0
0.0,0.0
0.0,0.0
0.0,0.0
0.0,0.0
0.0,0.0
0.0,0.0
0.0,0.0
0.0,0.0
0.0,0.0
0.0,0.0
0.0,0.0
0.0,0.0
0.0,0.0
0.0,0.0
0.0,0.0
0.0,0.0
0.0,0.0
0.0,0.0
0.0,0.0
0.0,0.0
0.0,0.0
0.0,0.0
0.0,0.0
0.0,0.0
0.0,0.0
0.0,0.0
0.0,0.0
0.0,0.0
0.0,0.0
0.0,0.0
0.0,0.0
0.0,0.0
0.0,0.0
0.0,0.0
-9.787663459777832,18.5190486907959
0.0,0.0
-3.799999952316284,6.983342170715332
0.0,0.0
0.0,0.0
0.0,0.0
0.0,0.0
0.0,0.0
0.0,0.0
0.0,0.0
-17.77777099609375,22.222211837768555
0.0,0.0
0.0,0.0
0.0,0.0
0.0,0.0
0.0,0.0
-8.935163497924805,18.85233497619629
0.0,0.0
-17.77777099609375,22.222211837768555
0.0,0.0
0.0,0.0
0.0,0.0
0.0,0.0
0.0,0.0
0.0,0.0
0.0,0.0
0.0,0.0
0.0,0.0
0.0,0.0
0.0,0.0
0.0,0.0
0.0,0.0
-2.0,2.0
0.0,0.0
-2.0,0.0
0.0,0.0
0.0,0.0
0.0,0.0
0.0,0.0
0.0,0.0
0.0,0.0
0.0,0.0
0.0,0.0
0.0,0.0
0.0,0.0
0.0,0.0
0.0,0.0
0.0,0.0
-2.0,0.0
0.0,0.0
-9.750946044921875,21.32232093811035
0.0,0.0
0.0,0.0
0.0,0.0
0.0,0.0
0.0,0.0
0.0,0.0
0.0,0.0
0.0,0.0
0.0,0.0
0.0,0.0
0.0,0.0
0.0,0.0
0.0,0.0
0.0,0.0
0.0,0.0
0.0,0.0
0.0,0.0
0.0,0.0
0.0,0.0
0.0,0.0
0.0,0.0
0.0,0.0
0.0,0.0
0.0,0.0
0.0,0.0
0.0,0.0
0.0,0.0
0.0,0.0
0.0,0.0
0.0,0.0
0.0,0.0
0.0,0.0
0.0,0.0
0.0,0.0
0.0,0.0
0.0,0.0
0.0,0.0
0.0,0.0
0.0,0.0
0.0,0.0
0.0,0.0
0.0,0.0
0.0,0.0
0.0,0.0
0.0,0.0
0.0,0.0
0.0,0.0
0.0,0.0
0.0,0.0
0.0,0.0
0.0,0.0
0.0,0.0
0.0,0.0
0.0,0.0
0.0,0.0
0.0,0.0
0.0,0.0
0.0,0.0
0.0,0.0
0.0,0.0
0.0,0.0
0.0,0.0
0.0,0.0
0.0,0.0
0.0,0.0
0.0,0.0
0.0,0.0
0.0,0.0
0.0,0.0
