-5.4358978271484375,7.064547061920166
0.0,0.0
0.0,0.0
0.0,0.0
0.0,0.0
0.0,0.0
0.0,0.0
0.0,0.0
0.0,0.0
0.0,0.0
0.0,0.0
0.0,0.0
0.0,0.0
0.0,0.0
0.0,0.0
0.0,0.0
0.0,0.0
0.0,0.0
15.965923309326172,29.72814178466797
15.701050758361816,-1.9617999792099
0.0,0.0
0.0,0.0
0.0,0.0
0.0,0.0
0.0,0.0
0.0,0.0
20.553264617919922,29.514915466308594
15.056099891662598,-6.584743499755859
0.0,0.0
0.0,0.0
-2.608839988708496,8.143978118896484
0.0,0.0
0.0,0.0
0.0,0.0
0.0,0.0
0.0,0.0
0.0,0.0
0.0,0.0
0.0,0.0
0.0,0.0
0.0,0.0
0.0,0.0
0.0,0.0
0.0,0.0
0.0,0.0
0.0,0.0
0.0,0.0
0.0,0.0
0.0,0.0
0.0,0.0
-8.889764785766602,11.109893798828125
0.0,0.0
0.0,0.0
0.0,0.0
-8.880633354187012,11.108556747436523
0.0,0.0
0.0,0.0
0.0,0.0
-8.889575004577637,11.111104965209961
0.0,0.0
0.0,0.0
0.0,0.0
-8.764166831970215,11.05368709564209
0.0,0.0
0.0,0.0
0.0,0.0
0.0,0.0
0.0,0.0
0.0,0.0
0.0,0.0
0.0,0.0
0.0,0.0
0.0,0.0
0.0,0.0
0.0,0.0
0.0,0.0
0.0,0.0
0.0,0.0
0.0,0.0
0.0,0.0
0.0,0.0
0.0,0.0
-8.928609848022461,10.921215057373047
22.222211837768555,-17.671621322631836
0.0,0.0
0.0,0.0
-8.028128623962402,11.079521179199219
14.347362518310547,0.0
0.0,0.0
0.0,0.0
-8.92871379852295,11.032181739807129
22.203224182128906,-17.786396026611328
0.0,0.0
0.0,0.0
-8.72915267944336,11.111053466796875
22.222211837768555,-17.586217880249023
0.0,0.0
0.0,0.0
0.0,0.0
0.0,0.0
0.0,0.0
0.0,0.0
0.0,0.0
0.0,0.0
0.0,0.0
0.0,0.0
0.0,0.0
0.0,0.0
0.0,0.0
0.0,0.0
0.0,0.0
0.0,0.0
0.0,0.0
0.0,0.0
-8.90468692779541,10.903129577636719
22.222200393676758,-17.195215225219727
0.0,0.0
0.0,0.0
-8.807819366455078,11.111105918884277
22.221952438354492,-17.10861587524414
0.0,0.0
0.0,0.0
-8.898736000061035,11.110978126525879
22.222211837768555,-17.77718734741211
0.0,0.0
0.0,0.0
-8.893235206604004,11.111105918884277
22.222211837768555,-17.702377319335938
0.0,0.0
0.0,0.0
0.0,0.0
0.0,0.0
0.0,0.0
0.0,0.0
0.0,0.0
0.0,0.0
0.0,0.0
0.0,0.0
0.0,0.0
0.0,0.0
0.0,0.0
0.0,0.0
0.0,0.0
0.0,0.0
0.0,0.0
0.0,0.0
0.3409769833087921,19.290306091308594
22.222179412841797,-17.777851104736328
0.0,0.0
0.0,0.0
0.0,0.0
0.0,0.0
0.0,0.0
0.0,0.0
-7.716999053955078,22.927364349365234
21.544082641601562,-13.968485832214355
0.0,0.0
0.0,0.0
-4.432246208190918,10.878594398498535
0.0,0.0
0.0,0.0
0.0,0.0
0.0,0.0
0.0,0.0
0.0,0.0
0.0,0.0
0.0,0.0
0.0,0.0
0.0,0.0
0.0,0.0
0.0,0.0
0.0,0.0
0.0,0.0
0.0,0.0
0.0,0.0
0.0,0.0
0.0,0.0
0.0,0.0
0.0,0.0
0.0,0.0
0.0,0.0
0.0,0.0
0.0,0.0
0.0,0.0
0.0,0.0
0.0,0.0
0.0,0.0
0.0,0.0
0.0,0.0
0.0,0.0
0.0,0.0
0.0,0.0
0.0,0.0
0.0,0.0
0.0,0.0
0.0,0.0
0.0,0.0
0.0,0.0
0.0,0.0
0.0,0.0
0.0,0.0
0.0,0.0
0.0,0.0
0.0,0.0
0.0,0.0
0.0,0.0
0.0,0.0
0.0,0.0
0.0,0.0
0.0,0.0
-8.912080764770508,10.87862491607666
0.0,0.0
0.0,0.0
0.0,0.0
0.0,0.0
0.0,0.0
0.0,0.0
0.0,0.0
-8.935208320617676,10.652626991271973
22.222211837768555,-17.77777099609375
0.0,0.0
0.0,0.0
-9.032979011535645,10.950352668762207
0.0,0.0
0.0,0.0
0.0,0.0
0.0,0.0
0.0,0.0
0.0,0.0
0.0,0.0
0.0,0.0
0.0,0.0
0.0,0.0
0.0,0.0
0.0,0.0
0.0,0.0
0.0,0.0
0.0,0.0
0.0,0.0
0.0,0.0
0.0,0.0
0.0,0.0
-8.888894081115723,11.111105918884277
0.0,0.0
0.0,0.0
0.0,0.0
0.0,0.0
0.0,0.0
0.0,0.0
0.0,0.0
-8.896395683288574,11.109254837036133
22.222211837768555,-17.45696449279785
0.0,0.0
0.0,0.0
-8.877164840698242,9.321958541870117
0.0,0.0
0.0,0.0
0.0,0.0
0.0,0.0
0.0,0.0
0.0,0.0
0.0,0.0
0.0,0.0
0.0,0.0
0.0,0.0
0.0,0.0
0.0,0.0
0.0,0.0
0.0,0.0
0.0,0.0
0.0,0.0
0.0,0.0
0.0,0.0
0.0,0.0
0.0,0.0
0.0,0.0
0.0,0.0
0.0,0.0
0.0,0.0
0.0,0.0
0.0,0.0
0.0,0.0
0.0,0.0
0.0,0.0
0.0,0.0
0.0,0.0
0.0,0.0
0.0,0.0
0.0,0.0
0.0,0.0
0.0,0.0
0.0,0.0
0.0,0.0
0.0,0.0
0.0,0.0
0.0,0.0
0.0,0.0
0.0,0.0
0.0,0.0
0.0,0.0
0.0,0.0
0.0,0.0
0.0,0.0
0.0,0.0
0.0,0.0
0.0,0.0
0.0,0.0
0.0,0.0
0.0,0.0
0.0,0.0
0.0,0.0
0.0,0.0
0.0,0.0
0.0,0.0
0.0,0.0
0.0,0.0
0.0,0.0
0.0,0.0
0.0,0.0
0.0,0.0
-10.293235778808594,2.9602649211883545
22.222211837768555,-1.542981743812561
-9.852972984313965,8.174639701843262
15.056099891662598,-1.9617999792099
0.0,0.0
0.0,0.0
-1.0,-0.09000000357627869
0.0,0.0
-9.852853775024414,2.888767719268799
22.222211837768555,6.989242076873779
-9.579696655273438,9.827095031738281
16.822040557861328,0.0
0.0,0.0
0.0,0.0
-1.8387939929962158,3.7507431507110596
0.0,0.0
0.0,0.0
0.0,0.0
-5.834353923797607,7.376237392425537
10.738643646240234,-1.6301788091659546
0.0,0.0
0.0,0.0
-1.899999976158142,1.149721384048462
0.0,0.0
0.0,0.0
0.0,0.0
-8.806967735290527,7.102280139923096
12.719613075256348,-2.458760976791382
0.0,0.0
0.0,0.0
-3.2900032997131348,6.575213432312012
0.0,0.0
-9.982829093933105,-2.113001585006714
22.222211837768555,-16.25901985168457
-9.440681457519531,8.361591339111328
12.71267032623291,-3.6728732585906982
-7.7324981689453125,-2.7364461421966553
0.0,0.0
-1.0,0.0
0.0,0.0
-9.812653541564941,3.182359218597412
22.222211837768555,4.267224311828613
-9.702144622802734,6.712881565093994
15.056099891662598,-1.4199999570846558
-8.043974876403809,8.262627601623535
10.738643646240234,-3.7039709091186523
-4.605864524841309,1.6421257257461548
9.6029052734375,0.0
0.0,0.0
0.0,0.0
-1.8582258224487305,5.161590099334717
10.738643646240234,-3.6820716857910156
0.0,0.0
0.0,0.0
-1.0,2.738100051879883
0.0,0.0
0.0,0.0
0.0,0.0
-5.9485321044921875,8.468337059020996
9.6029052734375,0.12514188885688782
0.0,0.0
0.0,0.0
-6.241443157196045,3.989563465118408
12.71267032623291,-2.0
0.0,0.0
0.0,0.0
0.0,0.0
0.0,0.0
0.0,0.0
0.0,0.0
0.0,0.0
0.0,0.0
0.0,0.0
0.0,0.0
0.0,0.0
0.0,0.0
0.0,0.0
0.0,0.0
0.0,0.0
0.0,0.0
0.0,0.0
0.0,0.0
0.0,0.0
0.0,0.0
0.0,0.0
0.0,0.0
0.0,0.0
0.0,0.0
0.0,0.0
0.0,0.0
0.0,0.0
0.0,0.0
0.0,0.0
0.0,0.0
0.0,0.0
0.0,0.0
0.0,0.0
0.0,0.0
0.0,0.0
0.0,0.0
0.0,0.0
0.0,0.0
0.0,0.0
0.0,0.0
0.0,0.0
0.0,0.0
0.0,0.0
0.0,0.0
0.0,0.0
0.0,0.0
0.0,0.0
0.0,0.0
0.0,0.0
0.0,0.0
0.0,0.0
0.0,0.0
0.0,0.0
0.0,0.0
0.0,0.0
0.0,0.0
0.0,0.0
0.0,0.0
0.0,0.0
0.0,0.0
0.0,0.0
0.0,0.0
0.0,0.0
0.0,0.0
0.0,0.0
0.0,0.0
-6.8118085861206055,2.9253501892089844
0.0,0.0
0.0,0.0
0.0,0.0
0.0,0.0
0.0,0.0
-10.603120803833008,-6.848107814788818
0.0,0.0
-10.767817497253418,-9.533617973327637
0.0,0.0
0.0,0.0
0.0,0.0
-4.80145263671875,-4.80145263671875
0.0,0.0
0.0,0.0
0.0,0.0
-10.194781303405762,-1.9472763538360596
0.0,0.0
0.0,0.0
0.0,0.0
0.0,0.0
0.0,0.0
0.0,5.886082649230957
0.0,0.0
-9.843358039855957,1.822577714920044
0.0,0.0
0.0,0.0
0.0,0.0
-9.474080085754395,5.079287052154541
0.0,0.0
0.0,0.0
0.0,0.0
-3.3974802494049072,2.415919542312622
0.0,0.0
0.0,0.0
0.0,0.0
0.0,0.0
0.0,0.0
-10.901223182678223,-10.517146110534668
0.0,0.0
-10.21296215057373,-7.724153995513916
0.0,0.0
0.0,0.0
0.0,0.0
-1.899999976158142,-1.0
0.0,0.0
0.0,0.0
0.0,0.0
-6.233950614929199,5.169168949127197
0.0,0.0
0.0,0.0
0.0,0.0
0.0,0.0
0.0,0.0
-1.0,-1.0
0.0,0.0
-10.38623046875,4.372854232788086
0.0,0.0
0.0,0.0
0.0,0.0
-6.677964210510254,4.944079399108887
0.0,0.0
0.0,0.0
0.0,0.0
0.0,0.0
0.0,0.0
0.0,0.0
0.0,0.0
0.0,0.0
0.0,0.0
0.0,0.0
0.0,0.0
0.0,0.0
0.0,0.0
0.0,0.0
0.0,0.0
0.0,0.0
0.0,0.0
0.0,0.0
0.0,0.0
-17.796031951904297,22.05488395690918
11.111105918884277,-8.884753227233887
0.0,0.0
0.0,0.0
0.0,0.0
0.0,0.0
0.0,0.0
0.0,0.0
-17.79987335205078,22.0001277923584
11.111105918884277,-8.753799438476562
0.0,0.0
0.0,0.0
0.0,0.0
0.0,0.0
0.0,0.0
0.0,0.0
0.0,0.0
0.0,0.0
0.0,0.0
0.0,0.0
0.0,0.0
0.0,0.0
0.0,0.0
0.0,0.0
0.0,0.0
0.0,0.0
0.0,0.0
0.0,0.0
0.0,0.0
0.0,0.0
0.0,0.0
0.0,0.0
-17.78668212890625,22.206947326660156
11.110180854797363,-8.890936851501465
0.0,0.0
0.0,0.0
-6.308512210845947,17.1661376953125
0.0,0.0
0.0,0.0
0.0,0.0
-17.735031127929688,22.015296936035156
11.046558380126953,-8.911690711975098
0.0,0.0
0.0,0.0
-3.040459632873535,11.945748329162598
0.0,0.0
0.0,0.0
0.0,0.0
0.0,0.0
0.0,0.0
0.0,0.0
0.0,0.0
0.0,0.0
0.0,0.0
0.0,0.0
0.0,0.0
0.0,0.0
0.0,0.0
0.0,0.0
0.0,0.0
0.0,0.0
0.0,0.0
0.0,0.0
0.0,0.0
0.0,0.0
0.0,0.0
0.0,0.0
0.0,0.0
0.0,0.0
0.0,0.0
0.0,0.0
0.0,0.0
0.0,0.0
0.0,0.0
0.0,0.0
0.0,0.0
0.0,0.0
0.0,0.0
0.0,0.0
0.0,0.0
0.0,0.0
0.0,0.0
0.0,0.0
0.0,0.0
0.0,0.0
0.0,0.0
0.0,0.0
0.0,0.0
0.0,0.0
0.0,0.0
0.0,0.0
0.0,0.0
0.0,0.0
0.0,0.0
0.0,0.0
0.0,0.0
0.0,0.0
0.0,0.0
0.0,0.0
0.0,0.0
0.0,0.0
0.0,0.0
0.0,0.0
0.0,0.0
0.0,0.0
0.0,0.0
0.0,0.0
0.0,0.0
0.0,0.0
0.0,0.0
0.0,0.0
0.0,0.0
0.0,0.0
0.0,0.0
0.0,0.0
0.0,0.0
0.0,0.0
0.0,0.0
0.0,0.0
0.0,0.0
0.0,0.0
0.0,0.0
0.0,0.0
0.0,0.0
0.0,0.0
0.0,0.0
0.0,0.0
0.0,0.0
-17.77777099609375,22.222211837768555
11.08910846710205,-7.163032054901123
0.0,0.0
0.0,0.0
0.0,0.0
0.0,0.0
0.0,0.0
0.0,0.0
-17.77777099609375,22.222211837768555
11.111105918884277,-8.484601974487305
0.0,0.0
0.0,0.0
0.0,0.0
0.0,0.0
0.0,0.0
0.0,0.0
0.0,0.0
0.0,0.0
0.0,0.0
0.0,0.0
0.0,0.0
0.0,0.0
0.0,0.0
0.0,0.0
0.0,0.0
0.0,0.0
0.0,0.0
0.0,0.0
0.0,0.0
0.0,0.0
0.0,0.0
0.0,0.0
-17.777599334716797,22.222211837768555
11.100764274597168,-7.6359333992004395
0.0,0.0
0.0,0.0
0.0,0.0
0.0,0.0
0.0,0.0
0.0,0.0
-17.777788162231445,22.222204208374023
11.111105918884277,-8.505448341369629
0.0,0.0
0.0,0.0
0.0,0.0
0.0,0.0
0.0,0.0
0.0,0.0
0.0,0.0
0.0,0.0
0.0,0.0
0.0,0.0
0.0,0.0
0.0,0.0
0.0,0.0
0.0,0.0
0.0,0.0
0.0,0.0
0.0,0.0
0.0,0.0
0.0,0.0
0.0,0.0
0.0,0.0
0.0,0.0
0.0,0.0
0.0,0.0
0.0,0.0
0.0,0.0
0.0,0.0
0.0,0.0
0.0,0.0
0.0,0.0
0.0,0.0
0.0,0.0
0.0,0.0
0.0,0.0
0.0,0.0
0.0,0.0
0.0,0.0
0.0,0.0
0.0,0.0
0.0,0.0
0.0,0.0
0.0,0.0
0.0,0.0
0.0,0.0
0.0,0.0
0.0,0.0
0.0,0.0
0.0,0.0
0.0,0.0
0.0,0.0
0.0,0.0
0.0,0.0
0.0,0.0
0.0,0.0
0.0,0.0
0.0,0.0
0.0,0.0
0.0,0.0
0.0,0.0
0.0,0.0
0.0,0.0
0.0,0.0
0.0,0.0
0.0,0.0
0.0,0.0
0.0,0.0
0.0,0.0
0.0,0.0
-16.126399993896484,22.22174835205078
5.369321823120117,0.0
-11.991886138916016,22.158048629760742
1.909999966621399,0.0
0.0,0.0
0.0,0.0
0.0,0.0
0.0,0.0
-17.060733795166016,22.222211837768555
1.909999966621399,-1.88100004196167
-9.630979537963867,21.660655975341797
0.0,0.0
0.0,0.0
0.0,0.0
0.0,0.0
0.0,0.0
-15.209290504455566,22.22189712524414
5.369321823120117,-0.9900000095367432
-17.777742385864258,22.222211837768555
11.104016304016113,-6.74433708190918
0.0,0.0
0.0,0.0
0.0,0.0
0.0,0.0
-17.192304611206055,22.222211837768555
4.177420616149902,0.0
-17.77777099609375,22.222211837768555
10.616660118103027,-4.303990364074707
0.0,0.0
0.0,0.0
0.0,0.0
0.0,0.0
-17.204294204711914,22.222084045410156
3.491671085357666,-0.9726189970970154
-13.85500431060791,22.20339012145996
1.909999966621399,0.0
-2.0,0.0
0.0,0.0
0.0,0.0
0.0,0.0
-17.522396087646484,22.222211837768555
2.738100051879883,0.0
-11.499944686889648,21.40331268310547
0.0,0.0
-1.7799999713897705,14.347362518310547
0.0,0.0
0.0,0.0
0.0,0.0
-16.479520797729492,22.222143173217773
3.491671085357666,-0.9900000095367432
-17.778034210205078,22.222211837768555
10.878594398498535,-3.1345744132995605
-2.0,0.0
0.0,0.0
-3.7301666736602783,8.354841232299805
0.0,0.0
-17.29300880432129,22.222211837768555
2.738100051879883,0.0
-17.77796745300293,22.222211837768555
10.878594398498535,-6.268946170806885
-3.6728732585906982,12.71267032623291
0.0,0.0
-6.364325523376465,21.135517120361328
0.0,0.0
0.0,0.0
0.0,0.0
0.0,0.0
0.0,0.0
0.0,0.0
0.0,0.0
0.0,0.0
0.0,0.0
0.0,0.0
0.0,0.0
0.0,0.0
0.0,0.0
0.0,0.0
0.0,0.0
0.0,0.0
0.0,0.0
0.0,0.0
0.0,0.0
0.0,0.0
0.0,0.0
0.0,0.0
0.0,0.0
0.0,0.0
0.0,0.0
0.0,0.0
0.0,0.0
0.0,0.0
0.0,0.0
0.0,0.0
0.0,0.0
0.0,0.0
0.0,0.0
0.0,0.0
0.0,0.0
0.0,0.0
0.0,0.0
0.0,0.0
0.0,0.0
0.0,0.0
0.0,0.0
0.0,0.0
0.0,0.0
0.0,0.0
0.0,0.0
0.0,0.0
0.0,0.0
0.0,0.0
0.0,0.0
0.0,0.0
0.0,0.0
0.0,0.0
0.0,0.0
0.0,0.0
0.0,0.0
0.0,0.0
0.0,0.0
0.0,0.0
0.0,0.0
0.0,0.0
0.0,0.0
0.0,0.0
0.0,0.0
0.0,0.0
0.0,0.0
0.0,0.0
0.0,0.0
-2.0,0.0
0.0,0.0
0.0,0.0
0.0,0.0
0.0,0.0
0.0,0.0
-13.121734619140625,21.544082641601562
0.0,0.0
-5.323970794677734,12.71267032623291
0.0,0.0
0.0,0.0
0.0,0.0
0.0,0.0
0.0,0.0
0.0,0.0
0.0,0.0
-17.77777099609375,22.222211837768555
0.0,0.0
0.0,0.0
0.0,0.0
0.0,0.0
0.0,0.0
-11.394563674926758,21.60511589050293
0.0,0.0
-17.77777099609375,22.222211837768555
0.0,0.0
0.0,0.0
0.0,0.0
0.0,0.0
0.0,0.0
0.0,0.0
0.0,0.0
0.0,0.0
0.0,0.0
0.0,0.0
0.0,0.0
0.0,0.0
0.0,0.0
-2.0,2.0
0.0,0.0
-2.0,0.0
0.0,0.0
0.0,0.0
0.0,0.0
0.0,0.0
0.0,0.0
0.0,0.0
0.0,0.0
0.0,0.0
0.0,0.0
0.0,0.0
0.0,0.0
0.0,0.0
0.0,0.0
-3.799999952316284,3.819999933242798
0.0,0.0
-11.936728477478027,22.109214782714844
0.0,0.0
0.0,0.0
0.0,0.0
0.0,0.0
0.0,0.0
0.0,0.0
0.0,0.0
0.0,0.0
0.0,0.0
0.0,0.0
0.0,0.0
0.0,0.0
0.0,0.0
0.0,0.0
0.0,0.0
0.0,0.0
0.0,0.0
0.0,0.0
0.0,0.0
0.0,0.0
0.0,0.0
0.0,0.0
0.0,0.0
0.0,0.0
0.0,0.0
0.0,0.0
0.0,0.0
0.0,0.0
0.0,0.0
0.0,0.0
0.0,0.0
0.0,0.0
0.0,0.0
0.0,0.0
0.0,0.0
0.0,0.0
0.0,0.0
0.0,0.0
0.0,0.0
0.0,0.0
0.0,0.0
0.0,0.0
0.0,0.0
0.0,0.0
0.0,0.0
0.0,0.0
0.0,0.0
0.0,0.0
0.0,0.0
0.0,0.0
0.0,0.0
0.0,0.0
0.0,0.0
0.0,0.0
0.0,0.0
0.0,0.0
0.0,0.0
0.0,0.0
0.0,0.0
0.0,0.0
0.0,0.0
0.0,0.0
0.0,0.0
0.0,0.0
0.0,0.0
0.0,0.0
0.0,0.0
0.0,0.0
0.0,0.0
