-8.777009963989258,6.978828430175781
0.0,0.0
0.0,0.0
0.0,0.0
0.0,0.0
0.0,0.0
0.0,0.0
0.0,0.0
0.0,0.0
0.0,0.0
0.0,0.0
0.0,0.0
0.0,0.0
0.0,0.0
0.0,0.0
0.0,0.0
0.0,0.0
0.0,0.0
-5.497272968292236,52.38913345336914
0.0,0.0
0.0,0.0
0.0,0.0
0.0,0.0
0.0,0.0
0.0,0.0
0.0,0.0
-7.651305198669434,40.9927864074707
0.0,0.0
0.0,0.0
0.0,0.0
-2.608839988708496,8.143978118896484
0.0,0.0
0.0,0.0
0.0,0.0
0.0,0.0
0.0,0.0
0.0,0.0
0.0,0.0
0.0,0.0
0.0,0.0
0.0,0.0
0.0,0.0
0.0,0.0
0.0,0.0
0.0,0.0
0.0,0.0
0.0,0.0
0.0,0.0
0.0,0.0
0.0,0.0
-8.886065483093262,11.111105918884277
0.0,0.0
0.0,0.0
0.0,0.0
-7.163812637329102,11.107444763183594
0.0,0.0
0.0,0.0
0.0,0.0
-8.899450302124023,11.099982261657715
0.0,0.0
0.0,0.0
0.0,0.0
-4.301168918609619,10.154282569885254
0.0,0.0
0.0,0.0
0.0,0.0
0.0,0.0
0.0,0.0
0.0,0.0
0.0,0.0
0.0,0.0
0.0,0.0
0.0,0.0
0.0,0.0
0.0,0.0
0.0,0.0
0.0,0.0
0.0,0.0
0.0,0.0
0.0,0.0
0.0,0.0
0.0,0.0
-8.87652587890625,11.111105918884277
22.137062072753906,-12.092450141906738
0.0,0.0
0.0,0.0
-5.751709938049316,9.783658981323242
10.738643646240234,0.0
0.0,0.0
0.0,0.0
-8.88886547088623,11.111105918884277
22.222211837768555,-17.00291633605957
0.0,0.0
0.0,0.0
-7.493195533752441,10.621758460998535
22.219860076904297,-15.109410285949707
0.0,0.0
0.0,0.0
0.0,0.0
0.0,0.0
0.0,0.0
0.0,0.0
0.0,0.0
0.0,0.0
0.0,0.0
0.0,0.0
0.0,0.0
0.0,0.0
0.0,0.0
0.0,0.0
0.0,0.0
0.0,0.0
0.0,0.0
0.0,0.0
-8.222572326660156,11.106683731079102
19.155624389648438,-7.64977502822876
0.0,0.0
0.0,0.0
-6.264250755310059,11.075850486755371
19.431617736816406,-11.548649787902832
0.0,0.0
0.0,0.0
-8.96961784362793,10.663434982299805
22.222143173217773,-14.60927677154541
0.0,0.0
0.0,0.0
-7.863837718963623,11.109683990478516
22.04113006591797,-13.384078979492188
0.0,0.0
0.0,0.0
0.0,0.0
0.0,0.0
0.0,0.0
0.0,0.0
0.0,0.0
0.0,0.0
0.0,0.0
0.0,0.0
0.0,0.0
0.0,0.0
0.0,0.0
0.0,0.0
0.0,0.0
0.0,0.0
0.0,0.0
0.0,0.0
-7.169050216674805,19.2362003326416
22.222211837768555,-17.777570724487305
0.0,0.0
0.0,0.0
0.0,0.0
0.0,0.0
0.0,0.0
0.0,0.0
-8.14631462097168,14.452136039733887
0.0,0.0
0.0,0.0
0.0,0.0
-3.3794405460357666,9.25952434539795
0.0,0.0
0.0,0.0
0.0,0.0
0.0,0.0
0.0,0.0
0.0,0.0
0.0,0.0
0.0,0.0
0.0,0.0
0.0,0.0
0.0,0.0
0.0,0.0
0.0,0.0
0.0,0.0
0.0,0.0
0.0,0.0
0.0,0.0
0.0,0.0
0.0,0.0
0.0,0.0
0.0,0.0
0.0,0.0
0.0,0.0
0.0,0.0
0.0,0.0
0.0,0.0
0.0,0.0
0.0,0.0
0.0,0.0
0.0,0.0
0.0,0.0
0.0,0.0
0.0,0.0
0.0,0.0
0.0,0.0
0.0,0.0
0.0,0.0
0.0,0.0
0.0,0.0
0.0,0.0
0.0,0.0
0.0,0.0
0.0,0.0
0.0,0.0
0.0,0.0
0.0,0.0
0.0,0.0
0.0,0.0
0.0,0.0
0.0,0.0
0.0,0.0
-8.89735221862793,10.865406036376953
0.0,0.0
0.0,0.0
0.0,0.0
0.0,0.0
0.0,0.0
0.0,0.0
0.0,0.0
-8.914921760559082,10.620352745056152
22.222211837768555,-17.777738571166992
0.0,0.0
0.0,0.0
-8.417787551879883,9.049001693725586
0.0,0.0
0.0,0.0
0.0,0.0
0.0,0.0
0.0,0.0
0.0,0.0
0.0,0.0
0.0,0.0
0.0,0.0
0.0,0.0
0.0,0.0
0.0,0.0
0.0,0.0
0.0,0.0
0.0,0.0
0.0,0.0
0.0,0.0
0.0,0.0
0.0,0.0
-8.874208450317383,11.111105918884277
0.0,0.0
0.0,0.0
0.0,0.0
0.0,0.0
0.0,0.0
0.0,0.0
0.0,0.0
-8.942187309265137,11.005328178405762
22.05742835998535,-11.644301414489746
0.0,0.0
0.0,0.0
-4.296357154846191,10.830327987670898
0.0,0.0
0.0,0.0
0.0,0.0
0.0,0.0
0.0,0.0
0.0,0.0
0.0,0.0
0.0,0.0
0.0,0.0
0.0,0.0
0.0,0.0
0.0,0.0
0.0,0.0
0.0,0.0
0.0,0.0
0.0,0.0
0.0,0.0
0.0,0.0
0.0,0.0
0.0,0.0
0.0,0.0
0.0,0.0
0.0,0.0
0.0,0.0
0.0,0.0
0.0,0.0
0.0,0.0
0.0,0.0
0.0,0.0
0.0,0.0
0.0,0.0
0.0,0.0
0.0,0.0
0.0,0.0
0.0,0.0
0.0,0.0
0.0,0.0
0.0,0.0
0.0,0.0
0.0,0.0
0.0,0.0
0.0,0.0
0.0,0.0
0.0,0.0
0.0,0.0
0.0,0.0
0.0,0.0
0.0,0.0
0.0,0.0
0.0,0.0
0.0,0.0
0.0,0.0
0.0,0.0
0.0,0.0
0.0,0.0
0.0,0.0
0.0,0.0
0.0,0.0
0.0,0.0
0.0,0.0
0.0,0.0
0.0,0.0
0.0,0.0
0.0,0.0
0.0,0.0
-9.638118743896484,9.461461067199707
22.109214782714844,8.381406784057617
-9.898509979248047,9.614731788635254
5.476200103759766,-1.9617999792099
0.0,0.0
0.0,0.0
-1.0,0.0
0.0,0.0
-9.671208381652832,8.711376190185547
22.197233200073242,7.6034464836120605
-9.79367446899414,-7.015063762664795
5.476200103759766,0.0
0.0,0.0
0.0,0.0
-0.9900000095367432,1.0
0.0,0.0
0.0,0.0
0.0,0.0
-3.4213345050811768,3.438739061355591
3.819999933242798,0.0
0.0,0.0
0.0,0.0
-1.899999976158142,0.0
0.0,0.0
0.0,0.0
0.0,0.0
-3.869331121444702,6.948318958282471
2.0147619247436523,1.476199984550476
0.0,0.0
0.0,0.0
-1.8782258033752441,2.981452703475952
0.0,0.0
-9.733525276184082,9.017786026000977
21.544082641601562,-10.572253227233887
-9.44865894317627,10.556461334228516
0.0,0.0
-4.370931625366211,10.318761825561523
0.0,0.0
0.0,0.0
0.0,0.0
-9.787964820861816,3.3988282680511475
22.213367462158203,11.443971633911133
-10.068785667419434,6.067282199859619
2.0,-1.4199999570846558
-3.4751088619232178,2.1550683975219727
6.983342170715332,-2.0
-1.0,3.491671085357666
3.819999933242798,0.0
0.0,0.0
0.0,0.0
-1.0,3.491671085357666
0.0,0.0
0.0,0.0
0.0,0.0
-1.0,0.0
0.0,0.0
0.0,0.0
0.0,0.0
-3.4069981575012207,0.34162279963493347
2.0,2.0199999809265137
0.0,0.0
0.0,0.0
-1.0,5.369321823120117
5.476200103759766,-2.0
0.0,0.0
0.0,0.0
0.0,0.0
0.0,0.0
0.0,0.0
0.0,0.0
0.0,0.0
0.0,0.0
0.0,0.0
0.0,0.0
0.0,0.0
0.0,0.0
0.0,0.0
0.0,0.0
0.0,0.0
0.0,0.0
0.0,0.0
0.0,0.0
0.0,0.0
0.0,0.0
0.0,0.0
0.0,0.0
0.0,0.0
0.0,0.0
0.0,0.0
0.0,0.0
0.0,0.0
0.0,0.0
0.0,0.0
0.0,0.0
0.0,0.0
0.0,0.0
0.0,0.0
0.0,0.0
0.0,0.0
0.0,0.0
0.0,0.0
0.0,0.0
0.0,0.0
0.0,0.0
0.0,0.0
0.0,0.0
0.0,0.0
0.0,0.0
0.0,0.0
0.0,0.0
0.0,0.0
0.0,0.0
0.0,0.0
0.0,0.0
0.0,0.0
0.0,0.0
0.0,0.0
0.0,0.0
0.0,0.0
0.0,0.0
0.0,0.0
0.0,0.0
0.0,0.0
0.0,0.0
0.0,0.0
0.0,0.0
0.0,0.0
0.0,0.0
0.0,0.0
0.0,0.0
-3.43172550201416,0.8091907501220703
0.0,0.0
0.0,0.0
0.0,0.0
0.0,0.0
0.0,0.0
-10.730854988098145,-8.75879192352295
0.0,0.0
-10.743478775024414,-9.99810791015625
0.0,0.0
0.0,0.0
0.0,0.0
-1.909999966621399,-1.0
0.0,0.0
0.0,0.0
0.0,0.0
-10.23366928100586,-5.471501350402832
0.0,0.0
0.0,0.0
0.0,0.0
0.0,0.0
0.0,0.0
0.0,1.0
0.0,0.0
-9.558306694030762,8.473090171813965
0.0,0.0
0.0,0.0
0.0,0.0
-5.0994696617126465,2.1075656414031982
0.0,0.0
0.0,0.0
0.0,0.0
-1.0,1.909999966621399
0.0,0.0
0.0,0.0
0.0,0.0
0.0,0.0
0.0,0.0
-11.016037940979004,-3.8027806282043457
0.0,0.0
-10.804049491882324,-3.4047186374664307
0.0,0.0
0.0,0.0
0.0,0.0
0.0,0.0
0.0,0.0
0.0,0.0
0.0,0.0
-1.0,6.356335163116455
0.0,0.0
0.0,0.0
0.0,0.0
0.0,0.0
0.0,0.0
0.0,0.0
0.0,0.0
-10.066411972045898,-2.017484664916992
0.0,0.0
0.0,0.0
0.0,0.0
-2.66542911529541,1.514020323753357
0.0,0.0
0.0,0.0
0.0,0.0
0.0,0.0
0.0,0.0
0.0,0.0
0.0,0.0
0.0,0.0
0.0,0.0
0.0,0.0
0.0,0.0
0.0,0.0
0.0,0.0
0.0,0.0
0.0,0.0
0.0,0.0
0.0,0.0
0.0,0.0
0.0,0.0
-17.769163131713867,22.222091674804688
11.111035346984863,-7.3086419105529785
0.0,0.0
0.0,0.0
0.0,0.0
0.0,0.0
0.0,0.0
0.0,0.0
-17.779315948486328,22.222209930419922
11.111105918884277,-8.729201316833496
0.0,0.0
0.0,0.0
0.0,0.0
0.0,0.0
0.0,0.0
0.0,0.0
0.0,0.0
0.0,0.0
0.0,0.0
0.0,0.0
0.0,0.0
0.0,0.0
0.0,0.0
0.0,0.0
0.0,0.0
0.0,0.0
0.0,0.0
0.0,0.0
0.0,0.0
0.0,0.0
0.0,0.0
0.0,0.0
-15.942656517028809,21.735919952392578
11.111099243164062,-8.561408042907715
0.0,0.0
0.0,0.0
-1.7818000316619873,1.8200000524520874
0.0,0.0
0.0,0.0
0.0,0.0
-17.812761306762695,22.19473648071289
11.111105918884277,-8.670929908752441
0.0,0.0
0.0,0.0
0.0,0.0
0.0,0.0
0.0,0.0
0.0,0.0
0.0,0.0
0.0,0.0
0.0,0.0
0.0,0.0
0.0,0.0
0.0,0.0
0.0,0.0
0.0,0.0
0.0,0.0
0.0,0.0
0.0,0.0
0.0,0.0
0.0,0.0
0.0,0.0
0.0,0.0
0.0,0.0
0.0,0.0
0.0,0.0
0.0,0.0
0.0,0.0
0.0,0.0
0.0,0.0
0.0,0.0
0.0,0.0
0.0,0.0
0.0,0.0
0.0,0.0
0.0,0.0
0.0,0.0
0.0,0.0
0.0,0.0
0.0,0.0
0.0,0.0
0.0,0.0
0.0,0.0
0.0,0.0
0.0,0.0
0.0,0.0
0.0,0.0
0.0,0.0
0.0,0.0
0.0,0.0
0.0,0.0
0.0,0.0
0.0,0.0
0.0,0.0
0.0,0.0
0.0,0.0
0.0,0.0
0.0,0.0
0.0,0.0
0.0,0.0
0.0,0.0
0.0,0.0
0.0,0.0
0.0,0.0
0.0,0.0
0.0,0.0
0.0,0.0
0.0,0.0
0.0,0.0
0.0,0.0
0.0,0.0
0.0,0.0
0.0,0.0
0.0,0.0
0.0,0.0
0.0,0.0
0.0,0.0
0.0,0.0
0.0,0.0
0.0,0.0
0.0,0.0
0.0,0.0
0.0,0.0
0.0,0.0
0.0,0.0
0.0,0.0
0.0,0.0
0.0,0.0
-17.77777099609375,22.222211837768555
7.173681259155273,-1.833658218383789
0.0,0.0
0.0,0.0
0.0,0.0
0.0,0.0
0.0,0.0
0.0,0.0
-17.77777099609375,22.222211837768555
11.020565032958984,-5.558854579925537
0.0,0.0
0.0,0.0
0.0,0.0
0.0,0.0
0.0,0.0
0.0,0.0
0.0,0.0
0.0,0.0
0.0,0.0
0.0,0.0
0.0,0.0
0.0,0.0
0.0,0.0
0.0,0.0
0.0,0.0
0.0,0.0
0.0,0.0
0.0,0.0
0.0,0.0
0.0,0.0
0.0,0.0
0.0,0.0
-17.325618743896484,22.220600128173828
4.80145263671875,-1.8636189699172974
0.0,0.0
0.0,0.0
0.0,0.0
0.0,0.0
0.0,0.0
0.0,0.0
-17.77777099609375,22.222211837768555
10.830327987670898,-5.373843669891357
0.0,0.0
0.0,0.0
0.0,0.0
0.0,0.0
0.0,0.0
0.0,0.0
0.0,0.0
0.0,0.0
0.0,0.0
0.0,0.0
0.0,0.0
0.0,0.0
0.0,0.0
0.0,0.0
0.0,0.0
0.0,0.0
0.0,0.0
0.0,0.0
0.0,0.0
0.0,0.0
0.0,0.0
0.0,0.0
0.0,0.0
0.0,0.0
0.0,0.0
0.0,0.0
0.0,0.0
0.0,0.0
0.0,0.0
0.0,0.0
0.0,0.0
0.0,0.0
0.0,0.0
0.0,0.0
0.0,0.0
0.0,0.0
0.0,0.0
0.0,0.0
0.0,0.0
0.0,0.0
0.0,0.0
0.0,0.0
0.0,0.0
0.0,0.0
0.0,0.0
0.0,0.0
0.0,0.0
0.0,0.0
0.0,0.0
0.0,0.0
0.0,0.0
0.0,0.0
0.0,0.0
0.0,0.0
0.0,0.0
0.0,0.0
0.0,0.0
0.0,0.0
0.0,0.0
0.0,0.0
0.0,0.0
0.0,0.0
0.0,0.0
0.0,0.0
0.0,0.0
0.0,0.0
0.0,0.0
0.0,0.0
-7.795798301696777,19.155624389648438
2.738100051879883,0.0
-6.743871688842773,13.568530082702637
1.909999966621399,0.0
0.0,0.0
0.0,0.0
0.0,0.0
0.0,0.0
-8.780956268310547,21.837127685546875
0.0,0.0
-1.9301666021347046,8.354841232299805
0.0,0.0
0.0,0.0
0.0,0.0
0.0,0.0
0.0,0.0
-6.465612411499023,19.91132164001465
1.909999966621399,-0.9900000095367432
-16.106382369995117,22.222206115722656
10.514019966125488,-4.83685827255249
0.0,0.0
0.0,0.0
0.0,0.0
0.0,0.0
-9.619329452514648,21.75718879699707
0.0,0.0
-17.39967155456543,22.222211837768555
0.0,0.0
0.0,0.0
0.0,0.0
0.0,0.0
0.0,0.0
-9.642594337463379,19.155624389648438
1.0,0.0
-3.6926136016845703,16.822040557861328
0.0,0.0
0.0,0.0
0.0,0.0
0.0,0.0
0.0,0.0
-10.330142974853516,22.003538131713867
1.0,0.0
-3.799999952316284,2.0
0.0,0.0
-2.0,2.0
0.0,0.0
0.0,0.0
0.0,0.0
-9.920984268188477,19.155624389648438
1.0,0.0
-17.558725357055664,22.222211837768555
3.491671085357666,0.0
0.0,0.0
0.0,0.0
-2.0,2.0
0.0,0.0
-11.022746086120605,21.981910705566406
1.0,0.0
-17.47635841369629,22.222211837768555
3.491671085357666,-2.6281871795654297
-2.0,0.0
0.0,0.0
0.0,5.476200103759766
0.0,0.0
0.0,0.0
0.0,0.0
0.0,0.0
0.0,0.0
0.0,0.0
0.0,0.0
0.0,0.0
0.0,0.0
0.0,0.0
0.0,0.0
0.0,0.0
0.0,0.0
0.0,0.0
0.0,0.0
0.0,0.0
0.0,0.0
0.0,0.0
0.0,0.0
0.0,0.0
0.0,0.0
0.0,0.0
0.0,0.0
0.0,0.0
0.0,0.0
0.0,0.0
0.0,0.0
0.0,0.0
0.0,0.0
0.0,0.0
0.0,0.0
0.0,0.0
0.0,0.0
0.0,0.0
0.0,0.0
0.0,0.0
0.0,0.0
0.0,0.0
0.0,0.0
0.0,0.0
0.0,0.0
0.0,0.0
0.0,0.0
0.0,0.0
0.0,0.0
0.0,0.0
0.0,0.0
0.0,0.0
0.0,0.0
0.0,0.0
0.0,0.0
0.0,0.0
0.0,0.0
0.0,0.0
0.0,0.0
0.0,0.0
0.0,0.0
0.0,0.0
0.0,0.0
0.0,0.0
0.0,0.0
0.0,0.0
0.0,0.0
0.0,0.0
0.0,0.0
0.0,0.0
0.0,0.0
0.0,0.0
0.0,0.0
0.0,0.0
0.0,0.0
0.0,0.0
0.0,0.0
-3.7618000507354736,10.738643646240234
0.0,0.0
-3.799999952316284,5.476200103759766
0.0,0.0
0.0,0.0
0.0,0.0
0.0,0.0
0.0,0.0
0.0,0.0
0.0,0.0
-17.777759552001953,22.222211837768555
0.0,0.0
0.0,0.0
0.0,0.0
0.0,0.0
0.0,0.0
-6.675036907196045,8.354841232299805
0.0,0.0
-17.69778060913086,22.222211837768555
0.0,0.0
0.0,0.0
0.0,0.0
0.0,0.0
0.0,0.0
0.0,0.0
0.0,0.0
0.0,0.0
0.0,0.0
0.0,0.0
0.0,0.0
0.0,0.0
0.0,0.0
-2.0,0.0
0.0,0.0
0.0,0.0
0.0,0.0
0.0,0.0
0.0,0.0
0.0,0.0
0.0,0.0
0.0,0.0
0.0,0.0
0.0,0.0
0.0,0.0
0.0,0.0
0.0,0.0
0.0,0.0
0.0,0.0
0.0,0.0
0.0,0.0
-5.3008809089660645,8.354841232299805
0.0,0.0
0.0,0.0
0.0,0.0
0.0,0.0
0.0,0.0
0.0,0.0
0.0,0.0
0.0,0.0
0.0,0.0
0.0,0.0
0.0,0.0
0.0,0.0
0.0,0.0
0.0,0.0
0.0,0.0
0.0,0.0
0.0,0.0
0.0,0.0
0.0,0.0
0.0,0.0
0.0,0.0
0.0,0.0
0.0,0.0
0.0,0.0
0.0,0.0
0.0,0.0
0.0,0.0
0.0,0.0
0.0,0.0
0.0,0.0
0.0,0.0
0.0,0.0
0.0,0.0
0.0,0.0
0.0,0.0
0.0,0.0
0.0,0.0
0.0,0.0
0.0,0.0
0.0,0.0
0.0,0.0
0.0,0.0
0.0,0.0
0.0,0.0
0.0,0.0
0.0,0.0
0.0,0.0
0.0,0.0
0.0,0.0
0.0,0.0
0.0,0.0
0.0,0.0
0.0,0.0
0.0,0.0
0.0,0.0
0.0,0.0
0.0,0.0
0.0,0.0
0.0,0.0
0.0,0.0
0.0,0.0
0.0,0.0
0.0,0.0
0.0,0.0
0.0,0.0
0.0,0.0
0.0,0.0
0.0,0.0
0.0,0.0
