-10.066676139831543,8.917181968688965
0.0,0.0
0.0,0.0
0.0,0.0
0.0,0.0
0.0,0.0
0.0,0.0
0.0,0.0
0.0,0.0
0.0,0.0
0.0,0.0
0.0,0.0
0.0,0.0
0.0,0.0
0.0,0.0
0.0,0.0
0.0,0.0
0.0,0.0
-4.772968769073486,15.673057556152344
-11.390655517578125,0.0
0.0,0.0
0.0,0.0
0.0,0.0
0.0,0.0
0.0,0.0
0.0,0.0
-5.323666095733643,17.165128707885742
-10.434062004089355,0.0
0.0,0.0
0.0,0.0
0.0,0.0
0.0,0.0
0.0,0.0
0.0,0.0
0.0,0.0
0.0,0.0
0.0,0.0
0.0,0.0
0.0,0.0
0.0,0.0
0.0,0.0
0.0,0.0
0.0,0.0
0.0,0.0
0.0,0.0
0.0,0.0
0.0,0.0
0.0,0.0
0.0,0.0
0.0,0.0
-8.866138458251953,11.105969429016113
0.0,0.0
0.0,0.0
0.0,0.0
-4.800808429718018,11.110219955444336
0.0,0.0
0.0,0.0
0.0,0.0
-8.954415321350098,11.069368362426758
0.0,0.0
0.0,0.0
0.0,0.0
-7.077953338623047,11.001769065856934
0.0,0.0
0.0,0.0
0.0,0.0
0.0,0.0
0.0,0.0
0.0,0.0
0.0,0.0
0.0,0.0
0.0,0.0
0.0,0.0
0.0,0.0
0.0,0.0
0.0,0.0
0.0,0.0
0.0,0.0
0.0,0.0
0.0,0.0
0.0,0.0
0.0,0.0
-7.820967674255371,10.832082748413086
-8.190199851989746,0.0
0.0,0.0
0.0,0.0
-2.6347193717956543,8.143978118896484
-2.0,0.0
0.0,0.0
0.0,0.0
-8.77108097076416,11.106815338134766
-0.24767954647541046,201.63621520996094
0.0,0.0
0.0,0.0
-3.380035877227783,10.514019966125488
-6.878000259399414,0.0
0.0,0.0
0.0,0.0
0.0,0.0
0.0,0.0
0.0,0.0
0.0,0.0
0.0,0.0
0.0,0.0
0.0,0.0
0.0,0.0
0.0,0.0
0.0,0.0
0.0,0.0
0.0,0.0
0.0,0.0
0.0,0.0
0.0,0.0
0.0,0.0
-1.0,5.886082649230957
-2.0,0.0
0.0,0.0
0.0,0.0
-1.8650833368301392,4.177420616149902
-2.0,0.0
0.0,0.0
0.0,0.0
-6.479344367980957,11.110967636108398
-3.799999952316284,0.0
0.0,0.0
0.0,0.0
-3.6925456523895264,11.054607391357422
-6.878000259399414,200.0
0.0,0.0
0.0,0.0
0.0,0.0
0.0,0.0
0.0,0.0
0.0,0.0
0.0,0.0
0.0,0.0
0.0,0.0
0.0,0.0
0.0,0.0
0.0,0.0
0.0,0.0
0.0,0.0
0.0,0.0
0.0,0.0
0.0,0.0
0.0,0.0
-6.426987171173096,14.058269500732422
-11.227893829345703,7.594970703125
0.0,0.0
0.0,0.0
0.0,0.0
0.0,0.0
0.0,0.0
0.0,0.0
-3.338973045349121,12.76930046081543
-14.916269302368164,0.0
0.0,0.0
0.0,0.0
0.0,0.0
0.0,0.0
0.0,0.0
0.0,0.0
0.0,0.0
0.0,0.0
0.0,0.0
0.0,0.0
0.0,0.0
0.0,0.0
0.0,0.0
0.0,0.0
0.0,0.0
0.0,0.0
0.0,0.0
0.0,0.0
0.0,0.0
0.0,0.0
0.0,0.0
0.0,0.0
0.0,0.0
0.0,0.0
0.0,0.0
0.0,0.0
0.0,0.0
0.0,0.0
0.0,0.0
0.0,0.0
0.0,0.0
0.0,0.0
0.0,0.0
0.0,0.0
0.0,0.0
0.0,0.0
0.0,0.0
0.0,0.0
0.0,0.0
0.0,0.0
0.0,0.0
0.0,0.0
0.0,0.0
0.0,0.0
0.0,0.0
0.0,0.0
0.0,0.0
0.0,0.0
0.0,0.0
0.0,0.0
0.0,0.0
0.0,0.0
0.0,0.0
0.0,0.0
-8.917201042175293,10.828235626220703
-16.50819206237793,96.59196472167969
0.0,0.0
0.0,0.0
0.0,0.0
0.0,0.0
0.0,0.0
0.0,0.0
-8.938273429870605,10.61740779876709
-10.661581039428711,58.2241325378418
0.0,0.0
0.0,0.0
-6.097860336303711,9.305750846862793
-2.0,0.0
0.0,0.0
0.0,0.0
0.0,0.0
0.0,0.0
0.0,0.0
0.0,0.0
0.0,0.0
0.0,0.0
0.0,0.0
0.0,0.0
0.0,0.0
0.0,0.0
0.0,0.0
0.0,0.0
0.0,0.0
0.0,0.0
0.0,0.0
0.0,0.0
-8.912972450256348,11.101195335388184
0.0,0.0
0.0,0.0
0.0,0.0
0.0,0.0
0.0,0.0
0.0,0.0
0.0,0.0
-8.94883918762207,10.372103691101074
-11.657696723937988,210.63133239746094
0.0,0.0
0.0,0.0
-4.891209602355957,4.953588962554932
-2.0,0.0
0.0,0.0
0.0,0.0
0.0,0.0
0.0,0.0
0.0,0.0
0.0,0.0
0.0,0.0
0.0,0.0
0.0,0.0
0.0,0.0
0.0,0.0
0.0,0.0
0.0,0.0
0.0,0.0
0.0,0.0
0.0,0.0
0.0,0.0
0.0,0.0
0.0,0.0
0.0,0.0
0.0,0.0
0.0,0.0
0.0,0.0
0.0,0.0
0.0,0.0
0.0,0.0
0.0,0.0
0.0,0.0
0.0,0.0
0.0,0.0
0.0,0.0
0.0,0.0
0.0,0.0
0.0,0.0
0.0,0.0
0.0,0.0
0.0,0.0
0.0,0.0
0.0,0.0
0.0,0.0
0.0,0.0
0.0,0.0
0.0,0.0
0.0,0.0
0.0,0.0
0.0,0.0
0.0,0.0
0.0,0.0
0.0,0.0
0.0,0.0
0.0,0.0
0.0,0.0
0.0,0.0
0.0,0.0
0.0,0.0
0.0,0.0
0.0,0.0
0.0,0.0
0.0,0.0
0.0,0.0
0.0,0.0
0.0,0.0
0.0,0.0
0.0,0.0
-9.502488136291504,6.164134502410889
-20.49590492248535,-17.544816970825195
33.33330535888672,-24.134531021118164
5.476200103759766,0.0
0.0,0.0
0.0,0.0
0.0,0.0
2.0,0.0
-9.62546157836914,3.7535252571105957
-15.352505683898926,-1.9246948957443237
33.33330535888672,-22.882869720458984
8.354841232299805,2.0381999015808105
0.0,0.0
0.0,0.0
3.0,0.0
2.0,0.0
0.0,0.0
0.0,0.0
19.069005966186523,0.0
5.476200103759766,0.0
0.0,0.0
0.0,0.0
5.730000019073486,0.0
2.0,0.0
0.0,0.0
0.0,0.0
33.333248138427734,-20.70661163330078
9.6029052734375,0.0
0.0,0.0
0.0,0.0
8.214300155639648,0.0
5.476200103759766,0.0
-2.4686689376831055,79.15972900390625
-13.03432559967041,15.235050201416016
33.33330535888672,-26.425315856933594
8.354841232299805,0.0
-1.1518856287002563,102.28999328613281
-5.160784721374512,13.642900466918945
12.532261848449707,0.0
0.0,0.0
-3.1038260459899902,69.18928527832031
-16.582138061523438,19.231252670288086
33.33330535888672,-24.88286590576172
3.819999933242798,0.0
-3.8005640506744385,96.54460144042969
0.0,0.0
12.532261848449707,0.0
2.0,0.0
0.0,0.0
0.0,0.0
0.0,0.0
2.0,-3.9800000190734863
0.0,0.0
0.0,0.0
3.0,0.0
0.0,0.0
0.0,0.0
0.0,0.0
32.937217712402344,-2.6801652908325195
2.0,0.0
0.0,0.0
0.0,0.0
10.47501277923584,-5.617856979370117
2.0,0.0
0.0,0.0
0.0,0.0
0.0,0.0
0.0,0.0
0.0,0.0
0.0,0.0
0.0,0.0
0.0,0.0
0.0,0.0
0.0,0.0
0.0,0.0
0.0,0.0
0.0,0.0
0.0,0.0
0.0,0.0
0.0,0.0
0.0,0.0
0.0,0.0
0.0,0.0
0.0,0.0
0.0,0.0
0.0,0.0
0.0,0.0
0.0,0.0
0.0,0.0
0.0,0.0
0.0,0.0
0.0,0.0
0.0,0.0
0.0,0.0
0.0,0.0
0.0,0.0
0.0,0.0
0.0,0.0
0.0,0.0
0.0,0.0
0.0,0.0
0.0,0.0
0.0,0.0
0.0,0.0
0.0,0.0
0.0,0.0
0.0,0.0
0.0,0.0
0.0,0.0
0.0,0.0
0.0,0.0
0.0,0.0
0.0,0.0
0.0,0.0
0.0,0.0
0.0,0.0
0.0,0.0
0.0,0.0
0.0,0.0
0.0,0.0
0.0,0.0
0.0,0.0
0.0,0.0
0.0,0.0
0.0,0.0
0.0,0.0
0.0,0.0
0.0,0.0
0.0,0.0
0.0,0.0
-6.035484313964844,10.819144248962402
0.0,0.0
0.0,0.0
0.0,0.0
0.0,0.0
0.0,0.0
33.33330535888672,18.113117218017578
0.0,0.0
33.33330535888672,23.402088165283203
0.0,0.0
0.0,0.0
0.0,0.0
12.532261848449707,0.0
0.0,0.0
0.0,0.0
0.0,0.0
-10.145302772521973,-1.4533873796463013
0.0,0.0
0.0,0.0
0.0,0.0
0.0,0.0
0.0,0.0
5.730000019073486,0.0
0.0,0.0
33.33330535888672,-16.335214614868164
0.0,0.0
0.0,0.0
0.0,0.0
33.179080963134766,-7.618884563446045
0.0,0.0
0.0,0.0
0.0,0.0
-2.5493850708007812,10.772041320800781
0.0,0.0
0.0,0.0
0.0,0.0
0.0,0.0
0.0,0.0
33.33330535888672,19.15424919128418
0.0,0.0
33.33330535888672,12.859600067138672
0.0,0.0
0.0,0.0
0.0,0.0
8.214300155639648,0.0
0.0,0.0
0.0,0.0
0.0,0.0
-6.320437431335449,11.111092567443848
0.0,0.0
0.0,0.0
0.0,0.0
0.0,0.0
0.0,0.0
5.730000019073486,0.0
0.0,0.0
33.33330535888672,-23.459766387939453
0.0,0.0
0.0,0.0
0.0,0.0
31.849977493286133,-2.997096300125122
0.0,0.0
0.0,0.0
0.0,0.0
0.0,0.0
0.0,0.0
0.0,0.0
0.0,0.0
0.0,0.0
0.0,0.0
0.0,0.0
0.0,0.0
0.0,0.0
0.0,0.0
0.0,0.0
0.0,0.0
0.0,0.0
0.0,0.0
0.0,0.0
0.0,0.0
43.6024169921875,68.30696105957031
-15.723432540893555,135.96170043945312
0.0,0.0
0.0,0.0
0.0,0.0
0.0,0.0
0.0,0.0
0.0,0.0
33.86433410644531,57.20937728881836
-14.745067596435547,24.06524658203125
0.0,0.0
0.0,0.0
0.0,0.0
0.0,0.0
0.0,0.0
0.0,0.0
0.0,0.0
0.0,0.0
0.0,0.0
0.0,0.0
0.0,0.0
0.0,0.0
0.0,0.0
0.0,0.0
0.0,0.0
0.0,0.0
0.0,0.0
0.0,0.0
0.0,0.0
0.0,0.0
0.0,0.0
0.0,0.0
-0.36325666308403015,94.07738494873047
16.287818908691406,133.61392211914062
0.0,0.0
0.0,0.0
364.7099914550781,0.0
0.0,0.0
0.0,0.0
0.0,0.0
47.09972381591797,65.26921081542969
-15.219977378845215,22.22238540649414
0.0,0.0
0.0,0.0
-1.0,523.8949584960938
0.0,0.0
0.0,0.0
0.0,0.0
0.0,0.0
0.0,0.0
0.0,0.0
0.0,0.0
0.0,0.0
0.0,0.0
0.0,0.0
0.0,0.0
0.0,0.0
0.0,0.0
0.0,0.0
0.0,0.0
0.0,0.0
0.0,0.0
0.0,0.0
0.0,0.0
0.0,0.0
0.0,0.0
0.0,0.0
0.0,0.0
0.0,0.0
0.0,0.0
0.0,0.0
0.0,0.0
0.0,0.0
0.0,0.0
0.0,0.0
0.0,0.0
0.0,0.0
0.0,0.0
0.0,0.0
0.0,0.0
0.0,0.0
0.0,0.0
0.0,0.0
0.0,0.0
0.0,0.0
0.0,0.0
0.0,0.0
0.0,0.0
0.0,0.0
0.0,0.0
0.0,0.0
0.0,0.0
0.0,0.0
0.0,0.0
0.0,0.0
0.0,0.0
0.0,0.0
0.0,0.0
0.0,0.0
0.0,0.0
0.0,0.0
0.0,0.0
0.0,0.0
0.0,0.0
0.0,0.0
0.0,0.0
0.0,0.0
0.0,0.0
0.0,0.0
0.0,0.0
0.0,0.0
0.0,0.0
0.0,0.0
0.0,0.0
0.0,0.0
0.0,0.0
0.0,0.0
0.0,0.0
0.0,0.0
0.0,0.0
0.0,0.0
0.0,0.0
0.0,0.0
0.0,0.0
0.0,0.0
0.0,0.0
0.0,0.0
0.0,0.0
-6.666666507720947,33.33330535888672
-14.24935531616211,22.21936798095703
0.0,0.0
0.0,0.0
0.0,0.0
0.0,0.0
0.0,0.0
0.0,0.0
-6.666666507720947,33.33330535888672
-13.04573917388916,46.35438919067383
0.0,0.0
0.0,0.0
0.0,0.0
0.0,0.0
0.0,0.0
0.0,0.0
0.0,0.0
0.0,0.0
0.0,0.0
0.0,0.0
0.0,0.0
0.0,0.0
0.0,0.0
0.0,0.0
0.0,0.0
0.0,0.0
0.0,0.0
0.0,0.0
0.0,0.0
0.0,0.0
0.0,0.0
0.0,0.0
-5.189218997955322,33.33083724975586
-12.415224075317383,22.185781478881836
0.0,0.0
0.0,0.0
0.0,0.0
0.0,0.0
0.0,0.0
0.0,0.0
-6.666666507720947,33.33330535888672
-10.395227432250977,22.219860076904297
0.0,0.0
0.0,0.0
0.0,0.0
0.0,0.0
0.0,0.0
0.0,0.0
0.0,0.0
0.0,0.0
0.0,0.0
0.0,0.0
0.0,0.0
0.0,0.0
0.0,0.0
0.0,0.0
0.0,0.0
0.0,0.0
0.0,0.0
0.0,0.0
0.0,0.0
0.0,0.0
0.0,0.0
0.0,0.0
0.0,0.0
0.0,0.0
0.0,0.0
0.0,0.0
0.0,0.0
0.0,0.0
0.0,0.0
0.0,0.0
0.0,0.0
0.0,0.0
0.0,0.0
0.0,0.0
0.0,0.0
0.0,0.0
0.0,0.0
0.0,0.0
0.0,0.0
0.0,0.0
0.0,0.0
0.0,0.0
0.0,0.0
0.0,0.0
0.0,0.0
0.0,0.0
0.0,0.0
0.0,0.0
0.0,0.0
0.0,0.0
0.0,0.0
0.0,0.0
0.0,0.0
0.0,0.0
0.0,0.0
0.0,0.0
0.0,0.0
0.0,0.0
0.0,0.0
0.0,0.0
0.0,0.0
0.0,0.0
0.0,0.0
0.0,0.0
0.0,0.0
0.0,0.0
0.0,0.0
0.0,0.0
-4.85878324508667,11.03612995147705
-2.0,0.0
26.625497817993164,-2.8389203548431396
0.0,0.0
0.0,0.0
0.0,0.0
0.0,0.0
0.0,0.0
-7.82854700088501,11.11038875579834
-2.0,0.0
5.730000019073486,-2.9700000286102295
0.0,0.0
0.0,0.0
0.0,0.0
0.0,0.0
0.0,0.0
-5.2756266593933105,11.042878150939941
-2.0,0.0
33.33330535888672,-26.664209365844727
15.701050758361816,-7.5301666259765625
0.0,0.0
0.0,0.0
0.0,0.0
0.0,0.0
-5.135281085968018,11.110838890075684
-2.0,0.0
33.33330535888672,-26.65715217590332
14.347362518310547,-3.872873306274414
0.0,0.0
0.0,0.0
0.0,0.0
0.0,0.0
-3.6601998805999756,110.6600112915039
0.0,0.0
20.352794647216797,-7.772745132446289
0.0,0.0
-1.0,19.100000381469727
0.0,0.0
0.0,0.0
0.0,0.0
-0.6945416927337646,111.10956573486328
0.0,37.59678649902344
8.214300155639648,0.0
0.0,0.0
-1.0,27.381000518798828
0.0,0.0
0.0,0.0
0.0,0.0
-1.3689533472061157,110.40629577636719
0.0,0.0
33.33330535888672,-26.513587951660156
21.799041748046875,-3.903970956802368
-1.0,10.0
0.0,0.0
5.730000019073486,0.0
0.0,0.0
1.7975395917892456,111.1646499633789
-2.0,31.425039291381836
33.333370208740234,-26.651639938354492
19.431617736816406,-10.552183151245117
-1.0,27.381000518798828
0.0,0.0
98.95804595947266,0.0
0.0,0.0
0.0,0.0
0.0,0.0
0.0,0.0
0.0,0.0
0.0,0.0
0.0,0.0
0.0,0.0
0.0,0.0
0.0,0.0
0.0,0.0
0.0,0.0
0.0,0.0
0.0,0.0
0.0,0.0
0.0,0.0
0.0,0.0
0.0,0.0
0.0,0.0
0.0,0.0
0.0,0.0
0.0,0.0
0.0,0.0
0.0,0.0
0.0,0.0
0.0,0.0
0.0,0.0
0.0,0.0
0.0,0.0
0.0,0.0
0.0,0.0
0.0,0.0
0.0,0.0
0.0,0.0
0.0,0.0
0.0,0.0
0.0,0.0
0.0,0.0
0.0,0.0
0.0,0.0
0.0,0.0
0.0,0.0
0.0,0.0
0.0,0.0
0.0,0.0
0.0,0.0
0.0,0.0
0.0,0.0
0.0,0.0
0.0,0.0
0.0,0.0
0.0,0.0
0.0,0.0
0.0,0.0
0.0,0.0
0.0,0.0
0.0,0.0
0.0,0.0
0.0,0.0
0.0,0.0
0.0,0.0
0.0,0.0
0.0,0.0
0.0,0.0
0.0,0.0
0.0,0.0
0.0,0.0
-2.7100000381469727,0.0
0.0,0.0
0.0,0.0
0.0,0.0
0.0,0.0
0.0,0.0
16.10796546936035,-2.942699909210205
0.0,0.0
5.730000019073486,0.0
0.0,0.0
0.0,0.0
0.0,0.0
0.0,0.0
0.0,0.0
0.0,0.0
0.0,0.0
-8.889453887939453,11.109858512878418
0.0,0.0
0.0,0.0
0.0,0.0
0.0,0.0
0.0,0.0
16.10796546936035,0.0
0.0,0.0
33.33330535888672,-26.66665267944336
0.0,0.0
0.0,0.0
0.0,0.0
0.0,0.0
0.0,0.0
0.0,0.0
0.0,0.0
0.0,0.0
0.0,0.0
0.0,0.0
0.0,0.0
0.0,0.0
0.0,0.0
0.0,0.0
0.0,0.0
0.0,0.0
0.0,0.0
0.0,0.0
0.0,0.0
0.0,0.0
0.0,0.0
0.0,0.0
0.0,0.0
-1.0,6.356335163116455
0.0,0.0
0.0,0.0
0.0,0.0
0.0,0.0
0.0,0.0
0.0,0.0
0.0,0.0
32.40767288208008,0.0
0.0,0.0
0.0,0.0
0.0,0.0
0.0,0.0
0.0,0.0
0.0,0.0
0.0,0.0
0.0,0.0
0.0,0.0
0.0,0.0
0.0,0.0
0.0,0.0
0.0,0.0
0.0,0.0
0.0,0.0
0.0,0.0
0.0,0.0
0.0,0.0
0.0,0.0
0.0,0.0
0.0,0.0
0.0,0.0
0.0,0.0
0.0,0.0
0.0,0.0
0.0,0.0
0.0,0.0
0.0,0.0
0.0,0.0
0.0,0.0
0.0,0.0
0.0,0.0
0.0,0.0
0.0,0.0
0.0,0.0
0.0,0.0
0.0,0.0
0.0,0.0
0.0,0.0
0.0,0.0
0.0,0.0
0.0,0.0
0.0,0.0
0.0,0.0
0.0,0.0
0.0,0.0
0.0,0.0
0.0,0.0
0.0,0.0
0.0,0.0
0.0,0.0
0.0,0.0
0.0,0.0
0.0,0.0
0.0,0.0
0.0,0.0
0.0,0.0
0.0,0.0
0.0,0.0
0.0,0.0
0.0,0.0
0.0,0.0
0.0,0.0
0.0,0.0
0.0,0.0
0.0,0.0
0.0,0.0
0.0,0.0
0.0,0.0
