-6.857680797576904,9.999996185302734
0.0,0.0
0.0,0.0
0.0,0.0
0.0,0.0
0.0,0.0
0.0,0.0
0.0,0.0
0.0,0.0
0.0,0.0
0.0,0.0
0.0,0.0
0.0,0.0
0.0,0.0
0.0,0.0
0.0,0.0
0.0,0.0
0.0,0.0
7.996834754943848,29.69268226623535
19.431617736816406,1.1682204008102417
0.0,0.0
0.0,0.0
0.0,0.0
0.0,0.0
0.0,0.0
0.0,0.0
27.33115577697754,28.0557861328125
16.822040557861328,1.1356853246688843
0.0,0.0
0.0,0.0
0.0,0.0
0.0,0.0
0.0,0.0
0.0,0.0
0.0,0.0
0.0,0.0
0.0,0.0
0.0,0.0
0.0,0.0
0.0,0.0
0.0,0.0
0.0,0.0
0.0,0.0
0.0,0.0
0.0,0.0
0.0,0.0
0.0,0.0
0.0,0.0
0.0,0.0
0.0,0.0
-8.890738487243652,11.10680103302002
0.0,0.0
0.0,0.0
0.0,0.0
-8.887273788452148,11.111105918884277
0.0,0.0
0.0,0.0
0.0,0.0
-8.889508247375488,11.111072540283203
9.6029052734375,0.0
0.0,0.0
0.0,0.0
-8.441534042358398,11.110758781433105
0.0,0.0
0.0,0.0
0.0,0.0
0.0,0.0
0.0,0.0
0.0,0.0
0.0,0.0
0.0,0.0
0.0,0.0
0.0,0.0
0.0,0.0
0.0,0.0
0.0,0.0
0.0,0.0
0.0,0.0
0.0,0.0
0.0,0.0
0.0,0.0
0.0,0.0
-8.91793155670166,10.950712203979492
22.222211837768555,14.107416152954102
0.0,0.0
0.0,0.0
-8.471158027648926,11.101943969726562
17.30805778503418,2.014029026031494
0.0,0.0
0.0,0.0
-8.994881629943848,10.81145191192627
22.122228622436523,-6.498076438903809
0.0,0.0
0.0,0.0
-8.920936584472656,10.620013236999512
-110.45973205566406,9.987871170043945
0.0,0.0
0.0,0.0
0.0,0.0
0.0,0.0
0.0,0.0
0.0,0.0
0.0,0.0
0.0,0.0
0.0,0.0
0.0,0.0
0.0,0.0
0.0,0.0
0.0,0.0
0.0,0.0
0.0,0.0
0.0,0.0
0.0,0.0
0.0,0.0
-8.889551162719727,11.111105918884277
22.222211837768555,12.134149551391602
0.0,0.0
0.0,0.0
-8.87695026397705,11.11108112335205
22.222211837768555,10.62912368774414
0.0,0.0
0.0,0.0
-8.888897895812988,11.111105918884277
-179.7777862548828,8.118635177612305
0.0,0.0
0.0,0.0
-8.897842407226562,11.110395431518555
22.222211837768555,12.355010986328125
0.0,0.0
0.0,0.0
0.0,0.0
0.0,0.0
0.0,0.0
0.0,0.0
0.0,0.0
0.0,0.0
0.0,0.0
0.0,0.0
0.0,0.0
0.0,0.0
0.0,0.0
0.0,0.0
0.0,0.0
0.0,0.0
0.0,0.0
0.0,0.0
0.53288334608078,19.641048431396484
22.222179412841797,12.21786880493164
0.0,0.0
0.0,0.0
0.0,0.0
0.0,0.0
0.0,0.0
0.0,0.0
5.254142761230469,24.093881607055664
22.185781478881836,9.205466270446777
0.0,0.0
0.0,0.0
-8.03410530090332,11.110219955444336
0.0,0.0
0.0,0.0
0.0,0.0
0.0,0.0
0.0,0.0
0.0,0.0
0.0,0.0
0.0,0.0
0.0,0.0
0.0,0.0
0.0,0.0
0.0,0.0
0.0,0.0
0.0,0.0
0.0,0.0
0.0,0.0
0.0,0.0
0.0,0.0
0.0,0.0
0.0,0.0
0.0,0.0
0.0,0.0
0.0,0.0
0.0,0.0
0.0,0.0
0.0,0.0
0.0,0.0
0.0,0.0
0.0,0.0
0.0,0.0
0.0,0.0
0.0,0.0
0.0,0.0
0.0,0.0
0.0,0.0
0.0,0.0
0.0,0.0
0.0,0.0
0.0,0.0
0.0,0.0
0.0,0.0
0.0,0.0
0.0,0.0
0.0,0.0
0.0,0.0
0.0,0.0
0.0,0.0
0.0,0.0
0.0,0.0
0.0,0.0
0.0,0.0
-8.911102294921875,10.888412475585938
22.13853645324707,11.195418357849121
0.0,0.0
0.0,0.0
0.0,0.0
0.0,0.0
0.0,0.0
0.0,0.0
-8.92375373840332,10.773255348205566
22.222211837768555,12.222216606140137
0.0,0.0
0.0,0.0
-9.227575302124023,9.1351957321167
0.0,0.0
0.0,0.0
0.0,0.0
0.0,0.0
0.0,0.0
0.0,0.0
0.0,0.0
0.0,0.0
0.0,0.0
0.0,0.0
0.0,0.0
0.0,0.0
0.0,0.0
0.0,0.0
0.0,0.0
0.0,0.0
0.0,0.0
0.0,0.0
0.0,0.0
-8.91092300415039,11.110994338989258
0.0,0.0
0.0,0.0
0.0,0.0
0.0,0.0
0.0,0.0
0.0,0.0
0.0,0.0
-8.92338752746582,10.030077934265137
-81.94853973388672,6.1109795570373535
0.0,0.0
0.0,0.0
-8.829633712768555,8.788838386535645
0.0,0.0
0.0,0.0
0.0,0.0
0.0,0.0
0.0,0.0
0.0,0.0
0.0,0.0
0.0,0.0
0.0,0.0
0.0,0.0
0.0,0.0
0.0,0.0
0.0,0.0
0.0,0.0
0.0,0.0
0.0,0.0
0.0,0.0
0.0,0.0
0.0,0.0
0.0,0.0
0.0,0.0
0.0,0.0
0.0,0.0
0.0,0.0
0.0,0.0
0.0,0.0
0.0,0.0
0.0,0.0
0.0,0.0
0.0,0.0
0.0,0.0
0.0,0.0
0.0,0.0
0.0,0.0
0.0,0.0
0.0,0.0
0.0,0.0
0.0,0.0
0.0,0.0
0.0,0.0
0.0,0.0
0.0,0.0
0.0,0.0
0.0,0.0
0.0,0.0
0.0,0.0
0.0,0.0
0.0,0.0
0.0,0.0
0.0,0.0
0.0,0.0
0.0,0.0
0.0,0.0
0.0,0.0
0.0,0.0
0.0,0.0
0.0,0.0
0.0,0.0
0.0,0.0
0.0,0.0
0.0,0.0
0.0,0.0
0.0,0.0
0.0,0.0
0.0,0.0
33.33331298828125,-20.855318069458008
66.6666259765625,-37.13874435424805
-9.561006546020508,7.646602153778076
9.6029052734375,0.0
0.0,0.0
0.0,0.0
0.0,1.0
0.0,0.0
33.33331298828125,-8.47273063659668
66.6666259765625,-51.23551559448242
-9.945247650146484,3.1276133060455322
15.056099891662598,0.0
0.0,0.0
0.0,0.0
-1.8809000253677368,5.648526668548584
0.0,0.0
0.0,0.0
0.0,0.0
-6.205687046051025,3.584892988204956
10.738643646240234,0.0
0.0,0.0
0.0,0.0
-1.0,1.491671085357666
0.0,0.0
0.0,0.0
0.0,0.0
-8.950165748596191,3.6507012844085693
2.041774272918701,7.537836074829102
0.0,0.0
0.0,0.0
-5.04925537109375,1.6097924709320068
0.0,0.0
33.33331298828125,-23.7249755859375
66.6666259765625,-49.25434494018555
-9.90030574798584,7.811613082885742
2.0,0.0
33.33331298828125,-25.727724075317383
0.0,0.0
-1.8899999856948853,2.5212206840515137
0.0,0.0
33.33331298828125,-14.55396842956543
66.6666259765625,-19.524980545043945
-9.460658073425293,10.968307495117188
16.822040557861328,5.00070858001709
33.33331298828125,-26.66032600402832
45.16830062866211,-5.548316955566406
-5.10029935836792,4.4503679275512695
8.354841232299805,1.0199999809265137
0.0,0.0
0.0,0.0
-2.590749740600586,8.837544441223145
0.0,0.0
0.0,0.0
0.0,0.0
-1.0,3.86217999458313
0.0,0.0
0.0,0.0
0.0,0.0
-5.7198486328125,8.15170669555664
12.71267032623291,1.0698333978652954
0.0,0.0
0.0,0.0
-5.817325592041016,7.362876892089844
15.701050758361816,2.0547618865966797
0.0,0.0
0.0,0.0
0.0,0.0
0.0,0.0
0.0,0.0
0.0,0.0
0.0,0.0
0.0,0.0
0.0,0.0
0.0,0.0
0.0,0.0
0.0,0.0
0.0,0.0
0.0,0.0
0.0,0.0
0.0,0.0
0.0,0.0
0.0,0.0
0.0,0.0
0.0,0.0
0.0,0.0
0.0,0.0
0.0,0.0
0.0,0.0
0.0,0.0
0.0,0.0
0.0,0.0
0.0,0.0
0.0,0.0
0.0,0.0
0.0,0.0
0.0,0.0
0.0,0.0
0.0,0.0
0.0,0.0
0.0,0.0
0.0,0.0
0.0,0.0
0.0,0.0
0.0,0.0
0.0,0.0
0.0,0.0
0.0,0.0
0.0,0.0
0.0,0.0
0.0,0.0
0.0,0.0
0.0,0.0
0.0,0.0
0.0,0.0
0.0,0.0
0.0,0.0
0.0,0.0
0.0,0.0
0.0,0.0
0.0,0.0
0.0,0.0
0.0,0.0
0.0,0.0
0.0,0.0
0.0,0.0
0.0,0.0
0.0,0.0
0.0,0.0
0.0,0.0
0.0,0.0
-9.129810333251953,6.7406005859375
0.0,0.0
0.0,0.0
0.0,0.0
0.0,0.0
0.0,0.0
33.33331298828125,10.42908763885498
0.0,0.0
-10.718286514282227,-6.642582416534424
0.0,0.0
0.0,0.0
0.0,0.0
-5.363081932067871,-4.80145263671875
0.0,0.0
0.0,0.0
0.0,0.0
-10.193995475769043,-1.9396271705627441
0.0,0.0
0.0,0.0
0.0,0.0
0.0,0.0
0.0,0.0
22.192529678344727,11.449551582336426
0.0,0.0
-9.76821517944336,2.424381732940674
0.0,0.0
0.0,0.0
0.0,0.0
-9.630081176757812,0.4663925766944885
0.0,0.0
0.0,0.0
0.0,0.0
-4.581442832946777,6.521064758300781
0.0,0.0
0.0,0.0
0.0,0.0
0.0,0.0
0.0,0.0
33.33331298828125,14.884993553161621
0.0,0.0
-10.486546516418457,-7.783588409423828
0.0,0.0
0.0,0.0
0.0,0.0
-2.7100000381469727,0.0
0.0,0.0
0.0,0.0
0.0,0.0
-8.78237247467041,9.65025520324707
0.0,0.0
0.0,0.0
0.0,0.0
0.0,0.0
0.0,0.0
20.11930274963379,6.009983062744141
0.0,0.0
-9.693341255187988,4.910037994384766
0.0,0.0
0.0,0.0
0.0,0.0
-8.185749053955078,2.769894599914551
0.0,0.0
0.0,0.0
0.0,0.0
0.0,0.0
0.0,0.0
0.0,0.0
0.0,0.0
0.0,0.0
0.0,0.0
0.0,0.0
0.0,0.0
0.0,0.0
0.0,0.0
0.0,0.0
0.0,0.0
0.0,0.0
0.0,0.0
0.0,0.0
0.0,0.0
-9.342092514038086,5.007380962371826
22.222211837768555,-0.9237581491470337
0.0,0.0
0.0,0.0
0.0,0.0
0.0,0.0
0.0,0.0
0.0,0.0
-9.519803047180176,11.111089706420898
-85.63378143310547,-189.86773681640625
0.0,0.0
0.0,0.0
0.0,0.0
0.0,0.0
0.0,0.0
0.0,0.0
0.0,0.0
0.0,0.0
0.0,0.0
0.0,0.0
0.0,0.0
0.0,0.0
0.0,0.0
0.0,0.0
0.0,0.0
0.0,0.0
0.0,0.0
0.0,0.0
0.0,0.0
0.0,0.0
0.0,0.0
0.0,0.0
-100.29925537109375,-10.192869186401367
22.221542358398438,-15.215747833251953
0.0,0.0
0.0,0.0
-291.6956787109375,-144.41197204589844
0.0,0.0
0.0,0.0
0.0,0.0
-53.52706527709961,-209.68446350097656
22.222211837768555,12.222212791442871
0.0,0.0
0.0,0.0
-200.91000366210938,-198.26190185546875
0.0,0.0
0.0,0.0
0.0,0.0
0.0,0.0
0.0,0.0
0.0,0.0
0.0,0.0
0.0,0.0
0.0,0.0
0.0,0.0
0.0,0.0
0.0,0.0
0.0,0.0
0.0,0.0
0.0,0.0
0.0,0.0
0.0,0.0
0.0,0.0
0.0,0.0
0.0,0.0
0.0,0.0
0.0,0.0
0.0,0.0
0.0,0.0
0.0,0.0
0.0,0.0
0.0,0.0
0.0,0.0
0.0,0.0
0.0,0.0
0.0,0.0
0.0,0.0
0.0,0.0
0.0,0.0
0.0,0.0
0.0,0.0
0.0,0.0
0.0,0.0
0.0,0.0
0.0,0.0
0.0,0.0
0.0,0.0
0.0,0.0
0.0,0.0
0.0,0.0
0.0,0.0
0.0,0.0
0.0,0.0
0.0,0.0
0.0,0.0
0.0,0.0
0.0,0.0
0.0,0.0
0.0,0.0
0.0,0.0
0.0,0.0
0.0,0.0
0.0,0.0
0.0,0.0
0.0,0.0
0.0,0.0
0.0,0.0
0.0,0.0
0.0,0.0
0.0,0.0
0.0,0.0
0.0,0.0
0.0,0.0
0.0,0.0
0.0,0.0
0.0,0.0
0.0,0.0
0.0,0.0
0.0,0.0
0.0,0.0
0.0,0.0
0.0,0.0
0.0,0.0
0.0,0.0
0.0,0.0
0.0,0.0
0.0,0.0
0.0,0.0
-8.888994216918945,11.109589576721191
21.405376434326172,5.635986804962158
0.0,0.0
0.0,0.0
0.0,0.0
0.0,0.0
0.0,0.0
0.0,0.0
-8.888885498046875,11.111105918884277
18.201711654663086,10.629960060119629
0.0,0.0
0.0,0.0
0.0,0.0
0.0,0.0
0.0,0.0
0.0,0.0
0.0,0.0
0.0,0.0
0.0,0.0
0.0,0.0
0.0,0.0
0.0,0.0
0.0,0.0
0.0,0.0
0.0,0.0
0.0,0.0
0.0,0.0
0.0,0.0
0.0,0.0
0.0,0.0
0.0,0.0
0.0,0.0
-9.636495590209961,11.111105918884277
22.22174835205078,11.144062995910645
0.0,0.0
0.0,0.0
0.0,0.0
0.0,0.0
0.0,0.0
0.0,0.0
-9.354141235351562,7.407541751861572
19.91132164001465,4.672780990600586
0.0,0.0
0.0,0.0
0.0,0.0
0.0,0.0
0.0,0.0
0.0,0.0
0.0,0.0
0.0,0.0
0.0,0.0
0.0,0.0
0.0,0.0
0.0,0.0
0.0,0.0
0.0,0.0
0.0,0.0
0.0,0.0
0.0,0.0
0.0,0.0
0.0,0.0
0.0,0.0
0.0,0.0
0.0,0.0
0.0,0.0
0.0,0.0
0.0,0.0
0.0,0.0
0.0,0.0
0.0,0.0
0.0,0.0
0.0,0.0
0.0,0.0
0.0,0.0
0.0,0.0
0.0,0.0
0.0,0.0
0.0,0.0
0.0,0.0
0.0,0.0
0.0,0.0
0.0,0.0
0.0,0.0
0.0,0.0
0.0,0.0
0.0,0.0
0.0,0.0
0.0,0.0
0.0,0.0
0.0,0.0
0.0,0.0
0.0,0.0
0.0,0.0
0.0,0.0
0.0,0.0
0.0,0.0
0.0,0.0
0.0,0.0
0.0,0.0
0.0,0.0
0.0,0.0
0.0,0.0
0.0,0.0
0.0,0.0
0.0,0.0
0.0,0.0
0.0,0.0
0.0,0.0
0.0,0.0
0.0,0.0
33.322330474853516,-23.638057708740234
40.705589294433594,-5.790499687194824
-4.281976699829102,11.084540367126465
2.0,0.0
0.0,0.0
0.0,0.0
0.0,0.0
0.0,0.0
33.33330535888672,-73.246826171875
51.924171447753906,-19.267969131469727
-4.820194721221924,9.763781547546387
2.0,0.0
0.0,0.0
0.0,0.0
0.0,0.0
0.0,0.0
21.806764602661133,11.457685470581055
31.78167724609375,2.2968549728393555
-11.096542358398438,-84.16073608398438
22.222185134887695,11.555459022521973
0.0,0.0
0.0,0.0
0.0,0.0
0.0,0.0
22.222097396850586,12.019835472106934
46.29762268066406,2.4591779708862305
-48.66227340698242,11.111104965209961
22.222211837768555,12.203161239624023
0.0,0.0
0.0,0.0
0.0,0.0
0.0,0.0
33.332794189453125,-18.371665954589844
32.2159309387207,0.0
-6.183408260345459,11.109216690063477
0.0,0.0
12.532261848449707,-2.9178569316864014
0.0,0.0
0.0,0.0
0.0,0.0
33.33331298828125,-22.7675838470459
50.466121673583984,-6.0
-3.2565619945526123,11.01161003112793
0.0,0.0
14.40435791015625,0.0
0.0,0.0
0.0,0.0
0.0,0.0
22.221111297607422,10.999297142028809
24.00726318359375,1.2088710069656372
-8.945944786071777,11.111104965209961
22.22220802307129,11.874727249145508
6.983342170715332,1.0199999809265137
0.0,0.0
-177.60003662109375,10.940598487854004
0.0,0.0
-179.77781677246094,11.089728355407715
37.64025115966797,2.4552786350250244
-120.16046142578125,-6.916636943817139
22.222211837768555,12.174798011779785
10.738643646240234,0.0
0.0,0.0
-420.2686462402344,-285.82080078125
0.0,0.0
0.0,0.0
0.0,0.0
0.0,0.0
0.0,0.0
0.0,0.0
0.0,0.0
0.0,0.0
0.0,0.0
0.0,0.0
0.0,0.0
0.0,0.0
0.0,0.0
0.0,0.0
0.0,0.0
0.0,0.0
0.0,0.0
0.0,0.0
0.0,0.0
0.0,0.0
0.0,0.0
0.0,0.0
0.0,0.0
0.0,0.0
0.0,0.0
0.0,0.0
0.0,0.0
0.0,0.0
0.0,0.0
0.0,0.0
0.0,0.0
0.0,0.0
0.0,0.0
0.0,0.0
0.0,0.0
0.0,0.0
0.0,0.0
0.0,0.0
0.0,0.0
0.0,0.0
0.0,0.0
0.0,0.0
0.0,0.0
0.0,0.0
0.0,0.0
0.0,0.0
0.0,0.0
0.0,0.0
0.0,0.0
0.0,0.0
0.0,0.0
0.0,0.0
0.0,0.0
0.0,0.0
0.0,0.0
0.0,0.0
0.0,0.0
0.0,0.0
0.0,0.0
0.0,0.0
0.0,0.0
0.0,0.0
0.0,0.0
0.0,0.0
0.0,0.0
0.0,0.0
0.0,0.0
-1.0,1.909999966621399
0.0,0.0
0.0,0.0
0.0,0.0
0.0,0.0
0.0,0.0
33.21709442138672,-12.413595199584961
0.0,0.0
-3.235851764678955,10.200811386108398
0.0,0.0
0.0,0.0
0.0,0.0
0.0,0.0
0.0,0.0
0.0,0.0
0.0,0.0
-8.888895988464355,11.111099243164062
0.0,0.0
0.0,0.0
0.0,0.0
0.0,0.0
0.0,0.0
9.84525203704834,11.109170913696289
0.0,0.0
-8.888894081115723,11.111099243164062
0.0,0.0
0.0,0.0
0.0,0.0
0.0,0.0
0.0,0.0
0.0,0.0
0.0,0.0
0.0,0.0
0.0,0.0
0.0,0.0
0.0,0.0
0.0,0.0
0.0,0.0
0.0,0.0
0.0,0.0
-1.0,1.0
0.0,0.0
0.0,0.0
0.0,0.0
0.0,0.0
0.0,0.0
0.0,0.0
0.0,0.0
-3.946178674697876,6.356335163116455
0.0,0.0
0.0,0.0
0.0,0.0
0.0,0.0
0.0,0.0
2.0,0.0
0.0,0.0
-8.60768985748291,11.109387397766113
0.0,0.0
0.0,0.0
0.0,0.0
0.0,0.0
0.0,0.0
0.0,0.0
0.0,0.0
0.0,0.0
0.0,0.0
0.0,0.0
0.0,0.0
0.0,0.0
0.0,0.0
0.0,0.0
0.0,0.0
0.0,0.0
0.0,0.0
0.0,0.0
0.0,0.0
0.0,0.0
0.0,0.0
0.0,0.0
0.0,0.0
0.0,0.0
0.0,0.0
0.0,0.0
0.0,0.0
0.0,0.0
0.0,0.0
0.0,0.0
0.0,0.0
0.0,0.0
0.0,0.0
0.0,0.0
0.0,0.0
0.0,0.0
0.0,0.0
0.0,0.0
0.0,0.0
0.0,0.0
0.0,0.0
0.0,0.0
0.0,0.0
0.0,0.0
0.0,0.0
0.0,0.0
0.0,0.0
0.0,0.0
0.0,0.0
0.0,0.0
0.0,0.0
0.0,0.0
0.0,0.0
0.0,0.0
0.0,0.0
0.0,0.0
0.0,0.0
0.0,0.0
0.0,0.0
0.0,0.0
0.0,0.0
0.0,0.0
0.0,0.0
0.0,0.0
0.0,0.0
0.0,0.0
0.0,0.0
0.0,0.0
0.0,0.0
