-9.869149208068848,9.999996185302734
0.0,0.0
0.0,0.0
0.0,0.0
0.0,0.0
0.0,0.0
0.0,0.0
0.0,0.0
0.0,0.0
0.0,0.0
0.0,0.0
0.0,0.0
0.0,0.0
0.0,0.0
0.0,0.0
0.0,0.0
0.0,0.0
0.0,0.0
14.620783805847168,29.6988468170166
21.932025909423828,3.257923126220703
0.0,0.0
0.0,0.0
0.0,0.0
0.0,0.0
0.0,0.0
0.0,0.0
10.768743515014648,28.05694580078125
22.194761276245117,4.93694543838501
0.0,0.0
0.0,0.0
-1.0,2.738100051879883
0.0,0.0
0.0,0.0
0.0,0.0
0.0,0.0
0.0,0.0
0.0,0.0
0.0,0.0
0.0,0.0
0.0,0.0
0.0,0.0
0.0,0.0
0.0,0.0
0.0,0.0
0.0,0.0
0.0,0.0
0.0,0.0
0.0,0.0
0.0,0.0
0.0,0.0
-8.932577133178711,11.103096008300781
0.0,0.0
0.0,0.0
0.0,0.0
-8.89039421081543,11.106348037719727
0.0,0.0
0.0,0.0
0.0,0.0
-8.722038269042969,23.757780075073242
21.135517120361328,2.2176496982574463
0.0,0.0
0.0,0.0
-8.865364074707031,11.111105918884277
0.0,0.0
0.0,0.0
0.0,0.0
0.0,0.0
0.0,0.0
0.0,0.0
0.0,0.0
0.0,0.0
0.0,0.0
0.0,0.0
0.0,0.0
0.0,0.0
0.0,0.0
0.0,0.0
0.0,0.0
0.0,0.0
0.0,0.0
0.0,0.0
0.0,0.0
-8.986773490905762,10.375548362731934
22.222211837768555,12.223081588745117
0.0,0.0
0.0,0.0
-8.835817337036133,11.099934577941895
21.75718879699707,3.90857195854187
0.0,0.0
0.0,0.0
-8.912396430969238,11.071208953857422
22.222082138061523,12.186484336853027
0.0,0.0
0.0,0.0
-8.967287063598633,9.731707572937012
22.222211837768555,2.6086816787719727
0.0,0.0
0.0,0.0
0.0,0.0
0.0,0.0
0.0,0.0
0.0,0.0
0.0,0.0
0.0,0.0
0.0,0.0
0.0,0.0
0.0,0.0
0.0,0.0
0.0,0.0
0.0,0.0
0.0,0.0
0.0,0.0
0.0,0.0
0.0,0.0
-8.894944190979004,11.110551834106445
22.222211837768555,12.215898513793945
0.0,0.0
0.0,0.0
-8.900893211364746,11.111069679260254
22.222211837768555,12.1078519821167
0.0,0.0
0.0,0.0
-8.888971328735352,11.111102104187012
22.222209930419922,12.10800838470459
0.0,0.0
0.0,0.0
-8.900774955749512,11.111104965209961
22.222211837768555,13.104439735412598
0.0,0.0
0.0,0.0
0.0,0.0
0.0,0.0
0.0,0.0
0.0,0.0
0.0,0.0
0.0,0.0
0.0,0.0
0.0,0.0
0.0,0.0
0.0,0.0
0.0,0.0
0.0,0.0
0.0,0.0
0.0,0.0
0.0,0.0
0.0,0.0
0.527741014957428,19.641048431396484
21.00035285949707,12.063064575195312
0.0,0.0
0.0,0.0
0.0,0.0
0.0,0.0
0.0,0.0
0.0,0.0
11.40185832977295,24.096588134765625
22.222211837768555,11.718889236450195
0.0,0.0
0.0,0.0
-8.647479057312012,11.111105918884277
9.6029052734375,0.0
0.0,0.0
0.0,0.0
0.0,0.0
0.0,0.0
0.0,0.0
0.0,0.0
0.0,0.0
0.0,0.0
0.0,0.0
0.0,0.0
0.0,0.0
0.0,0.0
0.0,0.0
0.0,0.0
0.0,0.0
0.0,0.0
0.0,0.0
0.0,0.0
0.0,0.0
0.0,0.0
0.0,0.0
0.0,0.0
0.0,0.0
0.0,0.0
0.0,0.0
0.0,0.0
0.0,0.0
0.0,0.0
0.0,0.0
0.0,0.0
0.0,0.0
0.0,0.0
0.0,0.0
0.0,0.0
0.0,0.0
0.0,0.0
0.0,0.0
0.0,0.0
0.0,0.0
0.0,0.0
0.0,0.0
0.0,0.0
0.0,0.0
0.0,0.0
0.0,0.0
0.0,0.0
0.0,0.0
0.0,0.0
0.0,0.0
0.0,0.0
-8.911102294921875,10.888412475585938
22.222211837768555,12.031826972961426
0.0,0.0
0.0,0.0
0.0,0.0
0.0,0.0
0.0,0.0
0.0,0.0
-8.922917366027832,10.770564079284668
22.222164154052734,12.222151756286621
0.0,0.0
0.0,0.0
-9.291910171508789,8.852039337158203
0.0,0.0
0.0,0.0
0.0,0.0
0.0,0.0
0.0,0.0
0.0,0.0
0.0,0.0
0.0,0.0
0.0,0.0
0.0,0.0
0.0,0.0
0.0,0.0
0.0,0.0
0.0,0.0
0.0,0.0
0.0,0.0
0.0,0.0
0.0,0.0
0.0,0.0
-8.895221710205078,10.56340503692627
0.0,0.0
0.0,0.0
0.0,0.0
0.0,0.0
0.0,0.0
0.0,0.0
0.0,0.0
-8.959636688232422,10.290075302124023
22.222211837768555,12.203414916992188
0.0,0.0
0.0,0.0
-9.17622184753418,9.392324447631836
0.0,0.0
0.0,0.0
0.0,0.0
0.0,0.0
0.0,0.0
0.0,0.0
0.0,0.0
0.0,0.0
0.0,0.0
0.0,0.0
0.0,0.0
0.0,0.0
0.0,0.0
0.0,0.0
0.0,0.0
0.0,0.0
0.0,0.0
0.0,0.0
0.0,0.0
0.0,0.0
0.0,0.0
0.0,0.0
0.0,0.0
0.0,0.0
0.0,0.0
0.0,0.0
0.0,0.0
0.0,0.0
0.0,0.0
0.0,0.0
0.0,0.0
0.0,0.0
0.0,0.0
0.0,0.0
0.0,0.0
0.0,0.0
0.0,0.0
0.0,0.0
0.0,0.0
0.0,0.0
0.0,0.0
0.0,0.0
0.0,0.0
0.0,0.0
0.0,0.0
0.0,0.0
0.0,0.0
0.0,0.0
0.0,0.0
0.0,0.0
0.0,0.0
0.0,0.0
0.0,0.0
0.0,0.0
0.0,0.0
0.0,0.0
0.0,0.0
0.0,0.0
0.0,0.0
0.0,0.0
0.0,0.0
0.0,0.0
0.0,0.0
0.0,0.0
0.0,0.0
33.33331298828125,-21.26827049255371
66.6666259765625,-50.43124771118164
-9.585038185119629,6.20161771774292
19.91132164001465,0.0
3.0,0.0
0.0,0.0
0.0,5.886082649230957
0.0,0.0
33.33331298828125,-19.28693389892578
66.6666259765625,-39.626949310302734
-9.71230697631836,-3.51899790763855
21.75718879699707,0.0
0.0,0.0
0.0,0.0
-3.3112905025482178,6.083786487579346
0.0,0.0
0.0,0.0
0.0,0.0
-8.967525482177734,0.9431335926055908
19.431617736816406,1.150560975074768
0.0,0.0
0.0,0.0
-3.3600664138793945,6.266270637512207
0.0,0.0
0.0,0.0
0.0,0.0
-9.403362274169922,2.3960654735565186
7.177513599395752,14.64272403717041
0.0,0.0
0.0,0.0
-6.9280195236206055,3.449547052383423
0.0,0.0
33.33331298828125,-20.6373348236084
66.6666259765625,-51.54417419433594
-9.244794845581055,8.990826606750488
2.0,11.56795597076416
33.33331298828125,-24.779237747192383
0.0,0.0
-4.055166721343994,1.874733567237854
0.0,0.0
33.33331298828125,-21.736621856689453
66.6666259765625,-25.740068435668945
-9.671988487243652,-2.8722164630889893
21.981910705566406,9.246665954589844
33.33331298828125,-26.577980041503906
62.72979736328125,-2.731381893157959
-6.241507053375244,6.27286434173584
13.568530082702637,1.0199999809265137
0.0,0.0
0.0,0.0
-4.403328895568848,3.4135119915008545
14.347362518310547,0.0
0.0,0.0
0.0,0.0
-2.662649393081665,4.831634998321533
0.0,0.0
0.0,0.0
0.0,0.0
-7.26466178894043,3.955866813659668
21.32232093811035,3.112682580947876
0.0,0.0
0.0,0.0
-7.346384048461914,8.47706413269043
19.682771682739258,6.3978095054626465
0.0,0.0
0.0,0.0
0.0,0.0
0.0,0.0
0.0,0.0
0.0,0.0
0.0,0.0
0.0,0.0
0.0,0.0
0.0,0.0
0.0,0.0
0.0,0.0
0.0,0.0
0.0,0.0
0.0,0.0
0.0,0.0
0.0,0.0
0.0,0.0
0.0,0.0
0.0,0.0
0.0,0.0
0.0,0.0
0.0,0.0
0.0,0.0
0.0,0.0
0.0,0.0
0.0,0.0
0.0,0.0
0.0,0.0
0.0,0.0
0.0,0.0
0.0,0.0
0.0,0.0
0.0,0.0
0.0,0.0
0.0,0.0
0.0,0.0
0.0,0.0
0.0,0.0
0.0,0.0
0.0,0.0
0.0,0.0
0.0,0.0
0.0,0.0
0.0,0.0
0.0,0.0
0.0,0.0
0.0,0.0
0.0,0.0
0.0,0.0
0.0,0.0
0.0,0.0
0.0,0.0
0.0,0.0
0.0,0.0
0.0,0.0
0.0,0.0
0.0,0.0
0.0,0.0
0.0,0.0
0.0,0.0
0.0,0.0
0.0,0.0
0.0,0.0
0.0,0.0
0.0,0.0
-9.15080738067627,9.139019966125488
0.0,0.0
0.0,0.0
0.0,0.0
0.0,0.0
0.0,0.0
33.33331298828125,13.805603981018066
0.0,0.0
-10.526209831237793,-5.243007183074951
0.0,0.0
0.0,0.0
0.0,0.0
-9.253554344177246,-9.076400756835938
0.0,0.0
0.0,0.0
0.0,0.0
-10.193940162658691,-1.9389657974243164
0.0,0.0
0.0,0.0
0.0,0.0
0.0,0.0
0.0,0.0
22.222211837768555,12.172237396240234
0.0,0.0
-9.739869117736816,2.601532459259033
0.0,0.0
0.0,0.0
0.0,0.0
-10.171154975891113,-3.1139440536499023
0.0,0.0
0.0,0.0
0.0,0.0
-6.683938980102539,10.701310157775879
0.0,0.0
0.0,0.0
0.0,0.0
0.0,0.0
0.0,0.0
33.33331298828125,11.031806945800781
0.0,0.0
-10.551535606384277,-0.01838797703385353
0.0,0.0
0.0,0.0
0.0,0.0
-6.340378284454346,-5.885890007019043
0.0,0.0
0.0,0.0
0.0,0.0
-9.126136779785156,11.108009338378906
0.0,0.0
0.0,0.0
0.0,0.0
0.0,0.0
0.0,0.0
22.22201919555664,9.801983833312988
0.0,0.0
-9.657342910766602,5.978728771209717
0.0,0.0
0.0,0.0
0.0,0.0
-9.167359352111816,3.4358627796173096
0.0,0.0
0.0,0.0
0.0,0.0
0.0,0.0
0.0,0.0
0.0,0.0
0.0,0.0
0.0,0.0
0.0,0.0
0.0,0.0
0.0,0.0
0.0,0.0
0.0,0.0
0.0,0.0
0.0,0.0
0.0,0.0
0.0,0.0
0.0,0.0
0.0,0.0
-18.952707290649414,7.4435343742370605
22.222211837768555,10.25940990447998
0.0,0.0
0.0,0.0
0.0,0.0
0.0,0.0
0.0,0.0
0.0,0.0
-9.019814491271973,9.58836555480957
14.909719467163086,-152.13975524902344
0.0,0.0
0.0,0.0
0.0,0.0
0.0,0.0
0.0,0.0
0.0,0.0
0.0,0.0
0.0,0.0
0.0,0.0
0.0,0.0
0.0,0.0
0.0,0.0
0.0,0.0
0.0,0.0
0.0,0.0
0.0,0.0
0.0,0.0
0.0,0.0
0.0,0.0
0.0,0.0
0.0,0.0
0.0,0.0
-18.686601638793945,11.110430717468262
22.222211837768555,10.786864280700684
0.0,0.0
0.0,0.0
-278.8077087402344,10.156052589416504
0.0,0.0
0.0,0.0
0.0,0.0
-11.11984920501709,-16.79298210144043
-121.00582885742188,11.109580039978027
0.0,0.0
0.0,0.0
-154.1380615234375,-514.9088134765625
0.0,0.0
0.0,0.0
0.0,0.0
0.0,0.0
0.0,0.0
0.0,0.0
0.0,0.0
0.0,0.0
0.0,0.0
0.0,0.0
0.0,0.0
0.0,0.0
0.0,0.0
0.0,0.0
0.0,0.0
0.0,0.0
0.0,0.0
0.0,0.0
0.0,0.0
0.0,0.0
0.0,0.0
0.0,0.0
0.0,0.0
0.0,0.0
0.0,0.0
0.0,0.0
0.0,0.0
0.0,0.0
0.0,0.0
0.0,0.0
0.0,0.0
0.0,0.0
0.0,0.0
0.0,0.0
0.0,0.0
0.0,0.0
0.0,0.0
0.0,0.0
0.0,0.0
0.0,0.0
0.0,0.0
0.0,0.0
0.0,0.0
0.0,0.0
0.0,0.0
0.0,0.0
0.0,0.0
0.0,0.0
0.0,0.0
0.0,0.0
0.0,0.0
0.0,0.0
0.0,0.0
0.0,0.0
0.0,0.0
0.0,0.0
0.0,0.0
0.0,0.0
0.0,0.0
0.0,0.0
0.0,0.0
0.0,0.0
0.0,0.0
0.0,0.0
0.0,0.0
0.0,0.0
0.0,0.0
0.0,0.0
0.0,0.0
0.0,0.0
0.0,0.0
0.0,0.0
0.0,0.0
0.0,0.0
0.0,0.0
0.0,0.0
0.0,0.0
0.0,0.0
0.0,0.0
0.0,0.0
0.0,0.0
0.0,0.0
0.0,0.0
-8.888994216918945,11.109589576721191
22.22220802307129,10.859488487243652
0.0,0.0
0.0,0.0
0.0,0.0
0.0,0.0
0.0,0.0
0.0,0.0
-8.888885498046875,11.11109447479248
22.22170639038086,11.44958209991455
0.0,0.0
0.0,0.0
0.0,0.0
0.0,0.0
0.0,0.0
0.0,0.0
0.0,0.0
0.0,0.0
0.0,0.0
0.0,0.0
0.0,0.0
0.0,0.0
0.0,0.0
0.0,0.0
0.0,0.0
0.0,0.0
0.0,0.0
0.0,0.0
0.0,0.0
0.0,0.0
0.0,0.0
0.0,0.0
-8.949527740478516,11.111104965209961
22.222211837768555,11.144062995910645
0.0,0.0
0.0,0.0
0.0,0.0
0.0,0.0
0.0,0.0
0.0,0.0
-8.888936042785645,11.11071491241455
22.220439910888672,8.184281349182129
0.0,0.0
0.0,0.0
0.0,0.0
0.0,0.0
0.0,0.0
0.0,0.0
0.0,0.0
0.0,0.0
0.0,0.0
0.0,0.0
0.0,0.0
0.0,0.0
0.0,0.0
0.0,0.0
0.0,0.0
0.0,0.0
0.0,0.0
0.0,0.0
0.0,0.0
0.0,0.0
0.0,0.0
0.0,0.0
0.0,0.0
0.0,0.0
0.0,0.0
0.0,0.0
0.0,0.0
0.0,0.0
0.0,0.0
0.0,0.0
0.0,0.0
0.0,0.0
0.0,0.0
0.0,0.0
0.0,0.0
0.0,0.0
0.0,0.0
0.0,0.0
0.0,0.0
0.0,0.0
0.0,0.0
0.0,0.0
0.0,0.0
0.0,0.0
0.0,0.0
0.0,0.0
0.0,0.0
0.0,0.0
0.0,0.0
0.0,0.0
0.0,0.0
0.0,0.0
0.0,0.0
0.0,0.0
0.0,0.0
0.0,0.0
0.0,0.0
0.0,0.0
0.0,0.0
0.0,0.0
0.0,0.0
0.0,0.0
0.0,0.0
0.0,0.0
0.0,0.0
0.0,0.0
0.0,0.0
0.0,0.0
33.33331298828125,-26.16160774230957
62.34043502807617,-14.977712631225586
-7.104211330413818,11.111105918884277
2.0,0.0
0.0,0.0
0.0,0.0
0.0,0.0
0.0,0.0
33.33331298828125,-32.95895767211914
63.699954986572266,-31.250492095947266
-6.729907989501953,11.108901023864746
3.819999933242798,0.0
0.0,0.0
0.0,0.0
0.0,0.0
0.0,0.0
22.222209930419922,11.982001304626465
51.201988220214844,5.726191520690918
-28.97039031982422,11.111099243164062
22.222211837768555,12.219714164733887
0.0,0.0
0.0,0.0
0.0,0.0
0.0,0.0
22.222211837768555,12.194881439208984
53.692535400390625,5.812746047973633
-11.658821105957031,-139.87246704101562
22.222211837768555,12.221222877502441
0.0,0.0
0.0,0.0
0.0,0.0
0.0,0.0
33.33331298828125,-24.76904296875
55.55714797973633,-10.585726737976074
-8.331867218017578,11.111105918884277
5.476200103759766,0.0
20.352794647216797,-11.676555633544922
0.0,0.0
0.0,0.0
0.0,0.0
33.33331298828125,-26.01641082763672
64.2099380493164,-15.23711109161377
-5.1941609382629395,11.111035346984863
0.0,1.0
25.233060836791992,-7.545611381530762
0.0,0.0
0.0,0.0
0.0,0.0
-16.1057186126709,11.121925354003906
46.29762268066406,3.413067579269409
-11.111536979675293,-57.01261520385742
22.222211837768555,12.221450805664062
15.056099891662598,1.0199999809265137
0.0,0.0
-25.940326690673828,-235.59181213378906
0.0,0.0
-35.613685607910156,11.182427406311035
53.08330154418945,3.6424522399902344
-73.22626495361328,10.607149124145508
22.222211837768555,12.221949577331543
17.75033187866211,1.1628795862197876
0.0,0.0
-166.15524291992188,-337.6771545410156
0.0,0.0
0.0,0.0
0.0,0.0
0.0,0.0
0.0,0.0
0.0,0.0
0.0,0.0
0.0,0.0
0.0,0.0
0.0,0.0
0.0,0.0
0.0,0.0
0.0,0.0
0.0,0.0
0.0,0.0
0.0,0.0
0.0,0.0
0.0,0.0
0.0,0.0
0.0,0.0
0.0,0.0
0.0,0.0
0.0,0.0
0.0,0.0
0.0,0.0
0.0,0.0
0.0,0.0
0.0,0.0
0.0,0.0
0.0,0.0
0.0,0.0
0.0,0.0
0.0,0.0
0.0,0.0
0.0,0.0
0.0,0.0
0.0,0.0
0.0,0.0
0.0,0.0
0.0,0.0
0.0,0.0
0.0,0.0
0.0,0.0
0.0,0.0
0.0,0.0
0.0,0.0
0.0,0.0
0.0,0.0
0.0,0.0
0.0,0.0
0.0,0.0
0.0,0.0
0.0,0.0
0.0,0.0
0.0,0.0
0.0,0.0
0.0,0.0
0.0,0.0
0.0,0.0
0.0,0.0
0.0,0.0
0.0,0.0
0.0,0.0
0.0,0.0
0.0,0.0
0.0,0.0
0.0,0.0
-1.8519854545593262,4.80145263671875
0.0,0.0
0.0,0.0
0.0,0.0
0.0,0.0
0.0,0.0
33.333126068115234,-19.850549697875977
0.0,0.0
-5.894697189331055,11.109471321105957
0.0,0.0
0.0,0.0
0.0,0.0
0.0,0.0
0.0,0.0
0.0,0.0
0.0,0.0
-14.40380859375,11.110944747924805
0.0,0.0
0.0,0.0
0.0,0.0
0.0,0.0
0.0,0.0
-179.84063720703125,11.905004501342773
0.0,0.0
-8.888933181762695,11.111041069030762
0.0,0.0
0.0,0.0
0.0,0.0
0.0,0.0
0.0,0.0
0.0,0.0
0.0,0.0
0.0,0.0
0.0,0.0
0.0,0.0
0.0,0.0
0.0,0.0
0.0,0.0
5.730000019073486,0.0
0.0,0.0
-1.0,4.514583587646484
0.0,0.0
0.0,0.0
0.0,0.0
0.0,0.0
0.0,0.0
0.0,0.0
0.0,0.0
-5.312320709228516,10.855598449707031
0.0,0.0
0.0,0.0
0.0,0.0
0.0,0.0
0.0,0.0
3.819999933242798,0.0
0.0,0.0
-8.881291389465332,11.111088752746582
0.0,0.0
0.0,0.0
0.0,0.0
0.0,0.0
0.0,0.0
0.0,0.0
0.0,0.0
0.0,0.0
0.0,0.0
0.0,0.0
0.0,0.0
0.0,0.0
0.0,0.0
0.0,0.0
0.0,0.0
0.0,0.0
0.0,0.0
0.0,0.0
0.0,0.0
0.0,0.0
0.0,0.0
0.0,0.0
0.0,0.0
0.0,0.0
0.0,0.0
0.0,0.0
0.0,0.0
0.0,0.0
0.0,0.0
0.0,0.0
0.0,0.0
0.0,0.0
0.0,0.0
0.0,0.0
0.0,0.0
0.0,0.0
0.0,0.0
0.0,0.0
0.0,0.0
0.0,0.0
0.0,0.0
0.0,0.0
0.0,0.0
0.0,0.0
0.0,0.0
0.0,0.0
0.0,0.0
0.0,0.0
0.0,0.0
0.0,0.0
0.0,0.0
0.0,0.0
0.0,0.0
0.0,0.0
0.0,0.0
0.0,0.0
0.0,0.0
0.0,0.0
0.0,0.0
0.0,0.0
0.0,0.0
0.0,0.0
0.0,0.0
0.0,0.0
0.0,0.0
0.0,0.0
0.0,0.0
0.0,0.0
0.0,0.0
