-6.384027481079102,9.999996185302734
0.0,0.0
0.0,0.0
0.0,0.0
0.0,0.0
0.0,0.0
0.0,0.0
0.0,0.0
0.0,0.0
0.0,0.0
0.0,0.0
0.0,0.0
0.0,0.0
0.0,0.0
0.0,0.0
0.0,0.0
0.0,0.0
0.0,0.0
13.440828323364258,29.6988468170166
22.222211837768555,7.932553291320801
0.0,0.0
0.0,0.0
-1.8809000253677368,5.369321823120117
0.0,0.0
0.0,0.0
0.0,0.0
10.527345657348633,28.05694580078125
22.2221622467041,8.350091934204102
0.0,0.0
0.0,0.0
-1.0,10.059651374816895
0.0,0.0
0.0,0.0
0.0,0.0
0.0,0.0
0.0,0.0
0.0,0.0
0.0,0.0
0.0,0.0
0.0,0.0
0.0,0.0
0.0,0.0
0.0,0.0
0.0,0.0
0.0,0.0
0.0,0.0
0.0,0.0
0.0,0.0
0.0,0.0
0.0,0.0
-8.88973617553711,11.100680351257324
0.0,0.0
0.0,0.0
0.0,0.0
-8.890100479125977,11.110090255737305
0.0,0.0
0.0,0.0
0.0,0.0
-8.890148162841797,11.095855712890625
21.135517120361328,2.2176496982574463
0.0,0.0
0.0,0.0
-8.873526573181152,11.111105918884277
0.0,0.0
0.0,0.0
0.0,0.0
0.0,0.0
0.0,0.0
0.0,0.0
0.0,0.0
0.0,0.0
0.0,0.0
0.0,0.0
0.0,0.0
0.0,0.0
0.0,0.0
0.0,0.0
0.0,0.0
0.0,0.0
0.0,0.0
0.0,0.0
0.0,0.0
-8.922636032104492,11.03546142578125
22.222211837768555,12.222363471984863
0.0,0.0
0.0,0.0
-8.85412883758545,11.111105918884277
22.211528778076172,3.90857195854187
0.0,0.0
0.0,0.0
-8.929286003112793,10.530410766601562
22.222082138061523,12.22220230102539
0.0,0.0
0.0,0.0
-8.957277297973633,8.065853118896484
22.222211837768555,11.455382347106934
0.0,0.0
0.0,0.0
0.0,0.0
0.0,0.0
0.0,0.0
0.0,0.0
0.0,0.0
0.0,0.0
0.0,0.0
0.0,0.0
0.0,0.0
0.0,0.0
0.0,0.0
0.0,0.0
0.0,0.0
0.0,0.0
0.0,0.0
0.0,0.0
-8.891279220581055,11.111104965209961
22.222211837768555,12.218860626220703
0.0,0.0
0.0,0.0
-8.894630432128906,11.111104965209961
22.222211837768555,12.129581451416016
0.0,0.0
0.0,0.0
-8.910303115844727,11.109838485717773
22.222204208374023,-29.459972381591797
0.0,0.0
0.0,0.0
-8.896443367004395,11.10986328125
22.222211837768555,12.6019868850708
0.0,0.0
0.0,0.0
0.0,0.0
0.0,0.0
0.0,0.0
0.0,0.0
0.0,0.0
0.0,0.0
0.0,0.0
0.0,0.0
0.0,0.0
0.0,0.0
0.0,0.0
0.0,0.0
0.0,0.0
0.0,0.0
0.0,0.0
0.0,0.0
0.5277410745620728,19.641048431396484
21.657054901123047,12.1433687210083
0.0,0.0
0.0,0.0
0.0,0.0
0.0,0.0
0.0,0.0
0.0,0.0
6.014647483825684,24.096588134765625
22.222211837768555,11.855291366577148
0.0,0.0
0.0,0.0
-8.71290111541748,11.111105918884277
11.772165298461914,0.0
0.0,0.0
0.0,0.0
0.0,0.0
0.0,0.0
0.0,0.0
0.0,0.0
0.0,0.0
0.0,0.0
0.0,0.0
0.0,0.0
0.0,0.0
0.0,0.0
0.0,0.0
0.0,0.0
0.0,0.0
0.0,0.0
0.0,0.0
0.0,0.0
0.0,0.0
0.0,0.0
0.0,0.0
0.0,0.0
0.0,0.0
0.0,0.0
0.0,0.0
0.0,0.0
0.0,0.0
0.0,0.0
0.0,0.0
0.0,0.0
0.0,0.0
0.0,0.0
0.0,0.0
0.0,0.0
0.0,0.0
0.0,0.0
0.0,0.0
0.0,0.0
0.0,0.0
0.0,0.0
0.0,0.0
0.0,0.0
0.0,0.0
0.0,0.0
0.0,0.0
0.0,0.0
0.0,0.0
0.0,0.0
0.0,0.0
0.0,0.0
-8.911102294921875,10.888412475585938
22.222211837768555,12.031826972961426
0.0,0.0
0.0,0.0
0.0,0.0
0.0,0.0
0.0,0.0
0.0,0.0
-8.922917366027832,10.770564079284668
22.222164154052734,12.222210884094238
0.0,0.0
0.0,0.0
-9.205653190612793,8.477086067199707
0.0,0.0
0.0,0.0
0.0,0.0
0.0,0.0
0.0,0.0
0.0,0.0
0.0,0.0
0.0,0.0
0.0,0.0
0.0,0.0
0.0,0.0
0.0,0.0
0.0,0.0
0.0,0.0
0.0,0.0
0.0,0.0
0.0,0.0
0.0,0.0
0.0,0.0
-8.922316551208496,10.937527656555176
0.0,0.0
0.0,0.0
0.0,0.0
0.0,0.0
0.0,0.0
0.0,0.0
0.0,0.0
-8.951354026794434,10.5330228805542
22.222211837768555,12.212226867675781
0.0,0.0
0.0,0.0
-9.084160804748535,6.484198570251465
0.0,0.0
0.0,0.0
0.0,0.0
0.0,0.0
0.0,0.0
0.0,0.0
0.0,0.0
0.0,0.0
0.0,0.0
0.0,0.0
0.0,0.0
0.0,0.0
0.0,0.0
0.0,0.0
0.0,0.0
0.0,0.0
0.0,0.0
0.0,0.0
0.0,0.0
0.0,0.0
0.0,0.0
0.0,0.0
0.0,0.0
0.0,0.0
0.0,0.0
0.0,0.0
0.0,0.0
0.0,0.0
0.0,0.0
0.0,0.0
0.0,0.0
0.0,0.0
0.0,0.0
0.0,0.0
0.0,0.0
0.0,0.0
0.0,0.0
0.0,0.0
0.0,0.0
0.0,0.0
0.0,0.0
0.0,0.0
0.0,0.0
0.0,0.0
0.0,0.0
0.0,0.0
0.0,0.0
0.0,0.0
0.0,0.0
0.0,0.0
0.0,0.0
0.0,0.0
0.0,0.0
0.0,0.0
0.0,0.0
0.0,0.0
0.0,0.0
0.0,0.0
0.0,0.0
0.0,0.0
0.0,0.0
0.0,0.0
0.0,0.0
0.0,0.0
0.0,0.0
33.33331298828125,-20.5816593170166
66.6666259765625,-50.16007995605469
-9.508667945861816,5.2235188484191895
21.028039932250977,0.0
3.0,0.0
0.0,0.0
0.0,5.3536810874938965
0.0,0.0
33.33331298828125,-18.5308895111084
66.6666259765625,-47.280765533447266
-9.712480545043945,-1.9017283916473389
22.085756301879883,0.0
0.0,0.0
0.0,0.0
-3.941725254058838,3.84362530708313
0.0,0.0
0.0,0.0
0.0,0.0
-9.04640007019043,2.437286615371704
21.028039932250977,1.150560975074768
0.0,0.0
0.0,0.0
-3.3600664138793945,6.132563591003418
0.0,0.0
0.0,0.0
0.0,0.0
-9.452169418334961,-1.097473382949829
8.62528133392334,16.2598876953125
0.0,0.0
0.0,0.0
-7.1712565422058105,0.2769869863986969
0.0,0.0
33.33331298828125,-22.557125091552734
66.6666259765625,-44.672035217285156
-9.485027313232422,3.43703556060791
2.0,14.649430274963379
33.33331298828125,-25.064592361450195
0.0,0.0
-4.055166721343994,2.3308448791503906
0.0,0.0
33.33331298828125,-19.78034782409668
66.6666259765625,-37.96640396118164
-9.792913436889648,2.90840220451355
22.144725799560547,9.246665954589844
33.33331298828125,-26.662906646728516
63.96696090698242,-2.731381893157959
-6.540157794952393,7.719878673553467
16.822040557861328,3.0808794498443604
0.0,0.0
0.0,0.0
-4.957449436187744,2.4065001010894775
18.85233497619629,0.0
0.0,0.0
0.0,0.0
-2.662649393081665,6.379079818725586
0.0,0.0
0.0,0.0
0.0,0.0
-7.707059860229492,2.2176570892333984
21.799041748046875,3.112682580947876
0.0,0.0
0.0,0.0
-7.731764793395996,4.397934913635254
21.135517120361328,6.959221363067627
0.0,0.0
0.0,0.0
0.0,0.0
0.0,0.0
0.0,0.0
0.0,0.0
0.0,0.0
0.0,0.0
0.0,0.0
0.0,0.0
0.0,0.0
0.0,0.0
0.0,0.0
0.0,0.0
0.0,0.0
0.0,0.0
0.0,0.0
0.0,0.0
0.0,0.0
0.0,0.0
0.0,0.0
0.0,0.0
0.0,0.0
0.0,0.0
0.0,0.0
0.0,0.0
0.0,0.0
0.0,0.0
0.0,0.0
0.0,0.0
0.0,0.0
0.0,0.0
0.0,0.0
0.0,0.0
0.0,0.0
0.0,0.0
0.0,0.0
0.0,0.0
0.0,0.0
0.0,0.0
0.0,0.0
0.0,0.0
0.0,0.0
0.0,0.0
0.0,0.0
0.0,0.0
0.0,0.0
0.0,0.0
0.0,0.0
0.0,0.0
0.0,0.0
0.0,0.0
0.0,0.0
0.0,0.0
0.0,0.0
0.0,0.0
0.0,0.0
0.0,0.0
0.0,0.0
0.0,0.0
0.0,0.0
0.0,0.0
0.0,0.0
0.0,0.0
0.0,0.0
0.0,0.0
-9.20655345916748,10.32089614868164
0.0,0.0
0.0,0.0
0.0,0.0
0.0,0.0
0.0,0.0
33.33331298828125,5.2135772705078125
0.0,0.0
-10.451458930969238,-4.479741096496582
0.0,0.0
0.0,0.0
0.0,0.0
-10.151198387145996,-10.059651374816895
0.0,0.0
0.0,0.0
0.0,0.0
-10.193940162658691,-1.9389657974243164
0.0,0.0
0.0,0.0
0.0,0.0
0.0,0.0
0.0,0.0
22.222211837768555,12.19831371307373
0.0,0.0
-9.739866256713867,2.601454496383667
0.0,0.0
0.0,0.0
0.0,0.0
-10.150736808776855,-2.392714500427246
0.0,0.0
0.0,0.0
0.0,0.0
-6.683938980102539,9.297203063964844
0.0,0.0
0.0,0.0
0.0,0.0
0.0,0.0
0.0,0.0
33.33331298828125,15.428192138671875
0.0,0.0
-10.86662769317627,3.3981432914733887
0.0,0.0
0.0,0.0
0.0,0.0
-6.769744396209717,-6.356159687042236
0.0,0.0
0.0,0.0
0.0,0.0
-8.99103832244873,8.484667778015137
0.0,0.0
0.0,0.0
0.0,0.0
0.0,0.0
0.0,0.0
22.222211837768555,10.044007301330566
0.0,0.0
-9.784059524536133,4.71721887588501
0.0,0.0
0.0,0.0
0.0,0.0
-9.294041633605957,2.314162015914917
0.0,0.0
0.0,0.0
0.0,0.0
0.0,0.0
0.0,0.0
0.0,0.0
0.0,0.0
0.0,0.0
0.0,0.0
0.0,0.0
0.0,0.0
0.0,0.0
0.0,0.0
0.0,0.0
0.0,0.0
0.0,0.0
0.0,0.0
0.0,0.0
0.0,0.0
-9.313638687133789,7.471203804016113
22.222211837768555,10.632344245910645
0.0,0.0
0.0,0.0
0.0,0.0
0.0,0.0
0.0,0.0
0.0,0.0
-8.976177215576172,10.266948699951172
-164.06190490722656,-18.784027099609375
0.0,0.0
0.0,0.0
0.0,0.0
0.0,0.0
0.0,0.0
0.0,0.0
0.0,0.0
0.0,0.0
0.0,0.0
0.0,0.0
0.0,0.0
0.0,0.0
0.0,0.0
0.0,0.0
0.0,0.0
0.0,0.0
0.0,0.0
0.0,0.0
0.0,0.0
0.0,0.0
0.0,0.0
0.0,0.0
-10.919321060180664,11.098958015441895
22.222211837768555,11.374656677246094
0.0,0.0
0.0,0.0
-278.8077087402344,10.966280937194824
0.0,0.0
0.0,0.0
0.0,0.0
-9.520838737487793,11.111082077026367
6.918712615966797,-189.88897705078125
0.0,0.0
0.0,0.0
-247.8981170654297,-514.9088134765625
0.0,0.0
0.0,0.0
0.0,0.0
0.0,0.0
0.0,0.0
0.0,0.0
0.0,0.0
0.0,0.0
0.0,0.0
0.0,0.0
0.0,0.0
0.0,0.0
0.0,0.0
0.0,0.0
0.0,0.0
0.0,0.0
0.0,0.0
0.0,0.0
0.0,0.0
0.0,0.0
0.0,0.0
0.0,0.0
0.0,0.0
0.0,0.0
0.0,0.0
0.0,0.0
0.0,0.0
0.0,0.0
0.0,0.0
0.0,0.0
0.0,0.0
0.0,0.0
0.0,0.0
0.0,0.0
0.0,0.0
0.0,0.0
0.0,0.0
0.0,0.0
0.0,0.0
0.0,0.0
0.0,0.0
0.0,0.0
0.0,0.0
0.0,0.0
0.0,0.0
0.0,0.0
0.0,0.0
0.0,0.0
0.0,0.0
0.0,0.0
0.0,0.0
0.0,0.0
0.0,0.0
0.0,0.0
0.0,0.0
0.0,0.0
0.0,0.0
0.0,0.0
0.0,0.0
0.0,0.0
0.0,0.0
0.0,0.0
0.0,0.0
0.0,0.0
0.0,0.0
0.0,0.0
0.0,0.0
0.0,0.0
0.0,0.0
0.0,0.0
0.0,0.0
0.0,0.0
0.0,0.0
0.0,0.0
0.0,0.0
0.0,0.0
0.0,0.0
0.0,0.0
0.0,0.0
0.0,0.0
0.0,0.0
0.0,0.0
0.0,0.0
-8.888994216918945,11.109589576721191
22.222211837768555,10.859488487243652
0.0,0.0
0.0,0.0
0.0,0.0
0.0,0.0
0.0,0.0
0.0,0.0
-8.888885498046875,11.11109447479248
22.22203826904297,11.44958209991455
0.0,0.0
0.0,0.0
0.0,0.0
0.0,0.0
0.0,0.0
0.0,0.0
0.0,0.0
0.0,0.0
0.0,0.0
0.0,0.0
0.0,0.0
0.0,0.0
0.0,0.0
0.0,0.0
0.0,0.0
0.0,0.0
0.0,0.0
0.0,0.0
0.0,0.0
0.0,0.0
0.0,0.0
0.0,0.0
-8.90601634979248,11.111104965209961
22.222211837768555,11.25187873840332
0.0,0.0
0.0,0.0
0.0,0.0
0.0,0.0
0.0,0.0
0.0,0.0
-8.888936042785645,11.11071491241455
22.222108840942383,8.95147705078125
0.0,0.0
0.0,0.0
0.0,0.0
0.0,0.0
0.0,0.0
0.0,0.0
0.0,0.0
0.0,0.0
0.0,0.0
0.0,0.0
0.0,0.0
0.0,0.0
0.0,0.0
0.0,0.0
0.0,0.0
0.0,0.0
0.0,0.0
0.0,0.0
0.0,0.0
0.0,0.0
0.0,0.0
0.0,0.0
0.0,0.0
0.0,0.0
0.0,0.0
0.0,0.0
0.0,0.0
0.0,0.0
0.0,0.0
0.0,0.0
0.0,0.0
0.0,0.0
0.0,0.0
0.0,0.0
0.0,0.0
0.0,0.0
0.0,0.0
0.0,0.0
0.0,0.0
0.0,0.0
0.0,0.0
0.0,0.0
0.0,0.0
0.0,0.0
0.0,0.0
0.0,0.0
0.0,0.0
0.0,0.0
0.0,0.0
0.0,0.0
0.0,0.0
0.0,0.0
0.0,0.0
0.0,0.0
0.0,0.0
0.0,0.0
0.0,0.0
0.0,0.0
0.0,0.0
0.0,0.0
0.0,0.0
0.0,0.0
0.0,0.0
0.0,0.0
0.0,0.0
0.0,0.0
0.0,0.0
0.0,0.0
33.33331298828125,-26.16160774230957
63.08411407470703,-14.977712631225586
-7.104211330413818,11.111105918884277
2.0,0.0
0.0,0.0
0.0,0.0
0.0,0.0
0.0,0.0
33.33331298828125,-32.95895767211914
64.43104553222656,-31.250492095947266
-7.1401262283325195,11.111101150512695
3.819999933242798,0.0
0.0,0.0
0.0,0.0
0.0,0.0
0.0,0.0
22.222211837768555,11.982001304626465
51.95036697387695,5.726191520690918
-16.768360137939453,11.111099243164062
22.222211837768555,12.219964981079102
0.0,0.0
0.0,0.0
0.0,0.0
0.0,0.0
22.222211837768555,12.194881439208984
54.151634216308594,6.768396854400635
-91.44398498535156,11.108833312988281
22.222211837768555,12.22163200378418
0.0,0.0
0.0,0.0
0.0,0.0
0.0,0.0
33.33331298828125,-24.958805084228516
56.557003021240234,-14.961584091186523
-8.52342700958252,11.111105918884277
5.476200103759766,0.0
20.352794647216797,-11.676555633544922
0.0,0.0
0.0,0.0
0.0,0.0
33.33331298828125,-26.01641082763672
64.63224792480469,-15.23711109161377
-5.896159648895264,11.111105918884277
0.0,1.0
25.233060836791992,-7.545611381530762
0.0,0.0
0.0,0.0
0.0,0.0
-16.1057186126709,11.11428451538086
47.889060974121094,3.413067579269409
-62.71343231201172,11.111099243164062
22.222211837768555,12.221528053283691
15.056099891662598,1.0199999809265137
0.0,0.0
-25.940326690673828,-235.59181213378906
0.0,0.0
-35.613685607910156,11.130155563354492
53.50828170776367,3.6424522399902344
-105.7530517578125,-14.858502388000488
22.222211837768555,12.221976280212402
17.75033187866211,1.1628795862197876
0.0,0.0
-42.31142044067383,-272.6531066894531
0.0,0.0
0.0,0.0
0.0,0.0
0.0,0.0
0.0,0.0
0.0,0.0
0.0,0.0
0.0,0.0
0.0,0.0
0.0,0.0
0.0,0.0
0.0,0.0
0.0,0.0
0.0,0.0
0.0,0.0
0.0,0.0
0.0,0.0
0.0,0.0
0.0,0.0
0.0,0.0
0.0,0.0
0.0,0.0
0.0,0.0
0.0,0.0
0.0,0.0
0.0,0.0
0.0,0.0
0.0,0.0
0.0,0.0
0.0,0.0
0.0,0.0
0.0,0.0
0.0,0.0
0.0,0.0
0.0,0.0
0.0,0.0
0.0,0.0
0.0,0.0
0.0,0.0
0.0,0.0
0.0,0.0
0.0,0.0
0.0,0.0
0.0,0.0
0.0,0.0
0.0,0.0
0.0,0.0
0.0,0.0
0.0,0.0
0.0,0.0
0.0,0.0
0.0,0.0
0.0,0.0
0.0,0.0
0.0,0.0
0.0,0.0
0.0,0.0
0.0,0.0
0.0,0.0
0.0,0.0
0.0,0.0
0.0,0.0
0.0,0.0
0.0,0.0
0.0,0.0
0.0,0.0
0.0,0.0
-1.8519854545593262,4.80145263671875
0.0,0.0
0.0,0.0
0.0,0.0
0.0,0.0
0.0,0.0
33.33319091796875,-19.850549697875977
0.0,0.0
-6.194119453430176,11.111090660095215
0.0,0.0
0.0,0.0
0.0,0.0
0.0,0.0
0.0,0.0
0.0,0.0
0.0,0.0
-8.932787895202637,10.751270294189453
0.0,0.0
0.0,0.0
0.0,0.0
0.0,0.0
0.0,0.0
-179.84063720703125,11.56194019317627
0.0,0.0
-8.888903617858887,11.111041069030762
0.0,0.0
0.0,0.0
0.0,0.0
0.0,0.0
0.0,0.0
0.0,0.0
0.0,0.0
0.0,0.0
0.0,0.0
0.0,0.0
0.0,0.0
0.0,0.0
0.0,0.0
5.730000019073486,0.0
0.0,0.0
-1.0,6.99466609954834
0.0,0.0
0.0,0.0
0.0,0.0
0.0,0.0
0.0,0.0
0.0,0.0
0.0,0.0
-5.312320709228516,10.855598449707031
0.0,0.0
0.0,0.0
0.0,0.0
0.0,0.0
0.0,0.0
3.819999933242798,0.0
0.0,0.0
-8.883904457092285,11.111105918884277
0.0,0.0
0.0,0.0
0.0,0.0
0.0,0.0
0.0,0.0
0.0,0.0
0.0,0.0
0.0,0.0
0.0,0.0
0.0,0.0
0.0,0.0
0.0,0.0
0.0,0.0
0.0,0.0
0.0,0.0
0.0,0.0
0.0,0.0
0.0,0.0
0.0,0.0
0.0,0.0
0.0,0.0
0.0,0.0
0.0,0.0
0.0,0.0
0.0,0.0
0.0,0.0
0.0,0.0
0.0,0.0
0.0,0.0
0.0,0.0
0.0,0.0
0.0,0.0
0.0,0.0
0.0,0.0
0.0,0.0
0.0,0.0
0.0,0.0
0.0,0.0
0.0,0.0
0.0,0.0
0.0,0.0
0.0,0.0
0.0,0.0
0.0,0.0
0.0,0.0
0.0,0.0
0.0,0.0
0.0,0.0
0.0,0.0
0.0,0.0
0.0,0.0
0.0,0.0
0.0,0.0
0.0,0.0
0.0,0.0
0.0,0.0
0.0,0.0
0.0,0.0
0.0,0.0
0.0,0.0
0.0,0.0
0.0,0.0
0.0,0.0
0.0,0.0
0.0,0.0
0.0,0.0
0.0,0.0
0.0,0.0
0.0,0.0
