-9.665669441223145,9.999996185302734
0.0,0.0
0.0,0.0
0.0,0.0
0.0,0.0
0.0,0.0
0.0,0.0
0.0,0.0
0.0,0.0
0.0,0.0
0.0,0.0
0.0,0.0
0.0,0.0
0.0,0.0
0.0,0.0
0.0,0.0
0.0,0.0
0.0,0.0
1.9675133228302002,29.6710205078125
19.431617736816406,1.1682204008102417
0.0,0.0
0.0,0.0
0.0,0.0
0.0,0.0
0.0,0.0
0.0,0.0
27.33139419555664,28.040149688720703
16.822040557861328,1.1356853246688843
0.0,0.0
0.0,0.0
0.0,0.0
0.0,0.0
0.0,0.0
0.0,0.0
0.0,0.0
0.0,0.0
0.0,0.0
0.0,0.0
0.0,0.0
0.0,0.0
0.0,0.0
0.0,0.0
0.0,0.0
0.0,0.0
0.0,0.0
0.0,0.0
0.0,0.0
0.0,0.0
0.0,0.0
0.0,0.0
-8.889015197753906,11.07247543334961
0.0,0.0
0.0,0.0
0.0,0.0
-8.868637084960938,11.111105918884277
0.0,0.0
0.0,0.0
0.0,0.0
-6.355329513549805,16.32060432434082
9.6029052734375,0.0
0.0,0.0
0.0,0.0
-8.046360969543457,11.111083030700684
0.0,0.0
0.0,0.0
0.0,0.0
0.0,0.0
0.0,0.0
0.0,0.0
0.0,0.0
0.0,0.0
0.0,0.0
0.0,0.0
0.0,0.0
0.0,0.0
0.0,0.0
0.0,0.0
0.0,0.0
0.0,0.0
0.0,0.0
0.0,0.0
0.0,0.0
-8.912674903869629,7.63490629196167
22.222211837768555,11.993094444274902
0.0,0.0
0.0,0.0
-5.917330741882324,11.054607391357422
5.476200103759766,1.0199999809265137
0.0,0.0
0.0,0.0
-8.890954971313477,11.111104965209961
22.22088050842285,-6.41931676864624
0.0,0.0
0.0,0.0
-8.335926055908203,9.812616348266602
-97.51274871826172,11.108320236206055
0.0,0.0
0.0,0.0
0.0,0.0
0.0,0.0
0.0,0.0
0.0,0.0
0.0,0.0
0.0,0.0
0.0,0.0
0.0,0.0
0.0,0.0
0.0,0.0
0.0,0.0
0.0,0.0
0.0,0.0
0.0,0.0
0.0,0.0
0.0,0.0
-8.888896942138672,9.111105918884277
22.222200393676758,11.941571235656738
0.0,0.0
0.0,0.0
-8.436568260192871,11.111105918884277
22.22159194946289,8.89146614074707
0.0,0.0
0.0,0.0
-8.892239570617676,11.111105918884277
-56.69969177246094,11.337708473205566
0.0,0.0
0.0,0.0
-8.880131721496582,11.111105918884277
22.222211837768555,11.90733814239502
0.0,0.0
0.0,0.0
0.0,0.0
0.0,0.0
0.0,0.0
0.0,0.0
0.0,0.0
0.0,0.0
0.0,0.0
0.0,0.0
0.0,0.0
0.0,0.0
0.0,0.0
0.0,0.0
0.0,0.0
0.0,0.0
0.0,0.0
0.0,0.0
0.7058966755867004,19.641048431396484
22.222204208374023,12.215700149536133
0.0,0.0
0.0,0.0
0.0,0.0
0.0,0.0
0.0,0.0
0.0,0.0
-7.54941987991333,24.17431640625
22.085756301879883,9.205466270446777
0.0,0.0
0.0,0.0
-7.440858840942383,11.086932182312012
0.0,0.0
0.0,0.0
0.0,0.0
0.0,0.0
0.0,0.0
0.0,0.0
0.0,0.0
0.0,0.0
0.0,0.0
0.0,0.0
0.0,0.0
0.0,0.0
0.0,0.0
0.0,0.0
0.0,0.0
0.0,0.0
0.0,0.0
0.0,0.0
0.0,0.0
0.0,0.0
0.0,0.0
0.0,0.0
0.0,0.0
0.0,0.0
0.0,0.0
0.0,0.0
0.0,0.0
0.0,0.0
0.0,0.0
0.0,0.0
0.0,0.0
0.0,0.0
0.0,0.0
0.0,0.0
0.0,0.0
0.0,0.0
0.0,0.0
0.0,0.0
0.0,0.0
0.0,0.0
0.0,0.0
0.0,0.0
0.0,0.0
0.0,0.0
0.0,0.0
0.0,0.0
0.0,0.0
0.0,0.0
0.0,0.0
0.0,0.0
0.0,0.0
-8.911067962646484,10.888940811157227
10.937295913696289,10.318761825561523
0.0,0.0
0.0,0.0
0.0,0.0
0.0,0.0
0.0,0.0
0.0,0.0
-8.92292308807373,10.77690601348877
22.222211837768555,12.222216606140137
0.0,0.0
0.0,0.0
-9.105385780334473,10.12621021270752
0.0,0.0
0.0,0.0
0.0,0.0
0.0,0.0
0.0,0.0
0.0,0.0
0.0,0.0
0.0,0.0
0.0,0.0
0.0,0.0
0.0,0.0
0.0,0.0
0.0,0.0
0.0,0.0
0.0,0.0
0.0,0.0
0.0,0.0
0.0,0.0
0.0,0.0
-8.888885498046875,11.111105918884277
0.0,0.0
0.0,0.0
0.0,0.0
0.0,0.0
0.0,0.0
0.0,0.0
0.0,0.0
-8.929737091064453,9.946269035339355
-217.33306884765625,11.105236053466797
0.0,0.0
0.0,0.0
-8.624357223510742,7.8597025871276855
0.0,0.0
0.0,0.0
0.0,0.0
0.0,0.0
0.0,0.0
0.0,0.0
0.0,0.0
0.0,0.0
0.0,0.0
0.0,0.0
0.0,0.0
0.0,0.0
0.0,0.0
0.0,0.0
0.0,0.0
0.0,0.0
0.0,0.0
0.0,0.0
0.0,0.0
0.0,0.0
0.0,0.0
0.0,0.0
0.0,0.0
0.0,0.0
0.0,0.0
0.0,0.0
0.0,0.0
0.0,0.0
0.0,0.0
0.0,0.0
0.0,0.0
0.0,0.0
0.0,0.0
0.0,0.0
0.0,0.0
0.0,0.0
0.0,0.0
0.0,0.0
0.0,0.0
0.0,0.0
0.0,0.0
0.0,0.0
0.0,0.0
0.0,0.0
0.0,0.0
0.0,0.0
0.0,0.0
0.0,0.0
0.0,0.0
0.0,0.0
0.0,0.0
0.0,0.0
0.0,0.0
0.0,0.0
0.0,0.0
0.0,0.0
0.0,0.0
0.0,0.0
0.0,0.0
0.0,0.0
0.0,0.0
0.0,0.0
0.0,0.0
0.0,0.0
0.0,0.0
33.33331298828125,-21.88011360168457
66.6666259765625,-30.69681739807129
-9.883472442626953,8.114230155944824
3.819999933242798,0.0
0.0,0.0
0.0,0.0
0.0,1.0
0.0,0.0
33.33331298828125,-19.33655548095703
66.6666259765625,-38.517974853515625
-9.82613468170166,4.506088733673096
11.772165298461914,0.0
0.0,0.0
0.0,0.0
-1.8809000253677368,4.514583587646484
0.0,0.0
0.0,0.0
0.0,0.0
-1.7989435195922852,6.891244888305664
5.476200103759766,0.0
0.0,0.0
0.0,0.0
-1.0,1.909999966621399
0.0,0.0
0.0,0.0
0.0,0.0
-8.478250503540039,4.7032904624938965
2.041774272918701,4.80145263671875
0.0,0.0
0.0,0.0
-3.93481183052063,2.402451276779175
0.0,0.0
33.33331298828125,-20.093828201293945
66.6666259765625,-50.61942672729492
-9.291145324707031,10.057284355163574
2.0,0.0
33.33331298828125,-26.185546875
0.0,0.0
-1.8899999856948853,1.6716710329055786
0.0,0.0
33.33331298828125,-17.65174102783203
66.6666259765625,-40.655818939208984
-9.725041389465332,-0.09924811869859695
13.568530082702637,1.1073864698410034
33.33331298828125,-26.595102310180664
28.8087158203125,0.0
-5.10029935836792,3.5958304405212402
2.0,1.0199999809265137
0.0,0.0
0.0,0.0
-1.0,5.798168659210205
0.0,0.0
0.0,0.0
0.0,0.0
-1.0,3.1452527046203613
0.0,0.0
0.0,0.0
0.0,0.0
-3.8725240230560303,7.033456325531006
6.983342170715332,1.0698333978652954
0.0,0.0
0.0,0.0
-3.350684642791748,5.338229179382324
10.738643646240234,2.0547618865966797
0.0,0.0
0.0,0.0
0.0,0.0
0.0,0.0
0.0,0.0
0.0,0.0
0.0,0.0
0.0,0.0
0.0,0.0
0.0,0.0
0.0,0.0
0.0,0.0
0.0,0.0
0.0,0.0
0.0,0.0
0.0,0.0
0.0,0.0
0.0,0.0
0.0,0.0
0.0,0.0
0.0,0.0
0.0,0.0
0.0,0.0
0.0,0.0
0.0,0.0
0.0,0.0
0.0,0.0
0.0,0.0
0.0,0.0
0.0,0.0
0.0,0.0
0.0,0.0
0.0,0.0
0.0,0.0
0.0,0.0
0.0,0.0
0.0,0.0
0.0,0.0
0.0,0.0
0.0,0.0
0.0,0.0
0.0,0.0
0.0,0.0
0.0,0.0
0.0,0.0
0.0,0.0
0.0,0.0
0.0,0.0
0.0,0.0
0.0,0.0
0.0,0.0
0.0,0.0
0.0,0.0
0.0,0.0
0.0,0.0
0.0,0.0
0.0,0.0
0.0,0.0
0.0,0.0
0.0,0.0
0.0,0.0
0.0,0.0
0.0,0.0
0.0,0.0
0.0,0.0
0.0,0.0
-8.598587989807129,7.527388095855713
0.0,0.0
0.0,0.0
0.0,0.0
0.0,0.0
0.0,0.0
33.33331298828125,12.682400703430176
0.0,0.0
-10.41202163696289,-4.798638820648193
0.0,0.0
0.0,0.0
0.0,0.0
-2.7290000915527344,-2.738100051879883
0.0,0.0
0.0,0.0
0.0,0.0
-10.200174331665039,-1.9987077713012695
0.0,0.0
0.0,0.0
0.0,0.0
0.0,0.0
0.0,0.0
21.336811065673828,10.804411888122559
0.0,0.0
-9.780560493469238,2.5912492275238037
0.0,0.0
0.0,0.0
0.0,0.0
-9.27912712097168,-0.49542367458343506
0.0,0.0
0.0,0.0
0.0,0.0
-4.045322895050049,4.860231876373291
0.0,0.0
0.0,0.0
0.0,0.0
0.0,0.0
0.0,0.0
33.33331298828125,22.37866973876953
0.0,0.0
-10.879255294799805,-10.860109329223633
0.0,0.0
0.0,0.0
0.0,0.0
-1.899999976158142,0.0
0.0,0.0
0.0,0.0
0.0,0.0
-7.94256591796875,6.441847801208496
0.0,0.0
0.0,0.0
0.0,0.0
0.0,0.0
0.0,0.0
17.75033187866211,3.8191511631011963
0.0,0.0
-9.825663566589355,3.9533941745758057
0.0,0.0
0.0,0.0
0.0,0.0
-7.686000347137451,4.134853839874268
0.0,0.0
0.0,0.0
0.0,0.0
0.0,0.0
0.0,0.0
0.0,0.0
0.0,0.0
0.0,0.0
0.0,0.0
0.0,0.0
0.0,0.0
0.0,0.0
0.0,0.0
0.0,0.0
0.0,0.0
0.0,0.0
0.0,0.0
0.0,0.0
0.0,0.0
-12.224042892456055,10.430455207824707
21.941856384277344,-58.71780776977539
0.0,0.0
0.0,0.0
0.0,0.0
0.0,0.0
0.0,0.0
0.0,0.0
-23.152084350585938,11.09333324432373
22.222211837768555,12.221256256103516
0.0,0.0
0.0,0.0
0.0,0.0
0.0,0.0
0.0,0.0
0.0,0.0
0.0,0.0
0.0,0.0
0.0,0.0
0.0,0.0
0.0,0.0
0.0,0.0
0.0,0.0
0.0,0.0
0.0,0.0
0.0,0.0
0.0,0.0
0.0,0.0
0.0,0.0
0.0,0.0
0.0,0.0
0.0,0.0
-8.937551498413086,11.111104965209961
22.222211837768555,11.713440895080566
0.0,0.0
0.0,0.0
-157.72982788085938,-215.68170166015625
0.0,0.0
0.0,0.0
0.0,0.0
-10.779474258422852,-84.10755157470703
22.222211837768555,12.222186088562012
0.0,0.0
0.0,0.0
-200.91000366210938,-198.26190185546875
0.0,0.0
0.0,0.0
0.0,0.0
0.0,0.0
0.0,0.0
0.0,0.0
0.0,0.0
0.0,0.0
0.0,0.0
0.0,0.0
0.0,0.0
0.0,0.0
0.0,0.0
0.0,0.0
0.0,0.0
0.0,0.0
0.0,0.0
0.0,0.0
0.0,0.0
0.0,0.0
0.0,0.0
0.0,0.0
0.0,0.0
0.0,0.0
0.0,0.0
0.0,0.0
0.0,0.0
0.0,0.0
0.0,0.0
0.0,0.0
0.0,0.0
0.0,0.0
0.0,0.0
0.0,0.0
0.0,0.0
0.0,0.0
0.0,0.0
0.0,0.0
0.0,0.0
0.0,0.0
0.0,0.0
0.0,0.0
0.0,0.0
0.0,0.0
0.0,0.0
0.0,0.0
0.0,0.0
0.0,0.0
0.0,0.0
0.0,0.0
0.0,0.0
0.0,0.0
0.0,0.0
0.0,0.0
0.0,0.0
0.0,0.0
0.0,0.0
0.0,0.0
0.0,0.0
0.0,0.0
0.0,0.0
0.0,0.0
0.0,0.0
0.0,0.0
0.0,0.0
0.0,0.0
0.0,0.0
0.0,0.0
0.0,0.0
0.0,0.0
0.0,0.0
0.0,0.0
0.0,0.0
0.0,0.0
0.0,0.0
0.0,0.0
0.0,0.0
0.0,0.0
0.0,0.0
0.0,0.0
0.0,0.0
0.0,0.0
0.0,0.0
-8.888994216918945,11.109589576721191
21.405376434326172,5.635986804962158
0.0,0.0
0.0,0.0
0.0,0.0
0.0,0.0
0.0,0.0
0.0,0.0
-8.888885498046875,11.111105918884277
5.573841571807861,8.875165939331055
0.0,0.0
0.0,0.0
0.0,0.0
0.0,0.0
0.0,0.0
0.0,0.0
0.0,0.0
0.0,0.0
0.0,0.0
0.0,0.0
0.0,0.0
0.0,0.0
0.0,0.0
0.0,0.0
0.0,0.0
0.0,0.0
0.0,0.0
0.0,0.0
0.0,0.0
0.0,0.0
0.0,0.0
0.0,0.0
-33.08075714111328,11.111105918884277
22.212501525878906,10.193753242492676
0.0,0.0
0.0,0.0
0.0,0.0
0.0,0.0
0.0,0.0
0.0,0.0
-8.889280319213867,11.110689163208008
17.30805778503418,3.868027448654175
0.0,0.0
0.0,0.0
0.0,0.0
0.0,0.0
0.0,0.0
0.0,0.0
0.0,0.0
0.0,0.0
0.0,0.0
0.0,0.0
0.0,0.0
0.0,0.0
0.0,0.0
0.0,0.0
0.0,0.0
0.0,0.0
0.0,0.0
0.0,0.0
0.0,0.0
0.0,0.0
0.0,0.0
0.0,0.0
0.0,0.0
0.0,0.0
0.0,0.0
0.0,0.0
0.0,0.0
0.0,0.0
0.0,0.0
0.0,0.0
0.0,0.0
0.0,0.0
0.0,0.0
0.0,0.0
0.0,0.0
0.0,0.0
0.0,0.0
0.0,0.0
0.0,0.0
0.0,0.0
0.0,0.0
0.0,0.0
0.0,0.0
0.0,0.0
0.0,0.0
0.0,0.0
0.0,0.0
0.0,0.0
0.0,0.0
0.0,0.0
0.0,0.0
0.0,0.0
0.0,0.0
0.0,0.0
0.0,0.0
0.0,0.0
0.0,0.0
0.0,0.0
0.0,0.0
0.0,0.0
0.0,0.0
0.0,0.0
0.0,0.0
0.0,0.0
0.0,0.0
0.0,0.0
0.0,0.0
0.0,0.0
33.253623962402344,-23.301259994506836
32.2159309387207,-5.790499687194824
-2.564682722091675,10.855598449707031
2.0,0.0
0.0,0.0
0.0,0.0
0.0,0.0
0.0,0.0
33.33149719238281,-146.8981475830078
43.04208755493164,-15.302923202514648
-3.836059093475342,10.3900728225708
2.0,0.0
0.0,0.0
0.0,0.0
0.0,0.0
0.0,0.0
19.482532501220703,11.227787971496582
24.00726318359375,2.2968549728393555
-11.049783706665039,-47.22425079345703
22.220600128173828,9.861492156982422
0.0,0.0
0.0,0.0
0.0,0.0
0.0,0.0
22.216697692871094,11.426396369934082
39.252628326416016,2.4591779708862305
-9.867658615112305,-189.9246368408203
22.222211837768555,12.06544303894043
0.0,0.0
0.0,0.0
0.0,0.0
0.0,0.0
33.31873321533203,-12.618634223937988
20.95002555847168,0.0
-5.882576942443848,11.03612995147705
0.0,0.0
10.47501277923584,-2.9178569316864014
0.0,0.0
0.0,0.0
0.0,0.0
33.33039474487305,-20.723800659179688
43.04208755493164,-6.0
-3.2565619945526123,10.3900728225708
0.0,0.0
12.532261848449707,0.0
0.0,0.0
0.0,0.0
0.0,0.0
22.194761276245117,9.921749114990234
17.458354949951172,0.0
-156.39830017089844,-14.043038368225098
22.221210479736328,11.225648880004883
5.476200103759766,1.0199999809265137
0.0,0.0
-326.2290344238281,6.4840006828308105
0.0,0.0
22.22007179260254,9.784423828125
33.92132568359375,1.2400726079940796
-11.146827697753906,-36.761539459228516
22.222211837768555,12.099814414978027
9.6029052734375,0.0
0.0,0.0
-263.3833923339844,-292.79595947265625
0.0,0.0
0.0,0.0
0.0,0.0
0.0,0.0
0.0,0.0
0.0,0.0
0.0,0.0
0.0,0.0
0.0,0.0
0.0,0.0
0.0,0.0
0.0,0.0
0.0,0.0
0.0,0.0
0.0,0.0
0.0,0.0
0.0,0.0
0.0,0.0
0.0,0.0
0.0,0.0
0.0,0.0
0.0,0.0
0.0,0.0
0.0,0.0
0.0,0.0
0.0,0.0
0.0,0.0
0.0,0.0
0.0,0.0
0.0,0.0
0.0,0.0
0.0,0.0
0.0,0.0
0.0,0.0
0.0,0.0
0.0,0.0
0.0,0.0
0.0,0.0
0.0,0.0
0.0,0.0
0.0,0.0
0.0,0.0
0.0,0.0
0.0,0.0
0.0,0.0
0.0,0.0
0.0,0.0
0.0,0.0
0.0,0.0
0.0,0.0
0.0,0.0
0.0,0.0
0.0,0.0
0.0,0.0
0.0,0.0
0.0,0.0
0.0,0.0
0.0,0.0
0.0,0.0
0.0,0.0
0.0,0.0
0.0,0.0
0.0,0.0
0.0,0.0
0.0,0.0
0.0,0.0
0.0,0.0
-1.0,0.0
0.0,0.0
0.0,0.0
0.0,0.0
0.0,0.0
0.0,0.0
32.49098205566406,-7.1034746170043945
0.0,0.0
-2.5976221561431885,9.508101463317871
0.0,0.0
0.0,0.0
0.0,0.0
0.0,0.0
0.0,0.0
0.0,0.0
0.0,0.0
-10.991691589355469,-54.85116195678711
0.0,0.0
0.0,0.0
0.0,0.0
0.0,0.0
0.0,0.0
7.20279598236084,11.097057342529297
0.0,0.0
-8.888894081115723,11.111104965209961
0.0,0.0
0.0,0.0
0.0,0.0
0.0,0.0
0.0,0.0
0.0,0.0
0.0,0.0
0.0,0.0
0.0,0.0
0.0,0.0
0.0,0.0
0.0,0.0
0.0,0.0
0.0,0.0
0.0,0.0
-1.0,1.0
0.0,0.0
0.0,0.0
0.0,0.0
0.0,0.0
0.0,0.0
0.0,0.0
0.0,0.0
-3.3441579341888428,4.80145263671875
0.0,0.0
0.0,0.0
0.0,0.0
0.0,0.0
0.0,0.0
2.0,0.0
0.0,0.0
-8.359122276306152,11.09453010559082
0.0,0.0
0.0,0.0
0.0,0.0
0.0,0.0
0.0,0.0
0.0,0.0
0.0,0.0
0.0,0.0
0.0,0.0
0.0,0.0
0.0,0.0
0.0,0.0
0.0,0.0
0.0,0.0
0.0,0.0
0.0,0.0
0.0,0.0
0.0,0.0
0.0,0.0
0.0,0.0
0.0,0.0
0.0,0.0
0.0,0.0
0.0,0.0
0.0,0.0
0.0,0.0
0.0,0.0
0.0,0.0
0.0,0.0
0.0,0.0
0.0,0.0
0.0,0.0
0.0,0.0
0.0,0.0
0.0,0.0
0.0,0.0
0.0,0.0
0.0,0.0
0.0,0.0
0.0,0.0
0.0,0.0
0.0,0.0
0.0,0.0
0.0,0.0
0.0,0.0
0.0,0.0
0.0,0.0
0.0,0.0
0.0,0.0
0.0,0.0
0.0,0.0
0.0,0.0
0.0,0.0
0.0,0.0
0.0,0.0
0.0,0.0
0.0,0.0
0.0,0.0
0.0,0.0
0.0,0.0
0.0,0.0
0.0,0.0
0.0,0.0
0.0,0.0
0.0,0.0
0.0,0.0
0.0,0.0
0.0,0.0
0.0,0.0
