-6.6413445472717285,9.999996185302734
0.0,0.0
0.0,0.0
0.0,0.0
0.0,0.0
0.0,0.0
0.0,0.0
0.0,0.0
0.0,0.0
0.0,0.0
0.0,0.0
0.0,0.0
0.0,0.0
0.0,0.0
0.0,0.0
0.0,0.0
0.0,0.0
0.0,0.0
12.658157348632812,29.6988468170166
22.173864364624023,5.684122562408447
0.0,0.0
0.0,0.0
-1.8809000253677368,5.369321823120117
0.0,0.0
0.0,0.0
0.0,0.0
15.232486724853516,28.05694580078125
22.216150283813477,6.910672187805176
0.0,0.0
0.0,0.0
-1.0,7.528049945831299
0.0,0.0
0.0,0.0
0.0,0.0
0.0,0.0
0.0,0.0
0.0,0.0
0.0,0.0
0.0,0.0
0.0,0.0
0.0,0.0
0.0,0.0
0.0,0.0
0.0,0.0
0.0,0.0
0.0,0.0
0.0,0.0
0.0,0.0
0.0,0.0
0.0,0.0
-8.891627311706543,11.098901748657227
0.0,0.0
0.0,0.0
0.0,0.0
-8.890108108520508,11.111104965209961
0.0,0.0
0.0,0.0
0.0,0.0
-8.910696029663086,11.085174560546875
21.135517120361328,2.2176496982574463
0.0,0.0
0.0,0.0
-8.873526573181152,11.108304023742676
0.0,0.0
0.0,0.0
0.0,0.0
0.0,0.0
0.0,0.0
0.0,0.0
0.0,0.0
0.0,0.0
0.0,0.0
0.0,0.0
0.0,0.0
0.0,0.0
0.0,0.0
0.0,0.0
0.0,0.0
0.0,0.0
0.0,0.0
0.0,0.0
0.0,0.0
-8.915718078613281,10.772462844848633
22.222211837768555,12.222521781921387
0.0,0.0
0.0,0.0
-8.841200828552246,11.110855102539062
22.197233200073242,3.90857195854187
0.0,0.0
0.0,0.0
-8.9041166305542,11.041601181030273
22.222082138061523,12.221820831298828
0.0,0.0
0.0,0.0
-8.964056015014648,9.108978271484375
22.222211837768555,10.242877960205078
0.0,0.0
0.0,0.0
0.0,0.0
0.0,0.0
0.0,0.0
0.0,0.0
0.0,0.0
0.0,0.0
0.0,0.0
0.0,0.0
0.0,0.0
0.0,0.0
0.0,0.0
0.0,0.0
0.0,0.0
0.0,0.0
0.0,0.0
0.0,0.0
-8.893795013427734,11.088462829589844
22.222211837768555,12.218072891235352
0.0,0.0
0.0,0.0
-8.898612022399902,11.111104965209961
22.222211837768555,12.119288444519043
0.0,0.0
0.0,0.0
-8.905319213867188,10.83642864227295
22.222023010253906,-84.60789489746094
0.0,0.0
0.0,0.0
-8.898523330688477,11.104405403137207
22.222211837768555,12.93681812286377
0.0,0.0
0.0,0.0
0.0,0.0
0.0,0.0
0.0,0.0
0.0,0.0
0.0,0.0
0.0,0.0
0.0,0.0
0.0,0.0
0.0,0.0
0.0,0.0
0.0,0.0
0.0,0.0
0.0,0.0
0.0,0.0
0.0,0.0
0.0,0.0
0.5277410745620728,19.641048431396484
21.50105094909668,12.100431442260742
0.0,0.0
0.0,0.0
0.0,0.0
0.0,0.0
0.0,0.0
0.0,0.0
10.12532901763916,24.096588134765625
22.222211837768555,11.769222259521484
0.0,0.0
0.0,0.0
-8.71290111541748,11.111105918884277
11.772165298461914,0.0
0.0,0.0
0.0,0.0
0.0,0.0
0.0,0.0
0.0,0.0
0.0,0.0
0.0,0.0
0.0,0.0
0.0,0.0
0.0,0.0
0.0,0.0
0.0,0.0
0.0,0.0
0.0,0.0
0.0,0.0
0.0,0.0
0.0,0.0
0.0,0.0
0.0,0.0
0.0,0.0
0.0,0.0
0.0,0.0
0.0,0.0
0.0,0.0
0.0,0.0
0.0,0.0
0.0,0.0
0.0,0.0
0.0,0.0
0.0,0.0
0.0,0.0
0.0,0.0
0.0,0.0
0.0,0.0
0.0,0.0
0.0,0.0
0.0,0.0
0.0,0.0
0.0,0.0
0.0,0.0
0.0,0.0
0.0,0.0
0.0,0.0
0.0,0.0
0.0,0.0
0.0,0.0
0.0,0.0
0.0,0.0
0.0,0.0
0.0,0.0
-8.911102294921875,10.888412475585938
22.222211837768555,12.031826972961426
0.0,0.0
0.0,0.0
0.0,0.0
0.0,0.0
0.0,0.0
0.0,0.0
-8.922917366027832,10.770564079284668
22.222164154052734,12.222210884094238
0.0,0.0
0.0,0.0
-9.216072082519531,7.045839309692383
0.0,0.0
0.0,0.0
0.0,0.0
0.0,0.0
0.0,0.0
0.0,0.0
0.0,0.0
0.0,0.0
0.0,0.0
0.0,0.0
0.0,0.0
0.0,0.0
0.0,0.0
0.0,0.0
0.0,0.0
0.0,0.0
0.0,0.0
0.0,0.0
0.0,0.0
-8.899036407470703,11.038620948791504
0.0,0.0
0.0,0.0
0.0,0.0
0.0,0.0
0.0,0.0
0.0,0.0
0.0,0.0
-8.962298393249512,10.41137981414795
22.222211837768555,12.209882736206055
0.0,0.0
0.0,0.0
-9.105377197265625,8.89157485961914
0.0,0.0
0.0,0.0
0.0,0.0
0.0,0.0
0.0,0.0
0.0,0.0
0.0,0.0
0.0,0.0
0.0,0.0
0.0,0.0
0.0,0.0
0.0,0.0
0.0,0.0
0.0,0.0
0.0,0.0
0.0,0.0
0.0,0.0
0.0,0.0
0.0,0.0
0.0,0.0
0.0,0.0
0.0,0.0
0.0,0.0
0.0,0.0
0.0,0.0
0.0,0.0
0.0,0.0
0.0,0.0
0.0,0.0
0.0,0.0
0.0,0.0
0.0,0.0
0.0,0.0
0.0,0.0
0.0,0.0
0.0,0.0
0.0,0.0
0.0,0.0
0.0,0.0
0.0,0.0
0.0,0.0
0.0,0.0
0.0,0.0
0.0,0.0
0.0,0.0
0.0,0.0
0.0,0.0
0.0,0.0
0.0,0.0
0.0,0.0
0.0,0.0
0.0,0.0
0.0,0.0
0.0,0.0
0.0,0.0
0.0,0.0
0.0,0.0
0.0,0.0
0.0,0.0
0.0,0.0
0.0,0.0
0.0,0.0
0.0,0.0
0.0,0.0
0.0,0.0
33.33331298828125,-20.173166275024414
66.6666259765625,-40.84934997558594
-9.645224571228027,5.514997482299805
20.308565139770508,0.0
3.0,0.0
0.0,0.0
0.0,5.886082649230957
0.0,0.0
33.33331298828125,-15.1558837890625
66.6666259765625,-47.281776428222656
-9.62279987335205,6.0342583656311035
21.9033260345459,0.0
0.0,0.0
0.0,0.0
-3.3112905025482178,6.536245822906494
0.0,0.0
0.0,0.0
0.0,0.0
-8.967525482177734,4.540831089019775
20.11930274963379,1.150560975074768
0.0,0.0
0.0,0.0
-3.3600664138793945,6.266270637512207
0.0,0.0
0.0,0.0
0.0,0.0
-9.441274642944336,2.381743907928467
7.177513599395752,16.02458381652832
0.0,0.0
0.0,0.0
-6.9280195236206055,6.396093368530273
0.0,0.0
33.33331298828125,-23.630075454711914
66.6666259765625,-38.11619567871094
-9.489206314086914,7.528085231781006
2.0,14.91606330871582
33.33331298828125,-23.317127227783203
0.0,0.0
-4.055166721343994,2.706007480621338
0.0,0.0
33.33331298828125,-22.140090942382812
66.6666259765625,-47.652130126953125
-9.788507461547852,-3.5936226844787598
22.05742835998535,9.246665954589844
33.33331298828125,-26.63231086730957
62.72979736328125,-2.731381893157959
-6.241507053375244,7.104558944702148
14.347362518310547,1.0199999809265137
0.0,0.0
0.0,0.0
-4.403328895568848,0.554635226726532
16.822040557861328,0.0
0.0,0.0
0.0,0.0
-2.662649393081665,4.831634998321533
0.0,0.0
0.0,0.0
0.0,0.0
-7.707059860229492,4.907893180847168
21.60511589050293,3.112682580947876
0.0,0.0
0.0,0.0
-7.346384048461914,8.378439903259277
19.91132164001465,6.3978095054626465
0.0,0.0
0.0,0.0
0.0,0.0
0.0,0.0
0.0,0.0
0.0,0.0
0.0,0.0
0.0,0.0
0.0,0.0
0.0,0.0
0.0,0.0
0.0,0.0
0.0,0.0
0.0,0.0
0.0,0.0
0.0,0.0
0.0,0.0
0.0,0.0
0.0,0.0
0.0,0.0
0.0,0.0
0.0,0.0
0.0,0.0
0.0,0.0
0.0,0.0
0.0,0.0
0.0,0.0
0.0,0.0
0.0,0.0
0.0,0.0
0.0,0.0
0.0,0.0
0.0,0.0
0.0,0.0
0.0,0.0
0.0,0.0
0.0,0.0
0.0,0.0
0.0,0.0
0.0,0.0
0.0,0.0
0.0,0.0
0.0,0.0
0.0,0.0
0.0,0.0
0.0,0.0
0.0,0.0
0.0,0.0
0.0,0.0
0.0,0.0
0.0,0.0
0.0,0.0
0.0,0.0
0.0,0.0
0.0,0.0
0.0,0.0
0.0,0.0
0.0,0.0
0.0,0.0
0.0,0.0
0.0,0.0
0.0,0.0
0.0,0.0
0.0,0.0
0.0,0.0
0.0,0.0
-9.203883171081543,10.459494590759277
0.0,0.0
0.0,0.0
0.0,0.0
0.0,0.0
0.0,0.0
33.33331298828125,11.428306579589844
0.0,0.0
-10.464744567871094,-4.410791397094727
0.0,0.0
0.0,0.0
0.0,0.0
-9.837292671203613,-9.715808868408203
0.0,0.0
0.0,0.0
0.0,0.0
-10.193940162658691,-1.9389657974243164
0.0,0.0
0.0,0.0
0.0,0.0
0.0,0.0
0.0,0.0
22.222211837768555,12.192706108093262
0.0,0.0
-9.739866256713867,2.601454496383667
0.0,0.0
0.0,0.0
0.0,0.0
-10.221364974975586,1.0277137756347656
0.0,0.0
0.0,0.0
0.0,0.0
-6.683938980102539,11.042820930480957
0.0,0.0
0.0,0.0
0.0,0.0
0.0,0.0
0.0,0.0
33.33331298828125,-0.2714953124523163
0.0,0.0
-10.398974418640137,-0.5397329926490784
0.0,0.0
0.0,0.0
0.0,0.0
-6.340378284454346,-5.885890007019043
0.0,0.0
0.0,0.0
0.0,0.0
-9.014999389648438,11.111105918884277
0.0,0.0
0.0,0.0
0.0,0.0
0.0,0.0
0.0,0.0
22.222211837768555,9.801983833312988
0.0,0.0
-9.640769004821777,5.19257926940918
0.0,0.0
0.0,0.0
0.0,0.0
-9.294041633605957,2.7401444911956787
0.0,0.0
0.0,0.0
0.0,0.0
0.0,0.0
0.0,0.0
0.0,0.0
0.0,0.0
0.0,0.0
0.0,0.0
0.0,0.0
0.0,0.0
0.0,0.0
0.0,0.0
0.0,0.0
0.0,0.0
0.0,0.0
0.0,0.0
0.0,0.0
0.0,0.0
-9.765253067016602,7.464226245880127
22.222211837768555,10.45569133758545
0.0,0.0
0.0,0.0
0.0,0.0
0.0,0.0
0.0,0.0
0.0,0.0
-8.982588768005371,10.535183906555176
16.711732864379883,-152.13975524902344
0.0,0.0
0.0,0.0
0.0,0.0
0.0,0.0
0.0,0.0
0.0,0.0
0.0,0.0
0.0,0.0
0.0,0.0
0.0,0.0
0.0,0.0
0.0,0.0
0.0,0.0
0.0,0.0
0.0,0.0
0.0,0.0
0.0,0.0
0.0,0.0
0.0,0.0
0.0,0.0
0.0,0.0
0.0,0.0
-13.519256591796875,2.7781214714050293
22.222211837768555,10.786864280700684
0.0,0.0
0.0,0.0
-278.8077087402344,10.156052589416504
0.0,0.0
0.0,0.0
0.0,0.0
-10.13928508758545,11.110920906066895
-121.00582885742188,-189.88897705078125
0.0,0.0
0.0,0.0
-85.02186584472656,-514.9088134765625
0.0,0.0
0.0,0.0
0.0,0.0
0.0,0.0
0.0,0.0
0.0,0.0
0.0,0.0
0.0,0.0
0.0,0.0
0.0,0.0
0.0,0.0
0.0,0.0
0.0,0.0
0.0,0.0
0.0,0.0
0.0,0.0
0.0,0.0
0.0,0.0
0.0,0.0
0.0,0.0
0.0,0.0
0.0,0.0
0.0,0.0
0.0,0.0
0.0,0.0
0.0,0.0
0.0,0.0
0.0,0.0
0.0,0.0
0.0,0.0
0.0,0.0
0.0,0.0
0.0,0.0
0.0,0.0
0.0,0.0
0.0,0.0
0.0,0.0
0.0,0.0
0.0,0.0
0.0,0.0
0.0,0.0
0.0,0.0
0.0,0.0
0.0,0.0
0.0,0.0
0.0,0.0
0.0,0.0
0.0,0.0
0.0,0.0
0.0,0.0
0.0,0.0
0.0,0.0
0.0,0.0
0.0,0.0
0.0,0.0
0.0,0.0
0.0,0.0
0.0,0.0
0.0,0.0
0.0,0.0
0.0,0.0
0.0,0.0
0.0,0.0
0.0,0.0
0.0,0.0
0.0,0.0
0.0,0.0
0.0,0.0
0.0,0.0
0.0,0.0
0.0,0.0
0.0,0.0
0.0,0.0
0.0,0.0
0.0,0.0
0.0,0.0
0.0,0.0
0.0,0.0
0.0,0.0
0.0,0.0
0.0,0.0
0.0,0.0
0.0,0.0
-8.888994216918945,11.109589576721191
22.222211837768555,10.859488487243652
0.0,0.0
0.0,0.0
0.0,0.0
0.0,0.0
0.0,0.0
0.0,0.0
-8.888885498046875,11.11109447479248
22.22170639038086,11.44958209991455
0.0,0.0
0.0,0.0
0.0,0.0
0.0,0.0
0.0,0.0
0.0,0.0
0.0,0.0
0.0,0.0
0.0,0.0
0.0,0.0
0.0,0.0
0.0,0.0
0.0,0.0
0.0,0.0
0.0,0.0
0.0,0.0
0.0,0.0
0.0,0.0
0.0,0.0
0.0,0.0
0.0,0.0
0.0,0.0
-8.910033226013184,11.111104965209961
22.222211837768555,11.25187873840332
0.0,0.0
0.0,0.0
0.0,0.0
0.0,0.0
0.0,0.0
0.0,0.0
-8.888936042785645,11.11071491241455
22.221529006958008,8.588067054748535
0.0,0.0
0.0,0.0
0.0,0.0
0.0,0.0
0.0,0.0
0.0,0.0
0.0,0.0
0.0,0.0
0.0,0.0
0.0,0.0
0.0,0.0
0.0,0.0
0.0,0.0
0.0,0.0
0.0,0.0
0.0,0.0
0.0,0.0
0.0,0.0
0.0,0.0
0.0,0.0
0.0,0.0
0.0,0.0
0.0,0.0
0.0,0.0
0.0,0.0
0.0,0.0
0.0,0.0
0.0,0.0
0.0,0.0
0.0,0.0
0.0,0.0
0.0,0.0
0.0,0.0
0.0,0.0
0.0,0.0
0.0,0.0
0.0,0.0
0.0,0.0
0.0,0.0
0.0,0.0
0.0,0.0
0.0,0.0
0.0,0.0
0.0,0.0
0.0,0.0
0.0,0.0
0.0,0.0
0.0,0.0
0.0,0.0
0.0,0.0
0.0,0.0
0.0,0.0
0.0,0.0
0.0,0.0
0.0,0.0
0.0,0.0
0.0,0.0
0.0,0.0
0.0,0.0
0.0,0.0
0.0,0.0
0.0,0.0
0.0,0.0
0.0,0.0
0.0,0.0
0.0,0.0
0.0,0.0
0.0,0.0
33.33331298828125,-26.16160774230957
62.72979736328125,-14.977712631225586
-7.104211330413818,11.111105918884277
2.0,0.0
0.0,0.0
0.0,0.0
0.0,0.0
0.0,0.0
33.33331298828125,-32.95895767211914
64.43104553222656,-31.250492095947266
-7.1401262283325195,11.110992431640625
3.819999933242798,0.0
0.0,0.0
0.0,0.0
0.0,0.0
0.0,0.0
22.222211837768555,11.982001304626465
51.59381103515625,5.726191520690918
-20.524477005004883,11.111099243164062
22.222211837768555,12.219964981079102
0.0,0.0
0.0,0.0
0.0,0.0
0.0,0.0
22.222211837768555,12.194881439208984
54.012786865234375,6.768396854400635
-95.07920837402344,-80.06806945800781
22.222211837768555,12.221412658691406
0.0,0.0
0.0,0.0
0.0,0.0
0.0,0.0
33.33331298828125,-24.958805084228516
56.557003021240234,-14.961584091186523
-8.437701225280762,11.111105918884277
5.476200103759766,0.0
20.352794647216797,-11.676555633544922
0.0,0.0
0.0,0.0
0.0,0.0
33.33331298828125,-26.01641082763672
64.63224792480469,-15.23711109161377
-5.1941609382629395,11.111092567443848
0.0,1.0
25.233060836791992,-7.545611381530762
0.0,0.0
0.0,0.0
0.0,0.0
-16.1057186126709,11.116196632385254
47.889060974121094,3.413067579269409
-80.7833480834961,11.107415199279785
22.222211837768555,12.221528053283691
15.056099891662598,1.0199999809265137
0.0,0.0
-25.940326690673828,-235.59181213378906
0.0,0.0
-35.613685607910156,11.151609420776367
53.50828170776367,3.6424522399902344
-48.43516159057617,-73.68628692626953
22.222211837768555,12.221976280212402
17.75033187866211,1.1628795862197876
0.0,0.0
-56.609222412109375,-303.47552490234375
0.0,0.0
0.0,0.0
0.0,0.0
0.0,0.0
0.0,0.0
0.0,0.0
0.0,0.0
0.0,0.0
0.0,0.0
0.0,0.0
0.0,0.0
0.0,0.0
0.0,0.0
0.0,0.0
0.0,0.0
0.0,0.0
0.0,0.0
0.0,0.0
0.0,0.0
0.0,0.0
0.0,0.0
0.0,0.0
0.0,0.0
0.0,0.0
0.0,0.0
0.0,0.0
0.0,0.0
0.0,0.0
0.0,0.0
0.0,0.0
0.0,0.0
0.0,0.0
0.0,0.0
0.0,0.0
0.0,0.0
0.0,0.0
0.0,0.0
0.0,0.0
0.0,0.0
0.0,0.0
0.0,0.0
0.0,0.0
0.0,0.0
0.0,0.0
0.0,0.0
0.0,0.0
0.0,0.0
0.0,0.0
0.0,0.0
0.0,0.0
0.0,0.0
0.0,0.0
0.0,0.0
0.0,0.0
0.0,0.0
0.0,0.0
0.0,0.0
0.0,0.0
0.0,0.0
0.0,0.0
0.0,0.0
0.0,0.0
0.0,0.0
0.0,0.0
0.0,0.0
0.0,0.0
0.0,0.0
-1.8519854545593262,4.80145263671875
0.0,0.0
0.0,0.0
0.0,0.0
0.0,0.0
0.0,0.0
33.333160400390625,-19.850549697875977
0.0,0.0
-6.194119453430176,11.110837936401367
0.0,0.0
0.0,0.0
0.0,0.0
0.0,0.0
0.0,0.0
0.0,0.0
0.0,0.0
-8.963480949401855,9.676764488220215
0.0,0.0
0.0,0.0
0.0,0.0
0.0,0.0
0.0,0.0
-179.84063720703125,11.709366798400879
0.0,0.0
-8.888903617858887,11.111041069030762
0.0,0.0
0.0,0.0
0.0,0.0
0.0,0.0
0.0,0.0
0.0,0.0
0.0,0.0
0.0,0.0
0.0,0.0
0.0,0.0
0.0,0.0
0.0,0.0
0.0,0.0
5.730000019073486,0.0
0.0,0.0
-1.0,4.514583587646484
0.0,0.0
0.0,0.0
0.0,0.0
0.0,0.0
0.0,0.0
0.0,0.0
0.0,0.0
-5.312320709228516,10.855598449707031
0.0,0.0
0.0,0.0
0.0,0.0
0.0,0.0
0.0,0.0
3.819999933242798,0.0
0.0,0.0
-8.881291389465332,11.111105918884277
0.0,0.0
0.0,0.0
0.0,0.0
0.0,0.0
0.0,0.0
0.0,0.0
0.0,0.0
0.0,0.0
0.0,0.0
0.0,0.0
0.0,0.0
0.0,0.0
0.0,0.0
0.0,0.0
0.0,0.0
0.0,0.0
0.0,0.0
0.0,0.0
0.0,0.0
0.0,0.0
0.0,0.0
0.0,0.0
0.0,0.0
0.0,0.0
0.0,0.0
0.0,0.0
0.0,0.0
0.0,0.0
0.0,0.0
0.0,0.0
0.0,0.0
0.0,0.0
0.0,0.0
0.0,0.0
0.0,0.0
0.0,0.0
0.0,0.0
0.0,0.0
0.0,0.0
0.0,0.0
0.0,0.0
0.0,0.0
0.0,0.0
0.0,0.0
0.0,0.0
0.0,0.0
0.0,0.0
0.0,0.0
0.0,0.0
0.0,0.0
0.0,0.0
0.0,0.0
0.0,0.0
0.0,0.0
0.0,0.0
0.0,0.0
0.0,0.0
0.0,0.0
0.0,0.0
0.0,0.0
0.0,0.0
0.0,0.0
0.0,0.0
0.0,0.0
0.0,0.0
0.0,0.0
0.0,0.0
0.0,0.0
0.0,0.0
