-7.474122047424316,9.999994277954102
0.0,0.0
0.0,0.0
0.0,0.0
0.0,0.0
0.0,0.0
0.0,0.0
0.0,0.0
0.0,0.0
0.0,0.0
0.0,0.0
0.0,0.0
0.0,0.0
0.0,0.0
0.0,0.0
0.0,0.0
0.0,0.0
0.0,0.0
10.574934005737305,25.94025230407715
9.6029052734375,1.0199999809265137
0.0,0.0
0.0,0.0
0.0,0.0
0.0,0.0
0.0,0.0
0.0,0.0
6.560121536254883,29.751405715942383
5.476200103759766,0.0
0.0,0.0
0.0,0.0
0.0,0.0
0.0,0.0
0.0,0.0
0.0,0.0
0.0,0.0
0.0,0.0
0.0,0.0
0.0,0.0
0.0,0.0
0.0,0.0
0.0,0.0
0.0,0.0
0.0,0.0
0.0,0.0
0.0,0.0
0.0,0.0
0.0,0.0
0.0,0.0
0.0,0.0
0.0,0.0
-8.887482643127441,11.081206321716309
13.568530082702637,1.0835484266281128
0.0,0.0
0.0,0.0
-8.126102447509766,11.111103057861328
0.0,0.0
0.0,0.0
0.0,0.0
-8.888460159301758,11.08955192565918
0.0,0.0
0.0,0.0
0.0,0.0
-4.408492088317871,10.95166301727295
0.0,0.0
0.0,0.0
0.0,0.0
0.0,0.0
0.0,0.0
0.0,0.0
0.0,0.0
0.0,0.0
0.0,0.0
0.0,0.0
0.0,0.0
0.0,0.0
0.0,0.0
0.0,0.0
0.0,0.0
0.0,0.0
0.0,0.0
0.0,0.0
0.0,0.0
-8.828207015991211,8.85485553741455
22.222105026245117,10.872309684753418
0.0,0.0
0.0,0.0
-6.346064567565918,9.841385841369629
0.0,0.0
0.0,0.0
0.0,0.0
-8.903852462768555,10.381654739379883
21.729795455932617,-11.0115966796875
0.0,0.0
0.0,0.0
-5.669391632080078,9.372514724731445
22.122644424438477,-155.7695770263672
0.0,0.0
0.0,0.0
0.0,0.0
0.0,0.0
0.0,0.0
0.0,0.0
0.0,0.0
0.0,0.0
0.0,0.0
0.0,0.0
0.0,0.0
0.0,0.0
0.0,0.0
0.0,0.0
0.0,0.0
0.0,0.0
0.0,0.0
0.0,0.0
-6.233091831207275,11.10970401763916
22.221050262451172,9.626733779907227
0.0,0.0
0.0,0.0
-7.322427749633789,11.111048698425293
22.158048629760742,4.897055149078369
0.0,0.0
0.0,0.0
-8.867673873901367,11.11109447479248
22.222209930419922,12.034743309020996
0.0,0.0
0.0,0.0
-8.367116928100586,11.096524238586426
22.22150230407715,7.832984447479248
0.0,0.0
0.0,0.0
0.0,0.0
0.0,0.0
0.0,0.0
0.0,0.0
0.0,0.0
0.0,0.0
0.0,0.0
0.0,0.0
0.0,0.0
0.0,0.0
0.0,0.0
0.0,0.0
0.0,0.0
0.0,0.0
0.0,0.0
0.0,0.0
-1.7087578773498535,17.983030319213867
19.341753005981445,11.968681335449219
0.0,0.0
0.0,0.0
0.0,0.0
0.0,0.0
0.0,0.0
0.0,0.0
2.63429856300354,19.99413299560547
20.78150749206543,6.545317649841309
0.0,0.0
0.0,0.0
-2.5755856037139893,9.25952434539795
0.0,0.0
0.0,0.0
0.0,0.0
0.0,0.0
0.0,0.0
0.0,0.0
0.0,0.0
0.0,0.0
0.0,0.0
0.0,0.0
0.0,0.0
0.0,0.0
0.0,0.0
0.0,0.0
0.0,0.0
0.0,0.0
0.0,0.0
0.0,0.0
0.0,0.0
0.0,0.0
0.0,0.0
0.0,0.0
0.0,0.0
0.0,0.0
0.0,0.0
0.0,0.0
0.0,0.0
0.0,0.0
0.0,0.0
0.0,0.0
0.0,0.0
0.0,0.0
0.0,0.0
0.0,0.0
0.0,0.0
0.0,0.0
0.0,0.0
0.0,0.0
0.0,0.0
0.0,0.0
0.0,0.0
0.0,0.0
0.0,0.0
0.0,0.0
0.0,0.0
0.0,0.0
0.0,0.0
0.0,0.0
0.0,0.0
0.0,0.0
0.0,0.0
-8.912796974182129,10.872188568115234
0.0,0.0
0.0,0.0
0.0,0.0
0.0,0.0
0.0,0.0
0.0,0.0
0.0,0.0
-8.938410758972168,10.615840911865234
22.222209930419922,12.222214698791504
0.0,0.0
0.0,0.0
-8.347596168518066,8.399068832397461
9.6029052734375,0.0
0.0,0.0
0.0,0.0
0.0,0.0
0.0,0.0
0.0,0.0
0.0,0.0
0.0,0.0
0.0,0.0
0.0,0.0
0.0,0.0
0.0,0.0
0.0,0.0
0.0,0.0
0.0,0.0
0.0,0.0
0.0,0.0
0.0,0.0
0.0,0.0
-8.862839698791504,11.111083984375
0.0,0.0
0.0,0.0
0.0,0.0
0.0,0.0
0.0,0.0
0.0,0.0
0.0,0.0
-8.938695907592773,10.428833961486816
22.221595764160156,5.688995361328125
0.0,0.0
0.0,0.0
-5.33119535446167,9.444114685058594
0.0,0.0
0.0,0.0
0.0,0.0
0.0,0.0
0.0,0.0
0.0,0.0
0.0,0.0
0.0,0.0
0.0,0.0
0.0,0.0
0.0,0.0
0.0,0.0
0.0,0.0
0.0,0.0
0.0,0.0
0.0,0.0
0.0,0.0
0.0,0.0
0.0,0.0
0.0,0.0
0.0,0.0
0.0,0.0
0.0,0.0
0.0,0.0
0.0,0.0
0.0,0.0
0.0,0.0
0.0,0.0
0.0,0.0
0.0,0.0
0.0,0.0
0.0,0.0
0.0,0.0
0.0,0.0
0.0,0.0
0.0,0.0
0.0,0.0
0.0,0.0
0.0,0.0
0.0,0.0
0.0,0.0
0.0,0.0
0.0,0.0
0.0,0.0
0.0,0.0
0.0,0.0
0.0,0.0
0.0,0.0
0.0,0.0
0.0,0.0
0.0,0.0
0.0,0.0
0.0,0.0
0.0,0.0
0.0,0.0
0.0,0.0
0.0,0.0
0.0,0.0
0.0,0.0
0.0,0.0
0.0,0.0
0.0,0.0
0.0,0.0
0.0,0.0
0.0,0.0
33.33330535888672,-21.564760208129883
66.66661071777344,-37.061458587646484
-9.753690719604492,5.8497138023376465
0.0,3.738100051879883
0.0,0.0
0.0,0.0
0.0,0.0
0.0,0.0
33.33330535888672,-21.0946102142334
66.66661071777344,-42.45344161987305
-9.695834159851074,7.303050994873047
6.983342170715332,0.0
0.0,0.0
0.0,0.0
-1.0,1.0
2.0,0.0
0.0,0.0
0.0,0.0
-4.040478706359863,2.5123443603515625
5.476200103759766,0.0
0.0,0.0
0.0,0.0
0.0,2.738100051879883
0.0,0.0
0.0,0.0
0.0,0.0
-5.001203536987305,1.968804955482483
6.983342170715332,0.0
0.0,0.0
0.0,0.0
-1.0,4.80145263671875
2.0,0.0
33.33330535888672,-24.030574798583984
66.66661071777344,-47.75271224975586
-9.58802318572998,4.561981201171875
0.0,6.179056167602539
33.33330535888672,-19.21617889404297
0.0,0.0
-1.909999966621399,-1.0
0.0,0.0
33.33330535888672,-20.362537384033203
66.66661071777344,-29.93830108642578
-9.647300720214844,8.328536033630371
6.983342170715332,2.069833517074585
33.33330535888672,-15.259649276733398
0.0,0.0
-1.8990999460220337,3.5533883571624756
3.819999933242798,0.0
0.0,0.0
0.0,0.0
-1.899999976158142,0.8059214353561401
8.354841232299805,0.0
0.0,0.0
0.0,0.0
-1.0,1.0
0.0,0.0
0.0,0.0
0.0,0.0
-2.6576807498931885,6.68071985244751
0.0,1.909999966621399
0.0,0.0
0.0,0.0
-1.8650833368301392,7.528049945831299
10.738643646240234,0.0
0.0,0.0
0.0,0.0
0.0,0.0
0.0,0.0
0.0,0.0
0.0,0.0
0.0,0.0
0.0,0.0
0.0,0.0
0.0,0.0
0.0,0.0
0.0,0.0
0.0,0.0
0.0,0.0
0.0,0.0
0.0,0.0
0.0,0.0
0.0,0.0
0.0,0.0
0.0,0.0
0.0,0.0
0.0,0.0
0.0,0.0
0.0,0.0
0.0,0.0
0.0,0.0
0.0,0.0
0.0,0.0
0.0,0.0
0.0,0.0
0.0,0.0
0.0,0.0
0.0,0.0
0.0,0.0
0.0,0.0
0.0,0.0
0.0,0.0
0.0,0.0
0.0,0.0
0.0,0.0
0.0,0.0
0.0,0.0
0.0,0.0
0.0,0.0
0.0,0.0
0.0,0.0
0.0,0.0
0.0,0.0
0.0,0.0
0.0,0.0
0.0,0.0
0.0,0.0
0.0,0.0
0.0,0.0
0.0,0.0
0.0,0.0
0.0,0.0
0.0,0.0
0.0,0.0
0.0,0.0
0.0,0.0
0.0,0.0
0.0,0.0
0.0,0.0
0.0,0.0
0.0,0.0
-5.352458953857422,10.713532447814941
0.0,0.0
0.0,0.0
0.0,0.0
0.0,0.0
0.0,0.0
33.33330535888672,8.451468467712402
0.0,0.0
-10.593978881835938,-5.856441020965576
0.0,0.0
0.0,0.0
0.0,0.0
-1.0,-1.0
0.0,0.0
0.0,0.0
0.0,0.0
-10.15610122680664,-1.56150484085083
0.0,0.0
0.0,0.0
0.0,0.0
0.0,0.0
0.0,0.0
22.119384765625,3.9335222244262695
0.0,0.0
-9.698179244995117,3.0184686183929443
0.0,0.0
0.0,0.0
0.0,0.0
-5.98852014541626,4.068984508514404
0.0,0.0
0.0,0.0
0.0,0.0
-1.0,8.049773216247559
0.0,0.0
0.0,0.0
0.0,0.0
0.0,0.0
0.0,0.0
33.33330535888672,16.58463478088379
0.0,0.0
-10.67812728881836,-3.9522650241851807
0.0,0.0
0.0,0.0
0.0,0.0
-1.0,-1.0
0.0,0.0
0.0,0.0
0.0,0.0
-6.365657806396484,10.300529479980469
0.0,0.0
0.0,0.0
0.0,0.0
0.0,0.0
0.0,0.0
16.822040557861328,3.7813572883605957
0.0,0.0
-9.922369956970215,0.7925975918769836
0.0,0.0
0.0,0.0
0.0,0.0
-4.156322479248047,-3.4412379264831543
0.0,0.0
0.0,0.0
0.0,0.0
0.0,0.0
0.0,0.0
0.0,0.0
0.0,0.0
0.0,0.0
0.0,0.0
0.0,0.0
0.0,0.0
0.0,0.0
0.0,0.0
0.0,0.0
0.0,0.0
0.0,0.0
0.0,0.0
0.0,0.0
0.0,0.0
-9.329445838928223,6.744822978973389
22.222209930419922,11.979813575744629
0.0,0.0
0.0,0.0
0.0,0.0
0.0,0.0
0.0,0.0
0.0,0.0
-11.02482795715332,10.901707649230957
22.220264434814453,10.407783508300781
0.0,0.0
0.0,0.0
0.0,0.0
0.0,0.0
0.0,0.0
0.0,0.0
0.0,0.0
0.0,0.0
0.0,0.0
0.0,0.0
0.0,0.0
0.0,0.0
0.0,0.0
0.0,0.0
0.0,0.0
0.0,0.0
0.0,0.0
0.0,0.0
0.0,0.0
0.0,0.0
0.0,0.0
0.0,0.0
-10.37395191192627,4.405113220214844
22.222209930419922,11.602372169494629
0.0,0.0
0.0,0.0
-1.8726190328598022,6.784265041351318
0.0,0.0
0.0,0.0
0.0,0.0
-40.382362365722656,11.111058235168457
-184.24966430664062,1.9598333835601807
0.0,0.0
0.0,0.0
0.0,0.0
0.0,0.0
0.0,0.0
0.0,0.0
0.0,0.0
0.0,0.0
0.0,0.0
0.0,0.0
0.0,0.0
0.0,0.0
0.0,0.0
0.0,0.0
0.0,0.0
0.0,0.0
0.0,0.0
0.0,0.0
0.0,0.0
0.0,0.0
0.0,0.0
0.0,0.0
0.0,0.0
0.0,0.0
0.0,0.0
0.0,0.0
0.0,0.0
0.0,0.0
0.0,0.0
0.0,0.0
0.0,0.0
0.0,0.0
0.0,0.0
0.0,0.0
0.0,0.0
0.0,0.0
0.0,0.0
0.0,0.0
0.0,0.0
0.0,0.0
0.0,0.0
0.0,0.0
0.0,0.0
0.0,0.0
0.0,0.0
0.0,0.0
0.0,0.0
0.0,0.0
0.0,0.0
0.0,0.0
0.0,0.0
0.0,0.0
0.0,0.0
0.0,0.0
0.0,0.0
0.0,0.0
0.0,0.0
0.0,0.0
0.0,0.0
0.0,0.0
0.0,0.0
0.0,0.0
0.0,0.0
0.0,0.0
0.0,0.0
0.0,0.0
0.0,0.0
0.0,0.0
0.0,0.0
0.0,0.0
0.0,0.0
0.0,0.0
0.0,0.0
0.0,0.0
0.0,0.0
0.0,0.0
0.0,0.0
0.0,0.0
0.0,0.0
0.0,0.0
0.0,0.0
0.0,0.0
0.0,0.0
0.0,0.0
0.0,0.0
0.0,0.0
-8.888883590698242,11.111104965209961
19.431617736816406,1.117721676826477
0.0,0.0
0.0,0.0
0.0,0.0
0.0,0.0
0.0,0.0
0.0,0.0
-9.126180648803711,8.738664627075195
10.738643646240234,0.0
0.0,0.0
0.0,0.0
0.0,0.0
0.0,0.0
0.0,0.0
0.0,0.0
0.0,0.0
0.0,0.0
0.0,0.0
0.0,0.0
0.0,0.0
0.0,0.0
0.0,0.0
0.0,0.0
0.0,0.0
0.0,0.0
0.0,0.0
0.0,0.0
0.0,0.0
0.0,0.0
0.0,0.0
0.0,0.0
-8.216933250427246,11.111043930053711
9.6029052734375,1.0835484266281128
0.0,0.0
0.0,0.0
0.0,0.0
0.0,0.0
0.0,0.0
0.0,0.0
-8.888883590698242,11.111104965209961
0.0,0.0
0.0,0.0
0.0,0.0
0.0,0.0
0.0,0.0
0.0,0.0
0.0,0.0
0.0,0.0
0.0,0.0
0.0,0.0
0.0,0.0
0.0,0.0
0.0,0.0
0.0,0.0
0.0,0.0
0.0,0.0
0.0,0.0
0.0,0.0
0.0,0.0
0.0,0.0
0.0,0.0
0.0,0.0
0.0,0.0
0.0,0.0
0.0,0.0
0.0,0.0
0.0,0.0
0.0,0.0
0.0,0.0
0.0,0.0
0.0,0.0
0.0,0.0
0.0,0.0
0.0,0.0
0.0,0.0
0.0,0.0
0.0,0.0
0.0,0.0
0.0,0.0
0.0,0.0
0.0,0.0
0.0,0.0
0.0,0.0
0.0,0.0
0.0,0.0
0.0,0.0
0.0,0.0
0.0,0.0
0.0,0.0
0.0,0.0
0.0,0.0
0.0,0.0
0.0,0.0
0.0,0.0
0.0,0.0
0.0,0.0
0.0,0.0
0.0,0.0
0.0,0.0
0.0,0.0
0.0,0.0
0.0,0.0
0.0,0.0
0.0,0.0
0.0,0.0
0.0,0.0
0.0,0.0
0.0,0.0
0.0,0.0
23.551576614379883,-7.721134662628174
11.460000038146973,0.0
-3.8681743144989014,10.772041320800781
0.0,0.0
0.0,0.0
0.0,0.0
0.0,0.0
0.0,0.0
30.956283569335938,-6.5174431800842285
6.0,-5.940000057220459
-0.9900000095367432,9.715808868408203
0.0,0.0
0.0,0.0
0.0,0.0
0.0,0.0
0.0,0.0
15.704276084899902,2.96659255027771
9.550000190734863,0.0
-16.90779685974121,-97.51496887207031
21.544082641601562,6.795654773712158
0.0,0.0
0.0,0.0
0.0,0.0
0.0,0.0
20.7801456451416,2.9717559814453125
9.550000190734863,0.0
-207.93458557128906,11.110782623291016
21.32232093811035,8.40428352355957
0.0,0.0
0.0,0.0
0.0,0.0
0.0,0.0
25.962085723876953,-9.703025817871094
11.460000038146973,0.0
-2.540925979614258,10.855598449707031
2.0,0.0
8.214300155639648,-2.9700000286102295
0.0,0.0
0.0,0.0
0.0,0.0
30.178955078125,-13.217013359069824
11.460000038146973,0.0
-2.6314947605133057,8.875165939331055
0.0,0.0
10.47501277923584,0.0
0.0,0.0
0.0,0.0
0.0,0.0
18.152801513671875,2.9247353076934814
9.550000190734863,0.0
-86.09138488769531,8.007777214050293
21.95814323425293,5.369060039520264
6.983342170715332,0.0
0.0,0.0
-9.076400756835938,-325.236572265625
0.0,0.0
18.859472274780273,7.057579040527344
9.550000190734863,0.0
-11.097724914550781,-63.6641960144043
18.152801513671875,1.0382000207901
6.983342170715332,0.0
0.0,0.0
-368.2310485839844,-223.9025115966797
0.0,0.0
0.0,0.0
0.0,0.0
0.0,0.0
0.0,0.0
0.0,0.0
0.0,0.0
0.0,0.0
0.0,0.0
0.0,0.0
0.0,0.0
0.0,0.0
0.0,0.0
0.0,0.0
0.0,0.0
0.0,0.0
0.0,0.0
0.0,0.0
0.0,0.0
0.0,0.0
0.0,0.0
0.0,0.0
0.0,0.0
0.0,0.0
0.0,0.0
0.0,0.0
0.0,0.0
0.0,0.0
0.0,0.0
0.0,0.0
0.0,0.0
0.0,0.0
0.0,0.0
0.0,0.0
0.0,0.0
0.0,0.0
0.0,0.0
0.0,0.0
0.0,0.0
0.0,0.0
0.0,0.0
0.0,0.0
0.0,0.0
0.0,0.0
0.0,0.0
0.0,0.0
0.0,0.0
0.0,0.0
0.0,0.0
0.0,0.0
0.0,0.0
0.0,0.0
0.0,0.0
0.0,0.0
0.0,0.0
0.0,0.0
0.0,0.0
0.0,0.0
0.0,0.0
0.0,0.0
0.0,0.0
0.0,0.0
0.0,0.0
0.0,0.0
0.0,0.0
0.0,0.0
0.0,0.0
0.0,0.0
0.0,0.0
0.0,0.0
0.0,0.0
0.0,0.0
0.0,0.0
23.551576614379883,-7.812952995300293
0.0,0.0
-1.8321573734283447,8.411020278930664
0.0,0.0
0.0,0.0
0.0,0.0
0.0,0.0
0.0,0.0
0.0,0.0
0.0,0.0
-8.888883590698242,11.111104965209961
0.0,0.0
0.0,0.0
0.0,0.0
0.0,0.0
0.0,0.0
8.38776683807373,-193.47195434570312
0.0,0.0
-10.52792739868164,10.81264591217041
0.0,0.0
0.0,0.0
0.0,0.0
0.0,0.0
0.0,0.0
0.0,0.0
0.0,0.0
0.0,0.0
0.0,0.0
0.0,0.0
0.0,0.0
0.0,0.0
0.0,0.0
0.0,0.0
0.0,0.0
0.0,0.0
0.0,0.0
0.0,0.0
0.0,0.0
0.0,0.0
0.0,0.0
0.0,0.0
0.0,0.0
0.0,0.0
0.0,0.0
0.0,0.0
0.0,0.0
0.0,0.0
0.0,0.0
0.0,0.0
0.0,0.0
-4.288131237030029,10.918563842773438
0.0,0.0
0.0,0.0
0.0,0.0
0.0,0.0
0.0,0.0
0.0,0.0
0.0,0.0
0.0,0.0
0.0,0.0
0.0,0.0
0.0,0.0
0.0,0.0
0.0,0.0
0.0,0.0
0.0,0.0
0.0,0.0
0.0,0.0
0.0,0.0
0.0,0.0
0.0,0.0
0.0,0.0
0.0,0.0
0.0,0.0
0.0,0.0
0.0,0.0
0.0,0.0
0.0,0.0
0.0,0.0
0.0,0.0
0.0,0.0
0.0,0.0
0.0,0.0
0.0,0.0
0.0,0.0
0.0,0.0
0.0,0.0
0.0,0.0
0.0,0.0
0.0,0.0
0.0,0.0
0.0,0.0
0.0,0.0
0.0,0.0
0.0,0.0
0.0,0.0
0.0,0.0
0.0,0.0
0.0,0.0
0.0,0.0
0.0,0.0
0.0,0.0
0.0,0.0
0.0,0.0
0.0,0.0
0.0,0.0
0.0,0.0
0.0,0.0
0.0,0.0
0.0,0.0
0.0,0.0
0.0,0.0
0.0,0.0
0.0,0.0
0.0,0.0
0.0,0.0
0.0,0.0
0.0,0.0
0.0,0.0
0.0,0.0
