-6.881632328033447,9.999994277954102
0.0,0.0
0.0,0.0
0.0,0.0
0.0,0.0
0.0,0.0
0.0,0.0
0.0,0.0
0.0,0.0
0.0,0.0
0.0,0.0
0.0,0.0
0.0,0.0
0.0,0.0
0.0,0.0
0.0,0.0
0.0,0.0
0.0,0.0
10.928162574768066,25.94025230407715
9.6029052734375,1.0199999809265137
0.0,0.0
0.0,0.0
0.0,0.0
0.0,0.0
0.0,0.0
0.0,0.0
7.110763072967529,29.751405715942383
5.476200103759766,0.0
0.0,0.0
0.0,0.0
0.0,0.0
0.0,0.0
0.0,0.0
0.0,0.0
0.0,0.0
0.0,0.0
0.0,0.0
0.0,0.0
0.0,0.0
0.0,0.0
0.0,0.0
0.0,0.0
0.0,0.0
0.0,0.0
0.0,0.0
0.0,0.0
0.0,0.0
0.0,0.0
0.0,0.0
0.0,0.0
-8.886693954467773,11.085211753845215
13.568530082702637,1.0835484266281128
0.0,0.0
0.0,0.0
-8.041348457336426,11.111095428466797
0.0,0.0
0.0,0.0
0.0,0.0
-8.886065483093262,11.101303100585938
0.0,0.0
0.0,0.0
0.0,0.0
-4.408492088317871,10.95166301727295
0.0,0.0
0.0,0.0
0.0,0.0
0.0,0.0
0.0,0.0
0.0,0.0
0.0,0.0
0.0,0.0
0.0,0.0
0.0,0.0
0.0,0.0
0.0,0.0
0.0,0.0
0.0,0.0
0.0,0.0
0.0,0.0
0.0,0.0
0.0,0.0
0.0,0.0
-8.828207015991211,10.476615905761719
22.222105026245117,10.872309684753418
0.0,0.0
0.0,0.0
-6.346064567565918,9.841385841369629
0.0,0.0
0.0,0.0
0.0,0.0
-8.897982597351074,10.881303787231445
21.378339767456055,-16.582618713378906
0.0,0.0
0.0,0.0
-5.669391632080078,9.200565338134766
22.122644424438477,-155.7695770263672
0.0,0.0
0.0,0.0
0.0,0.0
0.0,0.0
0.0,0.0
0.0,0.0
0.0,0.0
0.0,0.0
0.0,0.0
0.0,0.0
0.0,0.0
0.0,0.0
0.0,0.0
0.0,0.0
0.0,0.0
0.0,0.0
0.0,0.0
0.0,0.0
-6.233091831207275,11.109114646911621
22.221050262451172,9.626733779907227
0.0,0.0
0.0,0.0
-7.322427749633789,11.111048698425293
22.158048629760742,4.897055149078369
0.0,0.0
0.0,0.0
-8.862696647644043,11.11109447479248
22.222209930419922,12.034743309020996
0.0,0.0
0.0,0.0
-8.308890342712402,11.032214164733887
22.220966339111328,7.832984447479248
0.0,0.0
0.0,0.0
0.0,0.0
0.0,0.0
0.0,0.0
0.0,0.0
0.0,0.0
0.0,0.0
0.0,0.0
0.0,0.0
0.0,0.0
0.0,0.0
0.0,0.0
0.0,0.0
0.0,0.0
0.0,0.0
0.0,0.0
0.0,0.0
-1.7087578773498535,17.983030319213867
19.288908004760742,11.973194122314453
0.0,0.0
0.0,0.0
0.0,0.0
0.0,0.0
0.0,0.0
0.0,0.0
2.986344814300537,19.99413299560547
20.78150749206543,6.545317649841309
0.0,0.0
0.0,0.0
-2.5755856037139893,9.25952434539795
0.0,0.0
0.0,0.0
0.0,0.0
0.0,0.0
0.0,0.0
0.0,0.0
0.0,0.0
0.0,0.0
0.0,0.0
0.0,0.0
0.0,0.0
0.0,0.0
0.0,0.0
0.0,0.0
0.0,0.0
0.0,0.0
0.0,0.0
0.0,0.0
0.0,0.0
0.0,0.0
0.0,0.0
0.0,0.0
0.0,0.0
0.0,0.0
0.0,0.0
0.0,0.0
0.0,0.0
0.0,0.0
0.0,0.0
0.0,0.0
0.0,0.0
0.0,0.0
0.0,0.0
0.0,0.0
0.0,0.0
0.0,0.0
0.0,0.0
0.0,0.0
0.0,0.0
0.0,0.0
0.0,0.0
0.0,0.0
0.0,0.0
0.0,0.0
0.0,0.0
0.0,0.0
0.0,0.0
0.0,0.0
0.0,0.0
0.0,0.0
0.0,0.0
-8.912796974182129,10.872188568115234
0.0,0.0
0.0,0.0
0.0,0.0
0.0,0.0
0.0,0.0
0.0,0.0
0.0,0.0
-8.938410758972168,10.615840911865234
22.222209930419922,12.222214698791504
0.0,0.0
0.0,0.0
-8.347596168518066,5.43784761428833
9.6029052734375,0.0
0.0,0.0
0.0,0.0
0.0,0.0
0.0,0.0
0.0,0.0
0.0,0.0
0.0,0.0
0.0,0.0
0.0,0.0
0.0,0.0
0.0,0.0
0.0,0.0
0.0,0.0
0.0,0.0
0.0,0.0
0.0,0.0
0.0,0.0
0.0,0.0
-8.856727600097656,11.110889434814453
0.0,0.0
0.0,0.0
0.0,0.0
0.0,0.0
0.0,0.0
0.0,0.0
0.0,0.0
-8.930769920349121,10.539388656616211
22.221595764160156,5.688995361328125
0.0,0.0
0.0,0.0
-4.9173736572265625,10.194771766662598
0.0,0.0
0.0,0.0
0.0,0.0
0.0,0.0
0.0,0.0
0.0,0.0
0.0,0.0
0.0,0.0
0.0,0.0
0.0,0.0
0.0,0.0
0.0,0.0
0.0,0.0
0.0,0.0
0.0,0.0
0.0,0.0
0.0,0.0
0.0,0.0
0.0,0.0
0.0,0.0
0.0,0.0
0.0,0.0
0.0,0.0
0.0,0.0
0.0,0.0
0.0,0.0
0.0,0.0
0.0,0.0
0.0,0.0
0.0,0.0
0.0,0.0
0.0,0.0
0.0,0.0
0.0,0.0
0.0,0.0
0.0,0.0
0.0,0.0
0.0,0.0
0.0,0.0
0.0,0.0
0.0,0.0
0.0,0.0
0.0,0.0
0.0,0.0
0.0,0.0
0.0,0.0
0.0,0.0
0.0,0.0
0.0,0.0
0.0,0.0
0.0,0.0
0.0,0.0
0.0,0.0
0.0,0.0
0.0,0.0
0.0,0.0
0.0,0.0
0.0,0.0
0.0,0.0
0.0,0.0
0.0,0.0
0.0,0.0
0.0,0.0
0.0,0.0
0.0,0.0
33.33330535888672,-21.162996292114258
66.66661071777344,-37.061458587646484
-9.783012390136719,3.907576322555542
0.0,3.738100051879883
0.0,0.0
0.0,0.0
0.0,0.0
0.0,0.0
33.33330535888672,-21.832988739013672
66.66661071777344,-36.75065994262695
-9.748486518859863,4.609134197235107
5.476200103759766,0.0
0.0,0.0
0.0,0.0
-1.0,1.0
2.0,0.0
0.0,0.0
0.0,0.0
-4.040478706359863,3.8597190380096436
5.476200103759766,0.0
0.0,0.0
0.0,0.0
0.0,2.738100051879883
0.0,0.0
0.0,0.0
0.0,0.0
-5.001203536987305,4.446447849273682
5.476200103759766,0.0
0.0,0.0
0.0,0.0
-1.0,4.177420616149902
2.0,0.0
33.33330535888672,-25.21395492553711
66.66661071777344,-47.75271224975586
-9.61343765258789,5.1699652671813965
0.0,6.179056167602539
33.3328971862793,-18.38834571838379
0.0,0.0
-1.909999966621399,-1.0
0.0,0.0
33.33330535888672,-19.91228675842285
66.66661071777344,-27.338851928710938
-9.870550155639648,7.52665376663208
6.983342170715332,2.069833517074585
33.33330535888672,-15.259649276733398
0.0,0.0
-1.8990999460220337,2.8059213161468506
3.819999933242798,0.0
0.0,0.0
0.0,0.0
-1.899999976158142,0.8059214353561401
8.354841232299805,0.0
0.0,0.0
0.0,0.0
-1.0,1.0
0.0,0.0
0.0,0.0
0.0,0.0
-2.6576807498931885,6.242549419403076
0.0,1.909999966621399
0.0,0.0
0.0,0.0
-1.8650833368301392,6.784265041351318
10.738643646240234,0.0
0.0,0.0
0.0,0.0
0.0,0.0
0.0,0.0
0.0,0.0
0.0,0.0
0.0,0.0
0.0,0.0
0.0,0.0
0.0,0.0
0.0,0.0
0.0,0.0
0.0,0.0
0.0,0.0
0.0,0.0
0.0,0.0
0.0,0.0
0.0,0.0
0.0,0.0
0.0,0.0
0.0,0.0
0.0,0.0
0.0,0.0
0.0,0.0
0.0,0.0
0.0,0.0
0.0,0.0
0.0,0.0
0.0,0.0
0.0,0.0
0.0,0.0
0.0,0.0
0.0,0.0
0.0,0.0
0.0,0.0
0.0,0.0
0.0,0.0
0.0,0.0
0.0,0.0
0.0,0.0
0.0,0.0
0.0,0.0
0.0,0.0
0.0,0.0
0.0,0.0
0.0,0.0
0.0,0.0
0.0,0.0
0.0,0.0
0.0,0.0
0.0,0.0
0.0,0.0
0.0,0.0
0.0,0.0
0.0,0.0
0.0,0.0
0.0,0.0
0.0,0.0
0.0,0.0
0.0,0.0
0.0,0.0
0.0,0.0
0.0,0.0
0.0,0.0
0.0,0.0
0.0,0.0
-5.352458953857422,9.313230514526367
0.0,0.0
0.0,0.0
0.0,0.0
0.0,0.0
0.0,0.0
33.33330535888672,6.80574893951416
0.0,0.0
-10.600964546203613,-5.844148635864258
0.0,0.0
0.0,0.0
0.0,0.0
-1.0,-1.0
0.0,0.0
0.0,0.0
0.0,0.0
-10.15610122680664,-1.56150484085083
0.0,0.0
0.0,0.0
0.0,0.0
0.0,0.0
0.0,0.0
22.02322006225586,3.9335222244262695
0.0,0.0
-9.698180198669434,3.0184686183929443
0.0,0.0
0.0,0.0
0.0,0.0
-5.98852014541626,1.1505967378616333
0.0,0.0
0.0,0.0
0.0,0.0
-1.0,6.646890163421631
0.0,0.0
0.0,0.0
0.0,0.0
0.0,0.0
0.0,0.0
33.33330535888672,12.193685531616211
0.0,0.0
-10.7124662399292,-0.8996497392654419
0.0,0.0
0.0,0.0
0.0,0.0
-1.0,0.0
0.0,0.0
0.0,0.0
0.0,0.0
-6.365657806396484,7.775497913360596
0.0,0.0
0.0,0.0
0.0,0.0
0.0,0.0
0.0,0.0
15.701050758361816,3.7813572883605957
0.0,0.0
-9.922369956970215,0.7746285200119019
0.0,0.0
0.0,0.0
0.0,0.0
-4.156322479248047,-1.8490978479385376
0.0,0.0
0.0,0.0
0.0,0.0
0.0,0.0
0.0,0.0
0.0,0.0
0.0,0.0
0.0,0.0
0.0,0.0
0.0,0.0
0.0,0.0
0.0,0.0
0.0,0.0
0.0,0.0
0.0,0.0
0.0,0.0
0.0,0.0
0.0,0.0
0.0,0.0
-9.330867767333984,6.744703769683838
22.222209930419922,11.979813575744629
0.0,0.0
0.0,0.0
0.0,0.0
0.0,0.0
0.0,0.0
0.0,0.0
-11.173264503479004,10.900279998779297
22.220264434814453,10.407783508300781
0.0,0.0
0.0,0.0
0.0,0.0
0.0,0.0
0.0,0.0
0.0,0.0
0.0,0.0
0.0,0.0
0.0,0.0
0.0,0.0
0.0,0.0
0.0,0.0
0.0,0.0
0.0,0.0
0.0,0.0
0.0,0.0
0.0,0.0
0.0,0.0
0.0,0.0
0.0,0.0
0.0,0.0
0.0,0.0
-10.476085662841797,9.884771347045898
22.222209930419922,11.533499717712402
0.0,0.0
0.0,0.0
-1.8726190328598022,4.80145263671875
0.0,0.0
0.0,0.0
0.0,0.0
-41.76951217651367,11.111058235168457
-184.24966430664062,1.0547620058059692
0.0,0.0
0.0,0.0
0.0,0.0
0.0,0.0
0.0,0.0
0.0,0.0
0.0,0.0
0.0,0.0
0.0,0.0
0.0,0.0
0.0,0.0
0.0,0.0
0.0,0.0
0.0,0.0
0.0,0.0
0.0,0.0
0.0,0.0
0.0,0.0
0.0,0.0
0.0,0.0
0.0,0.0
0.0,0.0
0.0,0.0
0.0,0.0
0.0,0.0
0.0,0.0
0.0,0.0
0.0,0.0
0.0,0.0
0.0,0.0
0.0,0.0
0.0,0.0
0.0,0.0
0.0,0.0
0.0,0.0
0.0,0.0
0.0,0.0
0.0,0.0
0.0,0.0
0.0,0.0
0.0,0.0
0.0,0.0
0.0,0.0
0.0,0.0
0.0,0.0
0.0,0.0
0.0,0.0
0.0,0.0
0.0,0.0
0.0,0.0
0.0,0.0
0.0,0.0
0.0,0.0
0.0,0.0
0.0,0.0
0.0,0.0
0.0,0.0
0.0,0.0
0.0,0.0
0.0,0.0
0.0,0.0
0.0,0.0
0.0,0.0
0.0,0.0
0.0,0.0
0.0,0.0
0.0,0.0
0.0,0.0
0.0,0.0
0.0,0.0
0.0,0.0
0.0,0.0
0.0,0.0
0.0,0.0
0.0,0.0
0.0,0.0
0.0,0.0
0.0,0.0
0.0,0.0
0.0,0.0
0.0,0.0
0.0,0.0
0.0,0.0
0.0,0.0
0.0,0.0
0.0,0.0
-8.888883590698242,11.111104965209961
19.431617736816406,1.117721676826477
0.0,0.0
0.0,0.0
0.0,0.0
0.0,0.0
0.0,0.0
0.0,0.0
-9.126180648803711,8.738664627075195
10.738643646240234,0.0
0.0,0.0
0.0,0.0
0.0,0.0
0.0,0.0
0.0,0.0
0.0,0.0
0.0,0.0
0.0,0.0
0.0,0.0
0.0,0.0
0.0,0.0
0.0,0.0
0.0,0.0
0.0,0.0
0.0,0.0
0.0,0.0
0.0,0.0
0.0,0.0
0.0,0.0
0.0,0.0
0.0,0.0
0.0,0.0
-8.216933250427246,11.110994338989258
3.819999933242798,0.0
0.0,0.0
0.0,0.0
0.0,0.0
0.0,0.0
0.0,0.0
0.0,0.0
-8.888883590698242,11.111104965209961
0.0,0.0
0.0,0.0
0.0,0.0
0.0,0.0
0.0,0.0
0.0,0.0
0.0,0.0
0.0,0.0
0.0,0.0
0.0,0.0
0.0,0.0
0.0,0.0
0.0,0.0
0.0,0.0
0.0,0.0
0.0,0.0
0.0,0.0
0.0,0.0
0.0,0.0
0.0,0.0
0.0,0.0
0.0,0.0
0.0,0.0
0.0,0.0
0.0,0.0
0.0,0.0
0.0,0.0
0.0,0.0
0.0,0.0
0.0,0.0
0.0,0.0
0.0,0.0
0.0,0.0
0.0,0.0
0.0,0.0
0.0,0.0
0.0,0.0
0.0,0.0
0.0,0.0
0.0,0.0
0.0,0.0
0.0,0.0
0.0,0.0
0.0,0.0
0.0,0.0
0.0,0.0
0.0,0.0
0.0,0.0
0.0,0.0
0.0,0.0
0.0,0.0
0.0,0.0
0.0,0.0
0.0,0.0
0.0,0.0
0.0,0.0
0.0,0.0
0.0,0.0
0.0,0.0
0.0,0.0
0.0,0.0
0.0,0.0
0.0,0.0
0.0,0.0
0.0,0.0
0.0,0.0
0.0,0.0
0.0,0.0
0.0,0.0
23.551576614379883,-7.721134662628174
11.460000038146973,0.0
-3.8681743144989014,10.514019966125488
0.0,0.0
0.0,0.0
0.0,0.0
0.0,0.0
0.0,0.0
30.956283569335938,-6.5174431800842285
6.0,-5.940000057220459
-0.9900000095367432,8.875165939331055
0.0,0.0
0.0,0.0
0.0,0.0
0.0,0.0
0.0,0.0
15.704276084899902,2.96659255027771
9.550000190734863,0.0
-80.37250518798828,8.971293449401855
21.544082641601562,6.795654773712158
0.0,0.0
0.0,0.0
0.0,0.0
0.0,0.0
20.7801456451416,2.9717559814453125
9.550000190734863,0.0
-207.93458557128906,11.110492706298828
21.32232093811035,8.40428352355957
0.0,0.0
0.0,0.0
0.0,0.0
0.0,0.0
25.962085723876953,-9.703025817871094
11.460000038146973,0.0
-2.540925979614258,10.738507270812988
2.0,0.0
5.730000019073486,-2.9700000286102295
0.0,0.0
0.0,0.0
0.0,0.0
30.178955078125,-13.217013359069824
11.460000038146973,0.0
-2.6314947605133057,8.875165939331055
0.0,0.0
10.47501277923584,0.0
0.0,0.0
0.0,0.0
0.0,0.0
18.152801513671875,2.9247353076934814
9.550000190734863,0.0
-96.67671966552734,2.3396334648132324
21.95814323425293,5.369060039520264
5.476200103759766,0.0
0.0,0.0
-7.850525379180908,-325.236572265625
0.0,0.0
18.859472274780273,7.057579040527344
9.550000190734863,0.0
-11.078376770019531,-63.6641960144043
18.152801513671875,1.0382000207901
6.983342170715332,0.0
0.0,0.0
-368.2310485839844,-223.9025115966797
0.0,0.0
0.0,0.0
0.0,0.0
0.0,0.0
0.0,0.0
0.0,0.0
0.0,0.0
0.0,0.0
0.0,0.0
0.0,0.0
0.0,0.0
0.0,0.0
0.0,0.0
0.0,0.0
0.0,0.0
0.0,0.0
0.0,0.0
0.0,0.0
0.0,0.0
0.0,0.0
0.0,0.0
0.0,0.0
0.0,0.0
0.0,0.0
0.0,0.0
0.0,0.0
0.0,0.0
0.0,0.0
0.0,0.0
0.0,0.0
0.0,0.0
0.0,0.0
0.0,0.0
0.0,0.0
0.0,0.0
0.0,0.0
0.0,0.0
0.0,0.0
0.0,0.0
0.0,0.0
0.0,0.0
0.0,0.0
0.0,0.0
0.0,0.0
0.0,0.0
0.0,0.0
0.0,0.0
0.0,0.0
0.0,0.0
0.0,0.0
0.0,0.0
0.0,0.0
0.0,0.0
0.0,0.0
0.0,0.0
0.0,0.0
0.0,0.0
0.0,0.0
0.0,0.0
0.0,0.0
0.0,0.0
0.0,0.0
0.0,0.0
0.0,0.0
0.0,0.0
0.0,0.0
0.0,0.0
0.0,0.0
0.0,0.0
0.0,0.0
0.0,0.0
0.0,0.0
0.0,0.0
22.584150314331055,-7.812952995300293
0.0,0.0
-1.8321573734283447,8.411020278930664
0.0,0.0
0.0,0.0
0.0,0.0
0.0,0.0
0.0,0.0
0.0,0.0
0.0,0.0
-8.888883590698242,11.111104965209961
0.0,0.0
0.0,0.0
0.0,0.0
0.0,0.0
0.0,0.0
7.019524097442627,-193.47195434570312
0.0,0.0
-10.726110458374023,9.440568923950195
0.0,0.0
0.0,0.0
0.0,0.0
0.0,0.0
0.0,0.0
0.0,0.0
0.0,0.0
0.0,0.0
0.0,0.0
0.0,0.0
0.0,0.0
0.0,0.0
0.0,0.0
0.0,0.0
0.0,0.0
0.0,0.0
0.0,0.0
0.0,0.0
0.0,0.0
0.0,0.0
0.0,0.0
0.0,0.0
0.0,0.0
0.0,0.0
0.0,0.0
0.0,0.0
0.0,0.0
0.0,0.0
0.0,0.0
0.0,0.0
0.0,0.0
-4.288131237030029,10.772041320800781
0.0,0.0
0.0,0.0
0.0,0.0
0.0,0.0
0.0,0.0
0.0,0.0
0.0,0.0
0.0,0.0
0.0,0.0
0.0,0.0
0.0,0.0
0.0,0.0
0.0,0.0
0.0,0.0
0.0,0.0
0.0,0.0
0.0,0.0
0.0,0.0
0.0,0.0
0.0,0.0
0.0,0.0
0.0,0.0
0.0,0.0
0.0,0.0
0.0,0.0
0.0,0.0
0.0,0.0
0.0,0.0
0.0,0.0
0.0,0.0
0.0,0.0
0.0,0.0
0.0,0.0
0.0,0.0
0.0,0.0
0.0,0.0
0.0,0.0
0.0,0.0
0.0,0.0
0.0,0.0
0.0,0.0
0.0,0.0
0.0,0.0
0.0,0.0
0.0,0.0
0.0,0.0
0.0,0.0
0.0,0.0
0.0,0.0
0.0,0.0
0.0,0.0
0.0,0.0
0.0,0.0
0.0,0.0
0.0,0.0
0.0,0.0
0.0,0.0
0.0,0.0
0.0,0.0
0.0,0.0
0.0,0.0
0.0,0.0
0.0,0.0
0.0,0.0
0.0,0.0
0.0,0.0
0.0,0.0
0.0,0.0
0.0,0.0
