-8.99452018737793,9.999996185302734
0.0,0.0
0.0,0.0
0.0,0.0
0.0,0.0
0.0,0.0
0.0,0.0
0.0,0.0
0.0,0.0
0.0,0.0
0.0,0.0
0.0,0.0
0.0,0.0
0.0,0.0
0.0,0.0
0.0,0.0
0.0,0.0
0.0,0.0
11.272956848144531,29.698787689208984
19.431617736816406,1.1682204008102417
0.0,0.0
0.0,0.0
0.0,0.0
0.0,0.0
0.0,0.0
0.0,0.0
20.64177894592285,28.056621551513672
16.822040557861328,1.1356853246688843
0.0,0.0
0.0,0.0
0.0,0.0
0.0,0.0
0.0,0.0
0.0,0.0
0.0,0.0
0.0,0.0
0.0,0.0
0.0,0.0
0.0,0.0
0.0,0.0
0.0,0.0
0.0,0.0
0.0,0.0
0.0,0.0
0.0,0.0
0.0,0.0
0.0,0.0
0.0,0.0
0.0,0.0
0.0,0.0
-8.988959312438965,11.111099243164062
0.0,0.0
0.0,0.0
0.0,0.0
-8.88882827758789,11.111105918884277
0.0,0.0
0.0,0.0
0.0,0.0
-8.888980865478516,11.048603057861328
9.6029052734375,0.0
0.0,0.0
0.0,0.0
-8.732149124145508,11.111105918884277
0.0,0.0
0.0,0.0
0.0,0.0
0.0,0.0
0.0,0.0
0.0,0.0
0.0,0.0
0.0,0.0
0.0,0.0
0.0,0.0
0.0,0.0
0.0,0.0
0.0,0.0
0.0,0.0
0.0,0.0
0.0,0.0
0.0,0.0
0.0,0.0
0.0,0.0
-8.899026870727539,11.111104965209961
22.222211837768555,12.53661823272705
0.0,0.0
0.0,0.0
-8.709081649780273,11.111075401306152
18.152801513671875,2.014029026031494
0.0,0.0
0.0,0.0
-8.89360523223877,10.26518726348877
22.21231460571289,-22.522296905517578
0.0,0.0
0.0,0.0
-8.913880348205566,11.08925724029541
-152.7136688232422,-189.88937377929688
0.0,0.0
0.0,0.0
0.0,0.0
0.0,0.0
0.0,0.0
0.0,0.0
0.0,0.0
0.0,0.0
0.0,0.0
0.0,0.0
0.0,0.0
0.0,0.0
0.0,0.0
0.0,0.0
0.0,0.0
0.0,0.0
0.0,0.0
0.0,0.0
-8.892951965332031,11.11108112335205
22.222211837768555,12.180095672607422
0.0,0.0
0.0,0.0
-8.924784660339355,10.981325149536133
22.222211837768555,11.060853004455566
0.0,0.0
0.0,0.0
-8.889342308044434,11.111104965209961
22.152612686157227,-66.3141098022461
0.0,0.0
0.0,0.0
-8.889139175415039,11.111105918884277
22.222211837768555,12.289823532104492
0.0,0.0
0.0,0.0
0.0,0.0
0.0,0.0
0.0,0.0
0.0,0.0
0.0,0.0
0.0,0.0
0.0,0.0
0.0,0.0
0.0,0.0
0.0,0.0
0.0,0.0
0.0,0.0
0.0,0.0
0.0,0.0
0.0,0.0
0.0,0.0
0.5275371670722961,19.641048431396484
17.517629623413086,-26.40291404724121
0.0,0.0
0.0,0.0
0.0,0.0
0.0,0.0
0.0,0.0
0.0,0.0
2.5406391620635986,24.096588134765625
22.221460342407227,10.778687477111816
0.0,0.0
0.0,0.0
-8.196526527404785,11.110795974731445
0.0,0.0
0.0,0.0
0.0,0.0
0.0,0.0
0.0,0.0
0.0,0.0
0.0,0.0
0.0,0.0
0.0,0.0
0.0,0.0
0.0,0.0
0.0,0.0
0.0,0.0
0.0,0.0
0.0,0.0
0.0,0.0
0.0,0.0
0.0,0.0
0.0,0.0
0.0,0.0
0.0,0.0
0.0,0.0
0.0,0.0
0.0,0.0
0.0,0.0
0.0,0.0
0.0,0.0
0.0,0.0
0.0,0.0
0.0,0.0
0.0,0.0
0.0,0.0
0.0,0.0
0.0,0.0
0.0,0.0
0.0,0.0
0.0,0.0
0.0,0.0
0.0,0.0
0.0,0.0
0.0,0.0
0.0,0.0
0.0,0.0
0.0,0.0
0.0,0.0
0.0,0.0
0.0,0.0
0.0,0.0
0.0,0.0
0.0,0.0
0.0,0.0
-8.911102294921875,10.888412475585938
22.220773696899414,11.548155784606934
0.0,0.0
0.0,0.0
0.0,0.0
0.0,0.0
0.0,0.0
0.0,0.0
-8.921880722045898,10.78066635131836
22.2189998626709,10.778685569763184
0.0,0.0
0.0,0.0
-9.103789329528809,9.954598426818848
0.0,0.0
0.0,0.0
0.0,0.0
0.0,0.0
0.0,0.0
0.0,0.0
0.0,0.0
0.0,0.0
0.0,0.0
0.0,0.0
0.0,0.0
0.0,0.0
0.0,0.0
0.0,0.0
0.0,0.0
0.0,0.0
0.0,0.0
0.0,0.0
0.0,0.0
-8.900033950805664,10.926797866821289
0.0,0.0
0.0,0.0
0.0,0.0
0.0,0.0
0.0,0.0
0.0,0.0
0.0,0.0
-8.971617698669434,10.75363826751709
5.63030481338501,11.109118461608887
0.0,0.0
0.0,0.0
-8.935916900634766,7.890580654144287
0.0,0.0
0.0,0.0
0.0,0.0
0.0,0.0
0.0,0.0
0.0,0.0
0.0,0.0
0.0,0.0
0.0,0.0
0.0,0.0
0.0,0.0
0.0,0.0
0.0,0.0
0.0,0.0
0.0,0.0
0.0,0.0
0.0,0.0
0.0,0.0
0.0,0.0
0.0,0.0
0.0,0.0
0.0,0.0
0.0,0.0
0.0,0.0
0.0,0.0
0.0,0.0
0.0,0.0
0.0,0.0
0.0,0.0
0.0,0.0
0.0,0.0
0.0,0.0
0.0,0.0
0.0,0.0
0.0,0.0
0.0,0.0
0.0,0.0
0.0,0.0
0.0,0.0
0.0,0.0
0.0,0.0
0.0,0.0
0.0,0.0
0.0,0.0
0.0,0.0
0.0,0.0
0.0,0.0
0.0,0.0
0.0,0.0
0.0,0.0
0.0,0.0
0.0,0.0
0.0,0.0
0.0,0.0
0.0,0.0
0.0,0.0
0.0,0.0
0.0,0.0
0.0,0.0
0.0,0.0
0.0,0.0
0.0,0.0
0.0,0.0
0.0,0.0
0.0,0.0
33.33331298828125,-23.461153030395508
66.6666259765625,-50.8942756652832
-9.479228973388672,6.324582099914551
11.772165298461914,0.0
3.0,0.0
0.0,0.0
0.0,3.491671085357666
0.0,0.0
33.33331298828125,-15.357697486877441
66.6666259765625,-41.19755172729492
-9.992568969726562,-1.0799449682235718
19.431617736816406,0.0
0.0,0.0
0.0,0.0
-2.636324644088745,5.648526668548584
0.0,0.0
0.0,0.0
0.0,0.0
-7.525707721710205,7.090194225311279
11.772165298461914,0.0
0.0,0.0
0.0,0.0
-3.3600664138793945,3.86217999458313
0.0,0.0
0.0,0.0
0.0,0.0
-9.098907470703125,6.96121883392334
5.608284950256348,11.163671493530273
0.0,0.0
0.0,0.0
-5.04925537109375,3.2430691719055176
0.0,0.0
33.33331298828125,-23.82449722290039
66.6666259765625,-51.548179626464844
-9.234131813049316,9.980770111083984
2.0,5.088413715362549
33.33331298828125,-21.17826271057129
0.0,0.0
-2.6757876873016357,1.2943108081817627
0.0,0.0
33.33331298828125,-15.39561653137207
66.6666259765625,-51.21970748901367
-10.129737854003906,4.448019027709961
18.5190486907959,5.68582820892334
33.33331298828125,-26.66653823852539
62.72979736328125,-2.731381893157959
-5.529351711273193,6.954593181610107
13.568530082702637,1.0199999809265137
0.0,0.0
0.0,0.0
-3.241253137588501,7.895813941955566
5.476200103759766,0.0
0.0,0.0
0.0,0.0
-1.0,1.8285267353057861
0.0,0.0
0.0,0.0
0.0,0.0
-6.7230305671691895,4.040255069732666
14.347362518310547,1.0698333978652954
0.0,0.0
0.0,0.0
-6.155520915985107,8.13563060760498
18.152801513671875,4.684757232666016
0.0,0.0
0.0,0.0
0.0,0.0
0.0,0.0
0.0,0.0
0.0,0.0
0.0,0.0
0.0,0.0
0.0,0.0
0.0,0.0
0.0,0.0
0.0,0.0
0.0,0.0
0.0,0.0
0.0,0.0
0.0,0.0
0.0,0.0
0.0,0.0
0.0,0.0
0.0,0.0
0.0,0.0
0.0,0.0
0.0,0.0
0.0,0.0
0.0,0.0
0.0,0.0
0.0,0.0
0.0,0.0
0.0,0.0
0.0,0.0
0.0,0.0
0.0,0.0
0.0,0.0
0.0,0.0
0.0,0.0
0.0,0.0
0.0,0.0
0.0,0.0
0.0,0.0
0.0,0.0
0.0,0.0
0.0,0.0
0.0,0.0
0.0,0.0
0.0,0.0
0.0,0.0
0.0,0.0
0.0,0.0
0.0,0.0
0.0,0.0
0.0,0.0
0.0,0.0
0.0,0.0
0.0,0.0
0.0,0.0
0.0,0.0
0.0,0.0
0.0,0.0
0.0,0.0
0.0,0.0
0.0,0.0
0.0,0.0
0.0,0.0
0.0,0.0
0.0,0.0
0.0,0.0
-9.300399780273438,6.448797225952148
0.0,0.0
0.0,0.0
0.0,0.0
0.0,0.0
0.0,0.0
33.33331298828125,13.180620193481445
0.0,0.0
-10.46988582611084,-3.7801501750946045
0.0,0.0
0.0,0.0
0.0,0.0
-6.346057415008545,-6.356335163116455
0.0,0.0
0.0,0.0
0.0,0.0
-10.193940162658691,-1.9389657974243164
0.0,0.0
0.0,0.0
0.0,0.0
0.0,0.0
0.0,0.0
22.221656799316406,11.811087608337402
0.0,0.0
-9.744969367980957,2.53181529045105
0.0,0.0
0.0,0.0
0.0,0.0
-9.904986381530762,5.332892894744873
0.0,0.0
0.0,0.0
0.0,0.0
-5.048391819000244,9.828147888183594
0.0,0.0
0.0,0.0
0.0,0.0
0.0,0.0
0.0,0.0
33.33331298828125,12.485067367553711
0.0,0.0
-10.709075927734375,-4.273585319519043
0.0,0.0
0.0,0.0
0.0,0.0
-3.466099977493286,-2.738100051879883
0.0,0.0
0.0,0.0
0.0,0.0
-8.934815406799316,9.867837905883789
0.0,0.0
0.0,0.0
0.0,0.0
0.0,0.0
0.0,0.0
21.60511589050293,7.172338962554932
0.0,0.0
-9.636977195739746,1.4574984312057495
0.0,0.0
0.0,0.0
0.0,0.0
-8.65754222869873,-1.5486432313919067
0.0,0.0
0.0,0.0
0.0,0.0
0.0,0.0
0.0,0.0
0.0,0.0
0.0,0.0
0.0,0.0
0.0,0.0
0.0,0.0
0.0,0.0
0.0,0.0
0.0,0.0
0.0,0.0
0.0,0.0
0.0,0.0
0.0,0.0
0.0,0.0
0.0,0.0
-10.094401359558105,8.665173530578613
-179.7777862548828,11.534229278564453
0.0,0.0
0.0,0.0
0.0,0.0
0.0,0.0
0.0,0.0
0.0,0.0
-13.986860275268555,-25.031248092651367
-179.97213745117188,-279.2199401855469
0.0,0.0
0.0,0.0
0.0,0.0
0.0,0.0
0.0,0.0
0.0,0.0
0.0,0.0
0.0,0.0
0.0,0.0
0.0,0.0
0.0,0.0
0.0,0.0
0.0,0.0
0.0,0.0
0.0,0.0
0.0,0.0
0.0,0.0
0.0,0.0
0.0,0.0
0.0,0.0
0.0,0.0
0.0,0.0
-10.695307731628418,9.834712982177734
-56.76973342895508,10.995418548583984
0.0,0.0
0.0,0.0
-463.9702453613281,-85.94029998779297
0.0,0.0
0.0,0.0
0.0,0.0
-11.111156463623047,-36.818058013916016
-181.75491333007812,-120.55130767822266
0.0,0.0
0.0,0.0
-200.91000366210938,-162.27069091796875
0.0,0.0
0.0,0.0
0.0,0.0
0.0,0.0
0.0,0.0
0.0,0.0
0.0,0.0
0.0,0.0
0.0,0.0
0.0,0.0
0.0,0.0
0.0,0.0
0.0,0.0
0.0,0.0
0.0,0.0
0.0,0.0
0.0,0.0
0.0,0.0
0.0,0.0
0.0,0.0
0.0,0.0
0.0,0.0
0.0,0.0
0.0,0.0
0.0,0.0
0.0,0.0
0.0,0.0
0.0,0.0
0.0,0.0
0.0,0.0
0.0,0.0
0.0,0.0
0.0,0.0
0.0,0.0
0.0,0.0
0.0,0.0
0.0,0.0
0.0,0.0
0.0,0.0
0.0,0.0
0.0,0.0
0.0,0.0
0.0,0.0
0.0,0.0
0.0,0.0
0.0,0.0
0.0,0.0
0.0,0.0
0.0,0.0
0.0,0.0
0.0,0.0
0.0,0.0
0.0,0.0
0.0,0.0
0.0,0.0
0.0,0.0
0.0,0.0
0.0,0.0
0.0,0.0
0.0,0.0
0.0,0.0
0.0,0.0
0.0,0.0
0.0,0.0
0.0,0.0
0.0,0.0
0.0,0.0
0.0,0.0
0.0,0.0
0.0,0.0
0.0,0.0
0.0,0.0
0.0,0.0
0.0,0.0
0.0,0.0
0.0,0.0
0.0,0.0
0.0,0.0
0.0,0.0
0.0,0.0
0.0,0.0
0.0,0.0
0.0,0.0
-8.888994216918945,11.109589576721191
22.151878356933594,8.316502571105957
0.0,0.0
0.0,0.0
0.0,0.0
0.0,0.0
0.0,0.0
0.0,0.0
-8.888885498046875,11.11109447479248
22.164527893066406,11.268593788146973
0.0,0.0
0.0,0.0
0.0,0.0
0.0,0.0
0.0,0.0
0.0,0.0
0.0,0.0
0.0,0.0
0.0,0.0
0.0,0.0
0.0,0.0
0.0,0.0
0.0,0.0
0.0,0.0
0.0,0.0
0.0,0.0
0.0,0.0
0.0,0.0
0.0,0.0
0.0,0.0
0.0,0.0
0.0,0.0
-11.003457069396973,-169.99974060058594
22.222177505493164,11.144062995910645
0.0,0.0
0.0,0.0
0.0,0.0
0.0,0.0
0.0,0.0
0.0,0.0
-8.888936042785645,11.11071491241455
22.119384765625,7.238195896148682
0.0,0.0
0.0,0.0
0.0,0.0
0.0,0.0
0.0,0.0
0.0,0.0
0.0,0.0
0.0,0.0
0.0,0.0
0.0,0.0
0.0,0.0
0.0,0.0
0.0,0.0
0.0,0.0
0.0,0.0
0.0,0.0
0.0,0.0
0.0,0.0
0.0,0.0
0.0,0.0
0.0,0.0
0.0,0.0
0.0,0.0
0.0,0.0
0.0,0.0
0.0,0.0
0.0,0.0
0.0,0.0
0.0,0.0
0.0,0.0
0.0,0.0
0.0,0.0
0.0,0.0
0.0,0.0
0.0,0.0
0.0,0.0
0.0,0.0
0.0,0.0
0.0,0.0
0.0,0.0
0.0,0.0
0.0,0.0
0.0,0.0
0.0,0.0
0.0,0.0
0.0,0.0
0.0,0.0
0.0,0.0
0.0,0.0
0.0,0.0
0.0,0.0
0.0,0.0
0.0,0.0
0.0,0.0
0.0,0.0
0.0,0.0
0.0,0.0
0.0,0.0
0.0,0.0
0.0,0.0
0.0,0.0
0.0,0.0
0.0,0.0
0.0,0.0
0.0,0.0
0.0,0.0
0.0,0.0
0.0,0.0
33.332794189453125,-24.87837791442871
54.458404541015625,-5.790499687194824
-5.530693054199219,11.109930038452148
2.0,0.0
0.0,0.0
0.0,0.0
0.0,0.0
0.0,0.0
33.33331298828125,-46.71790313720703
55.55714797973633,-22.80866241455078
-5.231409072875977,10.676630973815918
2.0,0.0
0.0,0.0
0.0,0.0
0.0,0.0
0.0,0.0
22.2037353515625,11.533869743347168
45.38200378417969,2.2968549728393555
-9.876912117004395,11.111104965209961
22.222211837768555,12.174354553222656
0.0,0.0
0.0,0.0
0.0,0.0
0.0,0.0
22.222211837768555,12.158710479736328
48.579044342041016,3.676236391067505
-16.524198532104492,11.111104965209961
22.222211837768555,12.214016914367676
0.0,0.0
0.0,0.0
0.0,0.0
0.0,0.0
33.333309173583984,-22.699199676513672
47.103153228759766,-5.618619918823242
-7.594893455505371,11.11108112335205
2.0,0.0
14.40435791015625,-9.866759300231934
0.0,0.0
0.0,0.0
0.0,0.0
33.33331298828125,-24.98824119567871
56.557003021240234,-15.23711109161377
-3.820415496826172,11.08910846710205
0.0,0.0
20.352794647216797,0.0
0.0,0.0
0.0,0.0
0.0,0.0
-65.36507415771484,11.111790657043457
35.868408203125,3.413067579269409
-11.100480079650879,-231.124755859375
22.222211837768555,12.133893013000488
10.738643646240234,1.0199999809265137
0.0,0.0
-235.0440673828125,-355.7793884277344
0.0,0.0
-85.6438980102539,11.627593040466309
45.38200378417969,3.6424522399902344
-13.770601272583008,11.107948303222656
22.222211837768555,12.21645450592041
14.347362518310547,0.0
0.0,0.0
-443.69537353515625,-344.8753967285156
0.0,0.0
0.0,0.0
0.0,0.0
0.0,0.0
0.0,0.0
0.0,0.0
0.0,0.0
0.0,0.0
0.0,0.0
0.0,0.0
0.0,0.0
0.0,0.0
0.0,0.0
0.0,0.0
0.0,0.0
0.0,0.0
0.0,0.0
0.0,0.0
0.0,0.0
0.0,0.0
0.0,0.0
0.0,0.0
0.0,0.0
0.0,0.0
0.0,0.0
0.0,0.0
0.0,0.0
0.0,0.0
0.0,0.0
0.0,0.0
0.0,0.0
0.0,0.0
0.0,0.0
0.0,0.0
0.0,0.0
0.0,0.0
0.0,0.0
0.0,0.0
0.0,0.0
0.0,0.0
0.0,0.0
0.0,0.0
0.0,0.0
0.0,0.0
0.0,0.0
0.0,0.0
0.0,0.0
0.0,0.0
0.0,0.0
0.0,0.0
0.0,0.0
0.0,0.0
0.0,0.0
0.0,0.0
0.0,0.0
0.0,0.0
0.0,0.0
0.0,0.0
0.0,0.0
0.0,0.0
0.0,0.0
0.0,0.0
0.0,0.0
0.0,0.0
0.0,0.0
0.0,0.0
0.0,0.0
-1.0,1.909999966621399
0.0,0.0
0.0,0.0
0.0,0.0
0.0,0.0
0.0,0.0
33.317291259765625,-15.123100280761719
0.0,0.0
-4.322393894195557,10.640704154968262
0.0,0.0
0.0,0.0
0.0,0.0
0.0,0.0
0.0,0.0
0.0,0.0
0.0,0.0
-8.888895988464355,11.111099243164062
0.0,0.0
0.0,0.0
0.0,0.0
0.0,0.0
0.0,0.0
15.202569007873535,11.128646850585938
0.0,0.0
-8.88931941986084,11.11109447479248
0.0,0.0
0.0,0.0
0.0,0.0
0.0,0.0
0.0,0.0
0.0,0.0
0.0,0.0
0.0,0.0
0.0,0.0
0.0,0.0
0.0,0.0
0.0,0.0
0.0,0.0
0.0,0.0
0.0,0.0
-1.0,1.0
0.0,0.0
0.0,0.0
0.0,0.0
0.0,0.0
0.0,0.0
0.0,0.0
0.0,0.0
-3.946178674697876,8.411020278930664
0.0,0.0
0.0,0.0
0.0,0.0
0.0,0.0
0.0,0.0
2.0,0.0
0.0,0.0
-8.754415512084961,11.111075401306152
0.0,0.0
0.0,0.0
0.0,0.0
0.0,0.0
0.0,0.0
0.0,0.0
0.0,0.0
0.0,0.0
0.0,0.0
0.0,0.0
0.0,0.0
0.0,0.0
0.0,0.0
0.0,0.0
0.0,0.0
0.0,0.0
0.0,0.0
0.0,0.0
0.0,0.0
0.0,0.0
0.0,0.0
0.0,0.0
0.0,0.0
0.0,0.0
0.0,0.0
0.0,0.0
0.0,0.0
0.0,0.0
0.0,0.0
0.0,0.0
0.0,0.0
0.0,0.0
0.0,0.0
0.0,0.0
0.0,0.0
0.0,0.0
0.0,0.0
0.0,0.0
0.0,0.0
0.0,0.0
0.0,0.0
0.0,0.0
0.0,0.0
0.0,0.0
0.0,0.0
0.0,0.0
0.0,0.0
0.0,0.0
0.0,0.0
0.0,0.0
0.0,0.0
0.0,0.0
0.0,0.0
0.0,0.0
0.0,0.0
0.0,0.0
0.0,0.0
0.0,0.0
0.0,0.0
0.0,0.0
0.0,0.0
0.0,0.0
0.0,0.0
0.0,0.0
0.0,0.0
0.0,0.0
0.0,0.0
0.0,0.0
0.0,0.0
