-9.29494571685791,9.999996185302734
0.0,0.0
0.0,0.0
0.0,0.0
0.0,0.0
0.0,0.0
0.0,0.0
0.0,0.0
0.0,0.0
0.0,0.0
0.0,0.0
0.0,0.0
0.0,0.0
0.0,0.0
0.0,0.0
0.0,0.0
0.0,0.0
0.0,0.0
10.555489540100098,29.6988468170166
19.431617736816406,1.1682204008102417
0.0,0.0
0.0,0.0
0.0,0.0
0.0,0.0
0.0,0.0
0.0,0.0
-2.5069773197174072,28.05691146850586
21.660655975341797,2.236150026321411
0.0,0.0
0.0,0.0
0.0,0.0
0.0,0.0
0.0,0.0
0.0,0.0
0.0,0.0
0.0,0.0
0.0,0.0
0.0,0.0
0.0,0.0
0.0,0.0
0.0,0.0
0.0,0.0
0.0,0.0
0.0,0.0
0.0,0.0
0.0,0.0
0.0,0.0
0.0,0.0
0.0,0.0
0.0,0.0
-8.900099754333496,11.111099243164062
0.0,0.0
0.0,0.0
0.0,0.0
-8.890572547912598,11.10944652557373
0.0,0.0
0.0,0.0
0.0,0.0
-8.888948440551758,11.048603057861328
17.75033187866211,1.1434736251831055
0.0,0.0
0.0,0.0
-8.747822761535645,11.111105918884277
0.0,0.0
0.0,0.0
0.0,0.0
0.0,0.0
0.0,0.0
0.0,0.0
0.0,0.0
0.0,0.0
0.0,0.0
0.0,0.0
0.0,0.0
0.0,0.0
0.0,0.0
0.0,0.0
0.0,0.0
0.0,0.0
0.0,0.0
0.0,0.0
0.0,0.0
-8.89721393585205,11.106932640075684
22.222211837768555,12.357558250427246
0.0,0.0
0.0,0.0
-8.743245124816895,11.111105918884277
18.152801513671875,2.014029026031494
0.0,0.0
0.0,0.0
-8.905596733093262,11.012399673461914
21.28830337524414,-27.15644073486328
0.0,0.0
0.0,0.0
-8.907416343688965,11.10580062866211
22.17871856689453,-75.63765716552734
0.0,0.0
0.0,0.0
0.0,0.0
0.0,0.0
0.0,0.0
0.0,0.0
0.0,0.0
0.0,0.0
0.0,0.0
0.0,0.0
0.0,0.0
0.0,0.0
0.0,0.0
0.0,0.0
0.0,0.0
0.0,0.0
0.0,0.0
0.0,0.0
-8.891554832458496,11.111105918884277
22.222211837768555,12.197345733642578
0.0,0.0
0.0,0.0
-8.898850440979004,11.111104965209961
22.222211837768555,11.956536293029785
0.0,0.0
0.0,0.0
-8.941609382629395,9.962027549743652
22.222116470336914,-26.06045913696289
0.0,0.0
0.0,0.0
-8.888932228088379,11.111105918884277
22.222211837768555,12.262138366699219
0.0,0.0
0.0,0.0
0.0,0.0
0.0,0.0
0.0,0.0
0.0,0.0
0.0,0.0
0.0,0.0
0.0,0.0
0.0,0.0
0.0,0.0
0.0,0.0
0.0,0.0
0.0,0.0
0.0,0.0
0.0,0.0
0.0,0.0
0.0,0.0
0.5275841951370239,19.641048431396484
22.222116470336914,12.208884239196777
0.0,0.0
0.0,0.0
0.0,0.0
0.0,0.0
0.0,0.0
0.0,0.0
8.614105224609375,24.096588134765625
22.22220802307129,11.052953720092773
0.0,0.0
0.0,0.0
-8.4346342086792,11.11100959777832
0.0,0.0
0.0,0.0
0.0,0.0
0.0,0.0
0.0,0.0
0.0,0.0
0.0,0.0
0.0,0.0
0.0,0.0
0.0,0.0
0.0,0.0
0.0,0.0
0.0,0.0
0.0,0.0
0.0,0.0
0.0,0.0
0.0,0.0
0.0,0.0
0.0,0.0
0.0,0.0
0.0,0.0
0.0,0.0
0.0,0.0
0.0,0.0
0.0,0.0
0.0,0.0
0.0,0.0
0.0,0.0
0.0,0.0
0.0,0.0
0.0,0.0
0.0,0.0
0.0,0.0
0.0,0.0
0.0,0.0
0.0,0.0
0.0,0.0
0.0,0.0
0.0,0.0
0.0,0.0
0.0,0.0
0.0,0.0
0.0,0.0
0.0,0.0
0.0,0.0
0.0,0.0
0.0,0.0
0.0,0.0
0.0,0.0
0.0,0.0
0.0,0.0
-8.911102294921875,10.888412475585938
22.220773696899414,11.548155784606934
0.0,0.0
0.0,0.0
0.0,0.0
0.0,0.0
0.0,0.0
0.0,0.0
-8.922409057617188,10.775424003601074
22.222164154052734,12.22181510925293
0.0,0.0
0.0,0.0
-9.21858024597168,3.221212148666382
0.0,0.0
0.0,0.0
0.0,0.0
0.0,0.0
0.0,0.0
0.0,0.0
0.0,0.0
0.0,0.0
0.0,0.0
0.0,0.0
0.0,0.0
0.0,0.0
0.0,0.0
0.0,0.0
0.0,0.0
0.0,0.0
0.0,0.0
0.0,0.0
0.0,0.0
-8.889924049377441,7.904078960418701
0.0,0.0
0.0,0.0
0.0,0.0
0.0,0.0
0.0,0.0
0.0,0.0
0.0,0.0
-8.977317810058594,10.558837890625
21.15607261657715,11.394279479980469
0.0,0.0
0.0,0.0
-8.989297866821289,10.12304973602295
0.0,0.0
0.0,0.0
0.0,0.0
0.0,0.0
0.0,0.0
0.0,0.0
0.0,0.0
0.0,0.0
0.0,0.0
0.0,0.0
0.0,0.0
0.0,0.0
0.0,0.0
0.0,0.0
0.0,0.0
0.0,0.0
0.0,0.0
0.0,0.0
0.0,0.0
0.0,0.0
0.0,0.0
0.0,0.0
0.0,0.0
0.0,0.0
0.0,0.0
0.0,0.0
0.0,0.0
0.0,0.0
0.0,0.0
0.0,0.0
0.0,0.0
0.0,0.0
0.0,0.0
0.0,0.0
0.0,0.0
0.0,0.0
0.0,0.0
0.0,0.0
0.0,0.0
0.0,0.0
0.0,0.0
0.0,0.0
0.0,0.0
0.0,0.0
0.0,0.0
0.0,0.0
0.0,0.0
0.0,0.0
0.0,0.0
0.0,0.0
0.0,0.0
0.0,0.0
0.0,0.0
0.0,0.0
0.0,0.0
0.0,0.0
0.0,0.0
0.0,0.0
0.0,0.0
0.0,0.0
0.0,0.0
0.0,0.0
0.0,0.0
0.0,0.0
0.0,0.0
33.33331298828125,-9.277820587158203
66.6666259765625,-31.636354446411133
-9.658380508422852,3.5142271518707275
15.701050758361816,0.0
3.0,0.0
0.0,0.0
0.0,3.491671085357666
0.0,0.0
33.33331298828125,-18.612266540527344
66.6666259765625,-40.271419525146484
-9.969605445861816,6.723260402679443
20.11930274963379,0.0
0.0,0.0
0.0,0.0
-2.636324644088745,6.1401591300964355
0.0,0.0
0.0,0.0
0.0,0.0
-7.9091572761535645,6.069877624511719
15.056099891662598,1.150560975074768
0.0,0.0
0.0,0.0
-3.3600664138793945,5.10827112197876
0.0,0.0
0.0,0.0
0.0,0.0
-9.119404792785645,3.564333200454712
5.608284950256348,11.150718688964844
0.0,0.0
0.0,0.0
-5.04925537109375,4.595585346221924
0.0,0.0
33.33331298828125,-21.213735580444336
66.6666259765625,-25.938018798828125
-9.80922794342041,10.086583137512207
2.0,5.088413715362549
33.33331298828125,-21.72710418701172
0.0,0.0
-3.395265817642212,0.057255055755376816
0.0,0.0
33.33331298828125,-19.314638137817383
66.6666259765625,-30.644329071044922
-9.483105659484863,3.1125080585479736
19.91132164001465,5.68582820892334
33.33331298828125,-26.666645050048828
62.72979736328125,-2.731381893157959
-5.903129577636719,8.260780334472656
13.568530082702637,1.0199999809265137
0.0,0.0
0.0,0.0
-3.241253137588501,8.44852352142334
5.476200103759766,0.0
0.0,0.0
0.0,0.0
-1.8817147016525269,3.0893824100494385
0.0,0.0
0.0,0.0
0.0,0.0
-7.010324954986572,5.667883396148682
15.701050758361816,2.1198606491088867
0.0,0.0
0.0,0.0
-6.155520915985107,9.711884498596191
18.152801513671875,6.3978095054626465
0.0,0.0
0.0,0.0
0.0,0.0
0.0,0.0
0.0,0.0
0.0,0.0
0.0,0.0
0.0,0.0
0.0,0.0
0.0,0.0
0.0,0.0
0.0,0.0
0.0,0.0
0.0,0.0
0.0,0.0
0.0,0.0
0.0,0.0
0.0,0.0
0.0,0.0
0.0,0.0
0.0,0.0
0.0,0.0
0.0,0.0
0.0,0.0
0.0,0.0
0.0,0.0
0.0,0.0
0.0,0.0
0.0,0.0
0.0,0.0
0.0,0.0
0.0,0.0
0.0,0.0
0.0,0.0
0.0,0.0
0.0,0.0
0.0,0.0
0.0,0.0
0.0,0.0
0.0,0.0
0.0,0.0
0.0,0.0
0.0,0.0
0.0,0.0
0.0,0.0
0.0,0.0
0.0,0.0
0.0,0.0
0.0,0.0
0.0,0.0
0.0,0.0
0.0,0.0
0.0,0.0
0.0,0.0
0.0,0.0
0.0,0.0
0.0,0.0
0.0,0.0
0.0,0.0
0.0,0.0
0.0,0.0
0.0,0.0
0.0,0.0
0.0,0.0
0.0,0.0
0.0,0.0
-9.313908576965332,6.467729568481445
0.0,0.0
0.0,0.0
0.0,0.0
0.0,0.0
0.0,0.0
33.33331298828125,12.276647567749023
0.0,0.0
-10.704830169677734,-6.529191017150879
0.0,0.0
0.0,0.0
0.0,0.0
-7.5203046798706055,-7.173681259155273
0.0,0.0
0.0,0.0
0.0,0.0
-10.193940162658691,-1.9389657974243164
0.0,0.0
0.0,0.0
0.0,0.0
0.0,0.0
0.0,0.0
22.22216796875,11.852200508117676
0.0,0.0
-9.749589920043945,2.5436770915985107
0.0,0.0
0.0,0.0
0.0,0.0
-9.998892784118652,-6.35829496383667
0.0,0.0
0.0,0.0
0.0,0.0
-5.048391819000244,10.382555961608887
0.0,0.0
0.0,0.0
0.0,0.0
0.0,0.0
0.0,0.0
33.33331298828125,6.375092506408691
0.0,0.0
-10.490396499633789,-9.563901901245117
0.0,0.0
0.0,0.0
0.0,0.0
-3.466099977493286,-2.738100051879883
0.0,0.0
0.0,0.0
0.0,0.0
-8.947946548461914,9.895671844482422
0.0,0.0
0.0,0.0
0.0,0.0
0.0,0.0
0.0,0.0
21.95814323425293,7.671711444854736
0.0,0.0
-9.812241554260254,-1.9961801767349243
0.0,0.0
0.0,0.0
0.0,0.0
-8.900920867919922,4.557886600494385
0.0,0.0
0.0,0.0
0.0,0.0
0.0,0.0
0.0,0.0
0.0,0.0
0.0,0.0
0.0,0.0
0.0,0.0
0.0,0.0
0.0,0.0
0.0,0.0
0.0,0.0
0.0,0.0
0.0,0.0
0.0,0.0
0.0,0.0
0.0,0.0
0.0,0.0
-15.610915184020996,2.6838910579681396
-3.3110034465789795,11.111122131347656
0.0,0.0
0.0,0.0
0.0,0.0
0.0,0.0
0.0,0.0
0.0,0.0
-9.50943660736084,5.412283420562744
-152.09483337402344,-0.5796656608581543
0.0,0.0
0.0,0.0
0.0,0.0
0.0,0.0
0.0,0.0
0.0,0.0
0.0,0.0
0.0,0.0
0.0,0.0
0.0,0.0
0.0,0.0
0.0,0.0
0.0,0.0
0.0,0.0
0.0,0.0
0.0,0.0
0.0,0.0
0.0,0.0
0.0,0.0
0.0,0.0
0.0,0.0
0.0,0.0
-14.583015441894531,-43.13174057006836
22.040151596069336,-95.67242431640625
0.0,0.0
0.0,0.0
-419.2657775878906,-39.04127502441406
0.0,0.0
0.0,0.0
0.0,0.0
-115.29862213134766,10.601911544799805
7.842429161071777,-153.87648010253906
0.0,0.0
0.0,0.0
-200.91000366210938,-162.27069091796875
0.0,0.0
0.0,0.0
0.0,0.0
0.0,0.0
0.0,0.0
0.0,0.0
0.0,0.0
0.0,0.0
0.0,0.0
0.0,0.0
0.0,0.0
0.0,0.0
0.0,0.0
0.0,0.0
0.0,0.0
0.0,0.0
0.0,0.0
0.0,0.0
0.0,0.0
0.0,0.0
0.0,0.0
0.0,0.0
0.0,0.0
0.0,0.0
0.0,0.0
0.0,0.0
0.0,0.0
0.0,0.0
0.0,0.0
0.0,0.0
0.0,0.0
0.0,0.0
0.0,0.0
0.0,0.0
0.0,0.0
0.0,0.0
0.0,0.0
0.0,0.0
0.0,0.0
0.0,0.0
0.0,0.0
0.0,0.0
0.0,0.0
0.0,0.0
0.0,0.0
0.0,0.0
0.0,0.0
0.0,0.0
0.0,0.0
0.0,0.0
0.0,0.0
0.0,0.0
0.0,0.0
0.0,0.0
0.0,0.0
0.0,0.0
0.0,0.0
0.0,0.0
0.0,0.0
0.0,0.0
0.0,0.0
0.0,0.0
0.0,0.0
0.0,0.0
0.0,0.0
0.0,0.0
0.0,0.0
0.0,0.0
0.0,0.0
0.0,0.0
0.0,0.0
0.0,0.0
0.0,0.0
0.0,0.0
0.0,0.0
0.0,0.0
0.0,0.0
0.0,0.0
0.0,0.0
0.0,0.0
0.0,0.0
0.0,0.0
0.0,0.0
-8.888994216918945,11.109589576721191
22.2115535736084,9.658080101013184
0.0,0.0
0.0,0.0
0.0,0.0
0.0,0.0
0.0,0.0
0.0,0.0
-8.888885498046875,11.11109447479248
22.2213134765625,11.44958209991455
0.0,0.0
0.0,0.0
0.0,0.0
0.0,0.0
0.0,0.0
0.0,0.0
0.0,0.0
0.0,0.0
0.0,0.0
0.0,0.0
0.0,0.0
0.0,0.0
0.0,0.0
0.0,0.0
0.0,0.0
0.0,0.0
0.0,0.0
0.0,0.0
0.0,0.0
0.0,0.0
0.0,0.0
0.0,0.0
-95.98811340332031,11.10489559173584
22.22219467163086,11.144062995910645
0.0,0.0
0.0,0.0
0.0,0.0
0.0,0.0
0.0,0.0
0.0,0.0
-8.888936042785645,11.11071491241455
22.192045211791992,7.73595666885376
0.0,0.0
0.0,0.0
0.0,0.0
0.0,0.0
0.0,0.0
0.0,0.0
0.0,0.0
0.0,0.0
0.0,0.0
0.0,0.0
0.0,0.0
0.0,0.0
0.0,0.0
0.0,0.0
0.0,0.0
0.0,0.0
0.0,0.0
0.0,0.0
0.0,0.0
0.0,0.0
0.0,0.0
0.0,0.0
0.0,0.0
0.0,0.0
0.0,0.0
0.0,0.0
0.0,0.0
0.0,0.0
0.0,0.0
0.0,0.0
0.0,0.0
0.0,0.0
0.0,0.0
0.0,0.0
0.0,0.0
0.0,0.0
0.0,0.0
0.0,0.0
0.0,0.0
0.0,0.0
0.0,0.0
0.0,0.0
0.0,0.0
0.0,0.0
0.0,0.0
0.0,0.0
0.0,0.0
0.0,0.0
0.0,0.0
0.0,0.0
0.0,0.0
0.0,0.0
0.0,0.0
0.0,0.0
0.0,0.0
0.0,0.0
0.0,0.0
0.0,0.0
0.0,0.0
0.0,0.0
0.0,0.0
0.0,0.0
0.0,0.0
0.0,0.0
0.0,0.0
0.0,0.0
0.0,0.0
0.0,0.0
33.333213806152344,-25.6107120513916
55.55714797973633,-5.790499687194824
-5.530693054199219,11.110651016235352
2.0,0.0
0.0,0.0
0.0,0.0
0.0,0.0
0.0,0.0
33.33331298828125,-46.71790313720703
59.048316955566406,-22.80866241455078
-5.231409072875977,10.886588096618652
2.0,0.0
0.0,0.0
0.0,0.0
0.0,0.0
0.0,0.0
22.219139099121094,11.720000267028809
46.29762268066406,2.2968549728393555
-9.15870189666748,4.386865615844727
22.222211837768555,12.187326431274414
0.0,0.0
0.0,0.0
0.0,0.0
0.0,0.0
22.222211837768555,12.170778274536133
49.7783088684082,5.812746047973633
-11.10801887512207,-93.73068237304688
22.222211837768555,12.216837882995605
0.0,0.0
0.0,0.0
0.0,0.0
0.0,0.0
33.33331298828125,-22.699199676513672
48.863868713378906,-10.585726737976074
-7.840753078460693,11.111105918884277
2.0,0.0
16.10796546936035,-9.866759300231934
0.0,0.0
0.0,0.0
0.0,0.0
33.33331298828125,-25.156084060668945
58.29485321044922,-15.23711109161377
-3.820415496826172,11.096022605895996
0.0,0.0
20.352794647216797,0.0
0.0,0.0
0.0,0.0
0.0,0.0
-48.934593200683594,11.111403465270996
39.252628326416016,3.413067579269409
-49.29224395751953,11.077873229980469
22.222211837768555,12.191423416137695
11.772165298461914,1.0199999809265137
0.0,0.0
-183.4722442626953,-325.166259765625
0.0,0.0
-85.6438980102539,11.175970077514648
47.130836486816406,3.6424522399902344
-11.114663124084473,-23.35302734375
22.222211837768555,12.217550277709961
14.347362518310547,0.0
0.0,0.0
-403.4541931152344,-373.8488464355469
0.0,0.0
0.0,0.0
0.0,0.0
0.0,0.0
0.0,0.0
0.0,0.0
0.0,0.0
0.0,0.0
0.0,0.0
0.0,0.0
0.0,0.0
0.0,0.0
0.0,0.0
0.0,0.0
0.0,0.0
0.0,0.0
0.0,0.0
0.0,0.0
0.0,0.0
0.0,0.0
0.0,0.0
0.0,0.0
0.0,0.0
0.0,0.0
0.0,0.0
0.0,0.0
0.0,0.0
0.0,0.0
0.0,0.0
0.0,0.0
0.0,0.0
0.0,0.0
0.0,0.0
0.0,0.0
0.0,0.0
0.0,0.0
0.0,0.0
0.0,0.0
0.0,0.0
0.0,0.0
0.0,0.0
0.0,0.0
0.0,0.0
0.0,0.0
0.0,0.0
0.0,0.0
0.0,0.0
0.0,0.0
0.0,0.0
0.0,0.0
0.0,0.0
0.0,0.0
0.0,0.0
0.0,0.0
0.0,0.0
0.0,0.0
0.0,0.0
0.0,0.0
0.0,0.0
0.0,0.0
0.0,0.0
0.0,0.0
0.0,0.0
0.0,0.0
0.0,0.0
0.0,0.0
0.0,0.0
-1.0,2.738100051879883
0.0,0.0
0.0,0.0
0.0,0.0
0.0,0.0
0.0,0.0
33.32708740234375,-17.31664276123047
0.0,0.0
-4.322393894195557,10.817562103271484
0.0,0.0
0.0,0.0
0.0,0.0
0.0,0.0
0.0,0.0
0.0,0.0
0.0,0.0
-9.056142807006836,10.011397361755371
0.0,0.0
0.0,0.0
0.0,0.0
0.0,0.0
0.0,0.0
19.734678268432617,11.198142051696777
0.0,0.0
-8.888895988464355,11.11109447479248
0.0,0.0
0.0,0.0
0.0,0.0
0.0,0.0
0.0,0.0
0.0,0.0
0.0,0.0
0.0,0.0
0.0,0.0
0.0,0.0
0.0,0.0
0.0,0.0
0.0,0.0
0.0,0.0
0.0,0.0
-1.0,1.0
0.0,0.0
0.0,0.0
0.0,0.0
0.0,0.0
0.0,0.0
0.0,0.0
0.0,0.0
-3.946178674697876,8.411020278930664
0.0,0.0
0.0,0.0
0.0,0.0
0.0,0.0
0.0,0.0
3.819999933242798,0.0
0.0,0.0
-8.79085922241211,11.111102104187012
0.0,0.0
0.0,0.0
0.0,0.0
0.0,0.0
0.0,0.0
0.0,0.0
0.0,0.0
0.0,0.0
0.0,0.0
0.0,0.0
0.0,0.0
0.0,0.0
0.0,0.0
0.0,0.0
0.0,0.0
0.0,0.0
0.0,0.0
0.0,0.0
0.0,0.0
0.0,0.0
0.0,0.0
0.0,0.0
0.0,0.0
0.0,0.0
0.0,0.0
0.0,0.0
0.0,0.0
0.0,0.0
0.0,0.0
0.0,0.0
0.0,0.0
0.0,0.0
0.0,0.0
0.0,0.0
0.0,0.0
0.0,0.0
0.0,0.0
0.0,0.0
0.0,0.0
0.0,0.0
0.0,0.0
0.0,0.0
0.0,0.0
0.0,0.0
0.0,0.0
0.0,0.0
0.0,0.0
0.0,0.0
0.0,0.0
0.0,0.0
0.0,0.0
0.0,0.0
0.0,0.0
0.0,0.0
0.0,0.0
0.0,0.0
0.0,0.0
0.0,0.0
0.0,0.0
0.0,0.0
0.0,0.0
0.0,0.0
0.0,0.0
0.0,0.0
0.0,0.0
0.0,0.0
0.0,0.0
0.0,0.0
0.0,0.0
