-9.086417198181152,9.999996185302734
0.0,0.0
0.0,0.0
0.0,0.0
0.0,0.0
0.0,0.0
0.0,0.0
0.0,0.0
0.0,0.0
0.0,0.0
0.0,0.0
0.0,0.0
0.0,0.0
0.0,0.0
0.0,0.0
0.0,0.0
0.0,0.0
0.0,0.0
18.361526489257812,29.69738006591797
19.431617736816406,1.1682204008102417
0.0,0.0
0.0,0.0
0.0,0.0
0.0,0.0
0.0,0.0
0.0,0.0
-1.1932963132858276,28.054828643798828
16.822040557861328,1.1356853246688843
0.0,0.0
0.0,0.0
0.0,0.0
0.0,0.0
0.0,0.0
0.0,0.0
0.0,0.0
0.0,0.0
0.0,0.0
0.0,0.0
0.0,0.0
0.0,0.0
0.0,0.0
0.0,0.0
0.0,0.0
0.0,0.0
0.0,0.0
0.0,0.0
0.0,0.0
0.0,0.0
0.0,0.0
0.0,0.0
-8.889904022216797,11.108482360839844
0.0,0.0
0.0,0.0
0.0,0.0
-8.888479232788086,11.111105918884277
0.0,0.0
0.0,0.0
0.0,0.0
-8.889495849609375,11.110307693481445
9.6029052734375,0.0
0.0,0.0
0.0,0.0
-8.673880577087402,11.111071586608887
0.0,0.0
0.0,0.0
0.0,0.0
0.0,0.0
0.0,0.0
0.0,0.0
0.0,0.0
0.0,0.0
0.0,0.0
0.0,0.0
0.0,0.0
0.0,0.0
0.0,0.0
0.0,0.0
0.0,0.0
0.0,0.0
0.0,0.0
0.0,0.0
0.0,0.0
-8.898896217346191,10.6847562789917
22.222211837768555,12.879548072814941
0.0,0.0
0.0,0.0
-8.471158027648926,11.11024284362793
18.152801513671875,2.014029026031494
0.0,0.0
0.0,0.0
-8.948984146118164,10.038779258728027
21.931360244750977,-28.88831901550293
0.0,0.0
0.0,0.0
-8.920936584472656,10.937082290649414
-65.22042083740234,11.004817008972168
0.0,0.0
0.0,0.0
0.0,0.0
0.0,0.0
0.0,0.0
0.0,0.0
0.0,0.0
0.0,0.0
0.0,0.0
0.0,0.0
0.0,0.0
0.0,0.0
0.0,0.0
0.0,0.0
0.0,0.0
0.0,0.0
0.0,0.0
0.0,0.0
-8.899529457092285,10.993005752563477
22.222211837768555,12.1754150390625
0.0,0.0
0.0,0.0
-8.885143280029297,11.111105918884277
22.222211837768555,10.931812286376953
0.0,0.0
0.0,0.0
-8.901010513305664,11.109794616699219
-111.549072265625,3.3725194931030273
0.0,0.0
0.0,0.0
-8.891167640686035,11.111105918884277
22.222211837768555,12.627579689025879
0.0,0.0
0.0,0.0
0.0,0.0
0.0,0.0
0.0,0.0
0.0,0.0
0.0,0.0
0.0,0.0
0.0,0.0
0.0,0.0
0.0,0.0
0.0,0.0
0.0,0.0
0.0,0.0
0.0,0.0
0.0,0.0
0.0,0.0
0.0,0.0
0.529197633266449,19.641048431396484
22.1147403717041,8.337072372436523
0.0,0.0
0.0,0.0
0.0,0.0
0.0,0.0
0.0,0.0
0.0,0.0
23.023574829101562,24.09614372253418
22.213367462158203,10.440108299255371
0.0,0.0
0.0,0.0
-8.196526527404785,11.110605239868164
0.0,0.0
0.0,0.0
0.0,0.0
0.0,0.0
0.0,0.0
0.0,0.0
0.0,0.0
0.0,0.0
0.0,0.0
0.0,0.0
0.0,0.0
0.0,0.0
0.0,0.0
0.0,0.0
0.0,0.0
0.0,0.0
0.0,0.0
0.0,0.0
0.0,0.0
0.0,0.0
0.0,0.0
0.0,0.0
0.0,0.0
0.0,0.0
0.0,0.0
0.0,0.0
0.0,0.0
0.0,0.0
0.0,0.0
0.0,0.0
0.0,0.0
0.0,0.0
0.0,0.0
0.0,0.0
0.0,0.0
0.0,0.0
0.0,0.0
0.0,0.0
0.0,0.0
0.0,0.0
0.0,0.0
0.0,0.0
0.0,0.0
0.0,0.0
0.0,0.0
0.0,0.0
0.0,0.0
0.0,0.0
0.0,0.0
0.0,0.0
0.0,0.0
-8.911102294921875,10.888412475585938
22.219667434692383,11.473278999328613
0.0,0.0
0.0,0.0
0.0,0.0
0.0,0.0
0.0,0.0
0.0,0.0
-8.921006202697754,10.791028022766113
22.222211837768555,12.222216606140137
0.0,0.0
0.0,0.0
-9.234517097473145,9.279351234436035
0.0,0.0
0.0,0.0
0.0,0.0
0.0,0.0
0.0,0.0
0.0,0.0
0.0,0.0
0.0,0.0
0.0,0.0
0.0,0.0
0.0,0.0
0.0,0.0
0.0,0.0
0.0,0.0
0.0,0.0
0.0,0.0
0.0,0.0
0.0,0.0
0.0,0.0
-8.89981746673584,11.108392715454102
0.0,0.0
0.0,0.0
0.0,0.0
0.0,0.0
0.0,0.0
0.0,0.0
0.0,0.0
-9.000624656677246,9.37204647064209
-0.12434253841638565,11.10023021697998
0.0,0.0
0.0,0.0
-8.861034393310547,10.610525131225586
0.0,0.0
0.0,0.0
0.0,0.0
0.0,0.0
0.0,0.0
0.0,0.0
0.0,0.0
0.0,0.0
0.0,0.0
0.0,0.0
0.0,0.0
0.0,0.0
0.0,0.0
0.0,0.0
0.0,0.0
0.0,0.0
0.0,0.0
0.0,0.0
0.0,0.0
0.0,0.0
0.0,0.0
0.0,0.0
0.0,0.0
0.0,0.0
0.0,0.0
0.0,0.0
0.0,0.0
0.0,0.0
0.0,0.0
0.0,0.0
0.0,0.0
0.0,0.0
0.0,0.0
0.0,0.0
0.0,0.0
0.0,0.0
0.0,0.0
0.0,0.0
0.0,0.0
0.0,0.0
0.0,0.0
0.0,0.0
0.0,0.0
0.0,0.0
0.0,0.0
0.0,0.0
0.0,0.0
0.0,0.0
0.0,0.0
0.0,0.0
0.0,0.0
0.0,0.0
0.0,0.0
0.0,0.0
0.0,0.0
0.0,0.0
0.0,0.0
0.0,0.0
0.0,0.0
0.0,0.0
0.0,0.0
0.0,0.0
0.0,0.0
0.0,0.0
0.0,0.0
33.33331298828125,-16.966835021972656
66.6666259765625,-40.17073059082031
-9.792901992797852,4.795398235321045
10.738643646240234,0.0
0.0,0.0
0.0,0.0
0.0,1.909999966621399
0.0,0.0
33.33331298828125,-4.320605754852295
66.6666259765625,-40.03329086303711
-9.627486228942871,1.921332836151123
16.822040557861328,0.0
0.0,0.0
0.0,0.0
-1.8809000253677368,5.648526668548584
0.0,0.0
0.0,0.0
0.0,0.0
-6.818150043487549,7.89041805267334
11.772165298461914,0.0
0.0,0.0
0.0,0.0
-1.0,2.3574206829071045
0.0,0.0
0.0,0.0
0.0,0.0
-9.068341255187988,4.984970569610596
3.912975311279297,8.152082443237305
0.0,0.0
0.0,0.0
-5.04925537109375,2.4649112224578857
0.0,0.0
33.33331298828125,-13.30717945098877
66.6666259765625,-40.1182861328125
-9.795602798461914,7.704171657562256
2.0,4.492762088775635
33.33331298828125,-26.510080337524414
0.0,0.0
-2.6757876873016357,2.5212206840515137
0.0,0.0
33.33331298828125,-20.23245620727539
66.6666259765625,-39.28661346435547
-9.214624404907227,8.980940818786621
17.30805778503418,5.00070858001709
33.33331298828125,-26.666162490844727
60.35791015625,-5.548316955566406
-5.10029935836792,5.5953497886657715
10.738643646240234,1.0199999809265137
0.0,0.0
0.0,0.0
-3.241253137588501,7.228370666503906
5.476200103759766,0.0
0.0,0.0
0.0,0.0
-1.0,3.1082711219787598
0.0,0.0
0.0,0.0
0.0,0.0
-6.400217056274414,6.626068115234375
12.71267032623291,1.0698333978652954
0.0,0.0
0.0,0.0
-6.155520915985107,8.286550521850586
16.822040557861328,3.0121653079986572
0.0,0.0
0.0,0.0
0.0,0.0
0.0,0.0
0.0,0.0
0.0,0.0
0.0,0.0
0.0,0.0
0.0,0.0
0.0,0.0
0.0,0.0
0.0,0.0
0.0,0.0
0.0,0.0
0.0,0.0
0.0,0.0
0.0,0.0
0.0,0.0
0.0,0.0
0.0,0.0
0.0,0.0
0.0,0.0
0.0,0.0
0.0,0.0
0.0,0.0
0.0,0.0
0.0,0.0
0.0,0.0
0.0,0.0
0.0,0.0
0.0,0.0
0.0,0.0
0.0,0.0
0.0,0.0
0.0,0.0
0.0,0.0
0.0,0.0
0.0,0.0
0.0,0.0
0.0,0.0
0.0,0.0
0.0,0.0
0.0,0.0
0.0,0.0
0.0,0.0
0.0,0.0
0.0,0.0
0.0,0.0
0.0,0.0
0.0,0.0
0.0,0.0
0.0,0.0
0.0,0.0
0.0,0.0
0.0,0.0
0.0,0.0
0.0,0.0
0.0,0.0
0.0,0.0
0.0,0.0
0.0,0.0
0.0,0.0
0.0,0.0
0.0,0.0
0.0,0.0
0.0,0.0
-9.210994720458984,7.472280979156494
0.0,0.0
0.0,0.0
0.0,0.0
0.0,0.0
0.0,0.0
33.33331298828125,3.000332832336426
0.0,0.0
-10.698535919189453,-9.05655574798584
0.0,0.0
0.0,0.0
0.0,0.0
-5.874788284301758,-5.886082649230957
0.0,0.0
0.0,0.0
0.0,0.0
-10.193944931030273,-1.9390008449554443
0.0,0.0
0.0,0.0
0.0,0.0
0.0,0.0
0.0,0.0
22.212648391723633,11.65841007232666
0.0,0.0
-9.740025520324707,2.7019453048706055
0.0,0.0
0.0,0.0
0.0,0.0
-9.706963539123535,0.6214634776115417
0.0,0.0
0.0,0.0
0.0,0.0
-4.581442832946777,7.490692615509033
0.0,0.0
0.0,0.0
0.0,0.0
0.0,0.0
0.0,0.0
33.33331298828125,13.971186637878418
0.0,0.0
-10.836714744567871,1.3275220394134521
0.0,0.0
0.0,0.0
0.0,0.0
-2.7100000381469727,-1.909999966621399
0.0,0.0
0.0,0.0
0.0,0.0
-8.835505485534668,8.199606895446777
0.0,0.0
0.0,0.0
0.0,0.0
0.0,0.0
0.0,0.0
21.135517120361328,6.009983062744141
0.0,0.0
-10.128640174865723,1.5878883600234985
0.0,0.0
0.0,0.0
0.0,0.0
-8.503931045532227,-1.3919553756713867
0.0,0.0
0.0,0.0
0.0,0.0
0.0,0.0
0.0,0.0
0.0,0.0
0.0,0.0
0.0,0.0
0.0,0.0
0.0,0.0
0.0,0.0
0.0,0.0
0.0,0.0
0.0,0.0
0.0,0.0
0.0,0.0
0.0,0.0
0.0,0.0
0.0,0.0
-9.516018867492676,-3.135833263397217
22.222211837768555,11.173613548278809
0.0,0.0
0.0,0.0
0.0,0.0
0.0,0.0
0.0,0.0
0.0,0.0
-10.249042510986328,-25.427026748657227
-19.778644561767578,-189.86773681640625
0.0,0.0
0.0,0.0
0.0,0.0
0.0,0.0
0.0,0.0
0.0,0.0
0.0,0.0
0.0,0.0
0.0,0.0
0.0,0.0
0.0,0.0
0.0,0.0
0.0,0.0
0.0,0.0
0.0,0.0
0.0,0.0
0.0,0.0
0.0,0.0
0.0,0.0
0.0,0.0
0.0,0.0
0.0,0.0
-8.982243537902832,11.111080169677734
2.0476105213165283,-136.33990478515625
0.0,0.0
0.0,0.0
-463.9702453613281,-144.41197204589844
0.0,0.0
0.0,0.0
0.0,0.0
-67.87604522705078,-97.88715362548828
-56.713661193847656,11.111967086791992
0.0,0.0
0.0,0.0
-200.91000366210938,-198.26190185546875
0.0,0.0
0.0,0.0
0.0,0.0
0.0,0.0
0.0,0.0
0.0,0.0
0.0,0.0
0.0,0.0
0.0,0.0
0.0,0.0
0.0,0.0
0.0,0.0
0.0,0.0
0.0,0.0
0.0,0.0
0.0,0.0
0.0,0.0
0.0,0.0
0.0,0.0
0.0,0.0
0.0,0.0
0.0,0.0
0.0,0.0
0.0,0.0
0.0,0.0
0.0,0.0
0.0,0.0
0.0,0.0
0.0,0.0
0.0,0.0
0.0,0.0
0.0,0.0
0.0,0.0
0.0,0.0
0.0,0.0
0.0,0.0
0.0,0.0
0.0,0.0
0.0,0.0
0.0,0.0
0.0,0.0
0.0,0.0
0.0,0.0
0.0,0.0
0.0,0.0
0.0,0.0
0.0,0.0
0.0,0.0
0.0,0.0
0.0,0.0
0.0,0.0
0.0,0.0
0.0,0.0
0.0,0.0
0.0,0.0
0.0,0.0
0.0,0.0
0.0,0.0
0.0,0.0
0.0,0.0
0.0,0.0
0.0,0.0
0.0,0.0
0.0,0.0
0.0,0.0
0.0,0.0
0.0,0.0
0.0,0.0
0.0,0.0
0.0,0.0
0.0,0.0
0.0,0.0
0.0,0.0
0.0,0.0
0.0,0.0
0.0,0.0
0.0,0.0
0.0,0.0
0.0,0.0
0.0,0.0
0.0,0.0
0.0,0.0
0.0,0.0
-8.888994216918945,11.109589576721191
22.023723602294922,7.884540557861328
0.0,0.0
0.0,0.0
0.0,0.0
0.0,0.0
0.0,0.0
0.0,0.0
-8.888885498046875,11.11109447479248
21.667404174804688,10.780295372009277
0.0,0.0
0.0,0.0
0.0,0.0
0.0,0.0
0.0,0.0
0.0,0.0
0.0,0.0
0.0,0.0
0.0,0.0
0.0,0.0
0.0,0.0
0.0,0.0
0.0,0.0
0.0,0.0
0.0,0.0
0.0,0.0
0.0,0.0
0.0,0.0
0.0,0.0
0.0,0.0
0.0,0.0
0.0,0.0
-8.979780197143555,11.111105918884277
22.22203826904297,11.144062995910645
0.0,0.0
0.0,0.0
0.0,0.0
0.0,0.0
0.0,0.0
0.0,0.0
-8.892265319824219,11.090140342712402
21.028039932250977,6.077065467834473
0.0,0.0
0.0,0.0
0.0,0.0
0.0,0.0
0.0,0.0
0.0,0.0
0.0,0.0
0.0,0.0
0.0,0.0
0.0,0.0
0.0,0.0
0.0,0.0
0.0,0.0
0.0,0.0
0.0,0.0
0.0,0.0
0.0,0.0
0.0,0.0
0.0,0.0
0.0,0.0
0.0,0.0
0.0,0.0
0.0,0.0
0.0,0.0
0.0,0.0
0.0,0.0
0.0,0.0
0.0,0.0
0.0,0.0
0.0,0.0
0.0,0.0
0.0,0.0
0.0,0.0
0.0,0.0
0.0,0.0
0.0,0.0
0.0,0.0
0.0,0.0
0.0,0.0
0.0,0.0
0.0,0.0
0.0,0.0
0.0,0.0
0.0,0.0
0.0,0.0
0.0,0.0
0.0,0.0
0.0,0.0
0.0,0.0
0.0,0.0
0.0,0.0
0.0,0.0
0.0,0.0
0.0,0.0
0.0,0.0
0.0,0.0
0.0,0.0
0.0,0.0
0.0,0.0
0.0,0.0
0.0,0.0
0.0,0.0
0.0,0.0
0.0,0.0
0.0,0.0
0.0,0.0
0.0,0.0
0.0,0.0
33.33039474487305,-23.94095802307129
47.103153228759766,-5.790499687194824
-4.742818832397461,11.097380638122559
2.0,0.0
0.0,0.0
0.0,0.0
0.0,0.0
0.0,0.0
33.33331298828125,-57.22791290283203
54.458404541015625,-22.80866241455078
-4.820194721221924,10.414864540100098
2.0,0.0
0.0,0.0
0.0,0.0
0.0,0.0
0.0,0.0
22.100305557250977,11.457685470581055
37.64025115966797,2.2968549728393555
-171.5244598388672,9.86710262298584
22.222211837768555,12.11102294921875
0.0,0.0
0.0,0.0
0.0,0.0
0.0,0.0
22.222209930419922,12.114665031433105
47.889060974121094,3.676236391067505
-94.39797973632812,8.371129989624023
22.222211837768555,12.206783294677734
0.0,0.0
0.0,0.0
0.0,0.0
0.0,0.0
33.333213806152344,-20.619617462158203
38.13801193237305,-5.618619918823242
-6.697482585906982,11.110692024230957
0.0,0.0
14.40435791015625,-9.866759300231934
0.0,0.0
0.0,0.0
0.0,0.0
33.33331298828125,-24.59453582763672
54.458404541015625,-10.880758285522461
-3.820415496826172,11.054607391357422
0.0,0.0
17.658248901367188,0.0
0.0,0.0
0.0,0.0
0.0,0.0
-85.6496353149414,11.114819526672363
29.4304141998291,2.328056573867798
-14.013362884521484,11.111104965209961
22.222211837768555,12.017029762268066
10.738643646240234,1.0199999809265137
0.0,0.0
-147.2646026611328,-171.4519500732422
0.0,0.0
-141.6089630126953,11.10888671875
43.2701416015625,2.4552786350250244
-45.35794448852539,11.058863639831543
22.222211837768555,12.211371421813965
12.71267032623291,0.0
0.0,0.0
-287.64990234375,-369.693359375
0.0,0.0
0.0,0.0
0.0,0.0
0.0,0.0
0.0,0.0
0.0,0.0
0.0,0.0
0.0,0.0
0.0,0.0
0.0,0.0
0.0,0.0
0.0,0.0
0.0,0.0
0.0,0.0
0.0,0.0
0.0,0.0
0.0,0.0
0.0,0.0
0.0,0.0
0.0,0.0
0.0,0.0
0.0,0.0
0.0,0.0
0.0,0.0
0.0,0.0
0.0,0.0
0.0,0.0
0.0,0.0
0.0,0.0
0.0,0.0
0.0,0.0
0.0,0.0
0.0,0.0
0.0,0.0
0.0,0.0
0.0,0.0
0.0,0.0
0.0,0.0
0.0,0.0
0.0,0.0
0.0,0.0
0.0,0.0
0.0,0.0
0.0,0.0
0.0,0.0
0.0,0.0
0.0,0.0
0.0,0.0
0.0,0.0
0.0,0.0
0.0,0.0
0.0,0.0
0.0,0.0
0.0,0.0
0.0,0.0
0.0,0.0
0.0,0.0
0.0,0.0
0.0,0.0
0.0,0.0
0.0,0.0
0.0,0.0
0.0,0.0
0.0,0.0
0.0,0.0
0.0,0.0
0.0,0.0
-1.0,1.909999966621399
0.0,0.0
0.0,0.0
0.0,0.0
0.0,0.0
0.0,0.0
33.28807067871094,-13.840065002441406
0.0,0.0
-3.235851764678955,10.28273868560791
0.0,0.0
0.0,0.0
0.0,0.0
0.0,0.0
0.0,0.0
0.0,0.0
0.0,0.0
-8.888895988464355,11.111099243164062
0.0,0.0
0.0,0.0
0.0,0.0
0.0,0.0
0.0,0.0
9.84525203704834,11.110281944274902
0.0,0.0
-11.111105918884277,-12.813403129577637
0.0,0.0
0.0,0.0
0.0,0.0
0.0,0.0
0.0,0.0
0.0,0.0
0.0,0.0
0.0,0.0
0.0,0.0
0.0,0.0
0.0,0.0
0.0,0.0
0.0,0.0
0.0,0.0
0.0,0.0
-1.0,1.0
0.0,0.0
0.0,0.0
0.0,0.0
0.0,0.0
0.0,0.0
0.0,0.0
0.0,0.0
-3.946178674697876,7.528049945831299
0.0,0.0
0.0,0.0
0.0,0.0
0.0,0.0
0.0,0.0
2.0,0.0
0.0,0.0
-8.683920860290527,11.110651016235352
0.0,0.0
0.0,0.0
0.0,0.0
0.0,0.0
0.0,0.0
0.0,0.0
0.0,0.0
0.0,0.0
0.0,0.0
0.0,0.0
0.0,0.0
0.0,0.0
0.0,0.0
0.0,0.0
0.0,0.0
0.0,0.0
0.0,0.0
0.0,0.0
0.0,0.0
0.0,0.0
0.0,0.0
0.0,0.0
0.0,0.0
0.0,0.0
0.0,0.0
0.0,0.0
0.0,0.0
0.0,0.0
0.0,0.0
0.0,0.0
0.0,0.0
0.0,0.0
0.0,0.0
0.0,0.0
0.0,0.0
0.0,0.0
0.0,0.0
0.0,0.0
0.0,0.0
0.0,0.0
0.0,0.0
0.0,0.0
0.0,0.0
0.0,0.0
0.0,0.0
0.0,0.0
0.0,0.0
0.0,0.0
0.0,0.0
0.0,0.0
0.0,0.0
0.0,0.0
0.0,0.0
0.0,0.0
0.0,0.0
0.0,0.0
0.0,0.0
0.0,0.0
0.0,0.0
0.0,0.0
0.0,0.0
0.0,0.0
0.0,0.0
0.0,0.0
0.0,0.0
0.0,0.0
0.0,0.0
0.0,0.0
0.0,0.0
