-8.455090522766113,9.999996185302734
0.0,0.0
0.0,0.0
0.0,0.0
0.0,0.0
0.0,0.0
0.0,0.0
0.0,0.0
0.0,0.0
0.0,0.0
0.0,0.0
0.0,0.0
0.0,0.0
0.0,0.0
0.0,0.0
0.0,0.0
0.0,0.0
0.0,0.0
28.314533233642578,29.6988468170166
19.431617736816406,1.1682204008102417
0.0,0.0
0.0,0.0
0.0,0.0
0.0,0.0
0.0,0.0
0.0,0.0
5.879278182983398,28.05685806274414
20.48079490661621,1.1356853246688843
0.0,0.0
0.0,0.0
0.0,0.0
0.0,0.0
0.0,0.0
0.0,0.0
0.0,0.0
0.0,0.0
0.0,0.0
0.0,0.0
0.0,0.0
0.0,0.0
0.0,0.0
0.0,0.0
0.0,0.0
0.0,0.0
0.0,0.0
0.0,0.0
0.0,0.0
0.0,0.0
0.0,0.0
0.0,0.0
-8.989839553833008,11.111099243164062
0.0,0.0
0.0,0.0
0.0,0.0
-8.890341758728027,10.995109558105469
0.0,0.0
0.0,0.0
0.0,0.0
-8.88921070098877,11.111085891723633
9.6029052734375,0.0
0.0,0.0
0.0,0.0
-8.747822761535645,11.111105918884277
0.0,0.0
0.0,0.0
0.0,0.0
0.0,0.0
0.0,0.0
0.0,0.0
0.0,0.0
0.0,0.0
0.0,0.0
0.0,0.0
0.0,0.0
0.0,0.0
0.0,0.0
0.0,0.0
0.0,0.0
0.0,0.0
0.0,0.0
0.0,0.0
0.0,0.0
-8.91985034942627,11.02449893951416
22.222211837768555,12.407869338989258
0.0,0.0
0.0,0.0
-8.727062225341797,11.11108684539795
18.152801513671875,2.014029026031494
0.0,0.0
0.0,0.0
-8.939230918884277,10.639900207519531
22.222198486328125,7.9885334968566895
0.0,0.0
0.0,0.0
-8.911531448364258,11.09747314453125
10.87004280090332,-171.27012634277344
0.0,0.0
0.0,0.0
0.0,0.0
0.0,0.0
0.0,0.0
0.0,0.0
0.0,0.0
0.0,0.0
0.0,0.0
0.0,0.0
0.0,0.0
0.0,0.0
0.0,0.0
0.0,0.0
0.0,0.0
0.0,0.0
0.0,0.0
0.0,0.0
-8.892180442810059,11.111105918884277
22.222211837768555,12.180095672607422
0.0,0.0
0.0,0.0
-8.904069900512695,11.10750675201416
22.222211837768555,11.772282600402832
0.0,0.0
0.0,0.0
-8.889018058776855,11.111104965209961
-141.76065063476562,-191.0482940673828
0.0,0.0
0.0,0.0
-8.88897705078125,11.111105918884277
22.222211837768555,12.276978492736816
0.0,0.0
0.0,0.0
0.0,0.0
0.0,0.0
0.0,0.0
0.0,0.0
0.0,0.0
0.0,0.0
0.0,0.0
0.0,0.0
0.0,0.0
0.0,0.0
0.0,0.0
0.0,0.0
0.0,0.0
0.0,0.0
0.0,0.0
0.0,0.0
0.5274972915649414,19.641048431396484
22.20475196838379,11.313377380371094
0.0,0.0
0.0,0.0
0.0,0.0
0.0,0.0
0.0,0.0
0.0,0.0
-4.989551544189453,24.096588134765625
22.222055435180664,10.923036575317383
0.0,0.0
0.0,0.0
-8.328078269958496,11.111000061035156
0.0,0.0
0.0,0.0
0.0,0.0
0.0,0.0
0.0,0.0
0.0,0.0
0.0,0.0
0.0,0.0
0.0,0.0
0.0,0.0
0.0,0.0
0.0,0.0
0.0,0.0
0.0,0.0
0.0,0.0
0.0,0.0
0.0,0.0
0.0,0.0
0.0,0.0
0.0,0.0
0.0,0.0
0.0,0.0
0.0,0.0
0.0,0.0
0.0,0.0
0.0,0.0
0.0,0.0
0.0,0.0
0.0,0.0
0.0,0.0
0.0,0.0
0.0,0.0
0.0,0.0
0.0,0.0
0.0,0.0
0.0,0.0
0.0,0.0
0.0,0.0
0.0,0.0
0.0,0.0
0.0,0.0
0.0,0.0
0.0,0.0
0.0,0.0
0.0,0.0
0.0,0.0
0.0,0.0
0.0,0.0
0.0,0.0
0.0,0.0
0.0,0.0
-8.911102294921875,10.888412475585938
22.220773696899414,11.548155784606934
0.0,0.0
0.0,0.0
0.0,0.0
0.0,0.0
0.0,0.0
0.0,0.0
-8.92241096496582,10.775884628295898
22.222164154052734,12.175472259521484
0.0,0.0
0.0,0.0
-9.113096237182617,10.596447944641113
0.0,0.0
0.0,0.0
0.0,0.0
0.0,0.0
0.0,0.0
0.0,0.0
0.0,0.0
0.0,0.0
0.0,0.0
0.0,0.0
0.0,0.0
0.0,0.0
0.0,0.0
0.0,0.0
0.0,0.0
0.0,0.0
0.0,0.0
0.0,0.0
0.0,0.0
-8.904868125915527,11.10991382598877
0.0,0.0
0.0,0.0
0.0,0.0
0.0,0.0
0.0,0.0
0.0,0.0
0.0,0.0
-8.942668914794922,9.48652172088623
9.825571060180664,11.110836029052734
0.0,0.0
0.0,0.0
-8.950809478759766,10.072568893432617
0.0,0.0
0.0,0.0
0.0,0.0
0.0,0.0
0.0,0.0
0.0,0.0
0.0,0.0
0.0,0.0
0.0,0.0
0.0,0.0
0.0,0.0
0.0,0.0
0.0,0.0
0.0,0.0
0.0,0.0
0.0,0.0
0.0,0.0
0.0,0.0
0.0,0.0
0.0,0.0
0.0,0.0
0.0,0.0
0.0,0.0
0.0,0.0
0.0,0.0
0.0,0.0
0.0,0.0
0.0,0.0
0.0,0.0
0.0,0.0
0.0,0.0
0.0,0.0
0.0,0.0
0.0,0.0
0.0,0.0
0.0,0.0
0.0,0.0
0.0,0.0
0.0,0.0
0.0,0.0
0.0,0.0
0.0,0.0
0.0,0.0
0.0,0.0
0.0,0.0
0.0,0.0
0.0,0.0
0.0,0.0
0.0,0.0
0.0,0.0
0.0,0.0
0.0,0.0
0.0,0.0
0.0,0.0
0.0,0.0
0.0,0.0
0.0,0.0
0.0,0.0
0.0,0.0
0.0,0.0
0.0,0.0
0.0,0.0
0.0,0.0
0.0,0.0
0.0,0.0
33.33331298828125,-21.506118774414062
66.6666259765625,-21.21989631652832
-9.573241233825684,3.0232014656066895
13.568530082702637,0.0
3.0,0.0
0.0,0.0
0.0,3.491671085357666
0.0,0.0
33.33331298828125,-20.55518341064453
66.6666259765625,-31.212862014770508
-9.691312789916992,5.705556869506836
19.91132164001465,0.0
0.0,0.0
0.0,0.0
-2.636324644088745,6.1401591300964355
0.0,0.0
0.0,0.0
0.0,0.0
-7.718616008758545,6.8466267585754395
13.568530082702637,0.0
0.0,0.0
0.0,0.0
-3.3600664138793945,4.514583587646484
0.0,0.0
0.0,0.0
0.0,0.0
-9.119404792785645,3.1976664066314697
5.608284950256348,11.15463638305664
0.0,0.0
0.0,0.0
-5.04925537109375,3.951192855834961
0.0,0.0
33.33331298828125,-26.36305046081543
66.6666259765625,-25.938018798828125
-9.793889045715332,-1.9327588081359863
2.0,5.088413715362549
33.33331298828125,-21.72710418701172
0.0,0.0
-3.395265817642212,1.2943108081817627
0.0,0.0
33.33331298828125,-24.7352352142334
66.6666259765625,-49.65420913696289
-9.798348426818848,-0.6665454506874084
19.431617736816406,5.68582820892334
33.33331298828125,-26.66661834716797
62.72979736328125,-2.731381893157959
-5.903129577636719,7.32867956161499
13.568530082702637,1.0199999809265137
0.0,0.0
0.0,0.0
-3.241253137588501,8.18519115447998
5.476200103759766,0.0
0.0,0.0
0.0,0.0
-1.8817147016525269,2.663959264755249
0.0,0.0
0.0,0.0
0.0,0.0
-7.010324954986572,4.676631927490234
15.701050758361816,2.1198606491088867
0.0,0.0
0.0,0.0
-6.155520915985107,9.070676803588867
18.152801513671875,4.684757232666016
0.0,0.0
0.0,0.0
0.0,0.0
0.0,0.0
0.0,0.0
0.0,0.0
0.0,0.0
0.0,0.0
0.0,0.0
0.0,0.0
0.0,0.0
0.0,0.0
0.0,0.0
0.0,0.0
0.0,0.0
0.0,0.0
0.0,0.0
0.0,0.0
0.0,0.0
0.0,0.0
0.0,0.0
0.0,0.0
0.0,0.0
0.0,0.0
0.0,0.0
0.0,0.0
0.0,0.0
0.0,0.0
0.0,0.0
0.0,0.0
0.0,0.0
0.0,0.0
0.0,0.0
0.0,0.0
0.0,0.0
0.0,0.0
0.0,0.0
0.0,0.0
0.0,0.0
0.0,0.0
0.0,0.0
0.0,0.0
0.0,0.0
0.0,0.0
0.0,0.0
0.0,0.0
0.0,0.0
0.0,0.0
0.0,0.0
0.0,0.0
0.0,0.0
0.0,0.0
0.0,0.0
0.0,0.0
0.0,0.0
0.0,0.0
0.0,0.0
0.0,0.0
0.0,0.0
0.0,0.0
0.0,0.0
0.0,0.0
0.0,0.0
0.0,0.0
0.0,0.0
0.0,0.0
-9.281173706054688,8.209877014160156
0.0,0.0
0.0,0.0
0.0,0.0
0.0,0.0
0.0,0.0
33.33331298828125,4.270384788513184
0.0,0.0
-10.790446281433105,-7.801912307739258
0.0,0.0
0.0,0.0
0.0,0.0
-6.774912357330322,-6.356335163116455
0.0,0.0
0.0,0.0
0.0,0.0
-10.193940162658691,-1.9389657974243164
0.0,0.0
0.0,0.0
0.0,0.0
0.0,0.0
0.0,0.0
22.222084045410156,11.811087608337402
0.0,0.0
-9.7486572265625,2.499329090118408
0.0,0.0
0.0,0.0
0.0,0.0
-9.938791275024414,-0.9546520113945007
0.0,0.0
0.0,0.0
0.0,0.0
-5.048391819000244,10.23132038116455
0.0,0.0
0.0,0.0
0.0,0.0
0.0,0.0
0.0,0.0
33.33331298828125,16.13840675354004
0.0,0.0
-10.424317359924316,0.7243894934654236
0.0,0.0
0.0,0.0
0.0,0.0
-3.466099977493286,-2.738100051879883
0.0,0.0
0.0,0.0
0.0,0.0
-8.947946548461914,9.775464057922363
0.0,0.0
0.0,0.0
0.0,0.0
0.0,0.0
0.0,0.0
21.75718879699707,7.671711444854736
0.0,0.0
-9.622445106506348,1.1377761363983154
0.0,0.0
0.0,0.0
0.0,0.0
-8.65754222869873,-0.4289126396179199
0.0,0.0
0.0,0.0
0.0,0.0
0.0,0.0
0.0,0.0
0.0,0.0
0.0,0.0
0.0,0.0
0.0,0.0
0.0,0.0
0.0,0.0
0.0,0.0
0.0,0.0
0.0,0.0
0.0,0.0
0.0,0.0
0.0,0.0
0.0,0.0
0.0,0.0
-9.473286628723145,4.341732025146484
-9.039648056030273,11.11113452911377
0.0,0.0
0.0,0.0
0.0,0.0
0.0,0.0
0.0,0.0
0.0,0.0
-9.955238342285156,10.43231201171875
-266.3027648925781,-251.59939575195312
0.0,0.0
0.0,0.0
0.0,0.0
0.0,0.0
0.0,0.0
0.0,0.0
0.0,0.0
0.0,0.0
0.0,0.0
0.0,0.0
0.0,0.0
0.0,0.0
0.0,0.0
0.0,0.0
0.0,0.0
0.0,0.0
0.0,0.0
0.0,0.0
0.0,0.0
0.0,0.0
0.0,0.0
0.0,0.0
-10.153498649597168,-48.65574645996094
-29.988309860229492,11.105454444885254
0.0,0.0
0.0,0.0
-419.2657775878906,-44.001399993896484
0.0,0.0
0.0,0.0
0.0,0.0
-35.27657699584961,-73.78754425048828
-183.60324096679688,-7.006433010101318
0.0,0.0
0.0,0.0
-200.91000366210938,-162.27069091796875
0.0,0.0
0.0,0.0
0.0,0.0
0.0,0.0
0.0,0.0
0.0,0.0
0.0,0.0
0.0,0.0
0.0,0.0
0.0,0.0
0.0,0.0
0.0,0.0
0.0,0.0
0.0,0.0
0.0,0.0
0.0,0.0
0.0,0.0
0.0,0.0
0.0,0.0
0.0,0.0
0.0,0.0
0.0,0.0
0.0,0.0
0.0,0.0
0.0,0.0
0.0,0.0
0.0,0.0
0.0,0.0
0.0,0.0
0.0,0.0
0.0,0.0
0.0,0.0
0.0,0.0
0.0,0.0
0.0,0.0
0.0,0.0
0.0,0.0
0.0,0.0
0.0,0.0
0.0,0.0
0.0,0.0
0.0,0.0
0.0,0.0
0.0,0.0
0.0,0.0
0.0,0.0
0.0,0.0
0.0,0.0
0.0,0.0
0.0,0.0
0.0,0.0
0.0,0.0
0.0,0.0
0.0,0.0
0.0,0.0
0.0,0.0
0.0,0.0
0.0,0.0
0.0,0.0
0.0,0.0
0.0,0.0
0.0,0.0
0.0,0.0
0.0,0.0
0.0,0.0
0.0,0.0
0.0,0.0
0.0,0.0
0.0,0.0
0.0,0.0
0.0,0.0
0.0,0.0
0.0,0.0
0.0,0.0
0.0,0.0
0.0,0.0
0.0,0.0
0.0,0.0
0.0,0.0
0.0,0.0
0.0,0.0
0.0,0.0
0.0,0.0
-8.888994216918945,11.109589576721191
22.2115535736084,9.658080101013184
0.0,0.0
0.0,0.0
0.0,0.0
0.0,0.0
0.0,0.0
0.0,0.0
-8.888885498046875,11.11109447479248
22.21881675720215,11.44958209991455
0.0,0.0
0.0,0.0
0.0,0.0
0.0,0.0
0.0,0.0
0.0,0.0
0.0,0.0
0.0,0.0
0.0,0.0
0.0,0.0
0.0,0.0
0.0,0.0
0.0,0.0
0.0,0.0
0.0,0.0
0.0,0.0
0.0,0.0
0.0,0.0
0.0,0.0
0.0,0.0
0.0,0.0
0.0,0.0
-190.7603302001953,-13.881621360778809
22.22219467163086,11.144062995910645
0.0,0.0
0.0,0.0
0.0,0.0
0.0,0.0
0.0,0.0
0.0,0.0
-8.888936042785645,11.11071491241455
22.18217658996582,7.73595666885376
0.0,0.0
0.0,0.0
0.0,0.0
0.0,0.0
0.0,0.0
0.0,0.0
0.0,0.0
0.0,0.0
0.0,0.0
0.0,0.0
0.0,0.0
0.0,0.0
0.0,0.0
0.0,0.0
0.0,0.0
0.0,0.0
0.0,0.0
0.0,0.0
0.0,0.0
0.0,0.0
0.0,0.0
0.0,0.0
0.0,0.0
0.0,0.0
0.0,0.0
0.0,0.0
0.0,0.0
0.0,0.0
0.0,0.0
0.0,0.0
0.0,0.0
0.0,0.0
0.0,0.0
0.0,0.0
0.0,0.0
0.0,0.0
0.0,0.0
0.0,0.0
0.0,0.0
0.0,0.0
0.0,0.0
0.0,0.0
0.0,0.0
0.0,0.0
0.0,0.0
0.0,0.0
0.0,0.0
0.0,0.0
0.0,0.0
0.0,0.0
0.0,0.0
0.0,0.0
0.0,0.0
0.0,0.0
0.0,0.0
0.0,0.0
0.0,0.0
0.0,0.0
0.0,0.0
0.0,0.0
0.0,0.0
0.0,0.0
0.0,0.0
0.0,0.0
0.0,0.0
0.0,0.0
0.0,0.0
0.0,0.0
33.333160400390625,-25.363014221191406
55.55714797973633,-5.790499687194824
-5.530693054199219,11.11050033569336
2.0,0.0
0.0,0.0
0.0,0.0
0.0,0.0
0.0,0.0
33.33331298828125,-46.71790313720703
58.29485321044922,-22.80866241455078
-5.231409072875977,10.783699035644531
2.0,0.0
0.0,0.0
0.0,0.0
0.0,0.0
0.0,0.0
22.216257095336914,11.720000267028809
46.29762268066406,2.2968549728393555
-9.195716857910156,11.111104965209961
22.222211837768555,12.187326431274414
0.0,0.0
0.0,0.0
0.0,0.0
0.0,0.0
22.222211837768555,12.158710479736328
49.7783088684082,4.794403076171875
-12.390308380126953,11.111104965209961
22.222211837768555,12.216837882995605
0.0,0.0
0.0,0.0
0.0,0.0
0.0,0.0
33.33331298828125,-22.699199676513672
48.863868713378906,-10.585726737976074
-7.594893455505371,11.111098289489746
2.0,0.0
14.40435791015625,-9.866759300231934
0.0,0.0
0.0,0.0
0.0,0.0
33.33331298828125,-24.98824119567871
57.46687316894531,-15.23711109161377
-3.820415496826172,11.092890739440918
0.0,0.0
20.352794647216797,0.0
0.0,0.0
0.0,0.0
0.0,0.0
-65.36507415771484,11.111577987670898
39.252628326416016,3.413067579269409
-149.1541748046875,-6.684349060058594
22.222211837768555,12.18800163269043
10.738643646240234,1.0199999809265137
0.0,0.0
-413.8901062011719,-441.48388671875
0.0,0.0
-85.6438980102539,11.312236785888672
46.29762268066406,3.6424522399902344
-10.660700798034668,11.111104965209961
22.222211837768555,12.217031478881836
14.347362518310547,0.0
0.0,0.0
-403.4541931152344,-373.8488464355469
0.0,0.0
0.0,0.0
0.0,0.0
0.0,0.0
0.0,0.0
0.0,0.0
0.0,0.0
0.0,0.0
0.0,0.0
0.0,0.0
0.0,0.0
0.0,0.0
0.0,0.0
0.0,0.0
0.0,0.0
0.0,0.0
0.0,0.0
0.0,0.0
0.0,0.0
0.0,0.0
0.0,0.0
0.0,0.0
0.0,0.0
0.0,0.0
0.0,0.0
0.0,0.0
0.0,0.0
0.0,0.0
0.0,0.0
0.0,0.0
0.0,0.0
0.0,0.0
0.0,0.0
0.0,0.0
0.0,0.0
0.0,0.0
0.0,0.0
0.0,0.0
0.0,0.0
0.0,0.0
0.0,0.0
0.0,0.0
0.0,0.0
0.0,0.0
0.0,0.0
0.0,0.0
0.0,0.0
0.0,0.0
0.0,0.0
0.0,0.0
0.0,0.0
0.0,0.0
0.0,0.0
0.0,0.0
0.0,0.0
0.0,0.0
0.0,0.0
0.0,0.0
0.0,0.0
0.0,0.0
0.0,0.0
0.0,0.0
0.0,0.0
0.0,0.0
0.0,0.0
0.0,0.0
0.0,0.0
-1.0,2.738100051879883
0.0,0.0
0.0,0.0
0.0,0.0
0.0,0.0
0.0,0.0
33.322330474853516,-17.31664276123047
0.0,0.0
-4.322393894195557,10.721567153930664
0.0,0.0
0.0,0.0
0.0,0.0
0.0,0.0
0.0,0.0
0.0,0.0
0.0,0.0
-8.888895988464355,11.111099243164062
0.0,0.0
0.0,0.0
0.0,0.0
0.0,0.0
0.0,0.0
18.235977172851562,11.198142051696777
0.0,0.0
-8.888910293579102,11.11109447479248
0.0,0.0
0.0,0.0
0.0,0.0
0.0,0.0
0.0,0.0
0.0,0.0
0.0,0.0
0.0,0.0
0.0,0.0
0.0,0.0
0.0,0.0
0.0,0.0
0.0,0.0
0.0,0.0
0.0,0.0
-1.0,1.0
0.0,0.0
0.0,0.0
0.0,0.0
0.0,0.0
0.0,0.0
0.0,0.0
0.0,0.0
-3.946178674697876,8.411020278930664
0.0,0.0
0.0,0.0
0.0,0.0
0.0,0.0
0.0,0.0
2.0,0.0
0.0,0.0
-8.79085922241211,11.111096382141113
0.0,0.0
0.0,0.0
0.0,0.0
0.0,0.0
0.0,0.0
0.0,0.0
0.0,0.0
0.0,0.0
0.0,0.0
0.0,0.0
0.0,0.0
0.0,0.0
0.0,0.0
0.0,0.0
0.0,0.0
0.0,0.0
0.0,0.0
0.0,0.0
0.0,0.0
0.0,0.0
0.0,0.0
0.0,0.0
0.0,0.0
0.0,0.0
0.0,0.0
0.0,0.0
0.0,0.0
0.0,0.0
0.0,0.0
0.0,0.0
0.0,0.0
0.0,0.0
0.0,0.0
0.0,0.0
0.0,0.0
0.0,0.0
0.0,0.0
0.0,0.0
0.0,0.0
0.0,0.0
0.0,0.0
0.0,0.0
0.0,0.0
0.0,0.0
0.0,0.0
0.0,0.0
0.0,0.0
0.0,0.0
0.0,0.0
0.0,0.0
0.0,0.0
0.0,0.0
0.0,0.0
0.0,0.0
0.0,0.0
0.0,0.0
0.0,0.0
0.0,0.0
0.0,0.0
0.0,0.0
0.0,0.0
0.0,0.0
0.0,0.0
0.0,0.0
0.0,0.0
0.0,0.0
0.0,0.0
0.0,0.0
0.0,0.0
