-8.591015815734863,9.999996185302734
0.0,0.0
0.0,0.0
0.0,0.0
0.0,0.0
0.0,0.0
0.0,0.0
0.0,0.0
0.0,0.0
0.0,0.0
0.0,0.0
0.0,0.0
0.0,0.0
0.0,0.0
0.0,0.0
0.0,0.0
0.0,0.0
0.0,0.0
4.647977352142334,29.6988468170166
19.431617736816406,1.1682204008102417
0.0,0.0
0.0,0.0
0.0,0.0
0.0,0.0
0.0,0.0
0.0,0.0
7.104127883911133,28.05694580078125
21.660655975341797,2.236150026321411
0.0,0.0
0.0,0.0
0.0,0.0
0.0,0.0
0.0,0.0
0.0,0.0
0.0,0.0
0.0,0.0
0.0,0.0
0.0,0.0
0.0,0.0
0.0,0.0
0.0,0.0
0.0,0.0
0.0,0.0
0.0,0.0
0.0,0.0
0.0,0.0
0.0,0.0
0.0,0.0
0.0,0.0
0.0,0.0
-8.893784523010254,11.060586929321289
0.0,0.0
0.0,0.0
0.0,0.0
-8.890022277832031,11.067700386047363
0.0,0.0
0.0,0.0
0.0,0.0
-8.891850471496582,11.097342491149902
17.75033187866211,1.1434736251831055
0.0,0.0
0.0,0.0
-8.761929512023926,11.111105918884277
0.0,0.0
0.0,0.0
0.0,0.0
0.0,0.0
0.0,0.0
0.0,0.0
0.0,0.0
0.0,0.0
0.0,0.0
0.0,0.0
0.0,0.0
0.0,0.0
0.0,0.0
0.0,0.0
0.0,0.0
0.0,0.0
0.0,0.0
0.0,0.0
0.0,0.0
-8.908753395080566,11.023554801940918
22.222211837768555,12.286952018737793
0.0,0.0
0.0,0.0
-8.743245124816895,11.111105918884277
18.152801513671875,2.014029026031494
0.0,0.0
0.0,0.0
-8.895769119262695,11.104060173034668
22.221837997436523,7.779916286468506
0.0,0.0
0.0,0.0
-8.907416343688965,9.106278419494629
22.17871856689453,-75.63765716552734
0.0,0.0
0.0,0.0
0.0,0.0
0.0,0.0
0.0,0.0
0.0,0.0
0.0,0.0
0.0,0.0
0.0,0.0
0.0,0.0
0.0,0.0
0.0,0.0
0.0,0.0
0.0,0.0
0.0,0.0
0.0,0.0
0.0,0.0
0.0,0.0
-8.89030647277832,11.111105918884277
22.222211837768555,12.199832916259766
0.0,0.0
0.0,0.0
-8.896151542663574,11.111105918884277
22.222211837768555,11.956536293029785
0.0,0.0
0.0,0.0
-8.892996788024902,11.111103057861328
22.222211837768555,-4.257217884063721
0.0,0.0
0.0,0.0
-8.888915061950684,11.111105918884277
22.222211837768555,12.239404678344727
0.0,0.0
0.0,0.0
0.0,0.0
0.0,0.0
0.0,0.0
0.0,0.0
0.0,0.0
0.0,0.0
0.0,0.0
0.0,0.0
0.0,0.0
0.0,0.0
0.0,0.0
0.0,0.0
0.0,0.0
0.0,0.0
0.0,0.0
0.0,0.0
0.5276867151260376,19.641048431396484
10.869205474853516,11.111123085021973
0.0,0.0
0.0,0.0
0.0,0.0
0.0,0.0
0.0,0.0
0.0,0.0
2.8048760890960693,24.096588134765625
22.22220802307129,11.169880867004395
0.0,0.0
0.0,0.0
-8.4346342086792,11.11100959777832
0.0,0.0
0.0,0.0
0.0,0.0
0.0,0.0
0.0,0.0
0.0,0.0
0.0,0.0
0.0,0.0
0.0,0.0
0.0,0.0
0.0,0.0
0.0,0.0
0.0,0.0
0.0,0.0
0.0,0.0
0.0,0.0
0.0,0.0
0.0,0.0
0.0,0.0
0.0,0.0
0.0,0.0
0.0,0.0
0.0,0.0
0.0,0.0
0.0,0.0
0.0,0.0
0.0,0.0
0.0,0.0
0.0,0.0
0.0,0.0
0.0,0.0
0.0,0.0
0.0,0.0
0.0,0.0
0.0,0.0
0.0,0.0
0.0,0.0
0.0,0.0
0.0,0.0
0.0,0.0
0.0,0.0
0.0,0.0
0.0,0.0
0.0,0.0
0.0,0.0
0.0,0.0
0.0,0.0
0.0,0.0
0.0,0.0
0.0,0.0
0.0,0.0
-8.911102294921875,10.888412475585938
22.222211837768555,12.031826972961426
0.0,0.0
0.0,0.0
0.0,0.0
0.0,0.0
0.0,0.0
0.0,0.0
-8.9224853515625,10.774158477783203
22.222164154052734,12.222210884094238
0.0,0.0
0.0,0.0
-9.29538631439209,3.7723753452301025
0.0,0.0
0.0,0.0
0.0,0.0
0.0,0.0
0.0,0.0
0.0,0.0
0.0,0.0
0.0,0.0
0.0,0.0
0.0,0.0
0.0,0.0
0.0,0.0
0.0,0.0
0.0,0.0
0.0,0.0
0.0,0.0
0.0,0.0
0.0,0.0
0.0,0.0
-8.905163764953613,11.106739044189453
0.0,0.0
0.0,0.0
0.0,0.0
0.0,0.0
0.0,0.0
0.0,0.0
0.0,0.0
-8.962604522705078,10.23448371887207
22.060544967651367,11.472060203552246
0.0,0.0
0.0,0.0
-9.004048347473145,7.2428879737854
0.0,0.0
0.0,0.0
0.0,0.0
0.0,0.0
0.0,0.0
0.0,0.0
0.0,0.0
0.0,0.0
0.0,0.0
0.0,0.0
0.0,0.0
0.0,0.0
0.0,0.0
0.0,0.0
0.0,0.0
0.0,0.0
0.0,0.0
0.0,0.0
0.0,0.0
0.0,0.0
0.0,0.0
0.0,0.0
0.0,0.0
0.0,0.0
0.0,0.0
0.0,0.0
0.0,0.0
0.0,0.0
0.0,0.0
0.0,0.0
0.0,0.0
0.0,0.0
0.0,0.0
0.0,0.0
0.0,0.0
0.0,0.0
0.0,0.0
0.0,0.0
0.0,0.0
0.0,0.0
0.0,0.0
0.0,0.0
0.0,0.0
0.0,0.0
0.0,0.0
0.0,0.0
0.0,0.0
0.0,0.0
0.0,0.0
0.0,0.0
0.0,0.0
0.0,0.0
0.0,0.0
0.0,0.0
0.0,0.0
0.0,0.0
0.0,0.0
0.0,0.0
0.0,0.0
0.0,0.0
0.0,0.0
0.0,0.0
0.0,0.0
0.0,0.0
0.0,0.0
33.33331298828125,-17.682510375976562
66.6666259765625,-36.866119384765625
-9.741698265075684,3.043765068054199
16.28795623779297,0.0
3.0,0.0
0.0,0.0
0.0,3.491671085357666
0.0,0.0
33.33331298828125,-14.831866264343262
66.6666259765625,-34.2474365234375
-9.699882507324219,6.085873126983643
20.308565139770508,0.0
0.0,0.0
0.0,0.0
-3.3112905025482178,6.1401591300964355
0.0,0.0
0.0,0.0
0.0,0.0
-8.06332015991211,2.2745916843414307
15.701050758361816,1.150560975074768
0.0,0.0
0.0,0.0
-3.3600664138793945,5.10827112197876
0.0,0.0
0.0,0.0
0.0,0.0
-9.282630920410156,6.28289270401001
5.608284950256348,11.147153854370117
0.0,0.0
0.0,0.0
-5.492509841918945,5.181982517242432
0.0,0.0
33.33331298828125,-21.469070434570312
66.6666259765625,-31.143129348754883
-9.465832710266113,9.814163208007812
2.0,5.088413715362549
33.33331298828125,-20.761150360107422
0.0,0.0
-4.055166721343994,0.057255055755376816
0.0,0.0
33.33331298828125,-23.48464012145996
66.6666259765625,-44.75366973876953
-9.601361274719238,9.479239463806152
20.308565139770508,5.68582820892334
33.33331298828125,-26.66665267944336
62.72979736328125,-2.731381893157959
-5.903129577636719,6.51731014251709
13.568530082702637,1.0199999809265137
0.0,0.0
0.0,0.0
-3.241253137588501,6.688156604766846
5.476200103759766,0.0
0.0,0.0
0.0,0.0
-2.662649393081665,3.0893824100494385
0.0,0.0
0.0,0.0
0.0,0.0
-7.010324954986572,6.926763534545898
16.28795623779297,2.1198606491088867
0.0,0.0
0.0,0.0
-6.155520915985107,7.837814807891846
18.5190486907959,6.3978095054626465
0.0,0.0
0.0,0.0
0.0,0.0
0.0,0.0
0.0,0.0
0.0,0.0
0.0,0.0
0.0,0.0
0.0,0.0
0.0,0.0
0.0,0.0
0.0,0.0
0.0,0.0
0.0,0.0
0.0,0.0
0.0,0.0
0.0,0.0
0.0,0.0
0.0,0.0
0.0,0.0
0.0,0.0
0.0,0.0
0.0,0.0
0.0,0.0
0.0,0.0
0.0,0.0
0.0,0.0
0.0,0.0
0.0,0.0
0.0,0.0
0.0,0.0
0.0,0.0
0.0,0.0
0.0,0.0
0.0,0.0
0.0,0.0
0.0,0.0
0.0,0.0
0.0,0.0
0.0,0.0
0.0,0.0
0.0,0.0
0.0,0.0
0.0,0.0
0.0,0.0
0.0,0.0
0.0,0.0
0.0,0.0
0.0,0.0
0.0,0.0
0.0,0.0
0.0,0.0
0.0,0.0
0.0,0.0
0.0,0.0
0.0,0.0
0.0,0.0
0.0,0.0
0.0,0.0
0.0,0.0
0.0,0.0
0.0,0.0
0.0,0.0
0.0,0.0
0.0,0.0
0.0,0.0
-9.297994613647461,8.909337043762207
0.0,0.0
0.0,0.0
0.0,0.0
0.0,0.0
0.0,0.0
33.33331298828125,10.79407787322998
0.0,0.0
-10.647245407104492,-7.390700817108154
0.0,0.0
0.0,0.0
0.0,0.0
-7.5203046798706055,-7.528049945831299
0.0,0.0
0.0,0.0
0.0,0.0
-10.193940162658691,-1.9389657974243164
0.0,0.0
0.0,0.0
0.0,0.0
0.0,0.0
0.0,0.0
22.222204208374023,11.889202117919922
0.0,0.0
-9.741034507751465,2.6018261909484863
0.0,0.0
0.0,0.0
0.0,0.0
-10.031209945678711,-3.9307594299316406
0.0,0.0
0.0,0.0
0.0,0.0
-5.048391819000244,10.611504554748535
0.0,0.0
0.0,0.0
0.0,0.0
0.0,0.0
0.0,0.0
33.33331298828125,5.196328163146973
0.0,0.0
-10.496536254882812,-5.684914588928223
0.0,0.0
0.0,0.0
0.0,0.0
-3.466099977493286,-3.491671085357666
0.0,0.0
0.0,0.0
0.0,0.0
-8.95337963104248,10.754436492919922
0.0,0.0
0.0,0.0
0.0,0.0
0.0,0.0
0.0,0.0
21.981910705566406,7.671711444854736
0.0,0.0
-9.891155242919922,1.1426805257797241
0.0,0.0
0.0,0.0
0.0,0.0
-8.900920867919922,0.8769611120223999
0.0,0.0
0.0,0.0
0.0,0.0
0.0,0.0
0.0,0.0
0.0,0.0
0.0,0.0
0.0,0.0
0.0,0.0
0.0,0.0
0.0,0.0
0.0,0.0
0.0,0.0
0.0,0.0
0.0,0.0
0.0,0.0
0.0,0.0
0.0,0.0
0.0,0.0
-10.075515747070312,4.390234470367432
18.758464813232422,-169.71583557128906
0.0,0.0
0.0,0.0
0.0,0.0
0.0,0.0
0.0,0.0
0.0,0.0
-9.127249717712402,10.897054672241211
-92.62444305419922,10.71906852722168
0.0,0.0
0.0,0.0
0.0,0.0
0.0,0.0
0.0,0.0
0.0,0.0
0.0,0.0
0.0,0.0
0.0,0.0
0.0,0.0
0.0,0.0
0.0,0.0
0.0,0.0
0.0,0.0
0.0,0.0
0.0,0.0
0.0,0.0
0.0,0.0
0.0,0.0
0.0,0.0
0.0,0.0
0.0,0.0
-41.77598571777344,11.10728931427002
22.22186279296875,-34.22470474243164
0.0,0.0
0.0,0.0
-419.2657775878906,-30.420080184936523
0.0,0.0
0.0,0.0
0.0,0.0
-11.274800300598145,3.4486422538757324
20.578969955444336,-122.54398345947266
0.0,0.0
0.0,0.0
-200.91000366210938,-347.66632080078125
0.0,0.0
0.0,0.0
0.0,0.0
0.0,0.0
0.0,0.0
0.0,0.0
0.0,0.0
0.0,0.0
0.0,0.0
0.0,0.0
0.0,0.0
0.0,0.0
0.0,0.0
0.0,0.0
0.0,0.0
0.0,0.0
0.0,0.0
0.0,0.0
0.0,0.0
0.0,0.0
0.0,0.0
0.0,0.0
0.0,0.0
0.0,0.0
0.0,0.0
0.0,0.0
0.0,0.0
0.0,0.0
0.0,0.0
0.0,0.0
0.0,0.0
0.0,0.0
0.0,0.0
0.0,0.0
0.0,0.0
0.0,0.0
0.0,0.0
0.0,0.0
0.0,0.0
0.0,0.0
0.0,0.0
0.0,0.0
0.0,0.0
0.0,0.0
0.0,0.0
0.0,0.0
0.0,0.0
0.0,0.0
0.0,0.0
0.0,0.0
0.0,0.0
0.0,0.0
0.0,0.0
0.0,0.0
0.0,0.0
0.0,0.0
0.0,0.0
0.0,0.0
0.0,0.0
0.0,0.0
0.0,0.0
0.0,0.0
0.0,0.0
0.0,0.0
0.0,0.0
0.0,0.0
0.0,0.0
0.0,0.0
0.0,0.0
0.0,0.0
0.0,0.0
0.0,0.0
0.0,0.0
0.0,0.0
0.0,0.0
0.0,0.0
0.0,0.0
0.0,0.0
0.0,0.0
0.0,0.0
0.0,0.0
0.0,0.0
0.0,0.0
-8.888994216918945,11.109589576721191
22.216707229614258,9.91443920135498
0.0,0.0
0.0,0.0
0.0,0.0
0.0,0.0
0.0,0.0
0.0,0.0
-8.888885498046875,11.11109447479248
22.2213134765625,11.44958209991455
0.0,0.0
0.0,0.0
0.0,0.0
0.0,0.0
0.0,0.0
0.0,0.0
0.0,0.0
0.0,0.0
0.0,0.0
0.0,0.0
0.0,0.0
0.0,0.0
0.0,0.0
0.0,0.0
0.0,0.0
0.0,0.0
0.0,0.0
0.0,0.0
0.0,0.0
0.0,0.0
0.0,0.0
0.0,0.0
-50.548240661621094,11.111043930053711
22.222200393676758,11.144062995910645
0.0,0.0
0.0,0.0
0.0,0.0
0.0,0.0
0.0,0.0
0.0,0.0
-8.888936042785645,11.11071491241455
22.192045211791992,7.73595666885376
0.0,0.0
0.0,0.0
0.0,0.0
0.0,0.0
0.0,0.0
0.0,0.0
0.0,0.0
0.0,0.0
0.0,0.0
0.0,0.0
0.0,0.0
0.0,0.0
0.0,0.0
0.0,0.0
0.0,0.0
0.0,0.0
0.0,0.0
0.0,0.0
0.0,0.0
0.0,0.0
0.0,0.0
0.0,0.0
0.0,0.0
0.0,0.0
0.0,0.0
0.0,0.0
0.0,0.0
0.0,0.0
0.0,0.0
0.0,0.0
0.0,0.0
0.0,0.0
0.0,0.0
0.0,0.0
0.0,0.0
0.0,0.0
0.0,0.0
0.0,0.0
0.0,0.0
0.0,0.0
0.0,0.0
0.0,0.0
0.0,0.0
0.0,0.0
0.0,0.0
0.0,0.0
0.0,0.0
0.0,0.0
0.0,0.0
0.0,0.0
0.0,0.0
0.0,0.0
0.0,0.0
0.0,0.0
0.0,0.0
0.0,0.0
0.0,0.0
0.0,0.0
0.0,0.0
0.0,0.0
0.0,0.0
0.0,0.0
0.0,0.0
0.0,0.0
0.0,0.0
0.0,0.0
0.0,0.0
0.0,0.0
33.33327865600586,-25.811344146728516
55.55714797973633,-5.790499687194824
-6.168757915496826,11.110824584960938
2.0,0.0
0.0,0.0
0.0,0.0
0.0,0.0
0.0,0.0
33.33331298828125,-42.90816879272461
59.048316955566406,-25.937313079833984
-5.231409072875977,10.957144737243652
3.819999933242798,0.0
0.0,0.0
0.0,0.0
0.0,0.0
0.0,0.0
22.22102165222168,11.720000267028809
46.29762268066406,2.2968549728393555
-158.27305603027344,11.106681823730469
22.222211837768555,12.19395637512207
0.0,0.0
0.0,0.0
0.0,0.0
0.0,0.0
22.222211837768555,12.170778274536133
50.29825973510742,5.812746047973633
-11.111104965209961,-19.824424743652344
22.222211837768555,12.217375755310059
0.0,0.0
0.0,0.0
0.0,0.0
0.0,0.0
33.33331298828125,-23.453020095825195
48.863868713378906,-10.585726737976074
-7.945566654205322,11.111105918884277
2.0,0.0
16.10796546936035,-9.866759300231934
0.0,0.0
0.0,0.0
0.0,0.0
33.33331298828125,-25.30714225769043
59.73396682739258,-15.23711109161377
-4.327413558959961,11.10169506072998
0.0,0.0
20.352794647216797,-2.7964720726013184
0.0,0.0
0.0,0.0
0.0,0.0
-41.93001937866211,11.111310958862305
39.252628326416016,3.413067579269409
-147.04412841796875,11.110729217529297
22.222211837768555,12.202013969421387
11.772165298461914,1.0199999809265137
0.0,0.0
-183.4722442626953,-325.166259765625
0.0,0.0
-85.6438980102539,11.136368751525879
48.579044342041016,3.6424522399902344
-11.111528396606445,-24.375242233276367
22.222211837768555,12.219157218933105
15.056099891662598,0.0
0.0,0.0
-300.5381774902344,-300.8841247558594
0.0,0.0
0.0,0.0
0.0,0.0
0.0,0.0
0.0,0.0
0.0,0.0
0.0,0.0
0.0,0.0
0.0,0.0
0.0,0.0
0.0,0.0
0.0,0.0
0.0,0.0
0.0,0.0
0.0,0.0
0.0,0.0
0.0,0.0
0.0,0.0
0.0,0.0
0.0,0.0
0.0,0.0
0.0,0.0
0.0,0.0
0.0,0.0
0.0,0.0
0.0,0.0
0.0,0.0
0.0,0.0
0.0,0.0
0.0,0.0
0.0,0.0
0.0,0.0
0.0,0.0
0.0,0.0
0.0,0.0
0.0,0.0
0.0,0.0
0.0,0.0
0.0,0.0
0.0,0.0
0.0,0.0
0.0,0.0
0.0,0.0
0.0,0.0
0.0,0.0
0.0,0.0
0.0,0.0
0.0,0.0
0.0,0.0
0.0,0.0
0.0,0.0
0.0,0.0
0.0,0.0
0.0,0.0
0.0,0.0
0.0,0.0
0.0,0.0
0.0,0.0
0.0,0.0
0.0,0.0
0.0,0.0
0.0,0.0
0.0,0.0
0.0,0.0
0.0,0.0
0.0,0.0
0.0,0.0
-1.0,2.738100051879883
0.0,0.0
0.0,0.0
0.0,0.0
0.0,0.0
0.0,0.0
33.3276481628418,-17.31664276123047
0.0,0.0
-4.322393894195557,10.868022918701172
0.0,0.0
0.0,0.0
0.0,0.0
0.0,0.0
0.0,0.0
0.0,0.0
0.0,0.0
-8.908343315124512,11.081130981445312
0.0,0.0
0.0,0.0
0.0,0.0
0.0,0.0
0.0,0.0
20.16228675842285,11.198142051696777
0.0,0.0
-8.888895988464355,11.11109447479248
0.0,0.0
0.0,0.0
0.0,0.0
0.0,0.0
0.0,0.0
0.0,0.0
0.0,0.0
0.0,0.0
0.0,0.0
0.0,0.0
0.0,0.0
0.0,0.0
0.0,0.0
0.0,0.0
0.0,0.0
-1.0,1.909999966621399
0.0,0.0
0.0,0.0
0.0,0.0
0.0,0.0
0.0,0.0
0.0,0.0
0.0,0.0
-3.946178674697876,8.411020278930664
0.0,0.0
0.0,0.0
0.0,0.0
0.0,0.0
0.0,0.0
3.819999933242798,0.0
0.0,0.0
-8.809484481811523,11.111105918884277
0.0,0.0
0.0,0.0
0.0,0.0
0.0,0.0
0.0,0.0
0.0,0.0
0.0,0.0
0.0,0.0
0.0,0.0
0.0,0.0
0.0,0.0
0.0,0.0
0.0,0.0
0.0,0.0
0.0,0.0
0.0,0.0
0.0,0.0
0.0,0.0
0.0,0.0
0.0,0.0
0.0,0.0
0.0,0.0
0.0,0.0
0.0,0.0
0.0,0.0
0.0,0.0
0.0,0.0
0.0,0.0
0.0,0.0
0.0,0.0
0.0,0.0
0.0,0.0
0.0,0.0
0.0,0.0
0.0,0.0
0.0,0.0
0.0,0.0
0.0,0.0
0.0,0.0
0.0,0.0
0.0,0.0
0.0,0.0
0.0,0.0
0.0,0.0
0.0,0.0
0.0,0.0
0.0,0.0
0.0,0.0
0.0,0.0
0.0,0.0
0.0,0.0
0.0,0.0
0.0,0.0
0.0,0.0
0.0,0.0
0.0,0.0
0.0,0.0
0.0,0.0
0.0,0.0
0.0,0.0
0.0,0.0
0.0,0.0
0.0,0.0
0.0,0.0
0.0,0.0
0.0,0.0
0.0,0.0
0.0,0.0
0.0,0.0
