-7.767593860626221,9.999996185302734
0.0,0.0
0.0,0.0
0.0,0.0
0.0,0.0
0.0,0.0
0.0,0.0
0.0,0.0
0.0,0.0
0.0,0.0
0.0,0.0
0.0,0.0
0.0,0.0
0.0,0.0
0.0,0.0
0.0,0.0
0.0,0.0
0.0,0.0
22.82318878173828,29.69853973388672
19.431617736816406,1.1682204008102417
0.0,0.0
0.0,0.0
0.0,0.0
0.0,0.0
0.0,0.0
0.0,0.0
8.08448314666748,28.055421829223633
16.822040557861328,1.1356853246688843
0.0,0.0
0.0,0.0
0.0,0.0
0.0,0.0
0.0,0.0
0.0,0.0
0.0,0.0
0.0,0.0
0.0,0.0
0.0,0.0
0.0,0.0
0.0,0.0
0.0,0.0
0.0,0.0
0.0,0.0
0.0,0.0
0.0,0.0
0.0,0.0
0.0,0.0
0.0,0.0
0.0,0.0
0.0,0.0
-8.890116691589355,11.10180950164795
0.0,0.0
0.0,0.0
0.0,0.0
-8.888773918151855,11.111105918884277
0.0,0.0
0.0,0.0
0.0,0.0
-8.890295028686523,11.110904693603516
9.6029052734375,0.0
0.0,0.0
0.0,0.0
-8.695382118225098,11.111071586608887
0.0,0.0
0.0,0.0
0.0,0.0
0.0,0.0
0.0,0.0
0.0,0.0
0.0,0.0
0.0,0.0
0.0,0.0
0.0,0.0
0.0,0.0
0.0,0.0
0.0,0.0
0.0,0.0
0.0,0.0
0.0,0.0
0.0,0.0
0.0,0.0
0.0,0.0
-8.933147430419922,11.108941078186035
22.222211837768555,12.53661823272705
0.0,0.0
0.0,0.0
-8.584376335144043,11.110952377319336
18.152801513671875,2.014029026031494
0.0,0.0
0.0,0.0
-8.892736434936523,11.111038208007812
-38.44482421875,11.59516716003418
0.0,0.0
0.0,0.0
-8.916335105895996,11.072626113891602
-243.8252410888672,11.097764015197754
0.0,0.0
0.0,0.0
0.0,0.0
0.0,0.0
0.0,0.0
0.0,0.0
0.0,0.0
0.0,0.0
0.0,0.0
0.0,0.0
0.0,0.0
0.0,0.0
0.0,0.0
0.0,0.0
0.0,0.0
0.0,0.0
0.0,0.0
0.0,0.0
-8.89445972442627,11.110700607299805
22.222211837768555,12.1754150390625
0.0,0.0
0.0,0.0
-8.919153213500977,9.739607810974121
22.222211837768555,11.060853004455566
0.0,0.0
0.0,0.0
-8.915453910827637,11.101704597473145
-16.405710220336914,-189.90573120117188
0.0,0.0
0.0,0.0
-8.889469146728516,11.111105918884277
22.222211837768555,12.305680274963379
0.0,0.0
0.0,0.0
0.0,0.0
0.0,0.0
0.0,0.0
0.0,0.0
0.0,0.0
0.0,0.0
0.0,0.0
0.0,0.0
0.0,0.0
0.0,0.0
0.0,0.0
0.0,0.0
0.0,0.0
0.0,0.0
0.0,0.0
0.0,0.0
0.5277961492538452,19.641048431396484
22.217876434326172,11.414728164672852
0.0,0.0
0.0,0.0
0.0,0.0
0.0,0.0
0.0,0.0
0.0,0.0
11.19437026977539,24.096521377563477
22.219860076904297,10.440108299255371
0.0,0.0
0.0,0.0
-8.196526527404785,11.110795974731445
0.0,0.0
0.0,0.0
0.0,0.0
0.0,0.0
0.0,0.0
0.0,0.0
0.0,0.0
0.0,0.0
0.0,0.0
0.0,0.0
0.0,0.0
0.0,0.0
0.0,0.0
0.0,0.0
0.0,0.0
0.0,0.0
0.0,0.0
0.0,0.0
0.0,0.0
0.0,0.0
0.0,0.0
0.0,0.0
0.0,0.0
0.0,0.0
0.0,0.0
0.0,0.0
0.0,0.0
0.0,0.0
0.0,0.0
0.0,0.0
0.0,0.0
0.0,0.0
0.0,0.0
0.0,0.0
0.0,0.0
0.0,0.0
0.0,0.0
0.0,0.0
0.0,0.0
0.0,0.0
0.0,0.0
0.0,0.0
0.0,0.0
0.0,0.0
0.0,0.0
0.0,0.0
0.0,0.0
0.0,0.0
0.0,0.0
0.0,0.0
0.0,0.0
-8.911102294921875,10.888412475585938
22.220773696899414,11.548155784606934
0.0,0.0
0.0,0.0
0.0,0.0
0.0,0.0
0.0,0.0
0.0,0.0
-8.921283721923828,10.788370132446289
17.45722198486328,-58.31896209716797
0.0,0.0
0.0,0.0
-9.054420471191406,9.82856273651123
0.0,0.0
0.0,0.0
0.0,0.0
0.0,0.0
0.0,0.0
0.0,0.0
0.0,0.0
0.0,0.0
0.0,0.0
0.0,0.0
0.0,0.0
0.0,0.0
0.0,0.0
0.0,0.0
0.0,0.0
0.0,0.0
0.0,0.0
0.0,0.0
0.0,0.0
-8.891701698303223,11.111001968383789
0.0,0.0
0.0,0.0
0.0,0.0
0.0,0.0
0.0,0.0
0.0,0.0
0.0,0.0
-8.938703536987305,10.300200462341309
5.63030481338501,11.108466148376465
0.0,0.0
0.0,0.0
-8.915486335754395,7.976853847503662
0.0,0.0
0.0,0.0
0.0,0.0
0.0,0.0
0.0,0.0
0.0,0.0
0.0,0.0
0.0,0.0
0.0,0.0
0.0,0.0
0.0,0.0
0.0,0.0
0.0,0.0
0.0,0.0
0.0,0.0
0.0,0.0
0.0,0.0
0.0,0.0
0.0,0.0
0.0,0.0
0.0,0.0
0.0,0.0
0.0,0.0
0.0,0.0
0.0,0.0
0.0,0.0
0.0,0.0
0.0,0.0
0.0,0.0
0.0,0.0
0.0,0.0
0.0,0.0
0.0,0.0
0.0,0.0
0.0,0.0
0.0,0.0
0.0,0.0
0.0,0.0
0.0,0.0
0.0,0.0
0.0,0.0
0.0,0.0
0.0,0.0
0.0,0.0
0.0,0.0
0.0,0.0
0.0,0.0
0.0,0.0
0.0,0.0
0.0,0.0
0.0,0.0
0.0,0.0
0.0,0.0
0.0,0.0
0.0,0.0
0.0,0.0
0.0,0.0
0.0,0.0
0.0,0.0
0.0,0.0
0.0,0.0
0.0,0.0
0.0,0.0
0.0,0.0
0.0,0.0
33.33331298828125,-20.353839874267578
66.6666259765625,-44.697349548339844
-9.78339672088623,-2.5094611644744873
11.772165298461914,0.0
0.0,0.0
0.0,0.0
0.0,2.738100051879883
0.0,0.0
33.33331298828125,-15.213980674743652
66.6666259765625,-18.52825164794922
-9.975862503051758,0.3496634364128113
18.85233497619629,0.0
0.0,0.0
0.0,0.0
-2.636324644088745,5.648526668548584
0.0,0.0
0.0,0.0
0.0,0.0
-7.3090925216674805,5.745278835296631
11.772165298461914,0.0
0.0,0.0
0.0,0.0
-2.6652090549468994,3.1452527046203613
0.0,0.0
0.0,0.0
0.0,0.0
-9.095911026000977,7.655174732208252
5.608284950256348,11.174582481384277
0.0,0.0
0.0,0.0
-5.04925537109375,3.2430691719055176
0.0,0.0
33.33331298828125,-22.1057186126709
66.6666259765625,-43.69956588745117
-9.374678611755371,7.56403923034668
2.0,4.492762088775635
33.33331298828125,-17.37200355529785
0.0,0.0
-2.6757876873016357,1.2943108081817627
0.0,0.0
33.33331298828125,-11.795380592346191
66.6666259765625,-26.835609436035156
-9.68321704864502,7.525684356689453
17.75033187866211,5.00070858001709
33.33331298828125,-26.666471481323242
62.72979736328125,-2.731381893157959
-5.10029935836792,6.091768264770508
13.568530082702637,1.0199999809265137
0.0,0.0
0.0,0.0
-3.241253137588501,7.895813941955566
5.476200103759766,0.0
0.0,0.0
0.0,0.0
-1.0,1.8285267353057861
0.0,0.0
0.0,0.0
0.0,0.0
-6.400217056274414,3.716493844985962
13.568530082702637,1.0698333978652954
0.0,0.0
0.0,0.0
-6.155520915985107,7.162603855133057
18.152801513671875,3.0121653079986572
0.0,0.0
0.0,0.0
0.0,0.0
0.0,0.0
0.0,0.0
0.0,0.0
0.0,0.0
0.0,0.0
0.0,0.0
0.0,0.0
0.0,0.0
0.0,0.0
0.0,0.0
0.0,0.0
0.0,0.0
0.0,0.0
0.0,0.0
0.0,0.0
0.0,0.0
0.0,0.0
0.0,0.0
0.0,0.0
0.0,0.0
0.0,0.0
0.0,0.0
0.0,0.0
0.0,0.0
0.0,0.0
0.0,0.0
0.0,0.0
0.0,0.0
0.0,0.0
0.0,0.0
0.0,0.0
0.0,0.0
0.0,0.0
0.0,0.0
0.0,0.0
0.0,0.0
0.0,0.0
0.0,0.0
0.0,0.0
0.0,0.0
0.0,0.0
0.0,0.0
0.0,0.0
0.0,0.0
0.0,0.0
0.0,0.0
0.0,0.0
0.0,0.0
0.0,0.0
0.0,0.0
0.0,0.0
0.0,0.0
0.0,0.0
0.0,0.0
0.0,0.0
0.0,0.0
0.0,0.0
0.0,0.0
0.0,0.0
0.0,0.0
0.0,0.0
0.0,0.0
0.0,0.0
-9.30426025390625,5.51436185836792
0.0,0.0
0.0,0.0
0.0,0.0
0.0,0.0
0.0,0.0
33.33331298828125,12.601309776306152
0.0,0.0
-10.81443977355957,-5.011513710021973
0.0,0.0
0.0,0.0
0.0,0.0
-5.874788284301758,-5.886082649230957
0.0,0.0
0.0,0.0
0.0,0.0
-10.193940162658691,-1.9389585256576538
0.0,0.0
0.0,0.0
0.0,0.0
0.0,0.0
0.0,0.0
22.22029685974121,11.765419006347656
0.0,0.0
-9.752791404724121,2.456251859664917
0.0,0.0
0.0,0.0
0.0,0.0
-9.861666679382324,-2.779796600341797
0.0,0.0
0.0,0.0
0.0,0.0
-5.048391819000244,9.05518627166748
0.0,0.0
0.0,0.0
0.0,0.0
0.0,0.0
0.0,0.0
33.33331298828125,-15.315655708312988
0.0,0.0
-10.518112182617188,-4.966592788696289
0.0,0.0
0.0,0.0
0.0,0.0
-2.7100000381469727,-1.909999966621399
0.0,0.0
0.0,0.0
0.0,0.0
-8.910542488098145,10.172223091125488
0.0,0.0
0.0,0.0
0.0,0.0
0.0,0.0
0.0,0.0
21.40331268310547,6.620339870452881
0.0,0.0
-9.916193962097168,5.859549522399902
0.0,0.0
0.0,0.0
0.0,0.0
-8.503931045532227,-2.790003776550293
0.0,0.0
0.0,0.0
0.0,0.0
0.0,0.0
0.0,0.0
0.0,0.0
0.0,0.0
0.0,0.0
0.0,0.0
0.0,0.0
0.0,0.0
0.0,0.0
0.0,0.0
0.0,0.0
0.0,0.0
0.0,0.0
0.0,0.0
0.0,0.0
0.0,0.0
-54.83028793334961,3.8290021419525146
22.222211837768555,11.173613548278809
0.0,0.0
0.0,0.0
0.0,0.0
0.0,0.0
0.0,0.0
0.0,0.0
-10.138748168945312,9.955693244934082
21.987510681152344,-120.72486877441406
0.0,0.0
0.0,0.0
0.0,0.0
0.0,0.0
0.0,0.0
0.0,0.0
0.0,0.0
0.0,0.0
0.0,0.0
0.0,0.0
0.0,0.0
0.0,0.0
0.0,0.0
0.0,0.0
0.0,0.0
0.0,0.0
0.0,0.0
0.0,0.0
0.0,0.0
0.0,0.0
0.0,0.0
0.0,0.0
-91.50267028808594,-1.4432305097579956
-179.7777862548828,4.434967041015625
0.0,0.0
0.0,0.0
-463.9702453613281,-85.94029998779297
0.0,0.0
0.0,0.0
0.0,0.0
-11.117334365844727,-13.637384414672852
-24.8436279296875,11.111116409301758
0.0,0.0
0.0,0.0
-200.91000366210938,-198.26190185546875
0.0,0.0
0.0,0.0
0.0,0.0
0.0,0.0
0.0,0.0
0.0,0.0
0.0,0.0
0.0,0.0
0.0,0.0
0.0,0.0
0.0,0.0
0.0,0.0
0.0,0.0
0.0,0.0
0.0,0.0
0.0,0.0
0.0,0.0
0.0,0.0
0.0,0.0
0.0,0.0
0.0,0.0
0.0,0.0
0.0,0.0
0.0,0.0
0.0,0.0
0.0,0.0
0.0,0.0
0.0,0.0
0.0,0.0
0.0,0.0
0.0,0.0
0.0,0.0
0.0,0.0
0.0,0.0
0.0,0.0
0.0,0.0
0.0,0.0
0.0,0.0
0.0,0.0
0.0,0.0
0.0,0.0
0.0,0.0
0.0,0.0
0.0,0.0
0.0,0.0
0.0,0.0
0.0,0.0
0.0,0.0
0.0,0.0
0.0,0.0
0.0,0.0
0.0,0.0
0.0,0.0
0.0,0.0
0.0,0.0
0.0,0.0
0.0,0.0
0.0,0.0
0.0,0.0
0.0,0.0
0.0,0.0
0.0,0.0
0.0,0.0
0.0,0.0
0.0,0.0
0.0,0.0
0.0,0.0
0.0,0.0
0.0,0.0
0.0,0.0
0.0,0.0
0.0,0.0
0.0,0.0
0.0,0.0
0.0,0.0
0.0,0.0
0.0,0.0
0.0,0.0
0.0,0.0
0.0,0.0
0.0,0.0
0.0,0.0
0.0,0.0
-8.888994216918945,11.109589576721191
22.119644165039062,8.316502571105957
0.0,0.0
0.0,0.0
0.0,0.0
0.0,0.0
0.0,0.0
0.0,0.0
-8.888885498046875,11.11109447479248
22.164527893066406,11.268593788146973
0.0,0.0
0.0,0.0
0.0,0.0
0.0,0.0
0.0,0.0
0.0,0.0
0.0,0.0
0.0,0.0
0.0,0.0
0.0,0.0
0.0,0.0
0.0,0.0
0.0,0.0
0.0,0.0
0.0,0.0
0.0,0.0
0.0,0.0
0.0,0.0
0.0,0.0
0.0,0.0
0.0,0.0
0.0,0.0
-8.917411804199219,11.111105918884277
22.222177505493164,11.144062995910645
0.0,0.0
0.0,0.0
0.0,0.0
0.0,0.0
0.0,0.0
0.0,0.0
-8.889098167419434,11.109450340270996
22.119384765625,7.238195896148682
0.0,0.0
0.0,0.0
0.0,0.0
0.0,0.0
0.0,0.0
0.0,0.0
0.0,0.0
0.0,0.0
0.0,0.0
0.0,0.0
0.0,0.0
0.0,0.0
0.0,0.0
0.0,0.0
0.0,0.0
0.0,0.0
0.0,0.0
0.0,0.0
0.0,0.0
0.0,0.0
0.0,0.0
0.0,0.0
0.0,0.0
0.0,0.0
0.0,0.0
0.0,0.0
0.0,0.0
0.0,0.0
0.0,0.0
0.0,0.0
0.0,0.0
0.0,0.0
0.0,0.0
0.0,0.0
0.0,0.0
0.0,0.0
0.0,0.0
0.0,0.0
0.0,0.0
0.0,0.0
0.0,0.0
0.0,0.0
0.0,0.0
0.0,0.0
0.0,0.0
0.0,0.0
0.0,0.0
0.0,0.0
0.0,0.0
0.0,0.0
0.0,0.0
0.0,0.0
0.0,0.0
0.0,0.0
0.0,0.0
0.0,0.0
0.0,0.0
0.0,0.0
0.0,0.0
0.0,0.0
0.0,0.0
0.0,0.0
0.0,0.0
0.0,0.0
0.0,0.0
0.0,0.0
0.0,0.0
0.0,0.0
33.33207321166992,-24.45888328552246
50.466121673583984,-5.790499687194824
-5.157539367675781,11.108597755432129
2.0,0.0
0.0,0.0
0.0,0.0
0.0,0.0
0.0,0.0
33.33331298828125,-57.22791290283203
55.55714797973633,-22.80866241455078
-4.820194721221924,10.534549713134766
2.0,0.0
0.0,0.0
0.0,0.0
0.0,0.0
0.0,0.0
22.174747467041016,11.457685470581055
42.05509948730469,2.2968549728393555
-18.34677505493164,11.111104965209961
22.222211837768555,12.163125991821289
0.0,0.0
0.0,0.0
0.0,0.0
0.0,0.0
22.222211837768555,12.158710479736328
48.579044342041016,3.676236391067505
-26.88868522644043,11.110967636108398
22.222211837768555,12.214016914367676
0.0,0.0
0.0,0.0
0.0,0.0
0.0,0.0
33.33328628540039,-21.768558502197266
40.705589294433594,-5.618619918823242
-7.451115131378174,11.111027717590332
0.0,0.0
14.40435791015625,-9.866759300231934
0.0,0.0
0.0,0.0
0.0,0.0
33.33331298828125,-24.59453582763672
55.55714797973633,-15.23711109161377
-3.820415496826172,11.068531036376953
0.0,0.0
17.658248901367188,0.0
0.0,0.0
0.0,0.0
0.0,0.0
-74.97354888916016,11.112424850463867
31.78167724609375,2.328056573867798
-10.387547492980957,10.172637939453125
22.222211837768555,12.087594985961914
10.738643646240234,1.0199999809265137
0.0,0.0
-235.0440673828125,-355.7793884277344
0.0,0.0
-97.51187133789062,11.110064506530762
44.37582778930664,3.6424522399902344
-28.435104370117188,11.111083030700684
22.222211837768555,12.213433265686035
12.71267032623291,0.0
0.0,0.0
-490.11480712890625,-426.24847412109375
0.0,0.0
0.0,0.0
0.0,0.0
0.0,0.0
0.0,0.0
0.0,0.0
0.0,0.0
0.0,0.0
0.0,0.0
0.0,0.0
0.0,0.0
0.0,0.0
0.0,0.0
0.0,0.0
0.0,0.0
0.0,0.0
0.0,0.0
0.0,0.0
0.0,0.0
0.0,0.0
0.0,0.0
0.0,0.0
0.0,0.0
0.0,0.0
0.0,0.0
0.0,0.0
0.0,0.0
0.0,0.0
0.0,0.0
0.0,0.0
0.0,0.0
0.0,0.0
0.0,0.0
0.0,0.0
0.0,0.0
0.0,0.0
0.0,0.0
0.0,0.0
0.0,0.0
0.0,0.0
0.0,0.0
0.0,0.0
0.0,0.0
0.0,0.0
0.0,0.0
0.0,0.0
0.0,0.0
0.0,0.0
0.0,0.0
0.0,0.0
0.0,0.0
0.0,0.0
0.0,0.0
0.0,0.0
0.0,0.0
0.0,0.0
0.0,0.0
0.0,0.0
0.0,0.0
0.0,0.0
0.0,0.0
0.0,0.0
0.0,0.0
0.0,0.0
0.0,0.0
0.0,0.0
0.0,0.0
-1.0,1.909999966621399
0.0,0.0
0.0,0.0
0.0,0.0
0.0,0.0
0.0,0.0
33.30229568481445,-15.123100280761719
0.0,0.0
-3.8086936473846436,10.357292175292969
0.0,0.0
0.0,0.0
0.0,0.0
0.0,0.0
0.0,0.0
0.0,0.0
0.0,0.0
-8.888895988464355,11.111099243164062
0.0,0.0
0.0,0.0
0.0,0.0
0.0,0.0
0.0,0.0
10.971833229064941,11.110593795776367
0.0,0.0
-8.913633346557617,11.110983848571777
0.0,0.0
0.0,0.0
0.0,0.0
0.0,0.0
0.0,0.0
0.0,0.0
0.0,0.0
0.0,0.0
0.0,0.0
0.0,0.0
0.0,0.0
0.0,0.0
0.0,0.0
0.0,0.0
0.0,0.0
-1.0,1.0
0.0,0.0
0.0,0.0
0.0,0.0
0.0,0.0
0.0,0.0
0.0,0.0
0.0,0.0
-3.946178674697876,7.850525379180908
0.0,0.0
0.0,0.0
0.0,0.0
0.0,0.0
0.0,0.0
2.0,0.0
0.0,0.0
-8.683920860290527,11.110795974731445
0.0,0.0
0.0,0.0
0.0,0.0
0.0,0.0
0.0,0.0
0.0,0.0
0.0,0.0
0.0,0.0
0.0,0.0
0.0,0.0
0.0,0.0
0.0,0.0
0.0,0.0
0.0,0.0
0.0,0.0
0.0,0.0
0.0,0.0
0.0,0.0
0.0,0.0
0.0,0.0
0.0,0.0
0.0,0.0
0.0,0.0
0.0,0.0
0.0,0.0
0.0,0.0
0.0,0.0
0.0,0.0
0.0,0.0
0.0,0.0
0.0,0.0
0.0,0.0
0.0,0.0
0.0,0.0
0.0,0.0
0.0,0.0
0.0,0.0
0.0,0.0
0.0,0.0
0.0,0.0
0.0,0.0
0.0,0.0
0.0,0.0
0.0,0.0
0.0,0.0
0.0,0.0
0.0,0.0
0.0,0.0
0.0,0.0
0.0,0.0
0.0,0.0
0.0,0.0
0.0,0.0
0.0,0.0
0.0,0.0
0.0,0.0
0.0,0.0
0.0,0.0
0.0,0.0
0.0,0.0
0.0,0.0
0.0,0.0
0.0,0.0
0.0,0.0
0.0,0.0
0.0,0.0
0.0,0.0
0.0,0.0
0.0,0.0
