-7.220272064208984,9.999996185302734
0.0,0.0
0.0,0.0
0.0,0.0
0.0,0.0
0.0,0.0
0.0,0.0
0.0,0.0
0.0,0.0
0.0,0.0
0.0,0.0
0.0,0.0
0.0,0.0
0.0,0.0
0.0,0.0
0.0,0.0
0.0,0.0
0.0,0.0
5.626005172729492,29.69515609741211
19.431617736816406,1.1682204008102417
0.0,0.0
0.0,0.0
0.0,0.0
0.0,0.0
0.0,0.0
0.0,0.0
5.922057628631592,28.055418014526367
16.822040557861328,1.1356853246688843
0.0,0.0
0.0,0.0
0.0,0.0
0.0,0.0
0.0,0.0
0.0,0.0
0.0,0.0
0.0,0.0
0.0,0.0
0.0,0.0
0.0,0.0
0.0,0.0
0.0,0.0
0.0,0.0
0.0,0.0
0.0,0.0
0.0,0.0
0.0,0.0
0.0,0.0
0.0,0.0
0.0,0.0
0.0,0.0
-8.889580726623535,11.110997200012207
0.0,0.0
0.0,0.0
0.0,0.0
-8.887273788452148,11.111105918884277
0.0,0.0
0.0,0.0
0.0,0.0
-8.889083862304688,11.111104965209961
9.6029052734375,0.0
0.0,0.0
0.0,0.0
-8.486270904541016,11.110998153686523
0.0,0.0
0.0,0.0
0.0,0.0
0.0,0.0
0.0,0.0
0.0,0.0
0.0,0.0
0.0,0.0
0.0,0.0
0.0,0.0
0.0,0.0
0.0,0.0
0.0,0.0
0.0,0.0
0.0,0.0
0.0,0.0
0.0,0.0
0.0,0.0
0.0,0.0
-8.89488410949707,11.110962867736816
22.222211837768555,13.918896675109863
0.0,0.0
0.0,0.0
-8.471158027648926,11.101943969726562
17.30805778503418,2.014029026031494
0.0,0.0
0.0,0.0
-8.954660415649414,11.103996276855469
-68.21505737304688,10.409139633178711
0.0,0.0
0.0,0.0
-8.920936584472656,10.620013236999512
-85.4682846069336,10.905418395996094
0.0,0.0
0.0,0.0
0.0,0.0
0.0,0.0
0.0,0.0
0.0,0.0
0.0,0.0
0.0,0.0
0.0,0.0
0.0,0.0
0.0,0.0
0.0,0.0
0.0,0.0
0.0,0.0
0.0,0.0
0.0,0.0
0.0,0.0
0.0,0.0
-8.889174461364746,9.111105918884277
22.222211837768555,12.150882720947266
0.0,0.0
0.0,0.0
-8.87695026397705,11.11108112335205
22.222211837768555,10.62912368774414
0.0,0.0
0.0,0.0
-8.888895034790039,9.453807830810547
19.5468692779541,-96.7492446899414
0.0,0.0
0.0,0.0
-8.89542293548584,11.111001968383789
22.222211837768555,12.329780578613281
0.0,0.0
0.0,0.0
0.0,0.0
0.0,0.0
0.0,0.0
0.0,0.0
0.0,0.0
0.0,0.0
0.0,0.0
0.0,0.0
0.0,0.0
0.0,0.0
0.0,0.0
0.0,0.0
0.0,0.0
0.0,0.0
0.0,0.0
0.0,0.0
0.5298446416854858,19.641048431396484
22.222179412841797,12.221932411193848
0.0,0.0
0.0,0.0
0.0,0.0
0.0,0.0
0.0,0.0
0.0,0.0
8.689366340637207,24.094053268432617
22.185781478881836,9.205466270446777
0.0,0.0
0.0,0.0
-8.119590759277344,11.11050033569336
0.0,0.0
0.0,0.0
0.0,0.0
0.0,0.0
0.0,0.0
0.0,0.0
0.0,0.0
0.0,0.0
0.0,0.0
0.0,0.0
0.0,0.0
0.0,0.0
0.0,0.0
0.0,0.0
0.0,0.0
0.0,0.0
0.0,0.0
0.0,0.0
0.0,0.0
0.0,0.0
0.0,0.0
0.0,0.0
0.0,0.0
0.0,0.0
0.0,0.0
0.0,0.0
0.0,0.0
0.0,0.0
0.0,0.0
0.0,0.0
0.0,0.0
0.0,0.0
0.0,0.0
0.0,0.0
0.0,0.0
0.0,0.0
0.0,0.0
0.0,0.0
0.0,0.0
0.0,0.0
0.0,0.0
0.0,0.0
0.0,0.0
0.0,0.0
0.0,0.0
0.0,0.0
0.0,0.0
0.0,0.0
0.0,0.0
0.0,0.0
0.0,0.0
-8.911102294921875,10.888412475585938
22.13853645324707,11.195418357849121
0.0,0.0
0.0,0.0
0.0,0.0
0.0,0.0
0.0,0.0
0.0,0.0
-8.922865867614746,10.771977424621582
22.222211837768555,12.222216606140137
0.0,0.0
0.0,0.0
-9.16556453704834,7.62700891494751
0.0,0.0
0.0,0.0
0.0,0.0
0.0,0.0
0.0,0.0
0.0,0.0
0.0,0.0
0.0,0.0
0.0,0.0
0.0,0.0
0.0,0.0
0.0,0.0
0.0,0.0
0.0,0.0
0.0,0.0
0.0,0.0
0.0,0.0
0.0,0.0
0.0,0.0
-8.89837646484375,11.111104965209961
0.0,0.0
0.0,0.0
0.0,0.0
0.0,0.0
0.0,0.0
0.0,0.0
0.0,0.0
-8.926295280456543,10.456628799438477
-62.39277648925781,10.00539493560791
0.0,0.0
0.0,0.0
-8.829633712768555,6.297341346740723
0.0,0.0
0.0,0.0
0.0,0.0
0.0,0.0
0.0,0.0
0.0,0.0
0.0,0.0
0.0,0.0
0.0,0.0
0.0,0.0
0.0,0.0
0.0,0.0
0.0,0.0
0.0,0.0
0.0,0.0
0.0,0.0
0.0,0.0
0.0,0.0
0.0,0.0
0.0,0.0
0.0,0.0
0.0,0.0
0.0,0.0
0.0,0.0
0.0,0.0
0.0,0.0
0.0,0.0
0.0,0.0
0.0,0.0
0.0,0.0
0.0,0.0
0.0,0.0
0.0,0.0
0.0,0.0
0.0,0.0
0.0,0.0
0.0,0.0
0.0,0.0
0.0,0.0
0.0,0.0
0.0,0.0
0.0,0.0
0.0,0.0
0.0,0.0
0.0,0.0
0.0,0.0
0.0,0.0
0.0,0.0
0.0,0.0
0.0,0.0
0.0,0.0
0.0,0.0
0.0,0.0
0.0,0.0
0.0,0.0
0.0,0.0
0.0,0.0
0.0,0.0
0.0,0.0
0.0,0.0
0.0,0.0
0.0,0.0
0.0,0.0
0.0,0.0
0.0,0.0
33.33331298828125,-13.279905319213867
66.6666259765625,-41.52748107910156
-9.765809059143066,7.365089416503906
9.6029052734375,0.0
0.0,0.0
0.0,0.0
0.0,1.0
0.0,0.0
33.33331298828125,-8.027530670166016
66.6666259765625,-29.294593811035156
-10.097715377807617,-4.06497049331665
15.701050758361816,0.0
0.0,0.0
0.0,0.0
-1.8809000253677368,5.648526668548584
0.0,0.0
0.0,0.0
0.0,0.0
-6.530722618103027,5.439571857452393
10.738643646240234,0.0
0.0,0.0
0.0,0.0
-1.0,1.491671085357666
0.0,0.0
0.0,0.0
0.0,0.0
-9.005817413330078,6.874574184417725
3.912975311279297,7.537836074829102
0.0,0.0
0.0,0.0
-5.04925537109375,1.6097924709320068
0.0,0.0
33.33331298828125,-19.45010757446289
66.6666259765625,10.851319313049316
-9.585817337036133,6.164161205291748
2.0,3.838200092315674
33.33331298828125,-25.982177734375
0.0,0.0
-1.8899999856948853,2.5212206840515137
0.0,0.0
33.33331298828125,-23.085975646972656
66.6666259765625,-28.68704605102539
-9.198558807373047,10.178171157836914
16.822040557861328,5.00070858001709
33.33331298828125,-26.662044525146484
59.048316955566406,-5.548316955566406
-5.10029935836792,4.4503679275512695
9.6029052734375,1.0199999809265137
0.0,0.0
0.0,0.0
-2.590749740600586,8.837544441223145
3.819999933242798,0.0
0.0,0.0
0.0,0.0
-1.0,3.86217999458313
0.0,0.0
0.0,0.0
0.0,0.0
-5.7198486328125,7.224789619445801
12.71267032623291,1.0698333978652954
0.0,0.0
0.0,0.0
-5.817325592041016,7.362876892089844
16.28795623779297,2.0547618865966797
0.0,0.0
0.0,0.0
0.0,0.0
0.0,0.0
0.0,0.0
0.0,0.0
0.0,0.0
0.0,0.0
0.0,0.0
0.0,0.0
0.0,0.0
0.0,0.0
0.0,0.0
0.0,0.0
0.0,0.0
0.0,0.0
0.0,0.0
0.0,0.0
0.0,0.0
0.0,0.0
0.0,0.0
0.0,0.0
0.0,0.0
0.0,0.0
0.0,0.0
0.0,0.0
0.0,0.0
0.0,0.0
0.0,0.0
0.0,0.0
0.0,0.0
0.0,0.0
0.0,0.0
0.0,0.0
0.0,0.0
0.0,0.0
0.0,0.0
0.0,0.0
0.0,0.0
0.0,0.0
0.0,0.0
0.0,0.0
0.0,0.0
0.0,0.0
0.0,0.0
0.0,0.0
0.0,0.0
0.0,0.0
0.0,0.0
0.0,0.0
0.0,0.0
0.0,0.0
0.0,0.0
0.0,0.0
0.0,0.0
0.0,0.0
0.0,0.0
0.0,0.0
0.0,0.0
0.0,0.0
0.0,0.0
0.0,0.0
0.0,0.0
0.0,0.0
0.0,0.0
0.0,0.0
-9.174384117126465,6.009668827056885
0.0,0.0
0.0,0.0
0.0,0.0
0.0,0.0
0.0,0.0
33.33331298828125,13.877090454101562
0.0,0.0
-10.721494674682617,-9.412936210632324
0.0,0.0
0.0,0.0
0.0,0.0
-5.874788284301758,-5.369321823120117
0.0,0.0
0.0,0.0
0.0,0.0
-10.19395923614502,-1.9392987489700317
0.0,0.0
0.0,0.0
0.0,0.0
0.0,0.0
0.0,0.0
22.197633743286133,11.449551582336426
0.0,0.0
-9.7594575881958,2.516345262527466
0.0,0.0
0.0,0.0
0.0,0.0
-9.630081176757812,0.3852192461490631
0.0,0.0
0.0,0.0
0.0,0.0
-4.581442832946777,7.652184963226318
0.0,0.0
0.0,0.0
0.0,0.0
0.0,0.0
0.0,0.0
33.33331298828125,8.957076072692871
0.0,0.0
-10.669442176818848,-0.28519800305366516
0.0,0.0
0.0,0.0
0.0,0.0
-2.7100000381469727,-1.0
0.0,0.0
0.0,0.0
0.0,0.0
-8.807632446289062,10.35619831085205
0.0,0.0
0.0,0.0
0.0,0.0
0.0,0.0
0.0,0.0
20.48079490661621,6.009983062744141
0.0,0.0
-9.551959037780762,6.416816711425781
0.0,0.0
0.0,0.0
0.0,0.0
-8.185749053955078,2.8254122734069824
0.0,0.0
0.0,0.0
0.0,0.0
0.0,0.0
0.0,0.0
0.0,0.0
0.0,0.0
0.0,0.0
0.0,0.0
0.0,0.0
0.0,0.0
0.0,0.0
0.0,0.0
0.0,0.0
0.0,0.0
0.0,0.0
0.0,0.0
0.0,0.0
0.0,0.0
-9.200573921203613,9.972973823547363
22.222211837768555,0.3908397853374481
0.0,0.0
0.0,0.0
0.0,0.0
0.0,0.0
0.0,0.0
0.0,0.0
-11.109975814819336,-11.397110939025879
-39.02588653564453,-189.86773681640625
0.0,0.0
0.0,0.0
0.0,0.0
0.0,0.0
0.0,0.0
0.0,0.0
0.0,0.0
0.0,0.0
0.0,0.0
0.0,0.0
0.0,0.0
0.0,0.0
0.0,0.0
0.0,0.0
0.0,0.0
0.0,0.0
0.0,0.0
0.0,0.0
0.0,0.0
0.0,0.0
0.0,0.0
0.0,0.0
-94.99250793457031,-106.10433197021484
22.22218894958496,-0.9012800455093384
0.0,0.0
0.0,0.0
-291.6956787109375,-144.41197204589844
0.0,0.0
0.0,0.0
0.0,0.0
-11.111356735229492,-16.15509605407715
22.222211837768555,12.222213745117188
0.0,0.0
0.0,0.0
-200.91000366210938,-198.26190185546875
0.0,0.0
0.0,0.0
0.0,0.0
0.0,0.0
0.0,0.0
0.0,0.0
0.0,0.0
0.0,0.0
0.0,0.0
0.0,0.0
0.0,0.0
0.0,0.0
0.0,0.0
0.0,0.0
0.0,0.0
0.0,0.0
0.0,0.0
0.0,0.0
0.0,0.0
0.0,0.0
0.0,0.0
0.0,0.0
0.0,0.0
0.0,0.0
0.0,0.0
0.0,0.0
0.0,0.0
0.0,0.0
0.0,0.0
0.0,0.0
0.0,0.0
0.0,0.0
0.0,0.0
0.0,0.0
0.0,0.0
0.0,0.0
0.0,0.0
0.0,0.0
0.0,0.0
0.0,0.0
0.0,0.0
0.0,0.0
0.0,0.0
0.0,0.0
0.0,0.0
0.0,0.0
0.0,0.0
0.0,0.0
0.0,0.0
0.0,0.0
0.0,0.0
0.0,0.0
0.0,0.0
0.0,0.0
0.0,0.0
0.0,0.0
0.0,0.0
0.0,0.0
0.0,0.0
0.0,0.0
0.0,0.0
0.0,0.0
0.0,0.0
0.0,0.0
0.0,0.0
0.0,0.0
0.0,0.0
0.0,0.0
0.0,0.0
0.0,0.0
0.0,0.0
0.0,0.0
0.0,0.0
0.0,0.0
0.0,0.0
0.0,0.0
0.0,0.0
0.0,0.0
0.0,0.0
0.0,0.0
0.0,0.0
0.0,0.0
0.0,0.0
-8.888994216918945,11.109589576721191
21.405376434326172,5.635986804962158
0.0,0.0
0.0,0.0
0.0,0.0
0.0,0.0
0.0,0.0
0.0,0.0
-8.888885498046875,11.111105918884277
18.201711654663086,10.629960060119629
0.0,0.0
0.0,0.0
0.0,0.0
0.0,0.0
0.0,0.0
0.0,0.0
0.0,0.0
0.0,0.0
0.0,0.0
0.0,0.0
0.0,0.0
0.0,0.0
0.0,0.0
0.0,0.0
0.0,0.0
0.0,0.0
0.0,0.0
0.0,0.0
0.0,0.0
0.0,0.0
0.0,0.0
0.0,0.0
-9.433894157409668,11.111105918884277
22.22174835205078,11.144062995910645
0.0,0.0
0.0,0.0
0.0,0.0
0.0,0.0
0.0,0.0
0.0,0.0
-9.018341064453125,10.3715181350708
19.91132164001465,4.672780990600586
0.0,0.0
0.0,0.0
0.0,0.0
0.0,0.0
0.0,0.0
0.0,0.0
0.0,0.0
0.0,0.0
0.0,0.0
0.0,0.0
0.0,0.0
0.0,0.0
0.0,0.0
0.0,0.0
0.0,0.0
0.0,0.0
0.0,0.0
0.0,0.0
0.0,0.0
0.0,0.0
0.0,0.0
0.0,0.0
0.0,0.0
0.0,0.0
0.0,0.0
0.0,0.0
0.0,0.0
0.0,0.0
0.0,0.0
0.0,0.0
0.0,0.0
0.0,0.0
0.0,0.0
0.0,0.0
0.0,0.0
0.0,0.0
0.0,0.0
0.0,0.0
0.0,0.0
0.0,0.0
0.0,0.0
0.0,0.0
0.0,0.0
0.0,0.0
0.0,0.0
0.0,0.0
0.0,0.0
0.0,0.0
0.0,0.0
0.0,0.0
0.0,0.0
0.0,0.0
0.0,0.0
0.0,0.0
0.0,0.0
0.0,0.0
0.0,0.0
0.0,0.0
0.0,0.0
0.0,0.0
0.0,0.0
0.0,0.0
0.0,0.0
0.0,0.0
0.0,0.0
0.0,0.0
0.0,0.0
0.0,0.0
33.324222564697266,-23.638057708740234
43.04208755493164,-5.790499687194824
-4.281976699829102,11.08910846710205
2.0,0.0
0.0,0.0
0.0,0.0
0.0,0.0
0.0,0.0
33.33331298828125,-68.58881378173828
53.25099563598633,-19.267969131469727
-4.820194721221924,9.885041236877441
2.0,0.0
0.0,0.0
0.0,0.0
0.0,0.0
0.0,0.0
21.84415626525879,11.457685470581055
33.92132568359375,2.2968549728393555
-11.11109447479248,-59.23215866088867
22.222211837768555,11.963903427124023
0.0,0.0
0.0,0.0
0.0,0.0
0.0,0.0
22.222150802612305,12.019835472106934
46.29762268066406,3.676236391067505
-12.72996997833252,-99.92131805419922
22.222211837768555,12.20506763458252
0.0,0.0
0.0,0.0
0.0,0.0
0.0,0.0
33.33300018310547,-19.201169967651367
35.316497802734375,0.0
-6.697482585906982,11.10981273651123
0.0,0.0
12.532261848449707,-2.9178569316864014
0.0,0.0
0.0,0.0
0.0,0.0
33.33331298828125,-23.15749168395996
51.924171447753906,-10.880758285522461
-3.2565619945526123,11.020565032958984
0.0,0.0
14.40435791015625,0.0
0.0,0.0
0.0,0.0
0.0,0.0
-179.7786102294922,11.119780540466309
24.00726318359375,2.328056573867798
-106.7178955078125,6.983092308044434
22.222211837768555,11.940751075744629
6.983342170715332,1.0199999809265137
0.0,0.0
-177.60003662109375,10.940598487854004
0.0,0.0
-179.77781677246094,11.103534698486328
40.71989059448242,2.4552786350250244
-49.40763854980469,11.077664375305176
22.222211837768555,12.203848838806152
10.738643646240234,0.0
0.0,0.0
-420.2686462402344,-285.82080078125
0.0,0.0
0.0,0.0
0.0,0.0
0.0,0.0
0.0,0.0
0.0,0.0
0.0,0.0
0.0,0.0
0.0,0.0
0.0,0.0
0.0,0.0
0.0,0.0
0.0,0.0
0.0,0.0
0.0,0.0
0.0,0.0
0.0,0.0
0.0,0.0
0.0,0.0
0.0,0.0
0.0,0.0
0.0,0.0
0.0,0.0
0.0,0.0
0.0,0.0
0.0,0.0
0.0,0.0
0.0,0.0
0.0,0.0
0.0,0.0
0.0,0.0
0.0,0.0
0.0,0.0
0.0,0.0
0.0,0.0
0.0,0.0
0.0,0.0
0.0,0.0
0.0,0.0
0.0,0.0
0.0,0.0
0.0,0.0
0.0,0.0
0.0,0.0
0.0,0.0
0.0,0.0
0.0,0.0
0.0,0.0
0.0,0.0
0.0,0.0
0.0,0.0
0.0,0.0
0.0,0.0
0.0,0.0
0.0,0.0
0.0,0.0
0.0,0.0
0.0,0.0
0.0,0.0
0.0,0.0
0.0,0.0
0.0,0.0
0.0,0.0
0.0,0.0
0.0,0.0
0.0,0.0
0.0,0.0
-1.0,1.909999966621399
0.0,0.0
0.0,0.0
0.0,0.0
0.0,0.0
0.0,0.0
33.22755432128906,-13.840065002441406
0.0,0.0
-3.235851764678955,10.200811386108398
0.0,0.0
0.0,0.0
0.0,0.0
0.0,0.0
0.0,0.0
0.0,0.0
0.0,0.0
-8.888895988464355,11.111099243164062
0.0,0.0
0.0,0.0
0.0,0.0
0.0,0.0
0.0,0.0
9.84525203704834,11.109345436096191
0.0,0.0
-8.888894081115723,11.111099243164062
0.0,0.0
0.0,0.0
0.0,0.0
0.0,0.0
0.0,0.0
0.0,0.0
0.0,0.0
0.0,0.0
0.0,0.0
0.0,0.0
0.0,0.0
0.0,0.0
0.0,0.0
0.0,0.0
0.0,0.0
-1.0,1.0
0.0,0.0
0.0,0.0
0.0,0.0
0.0,0.0
0.0,0.0
0.0,0.0
0.0,0.0
-3.946178674697876,7.528049945831299
0.0,0.0
0.0,0.0
0.0,0.0
0.0,0.0
0.0,0.0
2.0,0.0
0.0,0.0
-8.635821342468262,11.11003589630127
0.0,0.0
0.0,0.0
0.0,0.0
0.0,0.0
0.0,0.0
0.0,0.0
0.0,0.0
0.0,0.0
0.0,0.0
0.0,0.0
0.0,0.0
0.0,0.0
0.0,0.0
0.0,0.0
0.0,0.0
0.0,0.0
0.0,0.0
0.0,0.0
0.0,0.0
0.0,0.0
0.0,0.0
0.0,0.0
0.0,0.0
0.0,0.0
0.0,0.0
0.0,0.0
0.0,0.0
0.0,0.0
0.0,0.0
0.0,0.0
0.0,0.0
0.0,0.0
0.0,0.0
0.0,0.0
0.0,0.0
0.0,0.0
0.0,0.0
0.0,0.0
0.0,0.0
0.0,0.0
0.0,0.0
0.0,0.0
0.0,0.0
0.0,0.0
0.0,0.0
0.0,0.0
0.0,0.0
0.0,0.0
0.0,0.0
0.0,0.0
0.0,0.0
0.0,0.0
0.0,0.0
0.0,0.0
0.0,0.0
0.0,0.0
0.0,0.0
0.0,0.0
0.0,0.0
0.0,0.0
0.0,0.0
0.0,0.0
0.0,0.0
0.0,0.0
0.0,0.0
0.0,0.0
0.0,0.0
0.0,0.0
0.0,0.0
