-9.629029273986816,9.999996185302734
0.0,0.0
0.0,0.0
0.0,0.0
0.0,0.0
0.0,0.0
0.0,0.0
0.0,0.0
0.0,0.0
0.0,0.0
0.0,0.0
0.0,0.0
0.0,0.0
0.0,0.0
0.0,0.0
0.0,0.0
0.0,0.0
0.0,0.0
4.600175857543945,29.6988468170166
19.431617736816406,1.1682204008102417
0.0,0.0
0.0,0.0
0.0,0.0
0.0,0.0
0.0,0.0
0.0,0.0
7.570126533508301,28.05694580078125
22.02322006225586,3.231252908706665
0.0,0.0
0.0,0.0
0.0,0.0
0.0,0.0
0.0,0.0
0.0,0.0
0.0,0.0
0.0,0.0
0.0,0.0
0.0,0.0
0.0,0.0
0.0,0.0
0.0,0.0
0.0,0.0
0.0,0.0
0.0,0.0
0.0,0.0
0.0,0.0
0.0,0.0
0.0,0.0
0.0,0.0
0.0,0.0
-8.896978378295898,11.111089706420898
0.0,0.0
0.0,0.0
0.0,0.0
-8.890155792236328,11.111040115356445
0.0,0.0
0.0,0.0
0.0,0.0
10.0104341506958,11.111099243164062
17.75033187866211,1.1434736251831055
0.0,0.0
0.0,0.0
-8.839702606201172,11.111105918884277
0.0,0.0
0.0,0.0
0.0,0.0
0.0,0.0
0.0,0.0
0.0,0.0
0.0,0.0
0.0,0.0
0.0,0.0
0.0,0.0
0.0,0.0
0.0,0.0
0.0,0.0
0.0,0.0
0.0,0.0
0.0,0.0
0.0,0.0
0.0,0.0
0.0,0.0
-8.935636520385742,11.047588348388672
22.222211837768555,12.244791030883789
0.0,0.0
0.0,0.0
-8.75780963897705,11.111105918884277
18.152801513671875,2.014029026031494
0.0,0.0
0.0,0.0
-8.897648811340332,10.828105926513672
22.222179412841797,11.871528625488281
0.0,0.0
0.0,0.0
-8.922372817993164,11.10838794708252
22.222211837768555,-51.827632904052734
0.0,0.0
0.0,0.0
0.0,0.0
0.0,0.0
0.0,0.0
0.0,0.0
0.0,0.0
0.0,0.0
0.0,0.0
0.0,0.0
0.0,0.0
0.0,0.0
0.0,0.0
0.0,0.0
0.0,0.0
0.0,0.0
0.0,0.0
0.0,0.0
-8.889288902282715,11.111105918884277
22.222211837768555,12.205900192260742
0.0,0.0
0.0,0.0
-8.890100479125977,11.111105918884277
22.222211837768555,12.028536796569824
0.0,0.0
0.0,0.0
-8.889408111572266,11.111102104187012
22.21738052368164,-58.396522521972656
0.0,0.0
0.0,0.0
-8.92590045928955,11.070014953613281
22.222211837768555,13.127612113952637
0.0,0.0
0.0,0.0
0.0,0.0
0.0,0.0
0.0,0.0
0.0,0.0
0.0,0.0
0.0,0.0
0.0,0.0
0.0,0.0
0.0,0.0
0.0,0.0
0.0,0.0
0.0,0.0
0.0,0.0
0.0,0.0
0.0,0.0
0.0,0.0
0.5277156829833984,19.641048431396484
22.217731475830078,12.211291313171387
0.0,0.0
0.0,0.0
0.0,0.0
0.0,0.0
0.0,0.0
0.0,0.0
6.523533821105957,24.096588134765625
22.222211837768555,11.45506477355957
0.0,0.0
0.0,0.0
-8.4346342086792,11.111090660095215
9.6029052734375,0.0
0.0,0.0
0.0,0.0
0.0,0.0
0.0,0.0
0.0,0.0
0.0,0.0
0.0,0.0
0.0,0.0
0.0,0.0
0.0,0.0
0.0,0.0
0.0,0.0
0.0,0.0
0.0,0.0
0.0,0.0
0.0,0.0
0.0,0.0
0.0,0.0
0.0,0.0
0.0,0.0
0.0,0.0
0.0,0.0
0.0,0.0
0.0,0.0
0.0,0.0
0.0,0.0
0.0,0.0
0.0,0.0
0.0,0.0
0.0,0.0
0.0,0.0
0.0,0.0
0.0,0.0
0.0,0.0
0.0,0.0
0.0,0.0
0.0,0.0
0.0,0.0
0.0,0.0
0.0,0.0
0.0,0.0
0.0,0.0
0.0,0.0
0.0,0.0
0.0,0.0
0.0,0.0
0.0,0.0
0.0,0.0
0.0,0.0
0.0,0.0
-8.911102294921875,10.888412475585938
22.222211837768555,12.031826972961426
0.0,0.0
0.0,0.0
0.0,0.0
0.0,0.0
0.0,0.0
0.0,0.0
-8.922731399536133,10.77267074584961
22.222164154052734,12.222210884094238
0.0,0.0
0.0,0.0
-9.268362045288086,8.54372501373291
0.0,0.0
0.0,0.0
0.0,0.0
0.0,0.0
0.0,0.0
0.0,0.0
0.0,0.0
0.0,0.0
0.0,0.0
0.0,0.0
0.0,0.0
0.0,0.0
0.0,0.0
0.0,0.0
0.0,0.0
0.0,0.0
0.0,0.0
0.0,0.0
0.0,0.0
-8.889554023742676,11.111102104187012
0.0,0.0
0.0,0.0
0.0,0.0
0.0,0.0
0.0,0.0
0.0,0.0
0.0,0.0
-8.971819877624512,10.26516056060791
22.222211837768555,12.010027885437012
0.0,0.0
0.0,0.0
-9.166206359863281,6.7621941566467285
0.0,0.0
0.0,0.0
0.0,0.0
0.0,0.0
0.0,0.0
0.0,0.0
0.0,0.0
0.0,0.0
0.0,0.0
0.0,0.0
0.0,0.0
0.0,0.0
0.0,0.0
0.0,0.0
0.0,0.0
0.0,0.0
0.0,0.0
0.0,0.0
0.0,0.0
0.0,0.0
0.0,0.0
0.0,0.0
0.0,0.0
0.0,0.0
0.0,0.0
0.0,0.0
0.0,0.0
0.0,0.0
0.0,0.0
0.0,0.0
0.0,0.0
0.0,0.0
0.0,0.0
0.0,0.0
0.0,0.0
0.0,0.0
0.0,0.0
0.0,0.0
0.0,0.0
0.0,0.0
0.0,0.0
0.0,0.0
0.0,0.0
0.0,0.0
0.0,0.0
0.0,0.0
0.0,0.0
0.0,0.0
0.0,0.0
0.0,0.0
0.0,0.0
0.0,0.0
0.0,0.0
0.0,0.0
0.0,0.0
0.0,0.0
0.0,0.0
0.0,0.0
0.0,0.0
0.0,0.0
0.0,0.0
0.0,0.0
0.0,0.0
0.0,0.0
0.0,0.0
33.33331298828125,-17.43755531311035
66.6666259765625,-35.70026397705078
-9.861128807067871,1.628911018371582
18.5190486907959,0.0
3.0,0.0
0.0,0.0
0.0,4.177420616149902
0.0,0.0
33.33331298828125,-18.12559700012207
66.6666259765625,-38.517330169677734
-9.696556091308594,-0.13001231849193573
20.637523651123047,0.0
0.0,0.0
0.0,0.0
-3.3112905025482178,5.708946228027344
0.0,0.0
0.0,0.0
0.0,0.0
-8.500389099121094,3.1945414543151855
17.75033187866211,1.150560975074768
0.0,0.0
0.0,0.0
-3.3600664138793945,6.587544918060303
0.0,0.0
0.0,0.0
0.0,0.0
-9.268939971923828,2.2267656326293945
5.608284950256348,12.140958786010742
0.0,0.0
0.0,0.0
-5.901247024536133,6.799104690551758
0.0,0.0
33.33331298828125,-22.263456344604492
66.6666259765625,-38.94991683959961
-9.456038475036621,5.100153923034668
2.0,9.470824241638184
33.33331298828125,-26.19560432434082
0.0,0.0
-4.055166721343994,1.0521020889282227
0.0,0.0
33.33331298828125,-18.30586051940918
66.6666259765625,-45.891048431396484
-9.59028148651123,8.84821605682373
21.32232093811035,7.3263444900512695
33.33331298828125,-26.66666030883789
62.72979736328125,-2.731381893157959
-6.241507053375244,6.455564498901367
13.568530082702637,1.0199999809265137
0.0,0.0
0.0,0.0
-3.241253137588501,5.571752071380615
10.738643646240234,0.0
0.0,0.0
0.0,0.0
-2.662649393081665,3.811337947845459
0.0,0.0
0.0,0.0
0.0,0.0
-7.010324954986572,5.123828887939453
19.155624389648438,2.1198606491088867
0.0,0.0
0.0,0.0
-6.455964088439941,3.451589584350586
19.155624389648438,6.3978095054626465
0.0,0.0
0.0,0.0
0.0,0.0
0.0,0.0
0.0,0.0
0.0,0.0
0.0,0.0
0.0,0.0
0.0,0.0
0.0,0.0
0.0,0.0
0.0,0.0
0.0,0.0
0.0,0.0
0.0,0.0
0.0,0.0
0.0,0.0
0.0,0.0
0.0,0.0
0.0,0.0
0.0,0.0
0.0,0.0
0.0,0.0
0.0,0.0
0.0,0.0
0.0,0.0
0.0,0.0
0.0,0.0
0.0,0.0
0.0,0.0
0.0,0.0
0.0,0.0
0.0,0.0
0.0,0.0
0.0,0.0
0.0,0.0
0.0,0.0
0.0,0.0
0.0,0.0
0.0,0.0
0.0,0.0
0.0,0.0
0.0,0.0
0.0,0.0
0.0,0.0
0.0,0.0
0.0,0.0
0.0,0.0
0.0,0.0
0.0,0.0
0.0,0.0
0.0,0.0
0.0,0.0
0.0,0.0
0.0,0.0
0.0,0.0
0.0,0.0
0.0,0.0
0.0,0.0
0.0,0.0
0.0,0.0
0.0,0.0
0.0,0.0
0.0,0.0
0.0,0.0
0.0,0.0
-9.25804328918457,8.410593032836914
0.0,0.0
0.0,0.0
0.0,0.0
0.0,0.0
0.0,0.0
33.33331298828125,2.1299092769622803
0.0,0.0
-10.492746353149414,-4.350841522216797
0.0,0.0
0.0,0.0
0.0,0.0
-8.648716926574707,-8.411020278930664
0.0,0.0
0.0,0.0
0.0,0.0
-10.193940162658691,-1.9389657974243164
0.0,0.0
0.0,0.0
0.0,0.0
0.0,0.0
0.0,0.0
22.222211837768555,12.025577545166016
0.0,0.0
-9.74079418182373,2.594750165939331
0.0,0.0
0.0,0.0
0.0,0.0
-10.032194137573242,-0.3021763861179352
0.0,0.0
0.0,0.0
0.0,0.0
-5.442334175109863,10.792094230651855
0.0,0.0
0.0,0.0
0.0,0.0
0.0,0.0
0.0,0.0
33.33331298828125,16.6268367767334
0.0,0.0
-10.499968528747559,-0.6014358401298523
0.0,0.0
0.0,0.0
0.0,0.0
-4.780277252197266,-5.369110107421875
0.0,0.0
0.0,0.0
0.0,0.0
-9.012702941894531,11.104000091552734
0.0,0.0
0.0,0.0
0.0,0.0
0.0,0.0
0.0,0.0
22.16908073425293,8.902884483337402
0.0,0.0
-9.781105995178223,2.8012468814849854
0.0,0.0
0.0,0.0
0.0,0.0
-8.900920867919922,-0.21986818313598633
0.0,0.0
0.0,0.0
0.0,0.0
0.0,0.0
0.0,0.0
0.0,0.0
0.0,0.0
0.0,0.0
0.0,0.0
0.0,0.0
0.0,0.0
0.0,0.0
0.0,0.0
0.0,0.0
0.0,0.0
0.0,0.0
0.0,0.0
0.0,0.0
0.0,0.0
-9.939613342285156,6.963155269622803
22.222211837768555,0.4527844488620758
0.0,0.0
0.0,0.0
0.0,0.0
0.0,0.0
0.0,0.0
0.0,0.0
-11.207765579223633,3.565168857574463
-227.37930297851562,-16.654216766357422
0.0,0.0
0.0,0.0
0.0,0.0
0.0,0.0
0.0,0.0
0.0,0.0
0.0,0.0
0.0,0.0
0.0,0.0
0.0,0.0
0.0,0.0
0.0,0.0
0.0,0.0
0.0,0.0
0.0,0.0
0.0,0.0
0.0,0.0
0.0,0.0
0.0,0.0
0.0,0.0
0.0,0.0
0.0,0.0
-25.678895950317383,10.572525978088379
22.222211837768555,2.6592094898223877
0.0,0.0
0.0,0.0
-341.70513916015625,-6.661323547363281
0.0,0.0
0.0,0.0
0.0,0.0
-11.11316204071045,-80.80815887451172
22.222211837768555,-30.071956634521484
0.0,0.0
0.0,0.0
-154.1380615234375,-514.9088134765625
0.0,0.0
0.0,0.0
0.0,0.0
0.0,0.0
0.0,0.0
0.0,0.0
0.0,0.0
0.0,0.0
0.0,0.0
0.0,0.0
0.0,0.0
0.0,0.0
0.0,0.0
0.0,0.0
0.0,0.0
0.0,0.0
0.0,0.0
0.0,0.0
0.0,0.0
0.0,0.0
0.0,0.0
0.0,0.0
0.0,0.0
0.0,0.0
0.0,0.0
0.0,0.0
0.0,0.0
0.0,0.0
0.0,0.0
0.0,0.0
0.0,0.0
0.0,0.0
0.0,0.0
0.0,0.0
0.0,0.0
0.0,0.0
0.0,0.0
0.0,0.0
0.0,0.0
0.0,0.0
0.0,0.0
0.0,0.0
0.0,0.0
0.0,0.0
0.0,0.0
0.0,0.0
0.0,0.0
0.0,0.0
0.0,0.0
0.0,0.0
0.0,0.0
0.0,0.0
0.0,0.0
0.0,0.0
0.0,0.0
0.0,0.0
0.0,0.0
0.0,0.0
0.0,0.0
0.0,0.0
0.0,0.0
0.0,0.0
0.0,0.0
0.0,0.0
0.0,0.0
0.0,0.0
0.0,0.0
0.0,0.0
0.0,0.0
0.0,0.0
0.0,0.0
0.0,0.0
0.0,0.0
0.0,0.0
0.0,0.0
0.0,0.0
0.0,0.0
0.0,0.0
0.0,0.0
0.0,0.0
0.0,0.0
0.0,0.0
0.0,0.0
-8.888994216918945,11.109589576721191
22.221864700317383,10.352909088134766
0.0,0.0
0.0,0.0
0.0,0.0
0.0,0.0
0.0,0.0
0.0,0.0
-8.888885498046875,11.11109447479248
22.221538543701172,11.44958209991455
0.0,0.0
0.0,0.0
0.0,0.0
0.0,0.0
0.0,0.0
0.0,0.0
0.0,0.0
0.0,0.0
0.0,0.0
0.0,0.0
0.0,0.0
0.0,0.0
0.0,0.0
0.0,0.0
0.0,0.0
0.0,0.0
0.0,0.0
0.0,0.0
0.0,0.0
0.0,0.0
0.0,0.0
0.0,0.0
-11.580534934997559,11.111104965209961
22.222211837768555,11.144062995910645
0.0,0.0
0.0,0.0
0.0,0.0
0.0,0.0
0.0,0.0
0.0,0.0
-8.888936042785645,11.11071491241455
22.192045211791992,7.73595666885376
0.0,0.0
0.0,0.0
0.0,0.0
0.0,0.0
0.0,0.0
0.0,0.0
0.0,0.0
0.0,0.0
0.0,0.0
0.0,0.0
0.0,0.0
0.0,0.0
0.0,0.0
0.0,0.0
0.0,0.0
0.0,0.0
0.0,0.0
0.0,0.0
0.0,0.0
0.0,0.0
0.0,0.0
0.0,0.0
0.0,0.0
0.0,0.0
0.0,0.0
0.0,0.0
0.0,0.0
0.0,0.0
0.0,0.0
0.0,0.0
0.0,0.0
0.0,0.0
0.0,0.0
0.0,0.0
0.0,0.0
0.0,0.0
0.0,0.0
0.0,0.0
0.0,0.0
0.0,0.0
0.0,0.0
0.0,0.0
0.0,0.0
0.0,0.0
0.0,0.0
0.0,0.0
0.0,0.0
0.0,0.0
0.0,0.0
0.0,0.0
0.0,0.0
0.0,0.0
0.0,0.0
0.0,0.0
0.0,0.0
0.0,0.0
0.0,0.0
0.0,0.0
0.0,0.0
0.0,0.0
0.0,0.0
0.0,0.0
0.0,0.0
0.0,0.0
0.0,0.0
0.0,0.0
0.0,0.0
0.0,0.0
33.33331298828125,-25.97385597229004
59.048316955566406,-10.645879745483398
-6.440771102905273,11.111092567443848
2.0,0.0
0.0,0.0
0.0,0.0
0.0,0.0
0.0,0.0
33.33331298828125,-35.298065185546875
61.912567138671875,-28.75309944152832
-5.597653388977051,11.082916259765625
3.819999933242798,0.0
0.0,0.0
0.0,0.0
0.0,0.0
0.0,0.0
22.222021102905273,11.815410614013672
49.206932067871094,3.538477897644043
-11.111895561218262,-43.358272552490234
22.222211837768555,12.217506408691406
0.0,0.0
0.0,0.0
0.0,0.0
0.0,0.0
22.222211837768555,12.18471908569336
52.570098876953125,5.812746047973633
-10.800480842590332,10.613166809082031
22.222211837768555,12.21868896484375
0.0,0.0
0.0,0.0
0.0,0.0
0.0,0.0
33.33331298828125,-24.063613891601562
51.924171447753906,-10.585726737976074
-8.124797821044922,11.111105918884277
5.476200103759766,0.0
17.658248901367188,-9.866759300231934
0.0,0.0
0.0,0.0
0.0,0.0
33.33331298828125,-25.863882064819336
61.912567138671875,-15.23711109161377
-4.7836198806762695,11.108075141906738
0.0,0.0
20.352794647216797,-2.7964720726013184
0.0,0.0
0.0,0.0
0.0,0.0
-24.839012145996094,11.500537872314453
43.2701416015625,3.413067579269409
-11.111117362976074,-68.27983093261719
22.222211837768555,12.217597961425781
12.71267032623291,1.0199999809265137
0.0,0.0
-42.674556732177734,-325.166259765625
0.0,0.0
-56.71298599243164,11.11154842376709
50.77141571044922,3.6424522399902344
-11.111767768859863,-25.956281661987305
22.222211837768555,12.221442222595215
15.056099891662598,0.0
0.0,0.0
-382.92071533203125,-477.2962951660156
0.0,0.0
0.0,0.0
0.0,0.0
0.0,0.0
0.0,0.0
0.0,0.0
0.0,0.0
0.0,0.0
0.0,0.0
0.0,0.0
0.0,0.0
0.0,0.0
0.0,0.0
0.0,0.0
0.0,0.0
0.0,0.0
0.0,0.0
0.0,0.0
0.0,0.0
0.0,0.0
0.0,0.0
0.0,0.0
0.0,0.0
0.0,0.0
0.0,0.0
0.0,0.0
0.0,0.0
0.0,0.0
0.0,0.0
0.0,0.0
0.0,0.0
0.0,0.0
0.0,0.0
0.0,0.0
0.0,0.0
0.0,0.0
0.0,0.0
0.0,0.0
0.0,0.0
0.0,0.0
0.0,0.0
0.0,0.0
0.0,0.0
0.0,0.0
0.0,0.0
0.0,0.0
0.0,0.0
0.0,0.0
0.0,0.0
0.0,0.0
0.0,0.0
0.0,0.0
0.0,0.0
0.0,0.0
0.0,0.0
0.0,0.0
0.0,0.0
0.0,0.0
0.0,0.0
0.0,0.0
0.0,0.0
0.0,0.0
0.0,0.0
0.0,0.0
0.0,0.0
0.0,0.0
0.0,0.0
-1.0,3.491671085357666
0.0,0.0
0.0,0.0
0.0,0.0
0.0,0.0
0.0,0.0
33.33149719238281,-18.251697540283203
0.0,0.0
-5.561728477478027,11.066595077514648
0.0,0.0
0.0,0.0
0.0,0.0
0.0,0.0
0.0,0.0
0.0,0.0
0.0,0.0
-8.915249824523926,9.98028564453125
0.0,0.0
0.0,0.0
0.0,0.0
0.0,0.0
0.0,0.0
21.61773109436035,12.290863037109375
0.0,0.0
-8.911327362060547,11.105093002319336
0.0,0.0
0.0,0.0
0.0,0.0
0.0,0.0
0.0,0.0
0.0,0.0
0.0,0.0
0.0,0.0
0.0,0.0
0.0,0.0
0.0,0.0
0.0,0.0
0.0,0.0
0.0,0.0
0.0,0.0
-1.0,3.1452527046203613
0.0,0.0
0.0,0.0
0.0,0.0
0.0,0.0
0.0,0.0
0.0,0.0
0.0,0.0
-4.911804676055908,9.841385841369629
0.0,0.0
0.0,0.0
0.0,0.0
0.0,0.0
0.0,0.0
3.819999933242798,0.0
0.0,0.0
-8.866569519042969,11.037409782409668
0.0,0.0
0.0,0.0
0.0,0.0
0.0,0.0
0.0,0.0
0.0,0.0
0.0,0.0
0.0,0.0
0.0,0.0
0.0,0.0
0.0,0.0
0.0,0.0
0.0,0.0
0.0,0.0
0.0,0.0
0.0,0.0
0.0,0.0
0.0,0.0
0.0,0.0
0.0,0.0
0.0,0.0
0.0,0.0
0.0,0.0
0.0,0.0
0.0,0.0
0.0,0.0
0.0,0.0
0.0,0.0
0.0,0.0
0.0,0.0
0.0,0.0
0.0,0.0
0.0,0.0
0.0,0.0
0.0,0.0
0.0,0.0
0.0,0.0
0.0,0.0
0.0,0.0
0.0,0.0
0.0,0.0
0.0,0.0
0.0,0.0
0.0,0.0
0.0,0.0
0.0,0.0
0.0,0.0
0.0,0.0
0.0,0.0
0.0,0.0
0.0,0.0
0.0,0.0
0.0,0.0
0.0,0.0
0.0,0.0
0.0,0.0
0.0,0.0
0.0,0.0
0.0,0.0
0.0,0.0
0.0,0.0
0.0,0.0
0.0,0.0
0.0,0.0
0.0,0.0
0.0,0.0
0.0,0.0
0.0,0.0
0.0,0.0
