-5.773232936859131,9.999996185302734
0.0,0.0
0.0,0.0
0.0,0.0
0.0,0.0
0.0,0.0
0.0,0.0
0.0,0.0
0.0,0.0
0.0,0.0
0.0,0.0
0.0,0.0
0.0,0.0
0.0,0.0
0.0,0.0
0.0,0.0
0.0,0.0
0.0,0.0
12.592514038085938,29.6988468170166
22.222177505493164,7.455923557281494
0.0,0.0
0.0,0.0
-1.8809000253677368,5.369321823120117
0.0,0.0
0.0,0.0
0.0,0.0
12.944571495056152,28.05694580078125
22.221649169921875,7.441818714141846
0.0,0.0
0.0,0.0
-1.0,10.059651374816895
0.0,0.0
0.0,0.0
0.0,0.0
0.0,0.0
0.0,0.0
0.0,0.0
0.0,0.0
0.0,0.0
0.0,0.0
0.0,0.0
0.0,0.0
0.0,0.0
0.0,0.0
0.0,0.0
0.0,0.0
0.0,0.0
0.0,0.0
0.0,0.0
0.0,0.0
-8.89014720916748,11.098920822143555
0.0,0.0
0.0,0.0
0.0,0.0
-8.890192031860352,11.100130081176758
0.0,0.0
0.0,0.0
0.0,0.0
-8.892072677612305,11.108884811401367
21.135517120361328,2.2176496982574463
0.0,0.0
0.0,0.0
-8.873526573181152,11.111105918884277
0.0,0.0
0.0,0.0
0.0,0.0
0.0,0.0
0.0,0.0
0.0,0.0
0.0,0.0
0.0,0.0
0.0,0.0
0.0,0.0
0.0,0.0
0.0,0.0
0.0,0.0
0.0,0.0
0.0,0.0
0.0,0.0
0.0,0.0
0.0,0.0
0.0,0.0
-8.927969932556152,11.043879508972168
22.222211837768555,12.222397804260254
0.0,0.0
0.0,0.0
-8.850266456604004,11.111083984375
22.20508575439453,3.90857195854187
0.0,0.0
0.0,0.0
-8.910505294799805,10.855317115783691
22.222082138061523,12.222186088562012
0.0,0.0
0.0,0.0
-8.957277297973633,9.084965705871582
22.222211837768555,11.37017822265625
0.0,0.0
0.0,0.0
0.0,0.0
0.0,0.0
0.0,0.0
0.0,0.0
0.0,0.0
0.0,0.0
0.0,0.0
0.0,0.0
0.0,0.0
0.0,0.0
0.0,0.0
0.0,0.0
0.0,0.0
0.0,0.0
0.0,0.0
0.0,0.0
-8.891839027404785,11.111104965209961
22.222211837768555,12.218487739562988
0.0,0.0
0.0,0.0
-8.895268440246582,11.111104965209961
22.222211837768555,12.129581451416016
0.0,0.0
0.0,0.0
-8.913050651550293,10.824487686157227
22.222204208374023,-66.21017456054688
0.0,0.0
0.0,0.0
-8.897764205932617,10.874361038208008
22.222211837768555,12.801044464111328
0.0,0.0
0.0,0.0
0.0,0.0
0.0,0.0
0.0,0.0
0.0,0.0
0.0,0.0
0.0,0.0
0.0,0.0
0.0,0.0
0.0,0.0
0.0,0.0
0.0,0.0
0.0,0.0
0.0,0.0
0.0,0.0
0.0,0.0
0.0,0.0
0.5277410745620728,19.641048431396484
21.452259063720703,12.11334228515625
0.0,0.0
0.0,0.0
0.0,0.0
0.0,0.0
0.0,0.0
0.0,0.0
7.208767890930176,24.096588134765625
22.222211837768555,11.814521789550781
0.0,0.0
0.0,0.0
-8.71290111541748,11.111105918884277
11.772165298461914,0.0
0.0,0.0
0.0,0.0
0.0,0.0
0.0,0.0
0.0,0.0
0.0,0.0
0.0,0.0
0.0,0.0
0.0,0.0
0.0,0.0
0.0,0.0
0.0,0.0
0.0,0.0
0.0,0.0
0.0,0.0
0.0,0.0
0.0,0.0
0.0,0.0
0.0,0.0
0.0,0.0
0.0,0.0
0.0,0.0
0.0,0.0
0.0,0.0
0.0,0.0
0.0,0.0
0.0,0.0
0.0,0.0
0.0,0.0
0.0,0.0
0.0,0.0
0.0,0.0
0.0,0.0
0.0,0.0
0.0,0.0
0.0,0.0
0.0,0.0
0.0,0.0
0.0,0.0
0.0,0.0
0.0,0.0
0.0,0.0
0.0,0.0
0.0,0.0
0.0,0.0
0.0,0.0
0.0,0.0
0.0,0.0
0.0,0.0
0.0,0.0
-8.911102294921875,10.888412475585938
22.222211837768555,12.031826972961426
0.0,0.0
0.0,0.0
0.0,0.0
0.0,0.0
0.0,0.0
0.0,0.0
-8.922917366027832,10.770564079284668
22.222164154052734,12.222210884094238
0.0,0.0
0.0,0.0
-9.218096733093262,6.378777503967285
0.0,0.0
0.0,0.0
0.0,0.0
0.0,0.0
0.0,0.0
0.0,0.0
0.0,0.0
0.0,0.0
0.0,0.0
0.0,0.0
0.0,0.0
0.0,0.0
0.0,0.0
0.0,0.0
0.0,0.0
0.0,0.0
0.0,0.0
0.0,0.0
0.0,0.0
-8.91478157043457,11.037774085998535
0.0,0.0
0.0,0.0
0.0,0.0
0.0,0.0
0.0,0.0
0.0,0.0
0.0,0.0
-8.932984352111816,10.651790618896484
22.222211837768555,12.209882736206055
0.0,0.0
0.0,0.0
-9.097480773925781,9.34941291809082
0.0,0.0
0.0,0.0
0.0,0.0
0.0,0.0
0.0,0.0
0.0,0.0
0.0,0.0
0.0,0.0
0.0,0.0
0.0,0.0
0.0,0.0
0.0,0.0
0.0,0.0
0.0,0.0
0.0,0.0
0.0,0.0
0.0,0.0
0.0,0.0
0.0,0.0
0.0,0.0
0.0,0.0
0.0,0.0
0.0,0.0
0.0,0.0
0.0,0.0
0.0,0.0
0.0,0.0
0.0,0.0
0.0,0.0
0.0,0.0
0.0,0.0
0.0,0.0
0.0,0.0
0.0,0.0
0.0,0.0
0.0,0.0
0.0,0.0
0.0,0.0
0.0,0.0
0.0,0.0
0.0,0.0
0.0,0.0
0.0,0.0
0.0,0.0
0.0,0.0
0.0,0.0
0.0,0.0
0.0,0.0
0.0,0.0
0.0,0.0
0.0,0.0
0.0,0.0
0.0,0.0
0.0,0.0
0.0,0.0
0.0,0.0
0.0,0.0
0.0,0.0
0.0,0.0
0.0,0.0
0.0,0.0
0.0,0.0
0.0,0.0
0.0,0.0
0.0,0.0
33.33331298828125,-22.096416473388672
66.6666259765625,-49.415733337402344
-9.371623992919922,8.85769271850586
20.90993309020996,0.0
3.0,0.0
0.0,0.0
0.0,4.784265041351318
0.0,0.0
33.33331298828125,-19.02144432067871
66.6666259765625,-39.272865295410156
-9.698389053344727,1.823957920074463
22.05742835998535,0.0
0.0,0.0
0.0,0.0
-3.3112905025482178,3.84362530708313
0.0,0.0
0.0,0.0
0.0,0.0
-8.967525482177734,-0.10051262378692627
20.90993309020996,1.150560975074768
0.0,0.0
0.0,0.0
-3.3600664138793945,5.0990986824035645
0.0,0.0
0.0,0.0
0.0,0.0
-9.452169418334961,1.7899937629699707
8.62528133392334,16.121105194091797
0.0,0.0
0.0,0.0
-7.1712565422058105,1.5858982801437378
0.0,0.0
33.33331298828125,-22.309242248535156
66.6666259765625,-38.66534423828125
-9.365066528320312,7.082422256469727
2.0,15.806512832641602
33.33331298828125,-24.46903419494629
0.0,0.0
-4.055166721343994,2.3308448791503906
0.0,0.0
33.33331298828125,-19.674335479736328
66.6666259765625,-52.56589126586914
-9.75830364227295,4.039520263671875
22.098037719726562,9.246665954589844
33.33331298828125,-26.6588077545166
63.699954986572266,-2.731381893157959
-6.241507053375244,7.384481906890869
16.28795623779297,1.0199999809265137
0.0,0.0
0.0,0.0
-4.957449436187744,1.6415561437606812
17.75033187866211,0.0
0.0,0.0
0.0,0.0
-2.662649393081665,5.911076545715332
0.0,0.0
0.0,0.0
0.0,0.0
-7.707059860229492,3.769298791885376
21.75718879699707,3.112682580947876
0.0,0.0
0.0,0.0
-7.5212273597717285,8.121718406677246
20.308565139770508,6.959221363067627
0.0,0.0
0.0,0.0
0.0,0.0
0.0,0.0
0.0,0.0
0.0,0.0
0.0,0.0
0.0,0.0
0.0,0.0
0.0,0.0
0.0,0.0
0.0,0.0
0.0,0.0
0.0,0.0
0.0,0.0
0.0,0.0
0.0,0.0
0.0,0.0
0.0,0.0
0.0,0.0
0.0,0.0
0.0,0.0
0.0,0.0
0.0,0.0
0.0,0.0
0.0,0.0
0.0,0.0
0.0,0.0
0.0,0.0
0.0,0.0
0.0,0.0
0.0,0.0
0.0,0.0
0.0,0.0
0.0,0.0
0.0,0.0
0.0,0.0
0.0,0.0
0.0,0.0
0.0,0.0
0.0,0.0
0.0,0.0
0.0,0.0
0.0,0.0
0.0,0.0
0.0,0.0
0.0,0.0
0.0,0.0
0.0,0.0
0.0,0.0
0.0,0.0
0.0,0.0
0.0,0.0
0.0,0.0
0.0,0.0
0.0,0.0
0.0,0.0
0.0,0.0
0.0,0.0
0.0,0.0
0.0,0.0
0.0,0.0
0.0,0.0
0.0,0.0
0.0,0.0
0.0,0.0
-9.203883171081543,8.940133094787598
0.0,0.0
0.0,0.0
0.0,0.0
0.0,0.0
0.0,0.0
33.33331298828125,10.16797161102295
0.0,0.0
-10.444087982177734,-4.5160040855407715
0.0,0.0
0.0,0.0
0.0,0.0
-10.056262016296387,-9.955660820007324
0.0,0.0
0.0,0.0
0.0,0.0
-10.193940162658691,-1.9389657974243164
0.0,0.0
0.0,0.0
0.0,0.0
0.0,0.0
0.0,0.0
22.222211837768555,12.19831371307373
0.0,0.0
-9.739866256713867,2.601454496383667
0.0,0.0
0.0,0.0
0.0,0.0
-10.150736808776855,-2.6601548194885254
0.0,0.0
0.0,0.0
0.0,0.0
-6.683938980102539,10.62205696105957
0.0,0.0
0.0,0.0
0.0,0.0
0.0,0.0
0.0,0.0
33.33331298828125,6.127366065979004
0.0,0.0
-10.591649055480957,-6.754513263702393
0.0,0.0
0.0,0.0
0.0,0.0
-6.769744396209717,-6.356159687042236
0.0,0.0
0.0,0.0
0.0,0.0
-8.99103832244873,11.079733848571777
0.0,0.0
0.0,0.0
0.0,0.0
0.0,0.0
0.0,0.0
22.222211837768555,9.801983833312988
0.0,0.0
-9.770742416381836,4.333486557006836
0.0,0.0
0.0,0.0
0.0,0.0
-9.294041633605957,3.8534340858459473
0.0,0.0
0.0,0.0
0.0,0.0
0.0,0.0
0.0,0.0
0.0,0.0
0.0,0.0
0.0,0.0
0.0,0.0
0.0,0.0
0.0,0.0
0.0,0.0
0.0,0.0
0.0,0.0
0.0,0.0
0.0,0.0
0.0,0.0
0.0,0.0
0.0,0.0
-9.366230964660645,7.4705047607421875
22.222211837768555,10.632344245910645
0.0,0.0
0.0,0.0
0.0,0.0
0.0,0.0
0.0,0.0
0.0,0.0
-8.975618362426758,10.18541145324707
-164.06190490722656,-18.784027099609375
0.0,0.0
0.0,0.0
0.0,0.0
0.0,0.0
0.0,0.0
0.0,0.0
0.0,0.0
0.0,0.0
0.0,0.0
0.0,0.0
0.0,0.0
0.0,0.0
0.0,0.0
0.0,0.0
0.0,0.0
0.0,0.0
0.0,0.0
0.0,0.0
0.0,0.0
0.0,0.0
0.0,0.0
0.0,0.0
-11.233745574951172,11.079143524169922
22.222211837768555,11.28048324584961
0.0,0.0
0.0,0.0
-278.8077087402344,10.899911880493164
0.0,0.0
0.0,0.0
0.0,0.0
-9.71619987487793,11.111082077026367
-121.00582885742188,-189.88897705078125
0.0,0.0
0.0,0.0
-85.02186584472656,-514.9088134765625
0.0,0.0
0.0,0.0
0.0,0.0
0.0,0.0
0.0,0.0
0.0,0.0
0.0,0.0
0.0,0.0
0.0,0.0
0.0,0.0
0.0,0.0
0.0,0.0
0.0,0.0
0.0,0.0
0.0,0.0
0.0,0.0
0.0,0.0
0.0,0.0
0.0,0.0
0.0,0.0
0.0,0.0
0.0,0.0
0.0,0.0
0.0,0.0
0.0,0.0
0.0,0.0
0.0,0.0
0.0,0.0
0.0,0.0
0.0,0.0
0.0,0.0
0.0,0.0
0.0,0.0
0.0,0.0
0.0,0.0
0.0,0.0
0.0,0.0
0.0,0.0
0.0,0.0
0.0,0.0
0.0,0.0
0.0,0.0
0.0,0.0
0.0,0.0
0.0,0.0
0.0,0.0
0.0,0.0
0.0,0.0
0.0,0.0
0.0,0.0
0.0,0.0
0.0,0.0
0.0,0.0
0.0,0.0
0.0,0.0
0.0,0.0
0.0,0.0
0.0,0.0
0.0,0.0
0.0,0.0
0.0,0.0
0.0,0.0
0.0,0.0
0.0,0.0
0.0,0.0
0.0,0.0
0.0,0.0
0.0,0.0
0.0,0.0
0.0,0.0
0.0,0.0
0.0,0.0
0.0,0.0
0.0,0.0
0.0,0.0
0.0,0.0
0.0,0.0
0.0,0.0
0.0,0.0
0.0,0.0
0.0,0.0
0.0,0.0
0.0,0.0
-8.888994216918945,11.109589576721191
22.222211837768555,10.859488487243652
0.0,0.0
0.0,0.0
0.0,0.0
0.0,0.0
0.0,0.0
0.0,0.0
-8.888885498046875,11.11109447479248
22.22203826904297,11.44958209991455
0.0,0.0
0.0,0.0
0.0,0.0
0.0,0.0
0.0,0.0
0.0,0.0
0.0,0.0
0.0,0.0
0.0,0.0
0.0,0.0
0.0,0.0
0.0,0.0
0.0,0.0
0.0,0.0
0.0,0.0
0.0,0.0
0.0,0.0
0.0,0.0
0.0,0.0
0.0,0.0
0.0,0.0
0.0,0.0
-8.907918930053711,11.111104965209961
22.222211837768555,11.25187873840332
0.0,0.0
0.0,0.0
0.0,0.0
0.0,0.0
0.0,0.0
0.0,0.0
-8.888936042785645,11.11071491241455
22.221529006958008,8.588067054748535
0.0,0.0
0.0,0.0
0.0,0.0
0.0,0.0
0.0,0.0
0.0,0.0
0.0,0.0
0.0,0.0
0.0,0.0
0.0,0.0
0.0,0.0
0.0,0.0
0.0,0.0
0.0,0.0
0.0,0.0
0.0,0.0
0.0,0.0
0.0,0.0
0.0,0.0
0.0,0.0
0.0,0.0
0.0,0.0
0.0,0.0
0.0,0.0
0.0,0.0
0.0,0.0
0.0,0.0
0.0,0.0
0.0,0.0
0.0,0.0
0.0,0.0
0.0,0.0
0.0,0.0
0.0,0.0
0.0,0.0
0.0,0.0
0.0,0.0
0.0,0.0
0.0,0.0
0.0,0.0
0.0,0.0
0.0,0.0
0.0,0.0
0.0,0.0
0.0,0.0
0.0,0.0
0.0,0.0
0.0,0.0
0.0,0.0
0.0,0.0
0.0,0.0
0.0,0.0
0.0,0.0
0.0,0.0
0.0,0.0
0.0,0.0
0.0,0.0
0.0,0.0
0.0,0.0
0.0,0.0
0.0,0.0
0.0,0.0
0.0,0.0
0.0,0.0
0.0,0.0
0.0,0.0
0.0,0.0
0.0,0.0
33.33331298828125,-26.16160774230957
63.08411407470703,-14.977712631225586
-7.104211330413818,11.111105918884277
2.0,0.0
0.0,0.0
0.0,0.0
0.0,0.0
0.0,0.0
33.33331298828125,-32.95895767211914
64.43104553222656,-31.250492095947266
-7.1401262283325195,11.111096382141113
3.819999933242798,0.0
0.0,0.0
0.0,0.0
0.0,0.0
0.0,0.0
22.222211837768555,11.982001304626465
51.95036697387695,5.726191520690918
-18.097911834716797,11.111099243164062
22.222211837768555,12.219964981079102
0.0,0.0
0.0,0.0
0.0,0.0
0.0,0.0
22.222211837768555,12.194881439208984
54.151634216308594,6.768396854400635
-91.44398498535156,11.087533950805664
22.222211837768555,12.22163200378418
0.0,0.0
0.0,0.0
0.0,0.0
0.0,0.0
33.33331298828125,-24.958805084228516
56.557003021240234,-14.961584091186523
-8.52342700958252,11.111105918884277
5.476200103759766,0.0
20.352794647216797,-11.676555633544922
0.0,0.0
0.0,0.0
0.0,0.0
33.33331298828125,-26.01641082763672
64.63224792480469,-15.23711109161377
-5.896159648895264,11.111105918884277
0.0,1.0
25.233060836791992,-7.545611381530762
0.0,0.0
0.0,0.0
0.0,0.0
-16.1057186126709,11.114943504333496
47.889060974121094,3.413067579269409
-62.71343231201172,11.111099243164062
22.222211837768555,12.221528053283691
15.056099891662598,1.0199999809265137
0.0,0.0
-25.940326690673828,-235.59181213378906
0.0,0.0
-35.613685607910156,11.136383056640625
53.50828170776367,3.6424522399902344
-117.32087707519531,-1.1045228242874146
22.222211837768555,12.221976280212402
17.75033187866211,1.1628795862197876
0.0,0.0
-56.609222412109375,-303.47552490234375
0.0,0.0
0.0,0.0
0.0,0.0
0.0,0.0
0.0,0.0
0.0,0.0
0.0,0.0
0.0,0.0
0.0,0.0
0.0,0.0
0.0,0.0
0.0,0.0
0.0,0.0
0.0,0.0
0.0,0.0
0.0,0.0
0.0,0.0
0.0,0.0
0.0,0.0
0.0,0.0
0.0,0.0
0.0,0.0
0.0,0.0
0.0,0.0
0.0,0.0
0.0,0.0
0.0,0.0
0.0,0.0
0.0,0.0
0.0,0.0
0.0,0.0
0.0,0.0
0.0,0.0
0.0,0.0
0.0,0.0
0.0,0.0
0.0,0.0
0.0,0.0
0.0,0.0
0.0,0.0
0.0,0.0
0.0,0.0
0.0,0.0
0.0,0.0
0.0,0.0
0.0,0.0
0.0,0.0
0.0,0.0
0.0,0.0
0.0,0.0
0.0,0.0
0.0,0.0
0.0,0.0
0.0,0.0
0.0,0.0
0.0,0.0
0.0,0.0
0.0,0.0
0.0,0.0
0.0,0.0
0.0,0.0
0.0,0.0
0.0,0.0
0.0,0.0
0.0,0.0
0.0,0.0
0.0,0.0
-1.8519854545593262,4.80145263671875
0.0,0.0
0.0,0.0
0.0,0.0
0.0,0.0
0.0,0.0
33.33317565917969,-19.850549697875977
0.0,0.0
-6.194119453430176,11.111072540283203
0.0,0.0
0.0,0.0
0.0,0.0
0.0,0.0
0.0,0.0
0.0,0.0
0.0,0.0
-8.960445404052734,10.607625007629395
0.0,0.0
0.0,0.0
0.0,0.0
0.0,0.0
0.0,0.0
-179.84063720703125,11.606527328491211
0.0,0.0
-8.888903617858887,11.111041069030762
0.0,0.0
0.0,0.0
0.0,0.0
0.0,0.0
0.0,0.0
0.0,0.0
0.0,0.0
0.0,0.0
0.0,0.0
0.0,0.0
0.0,0.0
0.0,0.0
0.0,0.0
5.730000019073486,0.0
0.0,0.0
-1.0,6.1401591300964355
0.0,0.0
0.0,0.0
0.0,0.0
0.0,0.0
0.0,0.0
0.0,0.0
0.0,0.0
-5.312320709228516,10.855598449707031
0.0,0.0
0.0,0.0
0.0,0.0
0.0,0.0
0.0,0.0
3.819999933242798,0.0
0.0,0.0
-8.883904457092285,11.111105918884277
0.0,0.0
0.0,0.0
0.0,0.0
0.0,0.0
0.0,0.0
0.0,0.0
0.0,0.0
0.0,0.0
0.0,0.0
0.0,0.0
0.0,0.0
0.0,0.0
0.0,0.0
0.0,0.0
0.0,0.0
0.0,0.0
0.0,0.0
0.0,0.0
0.0,0.0
0.0,0.0
0.0,0.0
0.0,0.0
0.0,0.0
0.0,0.0
0.0,0.0
0.0,0.0
0.0,0.0
0.0,0.0
0.0,0.0
0.0,0.0
0.0,0.0
0.0,0.0
0.0,0.0
0.0,0.0
0.0,0.0
0.0,0.0
0.0,0.0
0.0,0.0
0.0,0.0
0.0,0.0
0.0,0.0
0.0,0.0
0.0,0.0
0.0,0.0
0.0,0.0
0.0,0.0
0.0,0.0
0.0,0.0
0.0,0.0
0.0,0.0
0.0,0.0
0.0,0.0
0.0,0.0
0.0,0.0
0.0,0.0
0.0,0.0
0.0,0.0
0.0,0.0
0.0,0.0
0.0,0.0
0.0,0.0
0.0,0.0
0.0,0.0
0.0,0.0
0.0,0.0
0.0,0.0
0.0,0.0
0.0,0.0
0.0,0.0
