-8.195760726928711,9.999996185302734
0.0,0.0
0.0,0.0
0.0,0.0
0.0,0.0
0.0,0.0
0.0,0.0
0.0,0.0
0.0,0.0
0.0,0.0
0.0,0.0
0.0,0.0
0.0,0.0
0.0,0.0
0.0,0.0
0.0,0.0
0.0,0.0
0.0,0.0
7.421060562133789,29.743776321411133
19.431617736816406,1.1682204008102417
0.0,0.0
0.0,0.0
0.0,0.0
0.0,0.0
0.0,0.0
0.0,0.0
-7.047637462615967,28.238300323486328
16.822040557861328,1.1356853246688843
0.0,0.0
0.0,0.0
0.0,0.0
0.0,0.0
0.0,0.0
0.0,0.0
0.0,0.0
0.0,0.0
0.0,0.0
0.0,0.0
0.0,0.0
0.0,0.0
0.0,0.0
0.0,0.0
0.0,0.0
0.0,0.0
0.0,0.0
0.0,0.0
0.0,0.0
0.0,0.0
0.0,0.0
0.0,0.0
-8.889840126037598,11.07978343963623
0.0,0.0
0.0,0.0
0.0,0.0
-8.841840744018555,11.111101150512695
0.0,0.0
0.0,0.0
0.0,0.0
-8.891180992126465,160.27061462402344
9.6029052734375,0.0
0.0,0.0
0.0,0.0
-8.046360969543457,11.111077308654785
0.0,0.0
0.0,0.0
0.0,0.0
0.0,0.0
0.0,0.0
0.0,0.0
0.0,0.0
0.0,0.0
0.0,0.0
0.0,0.0
0.0,0.0
0.0,0.0
0.0,0.0
0.0,0.0
0.0,0.0
0.0,0.0
0.0,0.0
0.0,0.0
0.0,0.0
-8.908912658691406,11.101856231689453
22.222211837768555,11.87299633026123
0.0,0.0
0.0,0.0
-4.355650424957275,10.878594398498535
5.476200103759766,1.0199999809265137
0.0,0.0
0.0,0.0
-8.909693717956543,11.108230590820312
-129.3790740966797,-15.555180549621582
0.0,0.0
0.0,0.0
-7.3056440353393555,9.748408317565918
-97.51274871826172,11.108320236206055
0.0,0.0
0.0,0.0
0.0,0.0
0.0,0.0
0.0,0.0
0.0,0.0
0.0,0.0
0.0,0.0
0.0,0.0
0.0,0.0
0.0,0.0
0.0,0.0
0.0,0.0
0.0,0.0
0.0,0.0
0.0,0.0
0.0,0.0
0.0,0.0
-8.888901710510254,11.111105918884277
22.222135543823242,11.941571235656738
0.0,0.0
0.0,0.0
-8.33046817779541,11.111104011535645
22.221210479736328,8.89146614074707
0.0,0.0
0.0,0.0
-8.89956283569336,11.111063957214355
-97.51345825195312,12.135798454284668
0.0,0.0
0.0,0.0
-8.878077507019043,11.111105918884277
22.222211837768555,11.563878059387207
0.0,0.0
0.0,0.0
0.0,0.0
0.0,0.0
0.0,0.0
0.0,0.0
0.0,0.0
0.0,0.0
0.0,0.0
0.0,0.0
0.0,0.0
0.0,0.0
0.0,0.0
0.0,0.0
0.0,0.0
0.0,0.0
0.0,0.0
0.0,0.0
0.7130619883537292,19.641048431396484
22.222204208374023,12.035947799682617
0.0,0.0
0.0,0.0
0.0,0.0
0.0,0.0
0.0,0.0
0.0,0.0
8.66131591796875,24.293020248413086
22.085756301879883,9.205466270446777
0.0,0.0
0.0,0.0
-6.901639461517334,11.084540367126465
0.0,0.0
0.0,0.0
0.0,0.0
0.0,0.0
0.0,0.0
0.0,0.0
0.0,0.0
0.0,0.0
0.0,0.0
0.0,0.0
0.0,0.0
0.0,0.0
0.0,0.0
0.0,0.0
0.0,0.0
0.0,0.0
0.0,0.0
0.0,0.0
0.0,0.0
0.0,0.0
0.0,0.0
0.0,0.0
0.0,0.0
0.0,0.0
0.0,0.0
0.0,0.0
0.0,0.0
0.0,0.0
0.0,0.0
0.0,0.0
0.0,0.0
0.0,0.0
0.0,0.0
0.0,0.0
0.0,0.0
0.0,0.0
0.0,0.0
0.0,0.0
0.0,0.0
0.0,0.0
0.0,0.0
0.0,0.0
0.0,0.0
0.0,0.0
0.0,0.0
0.0,0.0
0.0,0.0
0.0,0.0
0.0,0.0
0.0,0.0
0.0,0.0
-8.911012649536133,10.889470100402832
10.937295913696289,10.318761825561523
0.0,0.0
0.0,0.0
0.0,0.0
0.0,0.0
0.0,0.0
0.0,0.0
-8.9346923828125,10.579816818237305
22.222211837768555,12.222216606140137
0.0,0.0
0.0,0.0
-9.10473918914795,10.408886909484863
0.0,0.0
0.0,0.0
0.0,0.0
0.0,0.0
0.0,0.0
0.0,0.0
0.0,0.0
0.0,0.0
0.0,0.0
0.0,0.0
0.0,0.0
0.0,0.0
0.0,0.0
0.0,0.0
0.0,0.0
0.0,0.0
0.0,0.0
0.0,0.0
0.0,0.0
-8.888876914978027,11.111105918884277
0.0,0.0
0.0,0.0
0.0,0.0
0.0,0.0
0.0,0.0
0.0,0.0
0.0,0.0
-8.92867374420166,10.934141159057617
-273.26422119140625,11.097380638122559
0.0,0.0
0.0,0.0
-8.542560577392578,3.5532102584838867
0.0,0.0
0.0,0.0
0.0,0.0
0.0,0.0
0.0,0.0
0.0,0.0
0.0,0.0
0.0,0.0
0.0,0.0
0.0,0.0
0.0,0.0
0.0,0.0
0.0,0.0
0.0,0.0
0.0,0.0
0.0,0.0
0.0,0.0
0.0,0.0
0.0,0.0
0.0,0.0
0.0,0.0
0.0,0.0
0.0,0.0
0.0,0.0
0.0,0.0
0.0,0.0
0.0,0.0
0.0,0.0
0.0,0.0
0.0,0.0
0.0,0.0
0.0,0.0
0.0,0.0
0.0,0.0
0.0,0.0
0.0,0.0
0.0,0.0
0.0,0.0
0.0,0.0
0.0,0.0
0.0,0.0
0.0,0.0
0.0,0.0
0.0,0.0
0.0,0.0
0.0,0.0
0.0,0.0
0.0,0.0
0.0,0.0
0.0,0.0
0.0,0.0
0.0,0.0
0.0,0.0
0.0,0.0
0.0,0.0
0.0,0.0
0.0,0.0
0.0,0.0
0.0,0.0
0.0,0.0
0.0,0.0
0.0,0.0
0.0,0.0
0.0,0.0
0.0,0.0
33.33331298828125,-26.401731491088867
66.6666259765625,-30.69681739807129
-9.792259216308594,7.5706467628479
3.819999933242798,0.0
0.0,0.0
0.0,0.0
0.0,1.0
0.0,0.0
33.33331298828125,-9.954792976379395
66.6666259765625,-15.092292785644531
-9.751809120178223,0.8913471698760986
10.738643646240234,0.0
0.0,0.0
0.0,0.0
-1.8809000253677368,2.3574206829071045
0.0,0.0
0.0,0.0
0.0,0.0
-1.7989435195922852,6.007753372192383
5.476200103759766,0.0
0.0,0.0
0.0,0.0
-1.0,1.909999966621399
0.0,0.0
0.0,0.0
0.0,0.0
-8.478250503540039,4.440108776092529
2.041774272918701,4.177420616149902
0.0,0.0
0.0,0.0
-2.634268045425415,4.623785972595215
0.0,0.0
33.33331298828125,-19.605133056640625
66.6666259765625,-50.61942672729492
-9.114964485168457,10.967988967895508
2.0,0.0
33.33331298828125,-26.132089614868164
0.0,0.0
-1.8899999856948853,1.6716710329055786
0.0,0.0
33.33331298828125,-21.38776397705078
66.6666259765625,-53.055023193359375
-9.489420890808105,0.7200544476509094
12.71267032623291,1.1073864698410034
33.33331298828125,-26.568498611450195
28.8087158203125,0.0
-5.10029935836792,2.8525609970092773
2.0,1.0199999809265137
0.0,0.0
0.0,0.0
-1.0,6.714787006378174
0.0,0.0
0.0,0.0
0.0,0.0
-1.0,3.1452527046203613
0.0,0.0
0.0,0.0
0.0,0.0
-3.8725240230560303,6.187001705169678
6.983342170715332,1.0698333978652954
0.0,0.0
0.0,0.0
-3.350684642791748,4.767284870147705
9.6029052734375,2.0547618865966797
0.0,0.0
0.0,0.0
0.0,0.0
0.0,0.0
0.0,0.0
0.0,0.0
0.0,0.0
0.0,0.0
0.0,0.0
0.0,0.0
0.0,0.0
0.0,0.0
0.0,0.0
0.0,0.0
0.0,0.0
0.0,0.0
0.0,0.0
0.0,0.0
0.0,0.0
0.0,0.0
0.0,0.0
0.0,0.0
0.0,0.0
0.0,0.0
0.0,0.0
0.0,0.0
0.0,0.0
0.0,0.0
0.0,0.0
0.0,0.0
0.0,0.0
0.0,0.0
0.0,0.0
0.0,0.0
0.0,0.0
0.0,0.0
0.0,0.0
0.0,0.0
0.0,0.0
0.0,0.0
0.0,0.0
0.0,0.0
0.0,0.0
0.0,0.0
0.0,0.0
0.0,0.0
0.0,0.0
0.0,0.0
0.0,0.0
0.0,0.0
0.0,0.0
0.0,0.0
0.0,0.0
0.0,0.0
0.0,0.0
0.0,0.0
0.0,0.0
0.0,0.0
0.0,0.0
0.0,0.0
0.0,0.0
0.0,0.0
0.0,0.0
0.0,0.0
0.0,0.0
0.0,0.0
-8.450024604797363,9.589265823364258
0.0,0.0
0.0,0.0
0.0,0.0
0.0,0.0
0.0,0.0
33.33331298828125,18.39824104309082
0.0,0.0
-10.646506309509277,-5.63717794418335
0.0,0.0
0.0,0.0
0.0,0.0
-2.7290000915527344,-2.738100051879883
0.0,0.0
0.0,0.0
0.0,0.0
-10.200264930725098,-1.995874285697937
0.0,0.0
0.0,0.0
0.0,0.0
0.0,0.0
0.0,0.0
21.153013229370117,10.804411888122559
0.0,0.0
-9.831042289733887,1.6850520372390747
0.0,0.0
0.0,0.0
0.0,0.0
-9.27912712097168,0.5608978271484375
0.0,0.0
0.0,0.0
0.0,0.0
-4.045322895050049,3.5626516342163086
0.0,0.0
0.0,0.0
0.0,0.0
0.0,0.0
0.0,0.0
33.33331298828125,9.575729370117188
0.0,0.0
-10.918877601623535,2.554090976715088
0.0,0.0
0.0,0.0
0.0,0.0
-1.899999976158142,0.0
0.0,0.0
0.0,0.0
0.0,0.0
-7.441905975341797,6.410621166229248
0.0,0.0
0.0,0.0
0.0,0.0
0.0,0.0
0.0,0.0
16.822040557861328,3.8191511631011963
0.0,0.0
-9.762269973754883,0.5941611528396606
0.0,0.0
0.0,0.0
0.0,0.0
-7.686000347137451,4.268680572509766
0.0,0.0
0.0,0.0
0.0,0.0
0.0,0.0
0.0,0.0
0.0,0.0
0.0,0.0
0.0,0.0
0.0,0.0
0.0,0.0
0.0,0.0
0.0,0.0
0.0,0.0
0.0,0.0
0.0,0.0
0.0,0.0
0.0,0.0
0.0,0.0
0.0,0.0
-41.36945724487305,11.10892105102539
21.941856384277344,-58.71780776977539
0.0,0.0
0.0,0.0
0.0,0.0
0.0,0.0
0.0,0.0
0.0,0.0
-11.09266185760498,-1.7575653791427612
22.222211837768555,12.221256256103516
0.0,0.0
0.0,0.0
0.0,0.0
0.0,0.0
0.0,0.0
0.0,0.0
0.0,0.0
0.0,0.0
0.0,0.0
0.0,0.0
0.0,0.0
0.0,0.0
0.0,0.0
0.0,0.0
0.0,0.0
0.0,0.0
0.0,0.0
0.0,0.0
0.0,0.0
0.0,0.0
0.0,0.0
0.0,0.0
-10.263429641723633,10.821629524230957
22.222179412841797,9.998215675354004
0.0,0.0
0.0,0.0
-157.72982788085938,-215.68170166015625
0.0,0.0
0.0,0.0
0.0,0.0
-9.015840530395508,11.111104965209961
22.222211837768555,12.222186088562012
0.0,0.0
0.0,0.0
-200.91000366210938,-198.26190185546875
0.0,0.0
0.0,0.0
0.0,0.0
0.0,0.0
0.0,0.0
0.0,0.0
0.0,0.0
0.0,0.0
0.0,0.0
0.0,0.0
0.0,0.0
0.0,0.0
0.0,0.0
0.0,0.0
0.0,0.0
0.0,0.0
0.0,0.0
0.0,0.0
0.0,0.0
0.0,0.0
0.0,0.0
0.0,0.0
0.0,0.0
0.0,0.0
0.0,0.0
0.0,0.0
0.0,0.0
0.0,0.0
0.0,0.0
0.0,0.0
0.0,0.0
0.0,0.0
0.0,0.0
0.0,0.0
0.0,0.0
0.0,0.0
0.0,0.0
0.0,0.0
0.0,0.0
0.0,0.0
0.0,0.0
0.0,0.0
0.0,0.0
0.0,0.0
0.0,0.0
0.0,0.0
0.0,0.0
0.0,0.0
0.0,0.0
0.0,0.0
0.0,0.0
0.0,0.0
0.0,0.0
0.0,0.0
0.0,0.0
0.0,0.0
0.0,0.0
0.0,0.0
0.0,0.0
0.0,0.0
0.0,0.0
0.0,0.0
0.0,0.0
0.0,0.0
0.0,0.0
0.0,0.0
0.0,0.0
0.0,0.0
0.0,0.0
0.0,0.0
0.0,0.0
0.0,0.0
0.0,0.0
0.0,0.0
0.0,0.0
0.0,0.0
0.0,0.0
0.0,0.0
0.0,0.0
0.0,0.0
0.0,0.0
0.0,0.0
0.0,0.0
-8.888994216918945,11.109589576721191
21.405376434326172,5.635986804962158
0.0,0.0
0.0,0.0
0.0,0.0
0.0,0.0
0.0,0.0
0.0,0.0
-8.888885498046875,11.111105918884277
5.573841571807861,8.875165939331055
0.0,0.0
0.0,0.0
0.0,0.0
0.0,0.0
0.0,0.0
0.0,0.0
0.0,0.0
0.0,0.0
0.0,0.0
0.0,0.0
0.0,0.0
0.0,0.0
0.0,0.0
0.0,0.0
0.0,0.0
0.0,0.0
0.0,0.0
0.0,0.0
0.0,0.0
0.0,0.0
0.0,0.0
0.0,0.0
-85.97954559326172,11.111105918884277
22.16912841796875,8.408201217651367
0.0,0.0
0.0,0.0
0.0,0.0
0.0,0.0
0.0,0.0
0.0,0.0
-9.131359100341797,10.890360832214355
17.30805778503418,3.868027448654175
0.0,0.0
0.0,0.0
0.0,0.0
0.0,0.0
0.0,0.0
0.0,0.0
0.0,0.0
0.0,0.0
0.0,0.0
0.0,0.0
0.0,0.0
0.0,0.0
0.0,0.0
0.0,0.0
0.0,0.0
0.0,0.0
0.0,0.0
0.0,0.0
0.0,0.0
0.0,0.0
0.0,0.0
0.0,0.0
0.0,0.0
0.0,0.0
0.0,0.0
0.0,0.0
0.0,0.0
0.0,0.0
0.0,0.0
0.0,0.0
0.0,0.0
0.0,0.0
0.0,0.0
0.0,0.0
0.0,0.0
0.0,0.0
0.0,0.0
0.0,0.0
0.0,0.0
0.0,0.0
0.0,0.0
0.0,0.0
0.0,0.0
0.0,0.0
0.0,0.0
0.0,0.0
0.0,0.0
0.0,0.0
0.0,0.0
0.0,0.0
0.0,0.0
0.0,0.0
0.0,0.0
0.0,0.0
0.0,0.0
0.0,0.0
0.0,0.0
0.0,0.0
0.0,0.0
0.0,0.0
0.0,0.0
0.0,0.0
0.0,0.0
0.0,0.0
0.0,0.0
0.0,0.0
0.0,0.0
0.0,0.0
33.2457389831543,-22.04705047607422
32.2159309387207,-5.790499687194824
-2.564682722091675,10.772041320800781
2.0,0.0
0.0,0.0
0.0,0.0
0.0,0.0
0.0,0.0
33.32815933227539,-146.8981475830078
43.04208755493164,-15.302923202514648
-3.836059093475342,10.240397453308105
2.0,0.0
0.0,0.0
0.0,0.0
0.0,0.0
0.0,0.0
18.58661460876465,11.227787971496582
24.00726318359375,2.2968549728393555
-8.904231071472168,11.111105918884277
22.220600128173828,9.861492156982422
0.0,0.0
0.0,0.0
0.0,0.0
0.0,0.0
22.20508575439453,11.338038444519043
39.252628326416016,2.4591779708862305
-11.10583209991455,-60.43196105957031
22.222211837768555,12.06544303894043
0.0,0.0
0.0,0.0
0.0,0.0
0.0,0.0
33.3076286315918,-12.618634223937988
16.428600311279297,0.0
-5.882576942443848,11.001769065856934
0.0,0.0
10.47501277923584,-2.9178569316864014
0.0,0.0
0.0,0.0
0.0,0.0
33.32815933227539,-20.063446044921875
43.04208755493164,-6.0
-3.2565619945526123,10.318761825561523
0.0,0.0
12.532261848449707,0.0
0.0,0.0
0.0,0.0
0.0,0.0
22.173864364624023,9.921749114990234
13.690500259399414,0.0
-9.248108863830566,-189.89218139648438
22.208032608032227,9.650541305541992
5.476200103759766,1.0199999809265137
0.0,0.0
-326.2290344238281,6.4840006828308105
0.0,0.0
22.218433380126953,9.513591766357422
33.92132568359375,1.2400726079940796
-46.642608642578125,10.626421928405762
22.222211837768555,12.099814414978027
9.6029052734375,0.0
0.0,0.0
-290.14324951171875,-138.95396423339844
0.0,0.0
0.0,0.0
0.0,0.0
0.0,0.0
0.0,0.0
0.0,0.0
0.0,0.0
0.0,0.0
0.0,0.0
0.0,0.0
0.0,0.0
0.0,0.0
0.0,0.0
0.0,0.0
0.0,0.0
0.0,0.0
0.0,0.0
0.0,0.0
0.0,0.0
0.0,0.0
0.0,0.0
0.0,0.0
0.0,0.0
0.0,0.0
0.0,0.0
0.0,0.0
0.0,0.0
0.0,0.0
0.0,0.0
0.0,0.0
0.0,0.0
0.0,0.0
0.0,0.0
0.0,0.0
0.0,0.0
0.0,0.0
0.0,0.0
0.0,0.0
0.0,0.0
0.0,0.0
0.0,0.0
0.0,0.0
0.0,0.0
0.0,0.0
0.0,0.0
0.0,0.0
0.0,0.0
0.0,0.0
0.0,0.0
0.0,0.0
0.0,0.0
0.0,0.0
0.0,0.0
0.0,0.0
0.0,0.0
0.0,0.0
0.0,0.0
0.0,0.0
0.0,0.0
0.0,0.0
0.0,0.0
0.0,0.0
0.0,0.0
0.0,0.0
0.0,0.0
0.0,0.0
0.0,0.0
-1.0,0.0
0.0,0.0
0.0,0.0
0.0,0.0
0.0,0.0
0.0,0.0
32.316123962402344,-7.1034746170043945
0.0,0.0
-2.5976221561431885,8.77350902557373
0.0,0.0
0.0,0.0
0.0,0.0
0.0,0.0
0.0,0.0
0.0,0.0
0.0,0.0
-8.888894081115723,11.111102104187012
0.0,0.0
0.0,0.0
0.0,0.0
0.0,0.0
0.0,0.0
7.20279598236084,11.095666885375977
0.0,0.0
-8.888894081115723,11.111104965209961
0.0,0.0
0.0,0.0
0.0,0.0
0.0,0.0
0.0,0.0
0.0,0.0
0.0,0.0
0.0,0.0
0.0,0.0
0.0,0.0
0.0,0.0
0.0,0.0
0.0,0.0
0.0,0.0
0.0,0.0
-1.0,1.0
0.0,0.0
0.0,0.0
0.0,0.0
0.0,0.0
0.0,0.0
0.0,0.0
0.0,0.0
-2.651035785675049,4.177420616149902
0.0,0.0
0.0,0.0
0.0,0.0
0.0,0.0
0.0,0.0
2.0,0.0
0.0,0.0
-8.299935340881348,11.08191204071045
0.0,0.0
0.0,0.0
0.0,0.0
0.0,0.0
0.0,0.0
0.0,0.0
0.0,0.0
0.0,0.0
0.0,0.0
0.0,0.0
0.0,0.0
0.0,0.0
0.0,0.0
0.0,0.0
0.0,0.0
0.0,0.0
0.0,0.0
0.0,0.0
0.0,0.0
0.0,0.0
0.0,0.0
0.0,0.0
0.0,0.0
0.0,0.0
0.0,0.0
0.0,0.0
0.0,0.0
0.0,0.0
0.0,0.0
0.0,0.0
0.0,0.0
0.0,0.0
0.0,0.0
0.0,0.0
0.0,0.0
0.0,0.0
0.0,0.0
0.0,0.0
0.0,0.0
0.0,0.0
0.0,0.0
0.0,0.0
0.0,0.0
0.0,0.0
0.0,0.0
0.0,0.0
0.0,0.0
0.0,0.0
0.0,0.0
0.0,0.0
0.0,0.0
0.0,0.0
0.0,0.0
0.0,0.0
0.0,0.0
0.0,0.0
0.0,0.0
0.0,0.0
0.0,0.0
0.0,0.0
0.0,0.0
0.0,0.0
0.0,0.0
0.0,0.0
0.0,0.0
0.0,0.0
0.0,0.0
0.0,0.0
0.0,0.0
