-8.209744453430176,9.999996185302734
0.0,0.0
0.0,0.0
0.0,0.0
0.0,0.0
0.0,0.0
0.0,0.0
0.0,0.0
0.0,0.0
0.0,0.0
0.0,0.0
0.0,0.0
0.0,0.0
0.0,0.0
0.0,0.0
0.0,0.0
0.0,0.0
0.0,0.0
21.387672424316406,29.69247817993164
19.431617736816406,1.1682204008102417
0.0,0.0
0.0,0.0
0.0,0.0
0.0,0.0
0.0,0.0
0.0,0.0
-2.560887575149536,28.00079345703125
16.822040557861328,1.1356853246688843
0.0,0.0
0.0,0.0
0.0,0.0
0.0,0.0
0.0,0.0
0.0,0.0
0.0,0.0
0.0,0.0
0.0,0.0
0.0,0.0
0.0,0.0
0.0,0.0
0.0,0.0
0.0,0.0
0.0,0.0
0.0,0.0
0.0,0.0
0.0,0.0
0.0,0.0
0.0,0.0
0.0,0.0
0.0,0.0
-8.89015007019043,11.024190902709961
0.0,0.0
0.0,0.0
0.0,0.0
-8.874125480651855,11.111105918884277
0.0,0.0
0.0,0.0
0.0,0.0
-8.801980018615723,11.102234840393066
9.6029052734375,0.0
0.0,0.0
0.0,0.0
-8.20687484741211,11.071731567382812
0.0,0.0
0.0,0.0
0.0,0.0
0.0,0.0
0.0,0.0
0.0,0.0
0.0,0.0
0.0,0.0
0.0,0.0
0.0,0.0
0.0,0.0
0.0,0.0
0.0,0.0
0.0,0.0
0.0,0.0
0.0,0.0
0.0,0.0
0.0,0.0
0.0,0.0
-8.902740478515625,11.111013412475586
22.222211837768555,12.150318145751953
0.0,0.0
0.0,0.0
-6.940647125244141,11.092890739440918
5.476200103759766,1.0199999809265137
0.0,0.0
0.0,0.0
-8.9193115234375,11.011908531188965
-31.08382797241211,-189.97097778320312
0.0,0.0
0.0,0.0
-8.548293113708496,9.51344108581543
-97.51274871826172,11.109916687011719
0.0,0.0
0.0,0.0
0.0,0.0
0.0,0.0
0.0,0.0
0.0,0.0
0.0,0.0
0.0,0.0
0.0,0.0
0.0,0.0
0.0,0.0
0.0,0.0
0.0,0.0
0.0,0.0
0.0,0.0
0.0,0.0
0.0,0.0
0.0,0.0
-8.898070335388184,11.109833717346191
22.222211837768555,12.0380859375
0.0,0.0
0.0,0.0
-8.746946334838867,9.111105918884277
22.222084045410156,9.79409122467041
0.0,0.0
0.0,0.0
-8.889941215515137,11.111105918884277
-24.809335708618164,-189.85926818847656
0.0,0.0
0.0,0.0
-8.885835647583008,11.111105918884277
22.222211837768555,11.90733814239502
0.0,0.0
0.0,0.0
0.0,0.0
0.0,0.0
0.0,0.0
0.0,0.0
0.0,0.0
0.0,0.0
0.0,0.0
0.0,0.0
0.0,0.0
0.0,0.0
0.0,0.0
0.0,0.0
0.0,0.0
0.0,0.0
0.0,0.0
0.0,0.0
0.5107187032699585,19.641048431396484
14.786293983459473,-44.25030517578125
0.0,0.0
0.0,0.0
0.0,0.0
0.0,0.0
0.0,0.0
0.0,0.0
8.030119895935059,24.096174240112305
22.144725799560547,9.205466270446777
0.0,0.0
0.0,0.0
-7.716285705566406,11.100764274597168
0.0,0.0
0.0,0.0
0.0,0.0
0.0,0.0
0.0,0.0
0.0,0.0
0.0,0.0
0.0,0.0
0.0,0.0
0.0,0.0
0.0,0.0
0.0,0.0
0.0,0.0
0.0,0.0
0.0,0.0
0.0,0.0
0.0,0.0
0.0,0.0
0.0,0.0
0.0,0.0
0.0,0.0
0.0,0.0
0.0,0.0
0.0,0.0
0.0,0.0
0.0,0.0
0.0,0.0
0.0,0.0
0.0,0.0
0.0,0.0
0.0,0.0
0.0,0.0
0.0,0.0
0.0,0.0
0.0,0.0
0.0,0.0
0.0,0.0
0.0,0.0
0.0,0.0
0.0,0.0
0.0,0.0
0.0,0.0
0.0,0.0
0.0,0.0
0.0,0.0
0.0,0.0
0.0,0.0
0.0,0.0
0.0,0.0
0.0,0.0
0.0,0.0
-8.911102294921875,10.888463020324707
21.908843994140625,10.817598342895508
0.0,0.0
0.0,0.0
0.0,0.0
0.0,0.0
0.0,0.0
0.0,0.0
-8.917547225952148,10.859658241271973
22.222211837768555,12.222216606140137
0.0,0.0
0.0,0.0
-9.093053817749023,8.49013900756836
0.0,0.0
0.0,0.0
0.0,0.0
0.0,0.0
0.0,0.0
0.0,0.0
0.0,0.0
0.0,0.0
0.0,0.0
0.0,0.0
0.0,0.0
0.0,0.0
0.0,0.0
0.0,0.0
0.0,0.0
0.0,0.0
0.0,0.0
0.0,0.0
0.0,0.0
-8.888885498046875,11.111105918884277
0.0,0.0
0.0,0.0
0.0,0.0
0.0,0.0
0.0,0.0
0.0,0.0
0.0,0.0
-8.915266036987305,10.845254898071289
-135.33221435546875,11.110555648803711
0.0,0.0
0.0,0.0
-8.624357223510742,3.799222946166992
0.0,0.0
0.0,0.0
0.0,0.0
0.0,0.0
0.0,0.0
0.0,0.0
0.0,0.0
0.0,0.0
0.0,0.0
0.0,0.0
0.0,0.0
0.0,0.0
0.0,0.0
0.0,0.0
0.0,0.0
0.0,0.0
0.0,0.0
0.0,0.0
0.0,0.0
0.0,0.0
0.0,0.0
0.0,0.0
0.0,0.0
0.0,0.0
0.0,0.0
0.0,0.0
0.0,0.0
0.0,0.0
0.0,0.0
0.0,0.0
0.0,0.0
0.0,0.0
0.0,0.0
0.0,0.0
0.0,0.0
0.0,0.0
0.0,0.0
0.0,0.0
0.0,0.0
0.0,0.0
0.0,0.0
0.0,0.0
0.0,0.0
0.0,0.0
0.0,0.0
0.0,0.0
0.0,0.0
0.0,0.0
0.0,0.0
0.0,0.0
0.0,0.0
0.0,0.0
0.0,0.0
0.0,0.0
0.0,0.0
0.0,0.0
0.0,0.0
0.0,0.0
0.0,0.0
0.0,0.0
0.0,0.0
0.0,0.0
0.0,0.0
0.0,0.0
0.0,0.0
33.33331298828125,-23.2885684967041
66.6666259765625,-41.30336380004883
-9.860980987548828,3.9905917644500732
3.819999933242798,0.0
0.0,0.0
0.0,0.0
0.0,1.0
0.0,0.0
33.33331298828125,-15.864947319030762
66.6666259765625,7.761995315551758
-9.952169418334961,2.200845241546631
14.347362518310547,0.0
0.0,0.0
0.0,0.0
-1.8809000253677368,5.10827112197876
0.0,0.0
0.0,0.0
0.0,0.0
-4.958322048187256,6.53572416305542
5.476200103759766,0.0
0.0,0.0
0.0,0.0
-1.0,2.738100051879883
0.0,0.0
0.0,0.0
0.0,0.0
-8.665841102600098,5.860596656799316
2.041774272918701,7.1844353675842285
0.0,0.0
0.0,0.0
-4.517306327819824,2.079469919204712
0.0,0.0
33.33331298828125,-22.649932861328125
66.6666259765625,-43.85760498046875
-9.314149856567383,10.282246589660645
2.0,0.0
33.33331298828125,-22.56231117248535
0.0,0.0
-1.8899999856948853,1.6716710329055786
0.0,0.0
33.33331298828125,-6.636305332183838
66.6666259765625,-51.142337799072266
-9.976340293884277,-3.6028316020965576
15.056099891662598,1.1073864698410034
33.33331298828125,-26.63894271850586
38.13801193237305,0.0
-5.10029935836792,2.2722055912017822
3.819999933242798,1.0199999809265137
0.0,0.0
0.0,0.0
-2.590749740600586,6.276333332061768
0.0,0.0
0.0,0.0
0.0,0.0
-1.0,3.1452527046203613
0.0,0.0
0.0,0.0
0.0,0.0
-3.8725240230560303,8.038309097290039
9.6029052734375,1.0698333978652954
0.0,0.0
0.0,0.0
-3.9770383834838867,3.857788562774658
11.772165298461914,2.0547618865966797
0.0,0.0
0.0,0.0
0.0,0.0
0.0,0.0
0.0,0.0
0.0,0.0
0.0,0.0
0.0,0.0
0.0,0.0
0.0,0.0
0.0,0.0
0.0,0.0
0.0,0.0
0.0,0.0
0.0,0.0
0.0,0.0
0.0,0.0
0.0,0.0
0.0,0.0
0.0,0.0
0.0,0.0
0.0,0.0
0.0,0.0
0.0,0.0
0.0,0.0
0.0,0.0
0.0,0.0
0.0,0.0
0.0,0.0
0.0,0.0
0.0,0.0
0.0,0.0
0.0,0.0
0.0,0.0
0.0,0.0
0.0,0.0
0.0,0.0
0.0,0.0
0.0,0.0
0.0,0.0
0.0,0.0
0.0,0.0
0.0,0.0
0.0,0.0
0.0,0.0
0.0,0.0
0.0,0.0
0.0,0.0
0.0,0.0
0.0,0.0
0.0,0.0
0.0,0.0
0.0,0.0
0.0,0.0
0.0,0.0
0.0,0.0
0.0,0.0
0.0,0.0
0.0,0.0
0.0,0.0
0.0,0.0
0.0,0.0
0.0,0.0
0.0,0.0
0.0,0.0
0.0,0.0
-8.913435935974121,6.18194580078125
0.0,0.0
0.0,0.0
0.0,0.0
0.0,0.0
0.0,0.0
33.33331298828125,-0.4488109350204468
0.0,0.0
-10.46254825592041,2.8182270526885986
0.0,0.0
0.0,0.0
0.0,0.0
-3.4833900928497314,-3.491671085357666
0.0,0.0
0.0,0.0
0.0,0.0
-10.196000099182129,-1.9576196670532227
0.0,0.0
0.0,0.0
0.0,0.0
0.0,0.0
0.0,0.0
21.80585479736328,11.060524940490723
0.0,0.0
-9.888773918151855,0.8960124254226685
0.0,0.0
0.0,0.0
0.0,0.0
-9.4673490524292,2.087149143218994
0.0,0.0
0.0,0.0
0.0,0.0
-4.581442832946777,4.400629997253418
0.0,0.0
0.0,0.0
0.0,0.0
0.0,0.0
0.0,0.0
33.33331298828125,11.758482933044434
0.0,0.0
-11.008872032165527,-9.469436645507812
0.0,0.0
0.0,0.0
0.0,0.0
-1.899999976158142,0.0
0.0,0.0
0.0,0.0
0.0,0.0
-8.232926368713379,1.9320363998413086
0.0,0.0
0.0,0.0
0.0,0.0
0.0,0.0
0.0,0.0
18.152801513671875,4.6187639236450195
0.0,0.0
-9.767515182495117,2.157973289489746
0.0,0.0
0.0,0.0
0.0,0.0
-7.686000347137451,2.2228610515594482
0.0,0.0
0.0,0.0
0.0,0.0
0.0,0.0
0.0,0.0
0.0,0.0
0.0,0.0
0.0,0.0
0.0,0.0
0.0,0.0
0.0,0.0
0.0,0.0
0.0,0.0
0.0,0.0
0.0,0.0
0.0,0.0
0.0,0.0
0.0,0.0
0.0,0.0
-9.833829879760742,9.394766807556152
21.99005126953125,-58.71780776977539
0.0,0.0
0.0,0.0
0.0,0.0
0.0,0.0
0.0,0.0
0.0,0.0
-17.20341682434082,11.110952377319336
22.222211837768555,12.221759796142578
0.0,0.0
0.0,0.0
0.0,0.0
0.0,0.0
0.0,0.0
0.0,0.0
0.0,0.0
0.0,0.0
0.0,0.0
0.0,0.0
0.0,0.0
0.0,0.0
0.0,0.0
0.0,0.0
0.0,0.0
0.0,0.0
0.0,0.0
0.0,0.0
0.0,0.0
0.0,0.0
0.0,0.0
0.0,0.0
-9.724575996398926,11.111102104187012
22.222211837768555,11.921792030334473
0.0,0.0
0.0,0.0
-320.5987243652344,-215.68170166015625
0.0,0.0
0.0,0.0
0.0,0.0
-62.14828109741211,11.023324012756348
22.222211837768555,12.222186088562012
0.0,0.0
0.0,0.0
-200.91000366210938,-198.26190185546875
0.0,0.0
0.0,0.0
0.0,0.0
0.0,0.0
0.0,0.0
0.0,0.0
0.0,0.0
0.0,0.0
0.0,0.0
0.0,0.0
0.0,0.0
0.0,0.0
0.0,0.0
0.0,0.0
0.0,0.0
0.0,0.0
0.0,0.0
0.0,0.0
0.0,0.0
0.0,0.0
0.0,0.0
0.0,0.0
0.0,0.0
0.0,0.0
0.0,0.0
0.0,0.0
0.0,0.0
0.0,0.0
0.0,0.0
0.0,0.0
0.0,0.0
0.0,0.0
0.0,0.0
0.0,0.0
0.0,0.0
0.0,0.0
0.0,0.0
0.0,0.0
0.0,0.0
0.0,0.0
0.0,0.0
0.0,0.0
0.0,0.0
0.0,0.0
0.0,0.0
0.0,0.0
0.0,0.0
0.0,0.0
0.0,0.0
0.0,0.0
0.0,0.0
0.0,0.0
0.0,0.0
0.0,0.0
0.0,0.0
0.0,0.0
0.0,0.0
0.0,0.0
0.0,0.0
0.0,0.0
0.0,0.0
0.0,0.0
0.0,0.0
0.0,0.0
0.0,0.0
0.0,0.0
0.0,0.0
0.0,0.0
0.0,0.0
0.0,0.0
0.0,0.0
0.0,0.0
0.0,0.0
0.0,0.0
0.0,0.0
0.0,0.0
0.0,0.0
0.0,0.0
0.0,0.0
0.0,0.0
0.0,0.0
0.0,0.0
0.0,0.0
-8.888994216918945,11.109589576721191
21.405376434326172,5.635986804962158
0.0,0.0
0.0,0.0
0.0,0.0
0.0,0.0
0.0,0.0
0.0,0.0
-8.888885498046875,11.111105918884277
5.573841571807861,8.875165939331055
0.0,0.0
0.0,0.0
0.0,0.0
0.0,0.0
0.0,0.0
0.0,0.0
0.0,0.0
0.0,0.0
0.0,0.0
0.0,0.0
0.0,0.0
0.0,0.0
0.0,0.0
0.0,0.0
0.0,0.0
0.0,0.0
0.0,0.0
0.0,0.0
0.0,0.0
0.0,0.0
0.0,0.0
0.0,0.0
-18.261316299438477,11.111105918884277
22.220746994018555,11.024274826049805
0.0,0.0
0.0,0.0
0.0,0.0
0.0,0.0
0.0,0.0
0.0,0.0
-8.888898849487305,11.111071586608887
19.91132164001465,4.672780990600586
0.0,0.0
0.0,0.0
0.0,0.0
0.0,0.0
0.0,0.0
0.0,0.0
0.0,0.0
0.0,0.0
0.0,0.0
0.0,0.0
0.0,0.0
0.0,0.0
0.0,0.0
0.0,0.0
0.0,0.0
0.0,0.0
0.0,0.0
0.0,0.0
0.0,0.0
0.0,0.0
0.0,0.0
0.0,0.0
0.0,0.0
0.0,0.0
0.0,0.0
0.0,0.0
0.0,0.0
0.0,0.0
0.0,0.0
0.0,0.0
0.0,0.0
0.0,0.0
0.0,0.0
0.0,0.0
0.0,0.0
0.0,0.0
0.0,0.0
0.0,0.0
0.0,0.0
0.0,0.0
0.0,0.0
0.0,0.0
0.0,0.0
0.0,0.0
0.0,0.0
0.0,0.0
0.0,0.0
0.0,0.0
0.0,0.0
0.0,0.0
0.0,0.0
0.0,0.0
0.0,0.0
0.0,0.0
0.0,0.0
0.0,0.0
0.0,0.0
0.0,0.0
0.0,0.0
0.0,0.0
0.0,0.0
0.0,0.0
0.0,0.0
0.0,0.0
0.0,0.0
0.0,0.0
0.0,0.0
0.0,0.0
33.28807067871094,-23.301259994506836
35.316497802734375,-5.790499687194824
-3.199219226837158,10.935893058776855
2.0,0.0
0.0,0.0
0.0,0.0
0.0,0.0
0.0,0.0
33.333030700683594,-124.05419921875
45.16830062866211,-15.302923202514648
-3.836059093475342,10.567758560180664
2.0,0.0
0.0,0.0
0.0,0.0
0.0,0.0
0.0,0.0
20.5125675201416,11.302300453186035
26.846609115600586,2.2968549728393555
-9.15172290802002,11.10379409790039
22.221111297607422,10.097550392150879
0.0,0.0
0.0,0.0
0.0,0.0
0.0,0.0
22.22088050842285,11.841449737548828
40.71989059448242,2.4591779708862305
-11.112870216369629,-28.134340286254883
22.222211837768555,12.147233963012695
0.0,0.0
0.0,0.0
0.0,0.0
0.0,0.0
33.3276481628418,-16.425861358642578
20.95002555847168,0.0
-6.183408260345459,11.09108829498291
0.0,0.0
10.47501277923584,-2.9178569316864014
0.0,0.0
0.0,0.0
0.0,0.0
33.33254623413086,-21.85297966003418
47.103153228759766,-6.0
-3.2565619945526123,10.567758560180664
0.0,0.0
14.40435791015625,0.0
0.0,0.0
0.0,0.0
0.0,0.0
22.211528778076172,10.544793128967285
17.458354949951172,0.0
-52.427398681640625,10.956071853637695
22.22197723388672,11.49570369720459
5.476200103759766,1.0199999809265137
0.0,0.0
-294.5371398925781,9.309240341186523
0.0,0.0
22.22159194946289,10.445035934448242
35.868408203125,2.4552786350250244
-62.41694641113281,-170.93255615234375
22.222211837768555,12.132987022399902
10.738643646240234,0.0
0.0,0.0
-242.05345153808594,-285.82080078125
0.0,0.0
0.0,0.0
0.0,0.0
0.0,0.0
0.0,0.0
0.0,0.0
0.0,0.0
0.0,0.0
0.0,0.0
0.0,0.0
0.0,0.0
0.0,0.0
0.0,0.0
0.0,0.0
0.0,0.0
0.0,0.0
0.0,0.0
0.0,0.0
0.0,0.0
0.0,0.0
0.0,0.0
0.0,0.0
0.0,0.0
0.0,0.0
0.0,0.0
0.0,0.0
0.0,0.0
0.0,0.0
0.0,0.0
0.0,0.0
0.0,0.0
0.0,0.0
0.0,0.0
0.0,0.0
0.0,0.0
0.0,0.0
0.0,0.0
0.0,0.0
0.0,0.0
0.0,0.0
0.0,0.0
0.0,0.0
0.0,0.0
0.0,0.0
0.0,0.0
0.0,0.0
0.0,0.0
0.0,0.0
0.0,0.0
0.0,0.0
0.0,0.0
0.0,0.0
0.0,0.0
0.0,0.0
0.0,0.0
0.0,0.0
0.0,0.0
0.0,0.0
0.0,0.0
0.0,0.0
0.0,0.0
0.0,0.0
0.0,0.0
0.0,0.0
0.0,0.0
0.0,0.0
0.0,0.0
-1.0,0.0
0.0,0.0
0.0,0.0
0.0,0.0
0.0,0.0
0.0,0.0
32.898040771484375,-9.064146995544434
0.0,0.0
-2.5976221561431885,9.783658981323242
0.0,0.0
0.0,0.0
0.0,0.0
0.0,0.0
0.0,0.0
0.0,0.0
0.0,0.0
-8.89080810546875,11.111099243164062
0.0,0.0
0.0,0.0
0.0,0.0
0.0,0.0
0.0,0.0
8.59354019165039,11.103130340576172
0.0,0.0
-8.941144943237305,8.160510063171387
0.0,0.0
0.0,0.0
0.0,0.0
0.0,0.0
0.0,0.0
0.0,0.0
0.0,0.0
0.0,0.0
0.0,0.0
0.0,0.0
0.0,0.0
0.0,0.0
0.0,0.0
0.0,0.0
0.0,0.0
-1.0,1.0
0.0,0.0
0.0,0.0
0.0,0.0
0.0,0.0
0.0,0.0
0.0,0.0
0.0,0.0
-3.3441579341888428,4.80145263671875
0.0,0.0
0.0,0.0
0.0,0.0
0.0,0.0
0.0,0.0
2.0,0.0
0.0,0.0
-8.460026741027832,11.102542877197266
0.0,0.0
0.0,0.0
0.0,0.0
0.0,0.0
0.0,0.0
0.0,0.0
0.0,0.0
0.0,0.0
0.0,0.0
0.0,0.0
0.0,0.0
0.0,0.0
0.0,0.0
0.0,0.0
0.0,0.0
0.0,0.0
0.0,0.0
0.0,0.0
0.0,0.0
0.0,0.0
0.0,0.0
0.0,0.0
0.0,0.0
0.0,0.0
0.0,0.0
0.0,0.0
0.0,0.0
0.0,0.0
0.0,0.0
0.0,0.0
0.0,0.0
0.0,0.0
0.0,0.0
0.0,0.0
0.0,0.0
0.0,0.0
0.0,0.0
0.0,0.0
0.0,0.0
0.0,0.0
0.0,0.0
0.0,0.0
0.0,0.0
0.0,0.0
0.0,0.0
0.0,0.0
0.0,0.0
0.0,0.0
0.0,0.0
0.0,0.0
0.0,0.0
0.0,0.0
0.0,0.0
0.0,0.0
0.0,0.0
0.0,0.0
0.0,0.0
0.0,0.0
0.0,0.0
0.0,0.0
0.0,0.0
0.0,0.0
0.0,0.0
0.0,0.0
0.0,0.0
0.0,0.0
0.0,0.0
0.0,0.0
0.0,0.0
