-7.852485179901123,9.999996185302734
0.0,0.0
0.0,0.0
0.0,0.0
0.0,0.0
0.0,0.0
0.0,0.0
0.0,0.0
0.0,0.0
0.0,0.0
0.0,0.0
0.0,0.0
0.0,0.0
0.0,0.0
0.0,0.0
0.0,0.0
0.0,0.0
0.0,0.0
3.321096897125244,29.6988468170166
19.431617736816406,1.1682204008102417
0.0,0.0
0.0,0.0
0.0,0.0
0.0,0.0
0.0,0.0
0.0,0.0
1.5378676652908325,28.056943893432617
21.660655975341797,2.236150026321411
0.0,0.0
0.0,0.0
0.0,0.0
0.0,0.0
0.0,0.0
0.0,0.0
0.0,0.0
0.0,0.0
0.0,0.0
0.0,0.0
0.0,0.0
0.0,0.0
0.0,0.0
0.0,0.0
0.0,0.0
0.0,0.0
0.0,0.0
0.0,0.0
0.0,0.0
0.0,0.0
0.0,0.0
0.0,0.0
-8.895880699157715,11.05117130279541
0.0,0.0
0.0,0.0
0.0,0.0
-8.890275001525879,11.110250473022461
0.0,0.0
0.0,0.0
0.0,0.0
-8.889333724975586,11.075814247131348
17.75033187866211,1.1434736251831055
0.0,0.0
0.0,0.0
-8.747822761535645,11.111105918884277
0.0,0.0
0.0,0.0
0.0,0.0
0.0,0.0
0.0,0.0
0.0,0.0
0.0,0.0
0.0,0.0
0.0,0.0
0.0,0.0
0.0,0.0
0.0,0.0
0.0,0.0
0.0,0.0
0.0,0.0
0.0,0.0
0.0,0.0
0.0,0.0
0.0,0.0
-8.905708312988281,10.624876022338867
22.222211837768555,12.311016082763672
0.0,0.0
0.0,0.0
-8.743245124816895,11.111105918884277
18.152801513671875,2.014029026031494
0.0,0.0
0.0,0.0
-8.917947769165039,11.04001522064209
22.217891693115234,2.535367012023926
0.0,0.0
0.0,0.0
-8.907416343688965,9.106278419494629
22.17871856689453,-75.63765716552734
0.0,0.0
0.0,0.0
0.0,0.0
0.0,0.0
0.0,0.0
0.0,0.0
0.0,0.0
0.0,0.0
0.0,0.0
0.0,0.0
0.0,0.0
0.0,0.0
0.0,0.0
0.0,0.0
0.0,0.0
0.0,0.0
0.0,0.0
0.0,0.0
-8.890463829040527,11.111105918884277
22.222211837768555,12.197345733642578
0.0,0.0
0.0,0.0
-8.898850440979004,11.111105918884277
22.222211837768555,11.956536293029785
0.0,0.0
0.0,0.0
-8.908782958984375,11.109804153442383
22.222211837768555,-10.383319854736328
0.0,0.0
0.0,0.0
-8.888924598693848,11.111105918884277
22.222211837768555,12.239404678344727
0.0,0.0
0.0,0.0
0.0,0.0
0.0,0.0
0.0,0.0
0.0,0.0
0.0,0.0
0.0,0.0
0.0,0.0
0.0,0.0
0.0,0.0
0.0,0.0
0.0,0.0
0.0,0.0
0.0,0.0
0.0,0.0
0.0,0.0
0.0,0.0
0.527573823928833,19.641048431396484
7.0550103187561035,12.22110652923584
0.0,0.0
0.0,0.0
0.0,0.0
0.0,0.0
0.0,0.0
0.0,0.0
2.2474355697631836,24.096588134765625
22.22220802307129,11.169880867004395
0.0,0.0
0.0,0.0
-8.4346342086792,11.11100959777832
0.0,0.0
0.0,0.0
0.0,0.0
0.0,0.0
0.0,0.0
0.0,0.0
0.0,0.0
0.0,0.0
0.0,0.0
0.0,0.0
0.0,0.0
0.0,0.0
0.0,0.0
0.0,0.0
0.0,0.0
0.0,0.0
0.0,0.0
0.0,0.0
0.0,0.0
0.0,0.0
0.0,0.0
0.0,0.0
0.0,0.0
0.0,0.0
0.0,0.0
0.0,0.0
0.0,0.0
0.0,0.0
0.0,0.0
0.0,0.0
0.0,0.0
0.0,0.0
0.0,0.0
0.0,0.0
0.0,0.0
0.0,0.0
0.0,0.0
0.0,0.0
0.0,0.0
0.0,0.0
0.0,0.0
0.0,0.0
0.0,0.0
0.0,0.0
0.0,0.0
0.0,0.0
0.0,0.0
0.0,0.0
0.0,0.0
0.0,0.0
0.0,0.0
-8.911102294921875,10.888412475585938
22.220773696899414,11.548155784606934
0.0,0.0
0.0,0.0
0.0,0.0
0.0,0.0
0.0,0.0
0.0,0.0
-8.922531127929688,10.774720191955566
22.222164154052734,12.222186088562012
0.0,0.0
0.0,0.0
-9.27153491973877,9.268559455871582
0.0,0.0
0.0,0.0
0.0,0.0
0.0,0.0
0.0,0.0
0.0,0.0
0.0,0.0
0.0,0.0
0.0,0.0
0.0,0.0
0.0,0.0
0.0,0.0
0.0,0.0
0.0,0.0
0.0,0.0
0.0,0.0
0.0,0.0
0.0,0.0
0.0,0.0
-8.943036079406738,10.872333526611328
0.0,0.0
0.0,0.0
0.0,0.0
0.0,0.0
0.0,0.0
0.0,0.0
0.0,0.0
-8.951547622680664,10.339738845825195
22.060544967651367,11.472060203552246
0.0,0.0
0.0,0.0
-8.989297866821289,10.343267440795898
0.0,0.0
0.0,0.0
0.0,0.0
0.0,0.0
0.0,0.0
0.0,0.0
0.0,0.0
0.0,0.0
0.0,0.0
0.0,0.0
0.0,0.0
0.0,0.0
0.0,0.0
0.0,0.0
0.0,0.0
0.0,0.0
0.0,0.0
0.0,0.0
0.0,0.0
0.0,0.0
0.0,0.0
0.0,0.0
0.0,0.0
0.0,0.0
0.0,0.0
0.0,0.0
0.0,0.0
0.0,0.0
0.0,0.0
0.0,0.0
0.0,0.0
0.0,0.0
0.0,0.0
0.0,0.0
0.0,0.0
0.0,0.0
0.0,0.0
0.0,0.0
0.0,0.0
0.0,0.0
0.0,0.0
0.0,0.0
0.0,0.0
0.0,0.0
0.0,0.0
0.0,0.0
0.0,0.0
0.0,0.0
0.0,0.0
0.0,0.0
0.0,0.0
0.0,0.0
0.0,0.0
0.0,0.0
0.0,0.0
0.0,0.0
0.0,0.0
0.0,0.0
0.0,0.0
0.0,0.0
0.0,0.0
0.0,0.0
0.0,0.0
0.0,0.0
0.0,0.0
33.33331298828125,-12.768109321594238
66.6666259765625,-47.205467224121094
-9.52996826171875,6.229877948760986
15.701050758361816,0.0
3.0,0.0
0.0,0.0
0.0,3.491671085357666
0.0,0.0
33.33331298828125,-14.244985580444336
66.6666259765625,-27.15240478515625
-9.771402359008789,7.025713920593262
20.308565139770508,0.0
0.0,0.0
0.0,0.0
-3.3112905025482178,6.1401591300964355
0.0,0.0
0.0,0.0
0.0,0.0
-8.06332015991211,3.997887134552002
15.056099891662598,1.150560975074768
0.0,0.0
0.0,0.0
-3.3600664138793945,5.10827112197876
0.0,0.0
0.0,0.0
0.0,0.0
-9.237151145935059,3.3739800453186035
5.608284950256348,11.147153854370117
0.0,0.0
0.0,0.0
-5.492509841918945,5.181982517242432
0.0,0.0
33.33331298828125,-14.897480010986328
66.6666259765625,-25.938018798828125
-9.556694984436035,4.519711971282959
2.0,5.088413715362549
33.33331298828125,-17.665725708007812
0.0,0.0
-4.055166721343994,0.057255055755376816
0.0,0.0
33.33331298828125,-17.068927764892578
66.6666259765625,-38.8035888671875
-9.532170295715332,-3.9640252590179443
20.308565139770508,5.68582820892334
33.33331298828125,-26.666648864746094
62.72979736328125,-2.731381893157959
-5.903129577636719,8.260780334472656
13.568530082702637,1.0199999809265137
0.0,0.0
0.0,0.0
-3.241253137588501,6.688156604766846
5.476200103759766,0.0
0.0,0.0
0.0,0.0
-2.662649393081665,3.0893824100494385
0.0,0.0
0.0,0.0
0.0,0.0
-7.010324954986572,5.558419704437256
16.28795623779297,2.1198606491088867
0.0,0.0
0.0,0.0
-6.155520915985107,9.711884498596191
18.5190486907959,6.3978095054626465
0.0,0.0
0.0,0.0
0.0,0.0
0.0,0.0
0.0,0.0
0.0,0.0
0.0,0.0
0.0,0.0
0.0,0.0
0.0,0.0
0.0,0.0
0.0,0.0
0.0,0.0
0.0,0.0
0.0,0.0
0.0,0.0
0.0,0.0
0.0,0.0
0.0,0.0
0.0,0.0
0.0,0.0
0.0,0.0
0.0,0.0
0.0,0.0
0.0,0.0
0.0,0.0
0.0,0.0
0.0,0.0
0.0,0.0
0.0,0.0
0.0,0.0
0.0,0.0
0.0,0.0
0.0,0.0
0.0,0.0
0.0,0.0
0.0,0.0
0.0,0.0
0.0,0.0
0.0,0.0
0.0,0.0
0.0,0.0
0.0,0.0
0.0,0.0
0.0,0.0
0.0,0.0
0.0,0.0
0.0,0.0
0.0,0.0
0.0,0.0
0.0,0.0
0.0,0.0
0.0,0.0
0.0,0.0
0.0,0.0
0.0,0.0
0.0,0.0
0.0,0.0
0.0,0.0
0.0,0.0
0.0,0.0
0.0,0.0
0.0,0.0
0.0,0.0
0.0,0.0
0.0,0.0
-9.313908576965332,6.023284912109375
0.0,0.0
0.0,0.0
0.0,0.0
0.0,0.0
0.0,0.0
33.33331298828125,2.032240152359009
0.0,0.0
-10.543773651123047,-3.449493169784546
0.0,0.0
0.0,0.0
0.0,0.0
-7.5203046798706055,-7.173681259155273
0.0,0.0
0.0,0.0
0.0,0.0
-10.193940162658691,-1.9389657974243164
0.0,0.0
0.0,0.0
0.0,0.0
0.0,0.0
0.0,0.0
22.222196578979492,11.852200508117676
0.0,0.0
-9.744112968444824,2.5778582096099854
0.0,0.0
0.0,0.0
0.0,0.0
-9.998892784118652,-1.6716989278793335
0.0,0.0
0.0,0.0
0.0,0.0
-5.048391819000244,10.611504554748535
0.0,0.0
0.0,0.0
0.0,0.0
0.0,0.0
0.0,0.0
33.33331298828125,14.009549140930176
0.0,0.0
-10.5726900100708,-0.6631231904029846
0.0,0.0
0.0,0.0
0.0,0.0
-3.466099977493286,-2.738100051879883
0.0,0.0
0.0,0.0
0.0,0.0
-8.95337963104248,10.754436492919922
0.0,0.0
0.0,0.0
0.0,0.0
0.0,0.0
0.0,0.0
21.981910705566406,7.671711444854736
0.0,0.0
-9.806520462036133,2.3729710578918457
0.0,0.0
0.0,0.0
0.0,0.0
-8.900920867919922,4.797240257263184
0.0,0.0
0.0,0.0
0.0,0.0
0.0,0.0
0.0,0.0
0.0,0.0
0.0,0.0
0.0,0.0
0.0,0.0
0.0,0.0
0.0,0.0
0.0,0.0
0.0,0.0
0.0,0.0
0.0,0.0
0.0,0.0
0.0,0.0
0.0,0.0
0.0,0.0
-11.761869430541992,3.626054525375366
3.307389736175537,-189.88888549804688
0.0,0.0
0.0,0.0
0.0,0.0
0.0,0.0
0.0,0.0
0.0,0.0
-9.36089038848877,9.132304191589355
-105.25537109375,10.004798889160156
0.0,0.0
0.0,0.0
0.0,0.0
0.0,0.0
0.0,0.0
0.0,0.0
0.0,0.0
0.0,0.0
0.0,0.0
0.0,0.0
0.0,0.0
0.0,0.0
0.0,0.0
0.0,0.0
0.0,0.0
0.0,0.0
0.0,0.0
0.0,0.0
0.0,0.0
0.0,0.0
0.0,0.0
0.0,0.0
-10.786811828613281,9.374940872192383
22.21875762939453,-51.49091339111328
0.0,0.0
0.0,0.0
-419.2657775878906,-39.04127502441406
0.0,0.0
0.0,0.0
0.0,0.0
-60.03218078613281,11.105822563171387
20.578969955444336,-122.54398345947266
0.0,0.0
0.0,0.0
-200.91000366210938,-347.66632080078125
0.0,0.0
0.0,0.0
0.0,0.0
0.0,0.0
0.0,0.0
0.0,0.0
0.0,0.0
0.0,0.0
0.0,0.0
0.0,0.0
0.0,0.0
0.0,0.0
0.0,0.0
0.0,0.0
0.0,0.0
0.0,0.0
0.0,0.0
0.0,0.0
0.0,0.0
0.0,0.0
0.0,0.0
0.0,0.0
0.0,0.0
0.0,0.0
0.0,0.0
0.0,0.0
0.0,0.0
0.0,0.0
0.0,0.0
0.0,0.0
0.0,0.0
0.0,0.0
0.0,0.0
0.0,0.0
0.0,0.0
0.0,0.0
0.0,0.0
0.0,0.0
0.0,0.0
0.0,0.0
0.0,0.0
0.0,0.0
0.0,0.0
0.0,0.0
0.0,0.0
0.0,0.0
0.0,0.0
0.0,0.0
0.0,0.0
0.0,0.0
0.0,0.0
0.0,0.0
0.0,0.0
0.0,0.0
0.0,0.0
0.0,0.0
0.0,0.0
0.0,0.0
0.0,0.0
0.0,0.0
0.0,0.0
0.0,0.0
0.0,0.0
0.0,0.0
0.0,0.0
0.0,0.0
0.0,0.0
0.0,0.0
0.0,0.0
0.0,0.0
0.0,0.0
0.0,0.0
0.0,0.0
0.0,0.0
0.0,0.0
0.0,0.0
0.0,0.0
0.0,0.0
0.0,0.0
0.0,0.0
0.0,0.0
0.0,0.0
0.0,0.0
-8.888994216918945,11.109589576721191
22.2115535736084,9.658080101013184
0.0,0.0
0.0,0.0
0.0,0.0
0.0,0.0
0.0,0.0
0.0,0.0
-8.888885498046875,11.11109447479248
22.2213134765625,11.44958209991455
0.0,0.0
0.0,0.0
0.0,0.0
0.0,0.0
0.0,0.0
0.0,0.0
0.0,0.0
0.0,0.0
0.0,0.0
0.0,0.0
0.0,0.0
0.0,0.0
0.0,0.0
0.0,0.0
0.0,0.0
0.0,0.0
0.0,0.0
0.0,0.0
0.0,0.0
0.0,0.0
0.0,0.0
0.0,0.0
-87.27821350097656,11.108691215515137
22.22219467163086,11.144062995910645
0.0,0.0
0.0,0.0
0.0,0.0
0.0,0.0
0.0,0.0
0.0,0.0
-8.888936042785645,11.11071491241455
22.192045211791992,7.73595666885376
0.0,0.0
0.0,0.0
0.0,0.0
0.0,0.0
0.0,0.0
0.0,0.0
0.0,0.0
0.0,0.0
0.0,0.0
0.0,0.0
0.0,0.0
0.0,0.0
0.0,0.0
0.0,0.0
0.0,0.0
0.0,0.0
0.0,0.0
0.0,0.0
0.0,0.0
0.0,0.0
0.0,0.0
0.0,0.0
0.0,0.0
0.0,0.0
0.0,0.0
0.0,0.0
0.0,0.0
0.0,0.0
0.0,0.0
0.0,0.0
0.0,0.0
0.0,0.0
0.0,0.0
0.0,0.0
0.0,0.0
0.0,0.0
0.0,0.0
0.0,0.0
0.0,0.0
0.0,0.0
0.0,0.0
0.0,0.0
0.0,0.0
0.0,0.0
0.0,0.0
0.0,0.0
0.0,0.0
0.0,0.0
0.0,0.0
0.0,0.0
0.0,0.0
0.0,0.0
0.0,0.0
0.0,0.0
0.0,0.0
0.0,0.0
0.0,0.0
0.0,0.0
0.0,0.0
0.0,0.0
0.0,0.0
0.0,0.0
0.0,0.0
0.0,0.0
0.0,0.0
0.0,0.0
0.0,0.0
0.0,0.0
33.333251953125,-25.71630859375
55.55714797973633,-5.790499687194824
-6.168757915496826,11.110764503479004
2.0,0.0
0.0,0.0
0.0,0.0
0.0,0.0
0.0,0.0
33.33331298828125,-44.7127799987793
59.048316955566406,-25.937313079833984
-5.231409072875977,10.906795501708984
2.0,0.0
0.0,0.0
0.0,0.0
0.0,0.0
0.0,0.0
22.220298767089844,11.720000267028809
46.29762268066406,2.2968549728393555
-9.102043151855469,10.974503517150879
22.222211837768555,12.19395637512207
0.0,0.0
0.0,0.0
0.0,0.0
0.0,0.0
22.222211837768555,12.170778274536133
50.29825973510742,5.812746047973633
-11.111104965209961,-36.73870849609375
22.222211837768555,12.216837882995605
0.0,0.0
0.0,0.0
0.0,0.0
0.0,0.0
33.33331298828125,-23.453020095825195
48.863868713378906,-10.585726737976074
-7.840753078460693,11.111105918884277
2.0,0.0
16.10796546936035,-9.866759300231934
0.0,0.0
0.0,0.0
0.0,0.0
33.33331298828125,-25.156084060668945
59.73396682739258,-15.23711109161377
-4.327413558959961,11.098616600036621
0.0,0.0
20.352794647216797,0.0
0.0,0.0
0.0,0.0
0.0,0.0
-48.934593200683594,11.111352920532227
39.252628326416016,3.413067579269409
-36.2498664855957,11.107162475585938
22.222211837768555,12.202013969421387
11.772165298461914,1.0199999809265137
0.0,0.0
-183.4722442626953,-325.166259765625
0.0,0.0
-85.6438980102539,11.164820671081543
48.579044342041016,3.6424522399902344
-41.022666931152344,-148.32156372070312
22.222211837768555,12.219157218933105
14.347362518310547,0.0
0.0,0.0
-330.96734619140625,-248.26611328125
0.0,0.0
0.0,0.0
0.0,0.0
0.0,0.0
0.0,0.0
0.0,0.0
0.0,0.0
0.0,0.0
0.0,0.0
0.0,0.0
0.0,0.0
0.0,0.0
0.0,0.0
0.0,0.0
0.0,0.0
0.0,0.0
0.0,0.0
0.0,0.0
0.0,0.0
0.0,0.0
0.0,0.0
0.0,0.0
0.0,0.0
0.0,0.0
0.0,0.0
0.0,0.0
0.0,0.0
0.0,0.0
0.0,0.0
0.0,0.0
0.0,0.0
0.0,0.0
0.0,0.0
0.0,0.0
0.0,0.0
0.0,0.0
0.0,0.0
0.0,0.0
0.0,0.0
0.0,0.0
0.0,0.0
0.0,0.0
0.0,0.0
0.0,0.0
0.0,0.0
0.0,0.0
0.0,0.0
0.0,0.0
0.0,0.0
0.0,0.0
0.0,0.0
0.0,0.0
0.0,0.0
0.0,0.0
0.0,0.0
0.0,0.0
0.0,0.0
0.0,0.0
0.0,0.0
0.0,0.0
0.0,0.0
0.0,0.0
0.0,0.0
0.0,0.0
0.0,0.0
0.0,0.0
0.0,0.0
-1.0,2.738100051879883
0.0,0.0
0.0,0.0
0.0,0.0
0.0,0.0
0.0,0.0
33.32708740234375,-17.31664276123047
0.0,0.0
-4.322393894195557,10.868022918701172
0.0,0.0
0.0,0.0
0.0,0.0
0.0,0.0
0.0,0.0
0.0,0.0
0.0,0.0
-8.955355644226074,10.949697494506836
0.0,0.0
0.0,0.0
0.0,0.0
0.0,0.0
0.0,0.0
19.734678268432617,11.198142051696777
0.0,0.0
-8.888895988464355,11.11109447479248
0.0,0.0
0.0,0.0
0.0,0.0
0.0,0.0
0.0,0.0
0.0,0.0
0.0,0.0
0.0,0.0
0.0,0.0
0.0,0.0
0.0,0.0
0.0,0.0
0.0,0.0
0.0,0.0
0.0,0.0
-1.0,1.909999966621399
0.0,0.0
0.0,0.0
0.0,0.0
0.0,0.0
0.0,0.0
0.0,0.0
0.0,0.0
-3.946178674697876,8.411020278930664
0.0,0.0
0.0,0.0
0.0,0.0
0.0,0.0
0.0,0.0
3.819999933242798,0.0
0.0,0.0
-8.809484481811523,11.111105918884277
0.0,0.0
0.0,0.0
0.0,0.0
0.0,0.0
0.0,0.0
0.0,0.0
0.0,0.0
0.0,0.0
0.0,0.0
0.0,0.0
0.0,0.0
0.0,0.0
0.0,0.0
0.0,0.0
0.0,0.0
0.0,0.0
0.0,0.0
0.0,0.0
0.0,0.0
0.0,0.0
0.0,0.0
0.0,0.0
0.0,0.0
0.0,0.0
0.0,0.0
0.0,0.0
0.0,0.0
0.0,0.0
0.0,0.0
0.0,0.0
0.0,0.0
0.0,0.0
0.0,0.0
0.0,0.0
0.0,0.0
0.0,0.0
0.0,0.0
0.0,0.0
0.0,0.0
0.0,0.0
0.0,0.0
0.0,0.0
0.0,0.0
0.0,0.0
0.0,0.0
0.0,0.0
0.0,0.0
0.0,0.0
0.0,0.0
0.0,0.0
0.0,0.0
0.0,0.0
0.0,0.0
0.0,0.0
0.0,0.0
0.0,0.0
0.0,0.0
0.0,0.0
0.0,0.0
0.0,0.0
0.0,0.0
0.0,0.0
0.0,0.0
0.0,0.0
0.0,0.0
0.0,0.0
0.0,0.0
0.0,0.0
0.0,0.0
