-7.379870414733887,9.999996185302734
0.0,0.0
0.0,0.0
0.0,0.0
0.0,0.0
0.0,0.0
0.0,0.0
0.0,0.0
0.0,0.0
0.0,0.0
0.0,0.0
0.0,0.0
0.0,0.0
0.0,0.0
0.0,0.0
0.0,0.0
0.0,0.0
0.0,0.0
25.845182418823242,29.69671630859375
19.431617736816406,1.1682204008102417
0.0,0.0
0.0,0.0
0.0,0.0
0.0,0.0
0.0,0.0
0.0,0.0
9.578154563903809,28.05611801147461
16.822040557861328,1.1356853246688843
0.0,0.0
0.0,0.0
0.0,0.0
0.0,0.0
0.0,0.0
0.0,0.0
0.0,0.0
0.0,0.0
0.0,0.0
0.0,0.0
0.0,0.0
0.0,0.0
0.0,0.0
0.0,0.0
0.0,0.0
0.0,0.0
0.0,0.0
0.0,0.0
0.0,0.0
0.0,0.0
0.0,0.0
0.0,0.0
-8.890067100524902,11.111005783081055
0.0,0.0
0.0,0.0
0.0,0.0
-8.888116836547852,11.111105918884277
0.0,0.0
0.0,0.0
0.0,0.0
-8.890539169311523,11.092960357666016
9.6029052734375,0.0
0.0,0.0
0.0,0.0
-8.673880577087402,11.111063003540039
0.0,0.0
0.0,0.0
0.0,0.0
0.0,0.0
0.0,0.0
0.0,0.0
0.0,0.0
0.0,0.0
0.0,0.0
0.0,0.0
0.0,0.0
0.0,0.0
0.0,0.0
0.0,0.0
0.0,0.0
0.0,0.0
0.0,0.0
0.0,0.0
0.0,0.0
-8.890413284301758,11.111104965209961
22.222211837768555,12.879548072814941
0.0,0.0
0.0,0.0
-8.471158027648926,11.11024284362793
18.152801513671875,2.014029026031494
0.0,0.0
0.0,0.0
-8.925649642944336,10.25308895111084
19.137977600097656,-77.33088684082031
0.0,0.0
0.0,0.0
-8.920936584472656,10.857331275939941
-85.4682846069336,10.905418395996094
0.0,0.0
0.0,0.0
0.0,0.0
0.0,0.0
0.0,0.0
0.0,0.0
0.0,0.0
0.0,0.0
0.0,0.0
0.0,0.0
0.0,0.0
0.0,0.0
0.0,0.0
0.0,0.0
0.0,0.0
0.0,0.0
0.0,0.0
0.0,0.0
-8.896133422851562,10.807820320129395
22.222211837768555,12.1754150390625
0.0,0.0
0.0,0.0
-8.884726524353027,11.111105918884277
22.222211837768555,10.931812286376953
0.0,0.0
0.0,0.0
-8.91594409942627,11.0496244430542
-179.8594207763672,-31.723018646240234
0.0,0.0
0.0,0.0
-8.892361640930176,11.111105918884277
22.222211837768555,12.27938175201416
0.0,0.0
0.0,0.0
0.0,0.0
0.0,0.0
0.0,0.0
0.0,0.0
0.0,0.0
0.0,0.0
0.0,0.0
0.0,0.0
0.0,0.0
0.0,0.0
0.0,0.0
0.0,0.0
0.0,0.0
0.0,0.0
0.0,0.0
0.0,0.0
0.530915379524231,19.641048431396484
0.4163514971733093,-101.95137786865234
0.0,0.0
0.0,0.0
0.0,0.0
0.0,0.0
0.0,0.0
0.0,0.0
12.309491157531738,24.095685958862305
22.213367462158203,10.440108299255371
0.0,0.0
0.0,0.0
-8.119590759277344,11.11050033569336
0.0,0.0
0.0,0.0
0.0,0.0
0.0,0.0
0.0,0.0
0.0,0.0
0.0,0.0
0.0,0.0
0.0,0.0
0.0,0.0
0.0,0.0
0.0,0.0
0.0,0.0
0.0,0.0
0.0,0.0
0.0,0.0
0.0,0.0
0.0,0.0
0.0,0.0
0.0,0.0
0.0,0.0
0.0,0.0
0.0,0.0
0.0,0.0
0.0,0.0
0.0,0.0
0.0,0.0
0.0,0.0
0.0,0.0
0.0,0.0
0.0,0.0
0.0,0.0
0.0,0.0
0.0,0.0
0.0,0.0
0.0,0.0
0.0,0.0
0.0,0.0
0.0,0.0
0.0,0.0
0.0,0.0
0.0,0.0
0.0,0.0
0.0,0.0
0.0,0.0
0.0,0.0
0.0,0.0
0.0,0.0
0.0,0.0
0.0,0.0
0.0,0.0
-8.911102294921875,10.888412475585938
22.219667434692383,11.473278999328613
0.0,0.0
0.0,0.0
0.0,0.0
0.0,0.0
0.0,0.0
0.0,0.0
-8.921540260314941,10.778078079223633
22.222211837768555,12.222216606140137
0.0,0.0
0.0,0.0
-9.252933502197266,6.905693531036377
0.0,0.0
0.0,0.0
0.0,0.0
0.0,0.0
0.0,0.0
0.0,0.0
0.0,0.0
0.0,0.0
0.0,0.0
0.0,0.0
0.0,0.0
0.0,0.0
0.0,0.0
0.0,0.0
0.0,0.0
0.0,0.0
0.0,0.0
0.0,0.0
0.0,0.0
-8.921847343444824,10.72278881072998
0.0,0.0
0.0,0.0
0.0,0.0
0.0,0.0
0.0,0.0
0.0,0.0
0.0,0.0
-8.90489673614502,11.083995819091797
-11.254419326782227,11.080405235290527
0.0,0.0
0.0,0.0
-8.861034393310547,10.610525131225586
0.0,0.0
0.0,0.0
0.0,0.0
0.0,0.0
0.0,0.0
0.0,0.0
0.0,0.0
0.0,0.0
0.0,0.0
0.0,0.0
0.0,0.0
0.0,0.0
0.0,0.0
0.0,0.0
0.0,0.0
0.0,0.0
0.0,0.0
0.0,0.0
0.0,0.0
0.0,0.0
0.0,0.0
0.0,0.0
0.0,0.0
0.0,0.0
0.0,0.0
0.0,0.0
0.0,0.0
0.0,0.0
0.0,0.0
0.0,0.0
0.0,0.0
0.0,0.0
0.0,0.0
0.0,0.0
0.0,0.0
0.0,0.0
0.0,0.0
0.0,0.0
0.0,0.0
0.0,0.0
0.0,0.0
0.0,0.0
0.0,0.0
0.0,0.0
0.0,0.0
0.0,0.0
0.0,0.0
0.0,0.0
0.0,0.0
0.0,0.0
0.0,0.0
0.0,0.0
0.0,0.0
0.0,0.0
0.0,0.0
0.0,0.0
0.0,0.0
0.0,0.0
0.0,0.0
0.0,0.0
0.0,0.0
0.0,0.0
0.0,0.0
0.0,0.0
0.0,0.0
33.33331298828125,-23.382991790771484
66.6666259765625,-52.04155349731445
-9.74654483795166,4.164942264556885
9.6029052734375,0.0
0.0,0.0
0.0,0.0
0.0,1.909999966621399
0.0,0.0
33.33331298828125,-12.887974739074707
66.6666259765625,-22.436559677124023
-9.778017044067383,2.582092523574829
16.28795623779297,0.0
0.0,0.0
0.0,0.0
-1.8809000253677368,5.648526668548584
0.0,0.0
0.0,0.0
0.0,0.0
-6.818150043487549,7.221855163574219
10.738643646240234,0.0
0.0,0.0
0.0,0.0
-1.0,2.3574206829071045
0.0,0.0
0.0,0.0
0.0,0.0
-9.04920768737793,6.444648742675781
3.912975311279297,7.85943078994751
0.0,0.0
0.0,0.0
-5.04925537109375,1.6097924709320068
0.0,0.0
33.33331298828125,-23.716209411621094
66.6666259765625,-35.20569610595703
-9.944183349609375,-0.2983165681362152
2.0,4.492762088775635
33.33331298828125,-26.4014835357666
0.0,0.0
-2.6757876873016357,2.5212206840515137
0.0,0.0
33.33331298828125,-24.69327163696289
66.6666259765625,-40.23528289794922
-9.225292205810547,7.217950820922852
16.822040557861328,5.00070858001709
33.33331298828125,-26.665973663330078
60.35791015625,-5.548316955566406
-5.10029935836792,4.4503679275512695
10.738643646240234,1.0199999809265137
0.0,0.0
0.0,0.0
-3.241253137588501,9.042165756225586
5.476200103759766,0.0
0.0,0.0
0.0,0.0
-1.0,3.1082711219787598
0.0,0.0
0.0,0.0
0.0,0.0
-6.400217056274414,6.182492256164551
12.71267032623291,1.0698333978652954
0.0,0.0
0.0,0.0
-5.817325592041016,7.362876892089844
16.28795623779297,3.0121653079986572
0.0,0.0
0.0,0.0
0.0,0.0
0.0,0.0
0.0,0.0
0.0,0.0
0.0,0.0
0.0,0.0
0.0,0.0
0.0,0.0
0.0,0.0
0.0,0.0
0.0,0.0
0.0,0.0
0.0,0.0
0.0,0.0
0.0,0.0
0.0,0.0
0.0,0.0
0.0,0.0
0.0,0.0
0.0,0.0
0.0,0.0
0.0,0.0
0.0,0.0
0.0,0.0
0.0,0.0
0.0,0.0
0.0,0.0
0.0,0.0
0.0,0.0
0.0,0.0
0.0,0.0
0.0,0.0
0.0,0.0
0.0,0.0
0.0,0.0
0.0,0.0
0.0,0.0
0.0,0.0
0.0,0.0
0.0,0.0
0.0,0.0
0.0,0.0
0.0,0.0
0.0,0.0
0.0,0.0
0.0,0.0
0.0,0.0
0.0,0.0
0.0,0.0
0.0,0.0
0.0,0.0
0.0,0.0
0.0,0.0
0.0,0.0
0.0,0.0
0.0,0.0
0.0,0.0
0.0,0.0
0.0,0.0
0.0,0.0
0.0,0.0
0.0,0.0
0.0,0.0
0.0,0.0
-9.197959899902344,7.676974296569824
0.0,0.0
0.0,0.0
0.0,0.0
0.0,0.0
0.0,0.0
33.33331298828125,-1.2204803228378296
0.0,0.0
-10.494322776794434,-6.693358898162842
0.0,0.0
0.0,0.0
0.0,0.0
-5.874788284301758,-5.886082649230957
0.0,0.0
0.0,0.0
0.0,0.0
-10.19395637512207,-1.9391502141952515
0.0,0.0
0.0,0.0
0.0,0.0
0.0,0.0
0.0,0.0
22.20825958251953,11.65841007232666
0.0,0.0
-9.746981620788574,2.5552639961242676
0.0,0.0
0.0,0.0
0.0,0.0
-9.65711498260498,-0.09383093565702438
0.0,0.0
0.0,0.0
0.0,0.0
-4.581442832946777,8.50456428527832
0.0,0.0
0.0,0.0
0.0,0.0
0.0,0.0
0.0,0.0
33.33331298828125,14.951950073242188
0.0,0.0
-10.811601638793945,-7.6895880699157715
0.0,0.0
0.0,0.0
0.0,0.0
-2.7100000381469727,-1.0
0.0,0.0
0.0,0.0
0.0,0.0
-8.835505485534668,7.508047103881836
0.0,0.0
0.0,0.0
0.0,0.0
0.0,0.0
0.0,0.0
20.90993309020996,6.009983062744141
0.0,0.0
-10.212573051452637,-0.8681005239486694
0.0,0.0
0.0,0.0
0.0,0.0
-8.503931045532227,-0.43072018027305603
0.0,0.0
0.0,0.0
0.0,0.0
0.0,0.0
0.0,0.0
0.0,0.0
0.0,0.0
0.0,0.0
0.0,0.0
0.0,0.0
0.0,0.0
0.0,0.0
0.0,0.0
0.0,0.0
0.0,0.0
0.0,0.0
0.0,0.0
0.0,0.0
0.0,0.0
-9.33209228515625,6.324526786804199
22.222211837768555,10.029842376708984
0.0,0.0
0.0,0.0
0.0,0.0
0.0,0.0
0.0,0.0
0.0,0.0
-33.3034553527832,10.36474609375
-19.778644561767578,-189.86773681640625
0.0,0.0
0.0,0.0
0.0,0.0
0.0,0.0
0.0,0.0
0.0,0.0
0.0,0.0
0.0,0.0
0.0,0.0
0.0,0.0
0.0,0.0
0.0,0.0
0.0,0.0
0.0,0.0
0.0,0.0
0.0,0.0
0.0,0.0
0.0,0.0
0.0,0.0
0.0,0.0
0.0,0.0
0.0,0.0
-9.637978553771973,11.090448379516602
-4.5497894287109375,-152.60047912597656
0.0,0.0
0.0,0.0
-291.6956787109375,-144.41197204589844
0.0,0.0
0.0,0.0
0.0,0.0
-10.541570663452148,10.132865905761719
-110.68733215332031,11.165445327758789
0.0,0.0
0.0,0.0
-200.91000366210938,-198.26190185546875
0.0,0.0
0.0,0.0
0.0,0.0
0.0,0.0
0.0,0.0
0.0,0.0
0.0,0.0
0.0,0.0
0.0,0.0
0.0,0.0
0.0,0.0
0.0,0.0
0.0,0.0
0.0,0.0
0.0,0.0
0.0,0.0
0.0,0.0
0.0,0.0
0.0,0.0
0.0,0.0
0.0,0.0
0.0,0.0
0.0,0.0
0.0,0.0
0.0,0.0
0.0,0.0
0.0,0.0
0.0,0.0
0.0,0.0
0.0,0.0
0.0,0.0
0.0,0.0
0.0,0.0
0.0,0.0
0.0,0.0
0.0,0.0
0.0,0.0
0.0,0.0
0.0,0.0
0.0,0.0
0.0,0.0
0.0,0.0
0.0,0.0
0.0,0.0
0.0,0.0
0.0,0.0
0.0,0.0
0.0,0.0
0.0,0.0
0.0,0.0
0.0,0.0
0.0,0.0
0.0,0.0
0.0,0.0
0.0,0.0
0.0,0.0
0.0,0.0
0.0,0.0
0.0,0.0
0.0,0.0
0.0,0.0
0.0,0.0
0.0,0.0
0.0,0.0
0.0,0.0
0.0,0.0
0.0,0.0
0.0,0.0
0.0,0.0
0.0,0.0
0.0,0.0
0.0,0.0
0.0,0.0
0.0,0.0
0.0,0.0
0.0,0.0
0.0,0.0
0.0,0.0
0.0,0.0
0.0,0.0
0.0,0.0
0.0,0.0
0.0,0.0
-8.888994216918945,11.109589576721191
22.023723602294922,7.884540557861328
0.0,0.0
0.0,0.0
0.0,0.0
0.0,0.0
0.0,0.0
0.0,0.0
-8.888885498046875,11.11109447479248
21.667404174804688,10.780295372009277
0.0,0.0
0.0,0.0
0.0,0.0
0.0,0.0
0.0,0.0
0.0,0.0
0.0,0.0
0.0,0.0
0.0,0.0
0.0,0.0
0.0,0.0
0.0,0.0
0.0,0.0
0.0,0.0
0.0,0.0
0.0,0.0
0.0,0.0
0.0,0.0
0.0,0.0
0.0,0.0
0.0,0.0
0.0,0.0
-8.979780197143555,11.111105918884277
22.22203826904297,11.144062995910645
0.0,0.0
0.0,0.0
0.0,0.0
0.0,0.0
0.0,0.0
0.0,0.0
-8.89552116394043,11.066176414489746
20.637523651123047,4.672780990600586
0.0,0.0
0.0,0.0
0.0,0.0
0.0,0.0
0.0,0.0
0.0,0.0
0.0,0.0
0.0,0.0
0.0,0.0
0.0,0.0
0.0,0.0
0.0,0.0
0.0,0.0
0.0,0.0
0.0,0.0
0.0,0.0
0.0,0.0
0.0,0.0
0.0,0.0
0.0,0.0
0.0,0.0
0.0,0.0
0.0,0.0
0.0,0.0
0.0,0.0
0.0,0.0
0.0,0.0
0.0,0.0
0.0,0.0
0.0,0.0
0.0,0.0
0.0,0.0
0.0,0.0
0.0,0.0
0.0,0.0
0.0,0.0
0.0,0.0
0.0,0.0
0.0,0.0
0.0,0.0
0.0,0.0
0.0,0.0
0.0,0.0
0.0,0.0
0.0,0.0
0.0,0.0
0.0,0.0
0.0,0.0
0.0,0.0
0.0,0.0
0.0,0.0
0.0,0.0
0.0,0.0
0.0,0.0
0.0,0.0
0.0,0.0
0.0,0.0
0.0,0.0
0.0,0.0
0.0,0.0
0.0,0.0
0.0,0.0
0.0,0.0
0.0,0.0
0.0,0.0
0.0,0.0
0.0,0.0
0.0,0.0
33.32815933227539,-23.638057708740234
47.103153228759766,-5.790499687194824
-4.281976699829102,11.096022605895996
2.0,0.0
0.0,0.0
0.0,0.0
0.0,0.0
0.0,0.0
33.33331298828125,-68.58881378173828
54.458404541015625,-22.80866241455078
-4.820194721221924,10.187180519104004
2.0,0.0
0.0,0.0
0.0,0.0
0.0,0.0
0.0,0.0
21.986295700073242,11.457685470581055
37.64025115966797,2.2968549728393555
-11.111090660095215,-70.92222595214844
22.222211837768555,12.069686889648438
0.0,0.0
0.0,0.0
0.0,0.0
0.0,0.0
22.222200393676758,12.074681282043457
47.889060974121094,3.676236391067505
-156.0059356689453,-34.87091064453125
22.222211837768555,12.206783294677734
0.0,0.0
0.0,0.0
0.0,0.0
0.0,0.0
33.33317565917969,-20.619617462158203
38.13801193237305,-5.618619918823242
-6.697482585906982,11.110373497009277
0.0,0.0
14.40435791015625,-7.789781093597412
0.0,0.0
0.0,0.0
0.0,0.0
33.33331298828125,-24.36429786682129
53.25099563598633,-10.880758285522461
-3.2565619945526123,11.049018859863281
0.0,0.0
16.10796546936035,0.0
0.0,0.0
0.0,0.0
0.0,0.0
-97.51199340820312,11.11559009552002
29.4304141998291,2.328056573867798
-23.585716247558594,11.110572814941406
22.222211837768555,12.017029762268066
9.6029052734375,1.0199999809265137
0.0,0.0
-160.73033142089844,10.96990966796875
0.0,0.0
-179.77781677246094,11.107868194580078
42.05509948730469,2.4552786350250244
-94.77234649658203,5.847766876220703
22.222211837768555,12.208827018737793
11.772165298461914,0.0
0.0,0.0
-382.0999755859375,-157.50738525390625
0.0,0.0
0.0,0.0
0.0,0.0
0.0,0.0
0.0,0.0
0.0,0.0
0.0,0.0
0.0,0.0
0.0,0.0
0.0,0.0
0.0,0.0
0.0,0.0
0.0,0.0
0.0,0.0
0.0,0.0
0.0,0.0
0.0,0.0
0.0,0.0
0.0,0.0
0.0,0.0
0.0,0.0
0.0,0.0
0.0,0.0
0.0,0.0
0.0,0.0
0.0,0.0
0.0,0.0
0.0,0.0
0.0,0.0
0.0,0.0
0.0,0.0
0.0,0.0
0.0,0.0
0.0,0.0
0.0,0.0
0.0,0.0
0.0,0.0
0.0,0.0
0.0,0.0
0.0,0.0
0.0,0.0
0.0,0.0
0.0,0.0
0.0,0.0
0.0,0.0
0.0,0.0
0.0,0.0
0.0,0.0
0.0,0.0
0.0,0.0
0.0,0.0
0.0,0.0
0.0,0.0
0.0,0.0
0.0,0.0
0.0,0.0
0.0,0.0
0.0,0.0
0.0,0.0
0.0,0.0
0.0,0.0
0.0,0.0
0.0,0.0
0.0,0.0
0.0,0.0
0.0,0.0
0.0,0.0
-1.0,1.909999966621399
0.0,0.0
0.0,0.0
0.0,0.0
0.0,0.0
0.0,0.0
33.27867126464844,-13.840065002441406
0.0,0.0
-3.235851764678955,10.28273868560791
0.0,0.0
0.0,0.0
0.0,0.0
0.0,0.0
0.0,0.0
0.0,0.0
0.0,0.0
-8.888895988464355,11.111099243164062
0.0,0.0
0.0,0.0
0.0,0.0
0.0,0.0
0.0,0.0
9.84525203704834,11.110109329223633
0.0,0.0
-11.10579776763916,-42.503143310546875
0.0,0.0
0.0,0.0
0.0,0.0
0.0,0.0
0.0,0.0
0.0,0.0
0.0,0.0
0.0,0.0
0.0,0.0
0.0,0.0
0.0,0.0
0.0,0.0
0.0,0.0
0.0,0.0
0.0,0.0
-1.0,1.0
0.0,0.0
0.0,0.0
0.0,0.0
0.0,0.0
0.0,0.0
0.0,0.0
0.0,0.0
-3.946178674697876,7.528049945831299
0.0,0.0
0.0,0.0
0.0,0.0
0.0,0.0
0.0,0.0
2.0,0.0
0.0,0.0
-8.683920860290527,11.110440254211426
0.0,0.0
0.0,0.0
0.0,0.0
0.0,0.0
0.0,0.0
0.0,0.0
0.0,0.0
0.0,0.0
0.0,0.0
0.0,0.0
0.0,0.0
0.0,0.0
0.0,0.0
0.0,0.0
0.0,0.0
0.0,0.0
0.0,0.0
0.0,0.0
0.0,0.0
0.0,0.0
0.0,0.0
0.0,0.0
0.0,0.0
0.0,0.0
0.0,0.0
0.0,0.0
0.0,0.0
0.0,0.0
0.0,0.0
0.0,0.0
0.0,0.0
0.0,0.0
0.0,0.0
0.0,0.0
0.0,0.0
0.0,0.0
0.0,0.0
0.0,0.0
0.0,0.0
0.0,0.0
0.0,0.0
0.0,0.0
0.0,0.0
0.0,0.0
0.0,0.0
0.0,0.0
0.0,0.0
0.0,0.0
0.0,0.0
0.0,0.0
0.0,0.0
0.0,0.0
0.0,0.0
0.0,0.0
0.0,0.0
0.0,0.0
0.0,0.0
0.0,0.0
0.0,0.0
0.0,0.0
0.0,0.0
0.0,0.0
0.0,0.0
0.0,0.0
0.0,0.0
0.0,0.0
0.0,0.0
0.0,0.0
0.0,0.0
