-7.539229869842529,9.999996185302734
0.0,0.0
0.0,0.0
0.0,0.0
0.0,0.0
0.0,0.0
0.0,0.0
0.0,0.0
0.0,0.0
0.0,0.0
0.0,0.0
0.0,0.0
0.0,0.0
0.0,0.0
0.0,0.0
0.0,0.0
0.0,0.0
0.0,0.0
-4.060266017913818,29.718273162841797
19.431617736816406,1.1682204008102417
0.0,0.0
0.0,0.0
0.0,0.0
0.0,0.0
0.0,0.0
0.0,0.0
-4.950244903564453,28.07320213317871
16.822040557861328,1.1356853246688843
0.0,0.0
0.0,0.0
0.0,0.0
0.0,0.0
0.0,0.0
0.0,0.0
0.0,0.0
0.0,0.0
0.0,0.0
0.0,0.0
0.0,0.0
0.0,0.0
0.0,0.0
0.0,0.0
0.0,0.0
0.0,0.0
0.0,0.0
0.0,0.0
0.0,0.0
0.0,0.0
0.0,0.0
0.0,0.0
-8.889850616455078,11.110727310180664
0.0,0.0
0.0,0.0
0.0,0.0
-8.817177772521973,11.11108684539795
0.0,0.0
0.0,0.0
0.0,0.0
-8.889985084533691,11.110401153564453
9.6029052734375,0.0
0.0,0.0
0.0,0.0
-7.733152866363525,11.110942840576172
0.0,0.0
0.0,0.0
0.0,0.0
0.0,0.0
0.0,0.0
0.0,0.0
0.0,0.0
0.0,0.0
0.0,0.0
0.0,0.0
0.0,0.0
0.0,0.0
0.0,0.0
0.0,0.0
0.0,0.0
0.0,0.0
0.0,0.0
0.0,0.0
0.0,0.0
-8.913002967834473,11.065116882324219
22.222211837768555,11.87299633026123
0.0,0.0
0.0,0.0
-4.355650424957275,10.878594398498535
5.476200103759766,1.0199999809265137
0.0,0.0
0.0,0.0
-8.91915512084961,11.089367866516113
22.22214698791504,-165.18177795410156
0.0,0.0
0.0,0.0
-7.3056440353393555,9.748408317565918
-141.60984802246094,11.094365119934082
0.0,0.0
0.0,0.0
0.0,0.0
0.0,0.0
0.0,0.0
0.0,0.0
0.0,0.0
0.0,0.0
0.0,0.0
0.0,0.0
0.0,0.0
0.0,0.0
0.0,0.0
0.0,0.0
0.0,0.0
0.0,0.0
0.0,0.0
0.0,0.0
-8.888911247253418,11.111104011535645
22.222135543823242,11.941571235656738
0.0,0.0
0.0,0.0
-8.268421173095703,11.111090660095215
22.221210479736328,8.89146614074707
0.0,0.0
0.0,0.0
-8.913430213928223,11.09627914428711
-141.6324462890625,10.176901817321777
0.0,0.0
0.0,0.0
-8.878077507019043,11.111105918884277
22.222204208374023,11.319143295288086
0.0,0.0
0.0,0.0
0.0,0.0
0.0,0.0
0.0,0.0
0.0,0.0
0.0,0.0
0.0,0.0
0.0,0.0
0.0,0.0
0.0,0.0
0.0,0.0
0.0,0.0
0.0,0.0
0.0,0.0
0.0,0.0
0.0,0.0
0.0,0.0
0.8039606213569641,19.641048431396484
22.222204208374023,8.010324478149414
0.0,0.0
0.0,0.0
0.0,0.0
0.0,0.0
0.0,0.0
0.0,0.0
-7.595338344573975,24.578624725341797
22.085756301879883,9.205466270446777
0.0,0.0
0.0,0.0
-4.727787971496582,10.990955352783203
0.0,0.0
0.0,0.0
0.0,0.0
0.0,0.0
0.0,0.0
0.0,0.0
0.0,0.0
0.0,0.0
0.0,0.0
0.0,0.0
0.0,0.0
0.0,0.0
0.0,0.0
0.0,0.0
0.0,0.0
0.0,0.0
0.0,0.0
0.0,0.0
0.0,0.0
0.0,0.0
0.0,0.0
0.0,0.0
0.0,0.0
0.0,0.0
0.0,0.0
0.0,0.0
0.0,0.0
0.0,0.0
0.0,0.0
0.0,0.0
0.0,0.0
0.0,0.0
0.0,0.0
0.0,0.0
0.0,0.0
0.0,0.0
0.0,0.0
0.0,0.0
0.0,0.0
0.0,0.0
0.0,0.0
0.0,0.0
0.0,0.0
0.0,0.0
0.0,0.0
0.0,0.0
0.0,0.0
0.0,0.0
0.0,0.0
0.0,0.0
0.0,0.0
-8.91091251373291,10.890783309936523
10.937295913696289,10.318761825561523
0.0,0.0
0.0,0.0
0.0,0.0
0.0,0.0
0.0,0.0
0.0,0.0
-8.929325103759766,10.58590316772461
22.222211837768555,12.222216606140137
0.0,0.0
0.0,0.0
-8.99991226196289,8.544360160827637
0.0,0.0
0.0,0.0
0.0,0.0
0.0,0.0
0.0,0.0
0.0,0.0
0.0,0.0
0.0,0.0
0.0,0.0
0.0,0.0
0.0,0.0
0.0,0.0
0.0,0.0
0.0,0.0
0.0,0.0
0.0,0.0
0.0,0.0
0.0,0.0
0.0,0.0
-8.888861656188965,11.111105918884277
0.0,0.0
0.0,0.0
0.0,0.0
0.0,0.0
0.0,0.0
0.0,0.0
0.0,0.0
-8.937980651855469,10.735963821411133
-273.26422119140625,11.097380638122559
0.0,0.0
0.0,0.0
-8.542560577392578,4.52878475189209
0.0,0.0
0.0,0.0
0.0,0.0
0.0,0.0
0.0,0.0
0.0,0.0
0.0,0.0
0.0,0.0
0.0,0.0
0.0,0.0
0.0,0.0
0.0,0.0
0.0,0.0
0.0,0.0
0.0,0.0
0.0,0.0
0.0,0.0
0.0,0.0
0.0,0.0
0.0,0.0
0.0,0.0
0.0,0.0
0.0,0.0
0.0,0.0
0.0,0.0
0.0,0.0
0.0,0.0
0.0,0.0
0.0,0.0
0.0,0.0
0.0,0.0
0.0,0.0
0.0,0.0
0.0,0.0
0.0,0.0
0.0,0.0
0.0,0.0
0.0,0.0
0.0,0.0
0.0,0.0
0.0,0.0
0.0,0.0
0.0,0.0
0.0,0.0
0.0,0.0
0.0,0.0
0.0,0.0
0.0,0.0
0.0,0.0
0.0,0.0
0.0,0.0
0.0,0.0
0.0,0.0
0.0,0.0
0.0,0.0
0.0,0.0
0.0,0.0
0.0,0.0
0.0,0.0
0.0,0.0
0.0,0.0
0.0,0.0
0.0,0.0
0.0,0.0
0.0,0.0
33.33331298828125,-24.394901275634766
66.6666259765625,-18.831707000732422
-9.657593727111816,4.378306865692139
3.819999933242798,0.0
0.0,0.0
0.0,0.0
0.0,1.0
0.0,0.0
33.33331298828125,-19.591720581054688
66.6666259765625,11.428207397460938
-9.244410514831543,10.377982139587402
10.738643646240234,0.0
0.0,0.0
0.0,0.0
-1.8809000253677368,2.3574206829071045
0.0,0.0
0.0,0.0
0.0,0.0
-1.7989435195922852,5.503025531768799
5.476200103759766,0.0
0.0,0.0
0.0,0.0
-1.0,1.909999966621399
0.0,0.0
0.0,0.0
0.0,0.0
-8.32453441619873,5.468851089477539
2.041774272918701,4.177420616149902
0.0,0.0
0.0,0.0
-2.634268045425415,4.623785972595215
0.0,0.0
33.33331298828125,-22.099239349365234
66.6666259765625,-45.5499153137207
-9.699450492858887,7.312065124511719
2.0,0.0
33.33331298828125,-26.07269287109375
0.0,0.0
-1.8899999856948853,1.6716710329055786
0.0,0.0
33.33331298828125,-9.192296981811523
66.6666259765625,-52.34791564941406
-9.591445922851562,7.669916152954102
12.71267032623291,1.1073864698410034
33.33331298828125,-26.237545013427734
16.428600311279297,0.0
-5.10029935836792,2.8525609970092773
0.0,0.0
0.0,0.0
0.0,0.0
-1.0,5.802182197570801
0.0,0.0
0.0,0.0
0.0,0.0
-1.0,3.1452527046203613
0.0,0.0
0.0,0.0
0.0,0.0
-3.2604377269744873,5.164836883544922
6.983342170715332,1.0698333978652954
0.0,0.0
0.0,0.0
-2.664841651916504,6.33767557144165
6.983342170715332,2.0547618865966797
0.0,0.0
0.0,0.0
0.0,0.0
0.0,0.0
0.0,0.0
0.0,0.0
0.0,0.0
0.0,0.0
0.0,0.0
0.0,0.0
0.0,0.0
0.0,0.0
0.0,0.0
0.0,0.0
0.0,0.0
0.0,0.0
0.0,0.0
0.0,0.0
0.0,0.0
0.0,0.0
0.0,0.0
0.0,0.0
0.0,0.0
0.0,0.0
0.0,0.0
0.0,0.0
0.0,0.0
0.0,0.0
0.0,0.0
0.0,0.0
0.0,0.0
0.0,0.0
0.0,0.0
0.0,0.0
0.0,0.0
0.0,0.0
0.0,0.0
0.0,0.0
0.0,0.0
0.0,0.0
0.0,0.0
0.0,0.0
0.0,0.0
0.0,0.0
0.0,0.0
0.0,0.0
0.0,0.0
0.0,0.0
0.0,0.0
0.0,0.0
0.0,0.0
0.0,0.0
0.0,0.0
0.0,0.0
0.0,0.0
0.0,0.0
0.0,0.0
0.0,0.0
0.0,0.0
0.0,0.0
0.0,0.0
0.0,0.0
0.0,0.0
0.0,0.0
0.0,0.0
0.0,0.0
-8.450024604797363,8.431190490722656
0.0,0.0
0.0,0.0
0.0,0.0
0.0,0.0
0.0,0.0
33.33331298828125,7.2558913230896
0.0,0.0
-10.485010147094727,-6.230993270874023
0.0,0.0
0.0,0.0
0.0,0.0
-2.7290000915527344,-1.909999966621399
0.0,0.0
0.0,0.0
0.0,0.0
-10.197385787963867,-1.9725474119186401
0.0,0.0
0.0,0.0
0.0,0.0
0.0,0.0
0.0,0.0
20.803367614746094,10.804411888122559
0.0,0.0
-9.832345008850098,2.3577942848205566
0.0,0.0
0.0,0.0
0.0,0.0
-9.125795364379883,5.954667091369629
0.0,0.0
0.0,0.0
0.0,0.0
-4.045322895050049,3.5626516342163086
0.0,0.0
0.0,0.0
0.0,0.0
0.0,0.0
0.0,0.0
33.33331298828125,22.47177505493164
0.0,0.0
-10.863302230834961,-9.696512222290039
0.0,0.0
0.0,0.0
0.0,0.0
-1.899999976158142,0.0
0.0,0.0
0.0,0.0
0.0,0.0
-7.441905975341797,6.410621166229248
0.0,0.0
0.0,0.0
0.0,0.0
0.0,0.0
0.0,0.0
15.701050758361816,3.8191511631011963
0.0,0.0
-10.018607139587402,4.9579973220825195
0.0,0.0
0.0,0.0
0.0,0.0
-7.476319313049316,4.268680572509766
0.0,0.0
0.0,0.0
0.0,0.0
0.0,0.0
0.0,0.0
0.0,0.0
0.0,0.0
0.0,0.0
0.0,0.0
0.0,0.0
0.0,0.0
0.0,0.0
0.0,0.0
0.0,0.0
0.0,0.0
0.0,0.0
0.0,0.0
0.0,0.0
0.0,0.0
-26.42021369934082,-4.3888258934021
21.941856384277344,-66.59691619873047
0.0,0.0
0.0,0.0
0.0,0.0
0.0,0.0
0.0,0.0
0.0,0.0
-9.888718605041504,10.697038650512695
22.222211837768555,12.219732284545898
0.0,0.0
0.0,0.0
0.0,0.0
0.0,0.0
0.0,0.0
0.0,0.0
0.0,0.0
0.0,0.0
0.0,0.0
0.0,0.0
0.0,0.0
0.0,0.0
0.0,0.0
0.0,0.0
0.0,0.0
0.0,0.0
0.0,0.0
0.0,0.0
0.0,0.0
0.0,0.0
0.0,0.0
0.0,0.0
-67.29226684570312,9.90226936340332
22.222179412841797,9.998215675354004
0.0,0.0
0.0,0.0
-188.16546630859375,-239.00489807128906
0.0,0.0
0.0,0.0
0.0,0.0
-10.923951148986816,6.350937366485596
22.222211837768555,12.22217845916748
0.0,0.0
0.0,0.0
-200.91000366210938,-198.26190185546875
0.0,0.0
0.0,0.0
0.0,0.0
0.0,0.0
0.0,0.0
0.0,0.0
0.0,0.0
0.0,0.0
0.0,0.0
0.0,0.0
0.0,0.0
0.0,0.0
0.0,0.0
0.0,0.0
0.0,0.0
0.0,0.0
0.0,0.0
0.0,0.0
0.0,0.0
0.0,0.0
0.0,0.0
0.0,0.0
0.0,0.0
0.0,0.0
0.0,0.0
0.0,0.0
0.0,0.0
0.0,0.0
0.0,0.0
0.0,0.0
0.0,0.0
0.0,0.0
0.0,0.0
0.0,0.0
0.0,0.0
0.0,0.0
0.0,0.0
0.0,0.0
0.0,0.0
0.0,0.0
0.0,0.0
0.0,0.0
0.0,0.0
0.0,0.0
0.0,0.0
0.0,0.0
0.0,0.0
0.0,0.0
0.0,0.0
0.0,0.0
0.0,0.0
0.0,0.0
0.0,0.0
0.0,0.0
0.0,0.0
0.0,0.0
0.0,0.0
0.0,0.0
0.0,0.0
0.0,0.0
0.0,0.0
0.0,0.0
0.0,0.0
0.0,0.0
0.0,0.0
0.0,0.0
0.0,0.0
0.0,0.0
0.0,0.0
0.0,0.0
0.0,0.0
0.0,0.0
0.0,0.0
0.0,0.0
0.0,0.0
0.0,0.0
0.0,0.0
0.0,0.0
0.0,0.0
0.0,0.0
0.0,0.0
0.0,0.0
0.0,0.0
-8.888994216918945,11.109589576721191
21.405376434326172,5.635986804962158
0.0,0.0
0.0,0.0
0.0,0.0
0.0,0.0
0.0,0.0
0.0,0.0
-8.888885498046875,11.111105918884277
5.573841571807861,8.143978118896484
0.0,0.0
0.0,0.0
0.0,0.0
0.0,0.0
0.0,0.0
0.0,0.0
0.0,0.0
0.0,0.0
0.0,0.0
0.0,0.0
0.0,0.0
0.0,0.0
0.0,0.0
0.0,0.0
0.0,0.0
0.0,0.0
0.0,0.0
0.0,0.0
0.0,0.0
0.0,0.0
0.0,0.0
0.0,0.0
-85.97954559326172,11.111105918884277
22.16912841796875,8.408201217651367
0.0,0.0
0.0,0.0
0.0,0.0
0.0,0.0
0.0,0.0
0.0,0.0
-8.888885498046875,11.111105918884277
17.30805778503418,3.868027448654175
0.0,0.0
0.0,0.0
0.0,0.0
0.0,0.0
0.0,0.0
0.0,0.0
0.0,0.0
0.0,0.0
0.0,0.0
0.0,0.0
0.0,0.0
0.0,0.0
0.0,0.0
0.0,0.0
0.0,0.0
0.0,0.0
0.0,0.0
0.0,0.0
0.0,0.0
0.0,0.0
0.0,0.0
0.0,0.0
0.0,0.0
0.0,0.0
0.0,0.0
0.0,0.0
0.0,0.0
0.0,0.0
0.0,0.0
0.0,0.0
0.0,0.0
0.0,0.0
0.0,0.0
0.0,0.0
0.0,0.0
0.0,0.0
0.0,0.0
0.0,0.0
0.0,0.0
0.0,0.0
0.0,0.0
0.0,0.0
0.0,0.0
0.0,0.0
0.0,0.0
0.0,0.0
0.0,0.0
0.0,0.0
0.0,0.0
0.0,0.0
0.0,0.0
0.0,0.0
0.0,0.0
0.0,0.0
0.0,0.0
0.0,0.0
0.0,0.0
0.0,0.0
0.0,0.0
0.0,0.0
0.0,0.0
0.0,0.0
0.0,0.0
0.0,0.0
0.0,0.0
0.0,0.0
0.0,0.0
0.0,0.0
33.205596923828125,-22.04705047607422
32.2159309387207,-5.790499687194824
-1.8582258224487305,10.738507270812988
2.0,0.0
0.0,0.0
0.0,0.0
0.0,0.0
0.0,0.0
33.32332229614258,-160.25711059570312
43.04208755493164,-15.302923202514648
-3.836059093475342,10.240397453308105
2.0,0.0
0.0,0.0
0.0,0.0
0.0,0.0
0.0,0.0
17.397716522216797,11.15769100189209
24.00726318359375,2.2968549728393555
-8.920964241027832,11.111105918884277
22.220600128173828,9.861492156982422
0.0,0.0
0.0,0.0
0.0,0.0
0.0,0.0
22.194761276245117,11.010123252868652
39.252628326416016,2.4591779708862305
-10.852762222290039,9.77920913696289
22.222211837768555,12.06544303894043
0.0,0.0
0.0,0.0
0.0,0.0
0.0,0.0
33.30229568481445,-11.057428359985352
16.428600311279297,0.0
-4.76025915145874,10.966012954711914
0.0,0.0
10.47501277923584,-2.9178569316864014
0.0,0.0
0.0,0.0
0.0,0.0
33.32124328613281,-19.329696655273438
43.04208755493164,-6.0
-2.6210732460021973,10.240397453308105
0.0,0.0
12.532261848449707,0.0
0.0,0.0
0.0,0.0
0.0,0.0
22.158048629760742,9.921749114990234
13.690500259399414,0.0
-10.150568962097168,10.902558326721191
22.208032608032227,9.650541305541992
5.476200103759766,1.0199999809265137
0.0,0.0
-326.2290344238281,6.4840006828308105
0.0,0.0
22.213367462158203,9.21269416809082
33.92132568359375,1.2400726079940796
-11.085405349731445,-204.85748291015625
22.222211837768555,12.099814414978027
9.6029052734375,0.0
0.0,0.0
-290.14324951171875,-138.95396423339844
0.0,0.0
0.0,0.0
0.0,0.0
0.0,0.0
0.0,0.0
0.0,0.0
0.0,0.0
0.0,0.0
0.0,0.0
0.0,0.0
0.0,0.0
0.0,0.0
0.0,0.0
0.0,0.0
0.0,0.0
0.0,0.0
0.0,0.0
0.0,0.0
0.0,0.0
0.0,0.0
0.0,0.0
0.0,0.0
0.0,0.0
0.0,0.0
0.0,0.0
0.0,0.0
0.0,0.0
0.0,0.0
0.0,0.0
0.0,0.0
0.0,0.0
0.0,0.0
0.0,0.0
0.0,0.0
0.0,0.0
0.0,0.0
0.0,0.0
0.0,0.0
0.0,0.0
0.0,0.0
0.0,0.0
0.0,0.0
0.0,0.0
0.0,0.0
0.0,0.0
0.0,0.0
0.0,0.0
0.0,0.0
0.0,0.0
0.0,0.0
0.0,0.0
0.0,0.0
0.0,0.0
0.0,0.0
0.0,0.0
0.0,0.0
0.0,0.0
0.0,0.0
0.0,0.0
0.0,0.0
0.0,0.0
0.0,0.0
0.0,0.0
0.0,0.0
0.0,0.0
0.0,0.0
0.0,0.0
-1.0,0.0
0.0,0.0
0.0,0.0
0.0,0.0
0.0,0.0
0.0,0.0
32.21552276611328,-7.1034746170043945
0.0,0.0
-1.8726190328598022,7.365146160125732
0.0,0.0
0.0,0.0
0.0,0.0
0.0,0.0
0.0,0.0
0.0,0.0
0.0,0.0
-8.88893985748291,11.111102104187012
0.0,0.0
0.0,0.0
0.0,0.0
0.0,0.0
0.0,0.0
7.20279598236084,11.094139099121094
0.0,0.0
-8.888894081115723,11.111104965209961
0.0,0.0
0.0,0.0
0.0,0.0
0.0,0.0
0.0,0.0
0.0,0.0
0.0,0.0
0.0,0.0
0.0,0.0
0.0,0.0
0.0,0.0
0.0,0.0
0.0,0.0
0.0,0.0
0.0,0.0
-1.0,0.0
0.0,0.0
0.0,0.0
0.0,0.0
0.0,0.0
0.0,0.0
0.0,0.0
0.0,0.0
-2.651035785675049,4.177420616149902
0.0,0.0
0.0,0.0
0.0,0.0
0.0,0.0
0.0,0.0
2.0,0.0
0.0,0.0
-8.299935340881348,11.072362899780273
0.0,0.0
0.0,0.0
0.0,0.0
0.0,0.0
0.0,0.0
0.0,0.0
0.0,0.0
0.0,0.0
0.0,0.0
0.0,0.0
0.0,0.0
0.0,0.0
0.0,0.0
0.0,0.0
0.0,0.0
0.0,0.0
0.0,0.0
0.0,0.0
0.0,0.0
0.0,0.0
0.0,0.0
0.0,0.0
0.0,0.0
0.0,0.0
0.0,0.0
0.0,0.0
0.0,0.0
0.0,0.0
0.0,0.0
0.0,0.0
0.0,0.0
0.0,0.0
0.0,0.0
0.0,0.0
0.0,0.0
0.0,0.0
0.0,0.0
0.0,0.0
0.0,0.0
0.0,0.0
0.0,0.0
0.0,0.0
0.0,0.0
0.0,0.0
0.0,0.0
0.0,0.0
0.0,0.0
0.0,0.0
0.0,0.0
0.0,0.0
0.0,0.0
0.0,0.0
0.0,0.0
0.0,0.0
0.0,0.0
0.0,0.0
0.0,0.0
0.0,0.0
0.0,0.0
0.0,0.0
0.0,0.0
0.0,0.0
0.0,0.0
0.0,0.0
0.0,0.0
0.0,0.0
0.0,0.0
0.0,0.0
0.0,0.0
