-8.834243774414062,9.999994277954102
0.0,0.0
0.0,0.0
0.0,0.0
0.0,0.0
0.0,0.0
0.0,0.0
0.0,0.0
0.0,0.0
0.0,0.0
0.0,0.0
0.0,0.0
0.0,0.0
0.0,0.0
0.0,0.0
0.0,0.0
0.0,0.0
0.0,0.0
9.34502124786377,25.94025230407715
9.6029052734375,1.0199999809265137
0.0,0.0
0.0,0.0
0.0,0.0
0.0,0.0
0.0,0.0
0.0,0.0
9.443819999694824,29.751405715942383
5.476200103759766,0.0
0.0,0.0
0.0,0.0
0.0,0.0
0.0,0.0
0.0,0.0
0.0,0.0
0.0,0.0
0.0,0.0
0.0,0.0
0.0,0.0
0.0,0.0
0.0,0.0
0.0,0.0
0.0,0.0
0.0,0.0
0.0,0.0
0.0,0.0
0.0,0.0
0.0,0.0
0.0,0.0
0.0,0.0
0.0,0.0
-8.88536262512207,11.103862762451172
13.568530082702637,1.0835484266281128
0.0,0.0
0.0,0.0
-7.84254264831543,11.11106014251709
0.0,0.0
0.0,0.0
0.0,0.0
-8.878503799438477,11.075881004333496
0.0,0.0
0.0,0.0
0.0,0.0
-3.906903028488159,10.240397453308105
0.0,0.0
0.0,0.0
0.0,0.0
0.0,0.0
0.0,0.0
0.0,0.0
0.0,0.0
0.0,0.0
0.0,0.0
0.0,0.0
0.0,0.0
0.0,0.0
0.0,0.0
0.0,0.0
0.0,0.0
0.0,0.0
0.0,0.0
0.0,0.0
0.0,0.0
-8.760272026062012,10.843290328979492
22.22139549255371,10.164756774902344
0.0,0.0
0.0,0.0
-6.346064567565918,9.841385841369629
0.0,0.0
0.0,0.0
0.0,0.0
-8.888626098632812,11.11109447479248
-23.095487594604492,-102.20516204833984
0.0,0.0
0.0,0.0
-5.669391632080078,10.966012954711914
-109.55904388427734,13.015765190124512
0.0,0.0
0.0,0.0
0.0,0.0
0.0,0.0
0.0,0.0
0.0,0.0
0.0,0.0
0.0,0.0
0.0,0.0
0.0,0.0
0.0,0.0
0.0,0.0
0.0,0.0
0.0,0.0
0.0,0.0
0.0,0.0
0.0,0.0
0.0,0.0
-6.233091831207275,11.097939491271973
22.217647552490234,9.017982482910156
0.0,0.0
0.0,0.0
-6.501333236694336,11.109501838684082
20.308565139770508,1.0960290431976318
0.0,0.0
0.0,0.0
-8.852957725524902,11.110861778259277
22.222209930419922,11.83025074005127
0.0,0.0
0.0,0.0
-8.083688735961914,11.11109733581543
22.128639221191406,5.534099102020264
0.0,0.0
0.0,0.0
0.0,0.0
0.0,0.0
0.0,0.0
0.0,0.0
0.0,0.0
0.0,0.0
0.0,0.0
0.0,0.0
0.0,0.0
0.0,0.0
0.0,0.0
0.0,0.0
0.0,0.0
0.0,0.0
0.0,0.0
0.0,0.0
-1.708757996559143,17.983030319213867
19.837818145751953,12.072647094726562
0.0,0.0
0.0,0.0
0.0,0.0
0.0,0.0
0.0,0.0
0.0,0.0
1.112900733947754,19.99413299560547
20.78150749206543,6.545317649841309
0.0,0.0
0.0,0.0
-1.8411391973495483,8.143978118896484
0.0,0.0
0.0,0.0
0.0,0.0
0.0,0.0
0.0,0.0
0.0,0.0
0.0,0.0
0.0,0.0
0.0,0.0
0.0,0.0
0.0,0.0
0.0,0.0
0.0,0.0
0.0,0.0
0.0,0.0
0.0,0.0
0.0,0.0
0.0,0.0
0.0,0.0
0.0,0.0
0.0,0.0
0.0,0.0
0.0,0.0
0.0,0.0
0.0,0.0
0.0,0.0
0.0,0.0
0.0,0.0
0.0,0.0
0.0,0.0
0.0,0.0
0.0,0.0
0.0,0.0
0.0,0.0
0.0,0.0
0.0,0.0
0.0,0.0
0.0,0.0
0.0,0.0
0.0,0.0
0.0,0.0
0.0,0.0
0.0,0.0
0.0,0.0
0.0,0.0
0.0,0.0
0.0,0.0
0.0,0.0
0.0,0.0
0.0,0.0
0.0,0.0
-8.912796974182129,10.872188568115234
0.0,0.0
0.0,0.0
0.0,0.0
0.0,0.0
0.0,0.0
0.0,0.0
0.0,0.0
-8.938410758972168,10.615876197814941
22.222209930419922,12.222214698791504
0.0,0.0
0.0,0.0
-8.231858253479004,4.9405837059021
5.476200103759766,0.0
0.0,0.0
0.0,0.0
0.0,0.0
0.0,0.0
0.0,0.0
0.0,0.0
0.0,0.0
0.0,0.0
0.0,0.0
0.0,0.0
0.0,0.0
0.0,0.0
0.0,0.0
0.0,0.0
0.0,0.0
0.0,0.0
0.0,0.0
0.0,0.0
-8.80789566040039,10.94658088684082
0.0,0.0
0.0,0.0
0.0,0.0
0.0,0.0
0.0,0.0
0.0,0.0
0.0,0.0
-8.931628227233887,10.593499183654785
22.18906021118164,4.963212013244629
0.0,0.0
0.0,0.0
-4.464905738830566,9.023697853088379
0.0,0.0
0.0,0.0
0.0,0.0
0.0,0.0
0.0,0.0
0.0,0.0
0.0,0.0
0.0,0.0
0.0,0.0
0.0,0.0
0.0,0.0
0.0,0.0
0.0,0.0
0.0,0.0
0.0,0.0
0.0,0.0
0.0,0.0
0.0,0.0
0.0,0.0
0.0,0.0
0.0,0.0
0.0,0.0
0.0,0.0
0.0,0.0
0.0,0.0
0.0,0.0
0.0,0.0
0.0,0.0
0.0,0.0
0.0,0.0
0.0,0.0
0.0,0.0
0.0,0.0
0.0,0.0
0.0,0.0
0.0,0.0
0.0,0.0
0.0,0.0
0.0,0.0
0.0,0.0
0.0,0.0
0.0,0.0
0.0,0.0
0.0,0.0
0.0,0.0
0.0,0.0
0.0,0.0
0.0,0.0
0.0,0.0
0.0,0.0
0.0,0.0
0.0,0.0
0.0,0.0
0.0,0.0
0.0,0.0
0.0,0.0
0.0,0.0
0.0,0.0
0.0,0.0
0.0,0.0
0.0,0.0
0.0,0.0
0.0,0.0
0.0,0.0
0.0,0.0
33.33330535888672,-14.476272583007812
66.66643524169922,-42.237667083740234
-10.127062797546387,0.0443536601960659
0.0,1.909999966621399
0.0,0.0
0.0,0.0
0.0,0.0
0.0,0.0
33.33330535888672,-17.33049774169922
66.6663589477539,-28.058717727661133
-9.815254211425781,5.174838542938232
3.819999933242798,0.0
0.0,0.0
0.0,0.0
-1.0,1.0
2.0,0.0
0.0,0.0
0.0,0.0
-4.040478706359863,3.453226089477539
3.819999933242798,0.0
0.0,0.0
0.0,0.0
0.0,2.738100051879883
0.0,0.0
0.0,0.0
0.0,0.0
-3.952608346939087,4.994977951049805
3.819999933242798,0.0
0.0,0.0
0.0,0.0
-1.0,4.177420616149902
2.0,0.0
33.33330535888672,-21.792810440063477
66.66661071777344,-46.44367599487305
-9.561650276184082,0.6633164882659912
0.0,5.155241966247559
33.3276481628418,-17.468509674072266
0.0,0.0
-1.0,-1.0
0.0,0.0
33.33330535888672,-17.62255096435547
66.66661071777344,-47.322349548339844
-9.853533744812012,-1.5659241676330566
2.0,0.0
33.33245849609375,-18.425506591796875
0.0,0.0
-1.8990999460220337,1.0819000005722046
2.0,0.0
0.0,0.0
0.0,0.0
-1.899999976158142,0.8059214353561401
5.476200103759766,0.0
0.0,0.0
0.0,0.0
-1.0,0.0
0.0,0.0
0.0,0.0
0.0,0.0
-2.6576807498931885,5.761043548583984
0.0,1.0
0.0,0.0
0.0,0.0
-1.8650833368301392,4.80145263671875
5.476200103759766,0.0
0.0,0.0
0.0,0.0
0.0,0.0
0.0,0.0
0.0,0.0
0.0,0.0
0.0,0.0
0.0,0.0
0.0,0.0
0.0,0.0
0.0,0.0
0.0,0.0
0.0,0.0
0.0,0.0
0.0,0.0
0.0,0.0
0.0,0.0
0.0,0.0
0.0,0.0
0.0,0.0
0.0,0.0
0.0,0.0
0.0,0.0
0.0,0.0
0.0,0.0
0.0,0.0
0.0,0.0
0.0,0.0
0.0,0.0
0.0,0.0
0.0,0.0
0.0,0.0
0.0,0.0
0.0,0.0
0.0,0.0
0.0,0.0
0.0,0.0
0.0,0.0
0.0,0.0
0.0,0.0
0.0,0.0
0.0,0.0
0.0,0.0
0.0,0.0
0.0,0.0
0.0,0.0
0.0,0.0
0.0,0.0
0.0,0.0
0.0,0.0
0.0,0.0
0.0,0.0
0.0,0.0
0.0,0.0
0.0,0.0
0.0,0.0
0.0,0.0
0.0,0.0
0.0,0.0
0.0,0.0
0.0,0.0
0.0,0.0
0.0,0.0
0.0,0.0
0.0,0.0
0.0,0.0
-4.451853275299072,6.7633867263793945
0.0,0.0
0.0,0.0
0.0,0.0
0.0,0.0
0.0,0.0
33.33330535888672,9.567874908447266
0.0,0.0
-10.641510009765625,-5.84019136428833
0.0,0.0
0.0,0.0
0.0,0.0
-1.0,-1.0
0.0,0.0
0.0,0.0
0.0,0.0
-10.15610122680664,-1.56150484085083
0.0,0.0
0.0,0.0
0.0,0.0
0.0,0.0
0.0,0.0
21.477014541625977,2.0015482902526855
0.0,0.0
-9.698358535766602,3.0188369750976562
0.0,0.0
0.0,0.0
0.0,0.0
-5.527500152587891,-0.4142930507659912
0.0,0.0
0.0,0.0
0.0,0.0
-1.0,2.4722609519958496
0.0,0.0
0.0,0.0
0.0,0.0
0.0,0.0
0.0,0.0
33.33330535888672,26.99837875366211
0.0,0.0
-10.478216171264648,-8.568302154541016
0.0,0.0
0.0,0.0
0.0,0.0
-1.0,0.0
0.0,0.0
0.0,0.0
0.0,0.0
-6.040552139282227,5.953204154968262
0.0,0.0
0.0,0.0
0.0,0.0
0.0,0.0
0.0,0.0
12.71267032623291,2.9491450786590576
0.0,0.0
-9.960399627685547,0.7692902088165283
0.0,0.0
0.0,0.0
0.0,0.0
-3.4810068607330322,-1.4743107557296753
0.0,0.0
0.0,0.0
0.0,0.0
0.0,0.0
0.0,0.0
0.0,0.0
0.0,0.0
0.0,0.0
0.0,0.0
0.0,0.0
0.0,0.0
0.0,0.0
0.0,0.0
0.0,0.0
0.0,0.0
0.0,0.0
0.0,0.0
0.0,0.0
0.0,0.0
-9.336429595947266,6.740655422210693
22.222209930419922,11.979813575744629
0.0,0.0
0.0,0.0
0.0,0.0
0.0,0.0
0.0,0.0
0.0,0.0
-11.837006568908691,11.007081031799316
22.20931053161621,10.206269264221191
0.0,0.0
0.0,0.0
0.0,0.0
0.0,0.0
0.0,0.0
0.0,0.0
0.0,0.0
0.0,0.0
0.0,0.0
0.0,0.0
0.0,0.0
0.0,0.0
0.0,0.0
0.0,0.0
0.0,0.0
0.0,0.0
0.0,0.0
0.0,0.0
0.0,0.0
0.0,0.0
0.0,0.0
0.0,0.0
-10.874776840209961,5.625167369842529
22.222209930419922,11.533499717712402
0.0,0.0
0.0,0.0
-1.8726190328598022,4.80145263671875
0.0,0.0
0.0,0.0
0.0,0.0
-64.04246520996094,11.107297897338867
17.30805778503418,1.0547620058059692
0.0,0.0
0.0,0.0
0.0,0.0
0.0,0.0
0.0,0.0
0.0,0.0
0.0,0.0
0.0,0.0
0.0,0.0
0.0,0.0
0.0,0.0
0.0,0.0
0.0,0.0
0.0,0.0
0.0,0.0
0.0,0.0
0.0,0.0
0.0,0.0
0.0,0.0
0.0,0.0
0.0,0.0
0.0,0.0
0.0,0.0
0.0,0.0
0.0,0.0
0.0,0.0
0.0,0.0
0.0,0.0
0.0,0.0
0.0,0.0
0.0,0.0
0.0,0.0
0.0,0.0
0.0,0.0
0.0,0.0
0.0,0.0
0.0,0.0
0.0,0.0
0.0,0.0
0.0,0.0
0.0,0.0
0.0,0.0
0.0,0.0
0.0,0.0
0.0,0.0
0.0,0.0
0.0,0.0
0.0,0.0
0.0,0.0
0.0,0.0
0.0,0.0
0.0,0.0
0.0,0.0
0.0,0.0
0.0,0.0
0.0,0.0
0.0,0.0
0.0,0.0
0.0,0.0
0.0,0.0
0.0,0.0
0.0,0.0
0.0,0.0
0.0,0.0
0.0,0.0
0.0,0.0
0.0,0.0
0.0,0.0
0.0,0.0
0.0,0.0
0.0,0.0
0.0,0.0
0.0,0.0
0.0,0.0
0.0,0.0
0.0,0.0
0.0,0.0
0.0,0.0
0.0,0.0
0.0,0.0
0.0,0.0
0.0,0.0
0.0,0.0
0.0,0.0
0.0,0.0
0.0,0.0
-8.888883590698242,11.111104965209961
19.431617736816406,1.117721676826477
0.0,0.0
0.0,0.0
0.0,0.0
0.0,0.0
0.0,0.0
0.0,0.0
-9.126180648803711,8.738664627075195
5.476200103759766,0.0
0.0,0.0
0.0,0.0
0.0,0.0
0.0,0.0
0.0,0.0
0.0,0.0
0.0,0.0
0.0,0.0
0.0,0.0
0.0,0.0
0.0,0.0
0.0,0.0
0.0,0.0
0.0,0.0
0.0,0.0
0.0,0.0
0.0,0.0
0.0,0.0
0.0,0.0
0.0,0.0
0.0,0.0
0.0,0.0
-8.1422700881958,11.11087417602539
3.819999933242798,0.0
0.0,0.0
0.0,0.0
0.0,0.0
0.0,0.0
0.0,0.0
0.0,0.0
-8.888883590698242,11.111104965209961
0.0,0.0
0.0,0.0
0.0,0.0
0.0,0.0
0.0,0.0
0.0,0.0
0.0,0.0
0.0,0.0
0.0,0.0
0.0,0.0
0.0,0.0
0.0,0.0
0.0,0.0
0.0,0.0
0.0,0.0
0.0,0.0
0.0,0.0
0.0,0.0
0.0,0.0
0.0,0.0
0.0,0.0
0.0,0.0
0.0,0.0
0.0,0.0
0.0,0.0
0.0,0.0
0.0,0.0
0.0,0.0
0.0,0.0
0.0,0.0
0.0,0.0
0.0,0.0
0.0,0.0
0.0,0.0
0.0,0.0
0.0,0.0
0.0,0.0
0.0,0.0
0.0,0.0
0.0,0.0
0.0,0.0
0.0,0.0
0.0,0.0
0.0,0.0
0.0,0.0
0.0,0.0
0.0,0.0
0.0,0.0
0.0,0.0
0.0,0.0
0.0,0.0
0.0,0.0
0.0,0.0
0.0,0.0
0.0,0.0
0.0,0.0
0.0,0.0
0.0,0.0
0.0,0.0
0.0,0.0
0.0,0.0
0.0,0.0
0.0,0.0
0.0,0.0
0.0,0.0
0.0,0.0
0.0,0.0
0.0,0.0
0.0,0.0
22.584150314331055,-7.721134662628174
11.460000038146973,0.0
-3.8681743144989014,9.715808868408203
0.0,0.0
0.0,0.0
0.0,0.0
0.0,0.0
0.0,0.0
30.462848663330078,-4.252228736877441
6.0,-5.940000057220459
-0.9900000095367432,8.143978118896484
0.0,0.0
0.0,0.0
0.0,0.0
0.0,0.0
0.0,0.0
15.059643745422363,2.96659255027771
9.550000190734863,0.0
-142.5854034423828,-13.481280326843262
21.544082641601562,6.795654773712158
0.0,0.0
0.0,0.0
0.0,0.0
0.0,0.0
20.308565139770508,2.9717559814453125
9.550000190734863,0.0
-8.945257186889648,11.108635902404785
21.32232093811035,8.40428352355957
0.0,0.0
0.0,0.0
0.0,0.0
0.0,0.0
24.431934356689453,-9.703025817871094
11.460000038146973,0.0
-2.540925979614258,10.3900728225708
2.0,0.0
5.730000019073486,-2.9700000286102295
0.0,0.0
0.0,0.0
0.0,0.0
30.178955078125,-13.217013359069824
11.460000038146973,0.0
-1.899999976158142,7.528049945831299
0.0,0.0
5.730000019073486,0.0
0.0,0.0
0.0,0.0
0.0,0.0
17.30805778503418,2.9247353076934814
9.550000190734863,0.0
-25.200782775878906,-84.9587173461914
21.95814323425293,5.369060039520264
5.476200103759766,0.0
0.0,0.0
-7.850525379180908,-325.236572265625
0.0,0.0
18.859472274780273,7.057579040527344
9.550000190734863,0.0
-8.830031394958496,-73.6857681274414
18.152801513671875,1.0382000207901
3.819999933242798,0.0
0.0,0.0
-368.2310485839844,-84.87261199951172
0.0,0.0
0.0,0.0
0.0,0.0
0.0,0.0
0.0,0.0
0.0,0.0
0.0,0.0
0.0,0.0
0.0,0.0
0.0,0.0
0.0,0.0
0.0,0.0
0.0,0.0
0.0,0.0
0.0,0.0
0.0,0.0
0.0,0.0
0.0,0.0
0.0,0.0
0.0,0.0
0.0,0.0
0.0,0.0
0.0,0.0
0.0,0.0
0.0,0.0
0.0,0.0
0.0,0.0
0.0,0.0
0.0,0.0
0.0,0.0
0.0,0.0
0.0,0.0
0.0,0.0
0.0,0.0
0.0,0.0
0.0,0.0
0.0,0.0
0.0,0.0
0.0,0.0
0.0,0.0
0.0,0.0
0.0,0.0
0.0,0.0
0.0,0.0
0.0,0.0
0.0,0.0
0.0,0.0
0.0,0.0
0.0,0.0
0.0,0.0
0.0,0.0
0.0,0.0
0.0,0.0
0.0,0.0
0.0,0.0
0.0,0.0
0.0,0.0
0.0,0.0
0.0,0.0
0.0,0.0
0.0,0.0
0.0,0.0
0.0,0.0
0.0,0.0
0.0,0.0
0.0,0.0
0.0,0.0
0.0,0.0
0.0,0.0
0.0,0.0
0.0,0.0
0.0,0.0
0.0,0.0
21.52104377746582,-7.812952995300293
0.0,0.0
-1.8321573734283447,6.784265041351318
0.0,0.0
0.0,0.0
0.0,0.0
0.0,0.0
0.0,0.0
0.0,0.0
0.0,0.0
-8.888883590698242,11.111104965209961
0.0,0.0
0.0,0.0
0.0,0.0
0.0,0.0
0.0,0.0
5.515960693359375,-193.47195434570312
0.0,0.0
-11.111099243164062,-17.28169059753418
0.0,0.0
0.0,0.0
0.0,0.0
0.0,0.0
0.0,0.0
0.0,0.0
0.0,0.0
0.0,0.0
0.0,0.0
0.0,0.0
0.0,0.0
0.0,0.0
0.0,0.0
0.0,0.0
0.0,0.0
0.0,0.0
0.0,0.0
0.0,0.0
0.0,0.0
0.0,0.0
0.0,0.0
0.0,0.0
0.0,0.0
0.0,0.0
0.0,0.0
0.0,0.0
0.0,0.0
0.0,0.0
0.0,0.0
0.0,0.0
0.0,0.0
-3.7708988189697266,10.240397453308105
0.0,0.0
0.0,0.0
0.0,0.0
0.0,0.0
0.0,0.0
0.0,0.0
0.0,0.0
0.0,0.0
0.0,0.0
0.0,0.0
0.0,0.0
0.0,0.0
0.0,0.0
0.0,0.0
0.0,0.0
0.0,0.0
0.0,0.0
0.0,0.0
0.0,0.0
0.0,0.0
0.0,0.0
0.0,0.0
0.0,0.0
0.0,0.0
0.0,0.0
0.0,0.0
0.0,0.0
0.0,0.0
0.0,0.0
0.0,0.0
0.0,0.0
0.0,0.0
0.0,0.0
0.0,0.0
0.0,0.0
0.0,0.0
0.0,0.0
0.0,0.0
0.0,0.0
0.0,0.0
0.0,0.0
0.0,0.0
0.0,0.0
0.0,0.0
0.0,0.0
0.0,0.0
0.0,0.0
0.0,0.0
0.0,0.0
0.0,0.0
0.0,0.0
0.0,0.0
0.0,0.0
0.0,0.0
0.0,0.0
0.0,0.0
0.0,0.0
0.0,0.0
0.0,0.0
0.0,0.0
0.0,0.0
0.0,0.0
0.0,0.0
0.0,0.0
0.0,0.0
0.0,0.0
0.0,0.0
0.0,0.0
0.0,0.0
