-6.223076343536377,9.999996185302734
0.0,0.0
0.0,0.0
0.0,0.0
0.0,0.0
0.0,0.0
0.0,0.0
0.0,0.0
0.0,0.0
0.0,0.0
0.0,0.0
0.0,0.0
0.0,0.0
0.0,0.0
0.0,0.0
0.0,0.0
0.0,0.0
0.0,0.0
0.4694410562515259,29.69566535949707
19.431617736816406,1.1682204008102417
0.0,0.0
0.0,0.0
0.0,0.0
0.0,0.0
0.0,0.0
0.0,0.0
-4.043643474578857,28.05340576171875
16.822040557861328,1.1356853246688843
0.0,0.0
0.0,0.0
0.0,0.0
0.0,0.0
0.0,0.0
0.0,0.0
0.0,0.0
0.0,0.0
0.0,0.0
0.0,0.0
0.0,0.0
0.0,0.0
0.0,0.0
0.0,0.0
0.0,0.0
0.0,0.0
0.0,0.0
0.0,0.0
0.0,0.0
0.0,0.0
0.0,0.0
0.0,0.0
-8.890666007995605,11.091178894042969
0.0,0.0
0.0,0.0
0.0,0.0
-8.887935638427734,11.111105918884277
0.0,0.0
0.0,0.0
0.0,0.0
-8.888993263244629,11.027771949768066
9.6029052734375,0.0
0.0,0.0
0.0,0.0
-8.526534080505371,11.110998153686523
0.0,0.0
0.0,0.0
0.0,0.0
0.0,0.0
0.0,0.0
0.0,0.0
0.0,0.0
0.0,0.0
0.0,0.0
0.0,0.0
0.0,0.0
0.0,0.0
0.0,0.0
0.0,0.0
0.0,0.0
0.0,0.0
0.0,0.0
0.0,0.0
0.0,0.0
-8.890583038330078,11.111104965209961
22.222211837768555,12.879548072814941
0.0,0.0
0.0,0.0
-8.471158027648926,11.101943969726562
17.30805778503418,2.014029026031494
0.0,0.0
0.0,0.0
-8.963460922241211,10.906405448913574
-85.18307495117188,-7.233116149902344
0.0,0.0
0.0,0.0
-8.920936584472656,10.620013236999512
-85.4682846069336,10.905418395996094
0.0,0.0
0.0,0.0
0.0,0.0
0.0,0.0
0.0,0.0
0.0,0.0
0.0,0.0
0.0,0.0
0.0,0.0
0.0,0.0
0.0,0.0
0.0,0.0
0.0,0.0
0.0,0.0
0.0,0.0
0.0,0.0
0.0,0.0
0.0,0.0
-8.896133422851562,10.807820320129395
22.222211837768555,12.158016204833984
0.0,0.0
0.0,0.0
-8.883749961853027,11.111105918884277
22.222211837768555,10.931812286376953
0.0,0.0
0.0,0.0
-8.916287422180176,11.009870529174805
22.091394424438477,-45.73042297363281
0.0,0.0
0.0,0.0
-8.893653869628906,11.111090660095215
22.222211837768555,12.292790412902832
0.0,0.0
0.0,0.0
0.0,0.0
0.0,0.0
0.0,0.0
0.0,0.0
0.0,0.0
0.0,0.0
0.0,0.0
0.0,0.0
0.0,0.0
0.0,0.0
0.0,0.0
0.0,0.0
0.0,0.0
0.0,0.0
0.0,0.0
0.0,0.0
0.5311724543571472,19.641048431396484
22.222179412841797,12.222206115722656
0.0,0.0
0.0,0.0
0.0,0.0
0.0,0.0
0.0,0.0
0.0,0.0
4.127316951751709,24.095230102539062
22.211528778076172,10.022309303283691
0.0,0.0
0.0,0.0
-8.119590759277344,11.11050033569336
0.0,0.0
0.0,0.0
0.0,0.0
0.0,0.0
0.0,0.0
0.0,0.0
0.0,0.0
0.0,0.0
0.0,0.0
0.0,0.0
0.0,0.0
0.0,0.0
0.0,0.0
0.0,0.0
0.0,0.0
0.0,0.0
0.0,0.0
0.0,0.0
0.0,0.0
0.0,0.0
0.0,0.0
0.0,0.0
0.0,0.0
0.0,0.0
0.0,0.0
0.0,0.0
0.0,0.0
0.0,0.0
0.0,0.0
0.0,0.0
0.0,0.0
0.0,0.0
0.0,0.0
0.0,0.0
0.0,0.0
0.0,0.0
0.0,0.0
0.0,0.0
0.0,0.0
0.0,0.0
0.0,0.0
0.0,0.0
0.0,0.0
0.0,0.0
0.0,0.0
0.0,0.0
0.0,0.0
0.0,0.0
0.0,0.0
0.0,0.0
0.0,0.0
-8.911102294921875,10.888412475585938
22.13853645324707,11.195418357849121
0.0,0.0
0.0,0.0
0.0,0.0
0.0,0.0
0.0,0.0
0.0,0.0
-8.921331405639648,10.795405387878418
22.222211837768555,12.222216606140137
0.0,0.0
0.0,0.0
-9.254114151000977,7.227438449859619
0.0,0.0
0.0,0.0
0.0,0.0
0.0,0.0
0.0,0.0
0.0,0.0
0.0,0.0
0.0,0.0
0.0,0.0
0.0,0.0
0.0,0.0
0.0,0.0
0.0,0.0
0.0,0.0
0.0,0.0
0.0,0.0
0.0,0.0
0.0,0.0
0.0,0.0
-8.895805358886719,11.111104965209961
0.0,0.0
0.0,0.0
0.0,0.0
0.0,0.0
0.0,0.0
0.0,0.0
0.0,0.0
-8.914026260375977,10.890287399291992
-18.845542907714844,10.972258567810059
0.0,0.0
0.0,0.0
-8.829633712768555,6.297341346740723
0.0,0.0
0.0,0.0
0.0,0.0
0.0,0.0
0.0,0.0
0.0,0.0
0.0,0.0
0.0,0.0
0.0,0.0
0.0,0.0
0.0,0.0
0.0,0.0
0.0,0.0
0.0,0.0
0.0,0.0
0.0,0.0
0.0,0.0
0.0,0.0
0.0,0.0
0.0,0.0
0.0,0.0
0.0,0.0
0.0,0.0
0.0,0.0
0.0,0.0
0.0,0.0
0.0,0.0
0.0,0.0
0.0,0.0
0.0,0.0
0.0,0.0
0.0,0.0
0.0,0.0
0.0,0.0
0.0,0.0
0.0,0.0
0.0,0.0
0.0,0.0
0.0,0.0
0.0,0.0
0.0,0.0
0.0,0.0
0.0,0.0
0.0,0.0
0.0,0.0
0.0,0.0
0.0,0.0
0.0,0.0
0.0,0.0
0.0,0.0
0.0,0.0
0.0,0.0
0.0,0.0
0.0,0.0
0.0,0.0
0.0,0.0
0.0,0.0
0.0,0.0
0.0,0.0
0.0,0.0
0.0,0.0
0.0,0.0
0.0,0.0
0.0,0.0
0.0,0.0
33.33331298828125,-20.918193817138672
66.6666259765625,-51.36445236206055
-9.536155700683594,10.19284439086914
9.6029052734375,0.0
0.0,0.0
0.0,0.0
0.0,1.0
0.0,0.0
33.33331298828125,-16.850181579589844
66.6666259765625,-47.2230110168457
-9.847244262695312,5.757994651794434
15.701050758361816,0.0
0.0,0.0
0.0,0.0
-1.8809000253677368,5.648526668548584
0.0,0.0
0.0,0.0
0.0,0.0
-6.818150043487549,7.221855163574219
10.738643646240234,0.0
0.0,0.0
0.0,0.0
-1.0,1.491671085357666
0.0,0.0
0.0,0.0
0.0,0.0
-9.04920768737793,6.0985798835754395
3.912975311279297,7.537836074829102
0.0,0.0
0.0,0.0
-5.04925537109375,1.6097924709320068
0.0,0.0
33.33331298828125,-19.319637298583984
66.6666259765625,-35.20569610595703
-9.567673683166504,-3.2219419479370117
2.0,4.492762088775635
33.33331298828125,-26.262483596801758
0.0,0.0
-1.8899999856948853,2.5212206840515137
0.0,0.0
33.33331298828125,-14.419105529785156
66.6666259765625,-37.16290283203125
-9.225292205810547,6.093703269958496
16.822040557861328,5.00070858001709
33.33331298828125,-26.66549301147461
60.35791015625,-5.548316955566406
-5.10029935836792,4.4503679275512695
10.738643646240234,1.0199999809265137
0.0,0.0
0.0,0.0
-3.241253137588501,9.042165756225586
5.476200103759766,0.0
0.0,0.0
0.0,0.0
-1.0,3.86217999458313
0.0,0.0
0.0,0.0
0.0,0.0
-5.7198486328125,7.892848491668701
12.71267032623291,1.0698333978652954
0.0,0.0
0.0,0.0
-5.817325592041016,7.362876892089844
16.28795623779297,3.0121653079986572
0.0,0.0
0.0,0.0
0.0,0.0
0.0,0.0
0.0,0.0
0.0,0.0
0.0,0.0
0.0,0.0
0.0,0.0
0.0,0.0
0.0,0.0
0.0,0.0
0.0,0.0
0.0,0.0
0.0,0.0
0.0,0.0
0.0,0.0
0.0,0.0
0.0,0.0
0.0,0.0
0.0,0.0
0.0,0.0
0.0,0.0
0.0,0.0
0.0,0.0
0.0,0.0
0.0,0.0
0.0,0.0
0.0,0.0
0.0,0.0
0.0,0.0
0.0,0.0
0.0,0.0
0.0,0.0
0.0,0.0
0.0,0.0
0.0,0.0
0.0,0.0
0.0,0.0
0.0,0.0
0.0,0.0
0.0,0.0
0.0,0.0
0.0,0.0
0.0,0.0
0.0,0.0
0.0,0.0
0.0,0.0
0.0,0.0
0.0,0.0
0.0,0.0
0.0,0.0
0.0,0.0
0.0,0.0
0.0,0.0
0.0,0.0
0.0,0.0
0.0,0.0
0.0,0.0
0.0,0.0
0.0,0.0
0.0,0.0
0.0,0.0
0.0,0.0
0.0,0.0
0.0,0.0
-9.21524429321289,8.757283210754395
0.0,0.0
0.0,0.0
0.0,0.0
0.0,0.0
0.0,0.0
33.33331298828125,9.522808074951172
0.0,0.0
-10.499296188354492,-3.5995709896087646
0.0,0.0
0.0,0.0
0.0,0.0
-5.874788284301758,-5.886082649230957
0.0,0.0
0.0,0.0
0.0,0.0
-10.19395923614502,-1.939164638519287
0.0,0.0
0.0,0.0
0.0,0.0
0.0,0.0
0.0,0.0
22.201860427856445,11.526573181152344
0.0,0.0
-9.761740684509277,2.543131113052368
0.0,0.0
0.0,0.0
0.0,0.0
-9.630081176757812,3.8898470401763916
0.0,0.0
0.0,0.0
0.0,0.0
-4.581442832946777,8.246773719787598
0.0,0.0
0.0,0.0
0.0,0.0
0.0,0.0
0.0,0.0
33.33331298828125,5.827669143676758
0.0,0.0
-10.778426170349121,-10.628957748413086
0.0,0.0
0.0,0.0
0.0,0.0
-2.7100000381469727,-1.0
0.0,0.0
0.0,0.0
0.0,0.0
-8.835505485534668,9.349502563476562
0.0,0.0
0.0,0.0
0.0,0.0
0.0,0.0
0.0,0.0
20.637523651123047,6.009983062744141
0.0,0.0
-9.533052444458008,4.368235111236572
0.0,0.0
0.0,0.0
0.0,0.0
-8.185749053955078,2.8254122734069824
0.0,0.0
0.0,0.0
0.0,0.0
0.0,0.0
0.0,0.0
0.0,0.0
0.0,0.0
0.0,0.0
0.0,0.0
0.0,0.0
0.0,0.0
0.0,0.0
0.0,0.0
0.0,0.0
0.0,0.0
0.0,0.0
0.0,0.0
0.0,0.0
0.0,0.0
-9.195120811462402,6.548704624176025
22.222211837768555,7.6385016441345215
0.0,0.0
0.0,0.0
0.0,0.0
0.0,0.0
0.0,0.0
0.0,0.0
-10.887065887451172,-19.157068252563477
-19.778644561767578,-189.86773681640625
0.0,0.0
0.0,0.0
0.0,0.0
0.0,0.0
0.0,0.0
0.0,0.0
0.0,0.0
0.0,0.0
0.0,0.0
0.0,0.0
0.0,0.0
0.0,0.0
0.0,0.0
0.0,0.0
0.0,0.0
0.0,0.0
0.0,0.0
0.0,0.0
0.0,0.0
0.0,0.0
0.0,0.0
0.0,0.0
-11.113434791564941,-27.1541690826416
-110.8162841796875,10.840715408325195
0.0,0.0
0.0,0.0
-291.6956787109375,-144.41197204589844
0.0,0.0
0.0,0.0
0.0,0.0
-10.788653373718262,2.4402976036071777
-179.7777862548828,12.222213745117188
0.0,0.0
0.0,0.0
-200.91000366210938,-198.26190185546875
0.0,0.0
0.0,0.0
0.0,0.0
0.0,0.0
0.0,0.0
0.0,0.0
0.0,0.0
0.0,0.0
0.0,0.0
0.0,0.0
0.0,0.0
0.0,0.0
0.0,0.0
0.0,0.0
0.0,0.0
0.0,0.0
0.0,0.0
0.0,0.0
0.0,0.0
0.0,0.0
0.0,0.0
0.0,0.0
0.0,0.0
0.0,0.0
0.0,0.0
0.0,0.0
0.0,0.0
0.0,0.0
0.0,0.0
0.0,0.0
0.0,0.0
0.0,0.0
0.0,0.0
0.0,0.0
0.0,0.0
0.0,0.0
0.0,0.0
0.0,0.0
0.0,0.0
0.0,0.0
0.0,0.0
0.0,0.0
0.0,0.0
0.0,0.0
0.0,0.0
0.0,0.0
0.0,0.0
0.0,0.0
0.0,0.0
0.0,0.0
0.0,0.0
0.0,0.0
0.0,0.0
0.0,0.0
0.0,0.0
0.0,0.0
0.0,0.0
0.0,0.0
0.0,0.0
0.0,0.0
0.0,0.0
0.0,0.0
0.0,0.0
0.0,0.0
0.0,0.0
0.0,0.0
0.0,0.0
0.0,0.0
0.0,0.0
0.0,0.0
0.0,0.0
0.0,0.0
0.0,0.0
0.0,0.0
0.0,0.0
0.0,0.0
0.0,0.0
0.0,0.0
0.0,0.0
0.0,0.0
0.0,0.0
0.0,0.0
0.0,0.0
-8.888994216918945,11.109589576721191
22.023723602294922,7.884540557861328
0.0,0.0
0.0,0.0
0.0,0.0
0.0,0.0
0.0,0.0
0.0,0.0
-8.888885498046875,11.11109447479248
20.92570686340332,10.629960060119629
0.0,0.0
0.0,0.0
0.0,0.0
0.0,0.0
0.0,0.0
0.0,0.0
0.0,0.0
0.0,0.0
0.0,0.0
0.0,0.0
0.0,0.0
0.0,0.0
0.0,0.0
0.0,0.0
0.0,0.0
0.0,0.0
0.0,0.0
0.0,0.0
0.0,0.0
0.0,0.0
0.0,0.0
0.0,0.0
-9.123495101928711,11.111105918884277
22.22203826904297,11.144062995910645
0.0,0.0
0.0,0.0
0.0,0.0
0.0,0.0
0.0,0.0
0.0,0.0
-8.915745735168457,10.916172981262207
19.91132164001465,4.672780990600586
0.0,0.0
0.0,0.0
0.0,0.0
0.0,0.0
0.0,0.0
0.0,0.0
0.0,0.0
0.0,0.0
0.0,0.0
0.0,0.0
0.0,0.0
0.0,0.0
0.0,0.0
0.0,0.0
0.0,0.0
0.0,0.0
0.0,0.0
0.0,0.0
0.0,0.0
0.0,0.0
0.0,0.0
0.0,0.0
0.0,0.0
0.0,0.0
0.0,0.0
0.0,0.0
0.0,0.0
0.0,0.0
0.0,0.0
0.0,0.0
0.0,0.0
0.0,0.0
0.0,0.0
0.0,0.0
0.0,0.0
0.0,0.0
0.0,0.0
0.0,0.0
0.0,0.0
0.0,0.0
0.0,0.0
0.0,0.0
0.0,0.0
0.0,0.0
0.0,0.0
0.0,0.0
0.0,0.0
0.0,0.0
0.0,0.0
0.0,0.0
0.0,0.0
0.0,0.0
0.0,0.0
0.0,0.0
0.0,0.0
0.0,0.0
0.0,0.0
0.0,0.0
0.0,0.0
0.0,0.0
0.0,0.0
0.0,0.0
0.0,0.0
0.0,0.0
0.0,0.0
0.0,0.0
0.0,0.0
0.0,0.0
33.32579040527344,-23.638057708740234
45.16830062866211,-5.790499687194824
-4.281976699829102,11.092890739440918
2.0,0.0
0.0,0.0
0.0,0.0
0.0,0.0
0.0,0.0
33.33331298828125,-68.58881378173828
54.458404541015625,-22.80866241455078
-4.820194721221924,10.187180519104004
2.0,0.0
0.0,0.0
0.0,0.0
0.0,0.0
0.0,0.0
21.90914535522461,11.457685470581055
35.868408203125,2.2968549728393555
-11.111105918884277,-30.581687927246094
22.222211837768555,12.069686889648438
0.0,0.0
0.0,0.0
0.0,0.0
0.0,0.0
22.222177505493164,12.058287620544434
47.889060974121094,3.676236391067505
-90.92575073242188,10.408279418945312
22.222211837768555,12.206783294677734
0.0,0.0
0.0,0.0
0.0,0.0
0.0,0.0
33.333126068115234,-19.201169967651367
38.13801193237305,-5.618619918823242
-6.697482585906982,11.110132217407227
0.0,0.0
14.40435791015625,-2.9178569316864014
0.0,0.0
0.0,0.0
0.0,0.0
33.33331298828125,-24.108478546142578
53.25099563598633,-10.880758285522461
-3.2565619945526123,11.03612995147705
0.0,0.0
14.40435791015625,0.0
0.0,0.0
0.0,0.0
0.0,0.0
-125.3372802734375,11.117055892944336
29.4304141998291,2.328056573867798
-46.8233528137207,11.072897911071777
22.222211837768555,11.994230270385742
6.983342170715332,1.0199999809265137
0.0,0.0
-177.60003662109375,10.940598487854004
0.0,0.0
-179.77781677246094,11.106383323669434
42.05509948730469,2.4552786350250244
-133.43670654296875,-81.28619384765625
22.222211837768555,12.208827018737793
10.738643646240234,0.0
0.0,0.0
-420.2686462402344,-285.82080078125
0.0,0.0
0.0,0.0
0.0,0.0
0.0,0.0
0.0,0.0
0.0,0.0
0.0,0.0
0.0,0.0
0.0,0.0
0.0,0.0
0.0,0.0
0.0,0.0
0.0,0.0
0.0,0.0
0.0,0.0
0.0,0.0
0.0,0.0
0.0,0.0
0.0,0.0
0.0,0.0
0.0,0.0
0.0,0.0
0.0,0.0
0.0,0.0
0.0,0.0
0.0,0.0
0.0,0.0
0.0,0.0
0.0,0.0
0.0,0.0
0.0,0.0
0.0,0.0
0.0,0.0
0.0,0.0
0.0,0.0
0.0,0.0
0.0,0.0
0.0,0.0
0.0,0.0
0.0,0.0
0.0,0.0
0.0,0.0
0.0,0.0
0.0,0.0
0.0,0.0
0.0,0.0
0.0,0.0
0.0,0.0
0.0,0.0
0.0,0.0
0.0,0.0
0.0,0.0
0.0,0.0
0.0,0.0
0.0,0.0
0.0,0.0
0.0,0.0
0.0,0.0
0.0,0.0
0.0,0.0
0.0,0.0
0.0,0.0
0.0,0.0
0.0,0.0
0.0,0.0
0.0,0.0
0.0,0.0
-1.0,1.909999966621399
0.0,0.0
0.0,0.0
0.0,0.0
0.0,0.0
0.0,0.0
33.253623962402344,-13.840065002441406
0.0,0.0
-3.235851764678955,10.200811386108398
0.0,0.0
0.0,0.0
0.0,0.0
0.0,0.0
0.0,0.0
0.0,0.0
0.0,0.0
-8.888895988464355,11.111099243164062
0.0,0.0
0.0,0.0
0.0,0.0
0.0,0.0
0.0,0.0
9.84525203704834,11.109781265258789
0.0,0.0
-8.888894081115723,11.111099243164062
0.0,0.0
0.0,0.0
0.0,0.0
0.0,0.0
0.0,0.0
0.0,0.0
0.0,0.0
0.0,0.0
0.0,0.0
0.0,0.0
0.0,0.0
0.0,0.0
0.0,0.0
0.0,0.0
0.0,0.0
-1.0,1.0
0.0,0.0
0.0,0.0
0.0,0.0
0.0,0.0
0.0,0.0
0.0,0.0
0.0,0.0
-3.946178674697876,7.528049945831299
0.0,0.0
0.0,0.0
0.0,0.0
0.0,0.0
0.0,0.0
2.0,0.0
0.0,0.0
-8.635821342468262,11.11003589630127
0.0,0.0
0.0,0.0
0.0,0.0
0.0,0.0
0.0,0.0
0.0,0.0
0.0,0.0
0.0,0.0
0.0,0.0
0.0,0.0
0.0,0.0
0.0,0.0
0.0,0.0
0.0,0.0
0.0,0.0
0.0,0.0
0.0,0.0
0.0,0.0
0.0,0.0
0.0,0.0
0.0,0.0
0.0,0.0
0.0,0.0
0.0,0.0
0.0,0.0
0.0,0.0
0.0,0.0
0.0,0.0
0.0,0.0
0.0,0.0
0.0,0.0
0.0,0.0
0.0,0.0
0.0,0.0
0.0,0.0
0.0,0.0
0.0,0.0
0.0,0.0
0.0,0.0
0.0,0.0
0.0,0.0
0.0,0.0
0.0,0.0
0.0,0.0
0.0,0.0
0.0,0.0
0.0,0.0
0.0,0.0
0.0,0.0
0.0,0.0
0.0,0.0
0.0,0.0
0.0,0.0
0.0,0.0
0.0,0.0
0.0,0.0
0.0,0.0
0.0,0.0
0.0,0.0
0.0,0.0
0.0,0.0
0.0,0.0
0.0,0.0
0.0,0.0
0.0,0.0
0.0,0.0
0.0,0.0
0.0,0.0
0.0,0.0
