-7.2262349128723145,9.999996185302734
0.0,0.0
0.0,0.0
0.0,0.0
0.0,0.0
0.0,0.0
0.0,0.0
0.0,0.0
0.0,0.0
0.0,0.0
0.0,0.0
0.0,0.0
0.0,0.0
0.0,0.0
0.0,0.0
0.0,0.0
0.0,0.0
0.0,0.0
13.093381881713867,29.6988468170166
19.431617736816406,1.1682204008102417
0.0,0.0
0.0,0.0
0.0,0.0
0.0,0.0
0.0,0.0
0.0,0.0
4.902410984039307,28.056886672973633
20.48079490661621,1.1356853246688843
0.0,0.0
0.0,0.0
0.0,0.0
0.0,0.0
0.0,0.0
0.0,0.0
0.0,0.0
0.0,0.0
0.0,0.0
0.0,0.0
0.0,0.0
0.0,0.0
0.0,0.0
0.0,0.0
0.0,0.0
0.0,0.0
0.0,0.0
0.0,0.0
0.0,0.0
0.0,0.0
0.0,0.0
0.0,0.0
-8.897440910339355,11.110013008117676
0.0,0.0
0.0,0.0
0.0,0.0
-8.89072036743164,11.10757064819336
0.0,0.0
0.0,0.0
0.0,0.0
-8.888955116271973,11.111102104187012
9.6029052734375,0.0
0.0,0.0
0.0,0.0
-8.747822761535645,11.111105918884277
0.0,0.0
0.0,0.0
0.0,0.0
0.0,0.0
0.0,0.0
0.0,0.0
0.0,0.0
0.0,0.0
0.0,0.0
0.0,0.0
0.0,0.0
0.0,0.0
0.0,0.0
0.0,0.0
0.0,0.0
0.0,0.0
0.0,0.0
0.0,0.0
0.0,0.0
-8.913476943969727,11.016748428344727
22.222211837768555,12.407869338989258
0.0,0.0
0.0,0.0
-8.743245124816895,11.111103057861328
18.152801513671875,2.014029026031494
0.0,0.0
0.0,0.0
-8.902690887451172,10.265350341796875
-96.27435302734375,11.197470664978027
0.0,0.0
0.0,0.0
-8.909403800964355,11.10175895690918
22.17871856689453,-75.63765716552734
0.0,0.0
0.0,0.0
0.0,0.0
0.0,0.0
0.0,0.0
0.0,0.0
0.0,0.0
0.0,0.0
0.0,0.0
0.0,0.0
0.0,0.0
0.0,0.0
0.0,0.0
0.0,0.0
0.0,0.0
0.0,0.0
0.0,0.0
0.0,0.0
-8.891554832458496,11.111105918884277
22.222211837768555,12.180095672607422
0.0,0.0
0.0,0.0
-8.901187896728516,11.11108112335205
22.222211837768555,11.927016258239746
0.0,0.0
0.0,0.0
-8.919363021850586,11.005732536315918
22.220033645629883,-46.126609802246094
0.0,0.0
0.0,0.0
-8.888968467712402,11.111105918884277
22.222211837768555,12.276978492736816
0.0,0.0
0.0,0.0
0.0,0.0
0.0,0.0
0.0,0.0
0.0,0.0
0.0,0.0
0.0,0.0
0.0,0.0
0.0,0.0
0.0,0.0
0.0,0.0
0.0,0.0
0.0,0.0
0.0,0.0
0.0,0.0
0.0,0.0
0.0,0.0
0.5276205539703369,19.641048431396484
22.221683502197266,12.158607482910156
0.0,0.0
0.0,0.0
0.0,0.0
0.0,0.0
0.0,0.0
0.0,0.0
-1.4488470554351807,24.096588134765625
22.222055435180664,10.923036575317383
0.0,0.0
0.0,0.0
-8.384160041809082,11.11100959777832
0.0,0.0
0.0,0.0
0.0,0.0
0.0,0.0
0.0,0.0
0.0,0.0
0.0,0.0
0.0,0.0
0.0,0.0
0.0,0.0
0.0,0.0
0.0,0.0
0.0,0.0
0.0,0.0
0.0,0.0
0.0,0.0
0.0,0.0
0.0,0.0
0.0,0.0
0.0,0.0
0.0,0.0
0.0,0.0
0.0,0.0
0.0,0.0
0.0,0.0
0.0,0.0
0.0,0.0
0.0,0.0
0.0,0.0
0.0,0.0
0.0,0.0
0.0,0.0
0.0,0.0
0.0,0.0
0.0,0.0
0.0,0.0
0.0,0.0
0.0,0.0
0.0,0.0
0.0,0.0
0.0,0.0
0.0,0.0
0.0,0.0
0.0,0.0
0.0,0.0
0.0,0.0
0.0,0.0
0.0,0.0
0.0,0.0
0.0,0.0
0.0,0.0
-8.911102294921875,10.888412475585938
22.220773696899414,11.548155784606934
0.0,0.0
0.0,0.0
0.0,0.0
0.0,0.0
0.0,0.0
0.0,0.0
-8.92233657836914,10.77700138092041
22.222164154052734,12.21998119354248
0.0,0.0
0.0,0.0
-9.188736915588379,6.301492691040039
0.0,0.0
0.0,0.0
0.0,0.0
0.0,0.0
0.0,0.0
0.0,0.0
0.0,0.0
0.0,0.0
0.0,0.0
0.0,0.0
0.0,0.0
0.0,0.0
0.0,0.0
0.0,0.0
0.0,0.0
0.0,0.0
0.0,0.0
0.0,0.0
0.0,0.0
-8.897398948669434,11.111045837402344
0.0,0.0
0.0,0.0
0.0,0.0
0.0,0.0
0.0,0.0
0.0,0.0
0.0,0.0
-8.955496788024902,10.387716293334961
20.513734817504883,11.137310981750488
0.0,0.0
0.0,0.0
-8.989297866821289,8.322882652282715
0.0,0.0
0.0,0.0
0.0,0.0
0.0,0.0
0.0,0.0
0.0,0.0
0.0,0.0
0.0,0.0
0.0,0.0
0.0,0.0
0.0,0.0
0.0,0.0
0.0,0.0
0.0,0.0
0.0,0.0
0.0,0.0
0.0,0.0
0.0,0.0
0.0,0.0
0.0,0.0
0.0,0.0
0.0,0.0
0.0,0.0
0.0,0.0
0.0,0.0
0.0,0.0
0.0,0.0
0.0,0.0
0.0,0.0
0.0,0.0
0.0,0.0
0.0,0.0
0.0,0.0
0.0,0.0
0.0,0.0
0.0,0.0
0.0,0.0
0.0,0.0
0.0,0.0
0.0,0.0
0.0,0.0
0.0,0.0
0.0,0.0
0.0,0.0
0.0,0.0
0.0,0.0
0.0,0.0
0.0,0.0
0.0,0.0
0.0,0.0
0.0,0.0
0.0,0.0
0.0,0.0
0.0,0.0
0.0,0.0
0.0,0.0
0.0,0.0
0.0,0.0
0.0,0.0
0.0,0.0
0.0,0.0
0.0,0.0
0.0,0.0
0.0,0.0
0.0,0.0
33.33331298828125,-10.478331565856934
66.6666259765625,-20.263708114624023
-9.64144515991211,3.357483148574829
15.056099891662598,0.0
3.0,0.0
0.0,0.0
0.0,3.491671085357666
0.0,0.0
33.33331298828125,-18.941871643066406
66.6666259765625,-37.20751190185547
-9.696161270141602,6.424713611602783
19.91132164001465,0.0
0.0,0.0
0.0,0.0
-2.636324644088745,6.1401591300964355
0.0,0.0
0.0,0.0
0.0,0.0
-7.9091572761535645,4.421319007873535
15.056099891662598,0.0
0.0,0.0
0.0,0.0
-3.3600664138793945,4.514583587646484
0.0,0.0
0.0,0.0
0.0,0.0
-9.119404792785645,1.9977456331253052
5.608284950256348,11.15463638305664
0.0,0.0
0.0,0.0
-5.04925537109375,3.951192855834961
0.0,0.0
33.33331298828125,-14.750883102416992
66.6666259765625,-25.938018798828125
-9.857000350952148,3.0025928020477295
2.0,5.088413715362549
33.33331298828125,-21.72710418701172
0.0,0.0
-3.395265817642212,1.1618187427520752
0.0,0.0
33.33331298828125,-13.250822067260742
66.6666259765625,-10.639966011047363
-9.817229270935059,5.65106725692749
19.91132164001465,5.68582820892334
33.33331298828125,-26.6666316986084
62.72979736328125,-2.731381893157959
-5.903129577636719,7.32867956161499
13.568530082702637,1.0199999809265137
0.0,0.0
0.0,0.0
-3.241253137588501,8.44852352142334
5.476200103759766,0.0
0.0,0.0
0.0,0.0
-1.8817147016525269,2.2960245609283447
0.0,0.0
0.0,0.0
0.0,0.0
-7.010324954986572,5.042469501495361
15.701050758361816,2.1198606491088867
0.0,0.0
0.0,0.0
-6.155520915985107,9.254316329956055
18.152801513671875,6.3978095054626465
0.0,0.0
0.0,0.0
0.0,0.0
0.0,0.0
0.0,0.0
0.0,0.0
0.0,0.0
0.0,0.0
0.0,0.0
0.0,0.0
0.0,0.0
0.0,0.0
0.0,0.0
0.0,0.0
0.0,0.0
0.0,0.0
0.0,0.0
0.0,0.0
0.0,0.0
0.0,0.0
0.0,0.0
0.0,0.0
0.0,0.0
0.0,0.0
0.0,0.0
0.0,0.0
0.0,0.0
0.0,0.0
0.0,0.0
0.0,0.0
0.0,0.0
0.0,0.0
0.0,0.0
0.0,0.0
0.0,0.0
0.0,0.0
0.0,0.0
0.0,0.0
0.0,0.0
0.0,0.0
0.0,0.0
0.0,0.0
0.0,0.0
0.0,0.0
0.0,0.0
0.0,0.0
0.0,0.0
0.0,0.0
0.0,0.0
0.0,0.0
0.0,0.0
0.0,0.0
0.0,0.0
0.0,0.0
0.0,0.0
0.0,0.0
0.0,0.0
0.0,0.0
0.0,0.0
0.0,0.0
0.0,0.0
0.0,0.0
0.0,0.0
0.0,0.0
0.0,0.0
0.0,0.0
-9.313908576965332,6.856659889221191
0.0,0.0
0.0,0.0
0.0,0.0
0.0,0.0
0.0,0.0
33.33331298828125,6.565526008605957
0.0,0.0
-10.782444953918457,-8.066810607910156
0.0,0.0
0.0,0.0
0.0,0.0
-6.774912357330322,-6.784265041351318
0.0,0.0
0.0,0.0
0.0,0.0
-10.193940162658691,-1.9389657974243164
0.0,0.0
0.0,0.0
0.0,0.0
0.0,0.0
0.0,0.0
22.222143173217773,11.811087608337402
0.0,0.0
-9.752228736877441,2.4922873973846436
0.0,0.0
0.0,0.0
0.0,0.0
-9.954742431640625,-0.9040067195892334
0.0,0.0
0.0,0.0
0.0,0.0
-5.048391819000244,10.382555961608887
0.0,0.0
0.0,0.0
0.0,0.0
0.0,0.0
0.0,0.0
33.33331298828125,7.223018646240234
0.0,0.0
-10.455222129821777,-2.627934455871582
0.0,0.0
0.0,0.0
0.0,0.0
-3.466099977493286,-2.738100051879883
0.0,0.0
0.0,0.0
0.0,0.0
-8.947946548461914,9.895671844482422
0.0,0.0
0.0,0.0
0.0,0.0
0.0,0.0
0.0,0.0
21.837127685546875,7.671711444854736
0.0,0.0
-9.676539421081543,3.0392916202545166
0.0,0.0
0.0,0.0
0.0,0.0
-8.900920867919922,1.5548174381256104
0.0,0.0
0.0,0.0
0.0,0.0
0.0,0.0
0.0,0.0
0.0,0.0
0.0,0.0
0.0,0.0
0.0,0.0
0.0,0.0
0.0,0.0
0.0,0.0
0.0,0.0
0.0,0.0
0.0,0.0
0.0,0.0
0.0,0.0
0.0,0.0
0.0,0.0
-28.49234390258789,1.471980333328247
-3.3110034465789795,11.111122131347656
0.0,0.0
0.0,0.0
0.0,0.0
0.0,0.0
0.0,0.0
0.0,0.0
-9.455926895141602,11.039327621459961
-152.09483337402344,-0.5796656608581543
0.0,0.0
0.0,0.0
0.0,0.0
0.0,0.0
0.0,0.0
0.0,0.0
0.0,0.0
0.0,0.0
0.0,0.0
0.0,0.0
0.0,0.0
0.0,0.0
0.0,0.0
0.0,0.0
0.0,0.0
0.0,0.0
0.0,0.0
0.0,0.0
0.0,0.0
0.0,0.0
0.0,0.0
0.0,0.0
-75.95526123046875,-0.6031643748283386
-29.988309860229492,-189.89356994628906
0.0,0.0
0.0,0.0
-419.2657775878906,-44.001399993896484
0.0,0.0
0.0,0.0
0.0,0.0
-89.42759704589844,-37.93046569824219
-183.60324096679688,-7.006433010101318
0.0,0.0
0.0,0.0
-200.91000366210938,-162.27069091796875
0.0,0.0
0.0,0.0
0.0,0.0
0.0,0.0
0.0,0.0
0.0,0.0
0.0,0.0
0.0,0.0
0.0,0.0
0.0,0.0
0.0,0.0
0.0,0.0
0.0,0.0
0.0,0.0
0.0,0.0
0.0,0.0
0.0,0.0
0.0,0.0
0.0,0.0
0.0,0.0
0.0,0.0
0.0,0.0
0.0,0.0
0.0,0.0
0.0,0.0
0.0,0.0
0.0,0.0
0.0,0.0
0.0,0.0
0.0,0.0
0.0,0.0
0.0,0.0
0.0,0.0
0.0,0.0
0.0,0.0
0.0,0.0
0.0,0.0
0.0,0.0
0.0,0.0
0.0,0.0
0.0,0.0
0.0,0.0
0.0,0.0
0.0,0.0
0.0,0.0
0.0,0.0
0.0,0.0
0.0,0.0
0.0,0.0
0.0,0.0
0.0,0.0
0.0,0.0
0.0,0.0
0.0,0.0
0.0,0.0
0.0,0.0
0.0,0.0
0.0,0.0
0.0,0.0
0.0,0.0
0.0,0.0
0.0,0.0
0.0,0.0
0.0,0.0
0.0,0.0
0.0,0.0
0.0,0.0
0.0,0.0
0.0,0.0
0.0,0.0
0.0,0.0
0.0,0.0
0.0,0.0
0.0,0.0
0.0,0.0
0.0,0.0
0.0,0.0
0.0,0.0
0.0,0.0
0.0,0.0
0.0,0.0
0.0,0.0
0.0,0.0
-8.888994216918945,11.109589576721191
22.2115535736084,9.658080101013184
0.0,0.0
0.0,0.0
0.0,0.0
0.0,0.0
0.0,0.0
0.0,0.0
-8.888885498046875,11.11109447479248
22.21881675720215,11.44958209991455
0.0,0.0
0.0,0.0
0.0,0.0
0.0,0.0
0.0,0.0
0.0,0.0
0.0,0.0
0.0,0.0
0.0,0.0
0.0,0.0
0.0,0.0
0.0,0.0
0.0,0.0
0.0,0.0
0.0,0.0
0.0,0.0
0.0,0.0
0.0,0.0
0.0,0.0
0.0,0.0
0.0,0.0
0.0,0.0
-190.7603302001953,-13.881621360778809
22.22219467163086,11.144062995910645
0.0,0.0
0.0,0.0
0.0,0.0
0.0,0.0
0.0,0.0
0.0,0.0
-8.888936042785645,11.11071491241455
22.18217658996582,7.73595666885376
0.0,0.0
0.0,0.0
0.0,0.0
0.0,0.0
0.0,0.0
0.0,0.0
0.0,0.0
0.0,0.0
0.0,0.0
0.0,0.0
0.0,0.0
0.0,0.0
0.0,0.0
0.0,0.0
0.0,0.0
0.0,0.0
0.0,0.0
0.0,0.0
0.0,0.0
0.0,0.0
0.0,0.0
0.0,0.0
0.0,0.0
0.0,0.0
0.0,0.0
0.0,0.0
0.0,0.0
0.0,0.0
0.0,0.0
0.0,0.0
0.0,0.0
0.0,0.0
0.0,0.0
0.0,0.0
0.0,0.0
0.0,0.0
0.0,0.0
0.0,0.0
0.0,0.0
0.0,0.0
0.0,0.0
0.0,0.0
0.0,0.0
0.0,0.0
0.0,0.0
0.0,0.0
0.0,0.0
0.0,0.0
0.0,0.0
0.0,0.0
0.0,0.0
0.0,0.0
0.0,0.0
0.0,0.0
0.0,0.0
0.0,0.0
0.0,0.0
0.0,0.0
0.0,0.0
0.0,0.0
0.0,0.0
0.0,0.0
0.0,0.0
0.0,0.0
0.0,0.0
0.0,0.0
0.0,0.0
0.0,0.0
33.33320236206055,-25.49338150024414
55.55714797973633,-5.790499687194824
-5.530693054199219,11.110605239868164
2.0,0.0
0.0,0.0
0.0,0.0
0.0,0.0
0.0,0.0
33.33331298828125,-46.71790313720703
59.048316955566406,-22.80866241455078
-5.231409072875977,10.839981079101562
2.0,0.0
0.0,0.0
0.0,0.0
0.0,0.0
0.0,0.0
22.21849822998047,11.720000267028809
46.29762268066406,2.2968549728393555
-9.066671371459961,11.111104965209961
22.222211837768555,12.187326431274414
0.0,0.0
0.0,0.0
0.0,0.0
0.0,0.0
22.222211837768555,12.158710479736328
49.7783088684082,5.812746047973633
-11.082171440124512,11.111104965209961
22.222211837768555,12.216837882995605
0.0,0.0
0.0,0.0
0.0,0.0
0.0,0.0
33.33331298828125,-22.699199676513672
48.863868713378906,-10.585726737976074
-7.724293231964111,11.111101150512695
2.0,0.0
16.10796546936035,-9.866759300231934
0.0,0.0
0.0,0.0
0.0,0.0
33.33331298828125,-24.98824119567871
58.29485321044922,-15.23711109161377
-3.820415496826172,11.092890739440918
0.0,0.0
20.352794647216797,0.0
0.0,0.0
0.0,0.0
0.0,0.0
-65.36507415771484,11.111536026000977
39.252628326416016,3.413067579269409
-96.93739318847656,9.295913696289062
22.222211837768555,12.18800163269043
11.772165298461914,1.0199999809265137
0.0,0.0
-314.6336669921875,-399.4818420410156
0.0,0.0
-85.6438980102539,11.225324630737305
47.130836486816406,3.6424522399902344
-47.1600341796875,-121.48007202148438
22.222211837768555,12.217031478881836
14.347362518310547,0.0
0.0,0.0
-403.4541931152344,-373.8488464355469
0.0,0.0
0.0,0.0
0.0,0.0
0.0,0.0
0.0,0.0
0.0,0.0
0.0,0.0
0.0,0.0
0.0,0.0
0.0,0.0
0.0,0.0
0.0,0.0
0.0,0.0
0.0,0.0
0.0,0.0
0.0,0.0
0.0,0.0
0.0,0.0
0.0,0.0
0.0,0.0
0.0,0.0
0.0,0.0
0.0,0.0
0.0,0.0
0.0,0.0
0.0,0.0
0.0,0.0
0.0,0.0
0.0,0.0
0.0,0.0
0.0,0.0
0.0,0.0
0.0,0.0
0.0,0.0
0.0,0.0
0.0,0.0
0.0,0.0
0.0,0.0
0.0,0.0
0.0,0.0
0.0,0.0
0.0,0.0
0.0,0.0
0.0,0.0
0.0,0.0
0.0,0.0
0.0,0.0
0.0,0.0
0.0,0.0
0.0,0.0
0.0,0.0
0.0,0.0
0.0,0.0
0.0,0.0
0.0,0.0
0.0,0.0
0.0,0.0
0.0,0.0
0.0,0.0
0.0,0.0
0.0,0.0
0.0,0.0
0.0,0.0
0.0,0.0
0.0,0.0
0.0,0.0
0.0,0.0
-1.0,2.738100051879883
0.0,0.0
0.0,0.0
0.0,0.0
0.0,0.0
0.0,0.0
33.32579040527344,-17.31664276123047
0.0,0.0
-4.322393894195557,10.75662612915039
0.0,0.0
0.0,0.0
0.0,0.0
0.0,0.0
0.0,0.0
0.0,0.0
0.0,0.0
-8.888895988464355,11.111099243164062
0.0,0.0
0.0,0.0
0.0,0.0
0.0,0.0
0.0,0.0
19.218303680419922,11.198142051696777
0.0,0.0
-8.888895988464355,11.11109447479248
0.0,0.0
0.0,0.0
0.0,0.0
0.0,0.0
0.0,0.0
0.0,0.0
0.0,0.0
0.0,0.0
0.0,0.0
0.0,0.0
0.0,0.0
0.0,0.0
0.0,0.0
0.0,0.0
0.0,0.0
-1.0,1.0
0.0,0.0
0.0,0.0
0.0,0.0
0.0,0.0
0.0,0.0
0.0,0.0
0.0,0.0
-3.946178674697876,8.411020278930664
0.0,0.0
0.0,0.0
0.0,0.0
0.0,0.0
0.0,0.0
3.819999933242798,0.0
0.0,0.0
-8.79085922241211,11.11109733581543
0.0,0.0
0.0,0.0
0.0,0.0
0.0,0.0
0.0,0.0
0.0,0.0
0.0,0.0
0.0,0.0
0.0,0.0
0.0,0.0
0.0,0.0
0.0,0.0
0.0,0.0
0.0,0.0
0.0,0.0
0.0,0.0
0.0,0.0
0.0,0.0
0.0,0.0
0.0,0.0
0.0,0.0
0.0,0.0
0.0,0.0
0.0,0.0
0.0,0.0
0.0,0.0
0.0,0.0
0.0,0.0
0.0,0.0
0.0,0.0
0.0,0.0
0.0,0.0
0.0,0.0
0.0,0.0
0.0,0.0
0.0,0.0
0.0,0.0
0.0,0.0
0.0,0.0
0.0,0.0
0.0,0.0
0.0,0.0
0.0,0.0
0.0,0.0
0.0,0.0
0.0,0.0
0.0,0.0
0.0,0.0
0.0,0.0
0.0,0.0
0.0,0.0
0.0,0.0
0.0,0.0
0.0,0.0
0.0,0.0
0.0,0.0
0.0,0.0
0.0,0.0
0.0,0.0
0.0,0.0
0.0,0.0
0.0,0.0
0.0,0.0
0.0,0.0
0.0,0.0
0.0,0.0
0.0,0.0
0.0,0.0
0.0,0.0
