-9.903397560119629,9.999996185302734
0.0,0.0
0.0,0.0
0.0,0.0
0.0,0.0
0.0,0.0
0.0,0.0
0.0,0.0
0.0,0.0
0.0,0.0
0.0,0.0
0.0,0.0
0.0,0.0
0.0,0.0
0.0,0.0
0.0,0.0
0.0,0.0
0.0,0.0
5.807788372039795,29.6988468170166
19.431617736816406,1.1682204008102417
0.0,0.0
0.0,0.0
0.0,0.0
0.0,0.0
0.0,0.0
0.0,0.0
15.107836723327637,28.05694580078125
21.660655975341797,2.236150026321411
0.0,0.0
0.0,0.0
0.0,0.0
0.0,0.0
0.0,0.0
0.0,0.0
0.0,0.0
0.0,0.0
0.0,0.0
0.0,0.0
0.0,0.0
0.0,0.0
0.0,0.0
0.0,0.0
0.0,0.0
0.0,0.0
0.0,0.0
0.0,0.0
0.0,0.0
0.0,0.0
0.0,0.0
0.0,0.0
-8.88972282409668,11.080678939819336
0.0,0.0
0.0,0.0
0.0,0.0
-8.890536308288574,11.109779357910156
0.0,0.0
0.0,0.0
0.0,0.0
-8.89057445526123,11.107105255126953
17.75033187866211,1.1434736251831055
0.0,0.0
0.0,0.0
-8.828165054321289,11.111105918884277
0.0,0.0
0.0,0.0
0.0,0.0
0.0,0.0
0.0,0.0
0.0,0.0
0.0,0.0
0.0,0.0
0.0,0.0
0.0,0.0
0.0,0.0
0.0,0.0
0.0,0.0
0.0,0.0
0.0,0.0
0.0,0.0
0.0,0.0
0.0,0.0
0.0,0.0
-8.9057035446167,11.107386589050293
22.222211837768555,12.247299194335938
0.0,0.0
0.0,0.0
-8.75780963897705,11.111105918884277
18.152801513671875,2.014029026031494
0.0,0.0
0.0,0.0
-8.890380859375,10.47828197479248
22.221223831176758,4.292661666870117
0.0,0.0
0.0,0.0
-8.92605972290039,11.079496383666992
22.222150802612305,-58.94428253173828
0.0,0.0
0.0,0.0
0.0,0.0
0.0,0.0
0.0,0.0
0.0,0.0
0.0,0.0
0.0,0.0
0.0,0.0
0.0,0.0
0.0,0.0
0.0,0.0
0.0,0.0
0.0,0.0
0.0,0.0
0.0,0.0
0.0,0.0
0.0,0.0
-8.889819145202637,11.111105918884277
22.222211837768555,12.204087257385254
0.0,0.0
0.0,0.0
-8.89055061340332,11.111105918884277
22.222211837768555,12.0070161819458
0.0,0.0
0.0,0.0
-8.891180992126465,10.928520202636719
18.519216537475586,-151.81271362304688
0.0,0.0
0.0,0.0
-8.904976844787598,9.97689151763916
22.222211837768555,12.228877067565918
0.0,0.0
0.0,0.0
0.0,0.0
0.0,0.0
0.0,0.0
0.0,0.0
0.0,0.0
0.0,0.0
0.0,0.0
0.0,0.0
0.0,0.0
0.0,0.0
0.0,0.0
0.0,0.0
0.0,0.0
0.0,0.0
0.0,0.0
0.0,0.0
0.5276950597763062,19.641048431396484
22.10687255859375,11.953197479248047
0.0,0.0
0.0,0.0
0.0,0.0
0.0,0.0
0.0,0.0
0.0,0.0
0.28318870067596436,24.096588134765625
22.222211837768555,11.45506477355957
0.0,0.0
0.0,0.0
-8.4346342086792,11.111054420471191
6.983342170715332,0.0
0.0,0.0
0.0,0.0
0.0,0.0
0.0,0.0
0.0,0.0
0.0,0.0
0.0,0.0
0.0,0.0
0.0,0.0
0.0,0.0
0.0,0.0
0.0,0.0
0.0,0.0
0.0,0.0
0.0,0.0
0.0,0.0
0.0,0.0
0.0,0.0
0.0,0.0
0.0,0.0
0.0,0.0
0.0,0.0
0.0,0.0
0.0,0.0
0.0,0.0
0.0,0.0
0.0,0.0
0.0,0.0
0.0,0.0
0.0,0.0
0.0,0.0
0.0,0.0
0.0,0.0
0.0,0.0
0.0,0.0
0.0,0.0
0.0,0.0
0.0,0.0
0.0,0.0
0.0,0.0
0.0,0.0
0.0,0.0
0.0,0.0
0.0,0.0
0.0,0.0
0.0,0.0
0.0,0.0
0.0,0.0
0.0,0.0
0.0,0.0
-8.911102294921875,10.888412475585938
22.222211837768555,12.031826972961426
0.0,0.0
0.0,0.0
0.0,0.0
0.0,0.0
0.0,0.0
0.0,0.0
-8.92271900177002,10.772941589355469
22.222164154052734,12.222210884094238
0.0,0.0
0.0,0.0
-9.343722343444824,7.4298601150512695
0.0,0.0
0.0,0.0
0.0,0.0
0.0,0.0
0.0,0.0
0.0,0.0
0.0,0.0
0.0,0.0
0.0,0.0
0.0,0.0
0.0,0.0
0.0,0.0
0.0,0.0
0.0,0.0
0.0,0.0
0.0,0.0
0.0,0.0
0.0,0.0
0.0,0.0
-8.890793800354004,11.111083984375
0.0,0.0
0.0,0.0
0.0,0.0
0.0,0.0
0.0,0.0
0.0,0.0
0.0,0.0
-8.943095207214355,11.027624130249023
22.222211837768555,11.931147575378418
0.0,0.0
0.0,0.0
-9.123076438903809,4.203785419464111
0.0,0.0
0.0,0.0
0.0,0.0
0.0,0.0
0.0,0.0
0.0,0.0
0.0,0.0
0.0,0.0
0.0,0.0
0.0,0.0
0.0,0.0
0.0,0.0
0.0,0.0
0.0,0.0
0.0,0.0
0.0,0.0
0.0,0.0
0.0,0.0
0.0,0.0
0.0,0.0
0.0,0.0
0.0,0.0
0.0,0.0
0.0,0.0
0.0,0.0
0.0,0.0
0.0,0.0
0.0,0.0
0.0,0.0
0.0,0.0
0.0,0.0
0.0,0.0
0.0,0.0
0.0,0.0
0.0,0.0
0.0,0.0
0.0,0.0
0.0,0.0
0.0,0.0
0.0,0.0
0.0,0.0
0.0,0.0
0.0,0.0
0.0,0.0
0.0,0.0
0.0,0.0
0.0,0.0
0.0,0.0
0.0,0.0
0.0,0.0
0.0,0.0
0.0,0.0
0.0,0.0
0.0,0.0
0.0,0.0
0.0,0.0
0.0,0.0
0.0,0.0
0.0,0.0
0.0,0.0
0.0,0.0
0.0,0.0
0.0,0.0
0.0,0.0
0.0,0.0
33.33331298828125,-15.509010314941406
66.6666259765625,-35.967437744140625
-9.598182678222656,3.366112232208252
17.75033187866211,0.0
3.0,0.0
0.0,0.0
0.0,4.177420616149902
0.0,0.0
33.33331298828125,-17.026226043701172
66.6666259765625,-52.74352264404297
-9.747663497924805,0.3210821747779846
20.48079490661621,0.0
0.0,0.0
0.0,0.0
-3.3112905025482178,4.587544918060303
0.0,0.0
0.0,0.0
0.0,0.0
-8.36491584777832,2.74082612991333
16.822040557861328,1.150560975074768
0.0,0.0
0.0,0.0
-3.3600664138793945,6.1401591300964355
0.0,0.0
0.0,0.0
0.0,0.0
-9.268939971923828,6.886425018310547
5.608284950256348,11.14391040802002
0.0,0.0
0.0,0.0
-5.901247024536133,4.823091983795166
0.0,0.0
33.33331298828125,-25.230195999145508
66.6666259765625,-31.41073226928711
-9.547032356262207,5.65285587310791
2.0,9.308597564697266
33.33331298828125,-25.165565490722656
0.0,0.0
-4.055166721343994,1.0521020889282227
0.0,0.0
33.33331298828125,-18.02004051208496
66.6666259765625,-9.035277366638184
-9.933599472045898,5.609277248382568
20.90993309020996,7.3263444900512695
33.33331298828125,-26.66666030883789
62.72979736328125,-2.731381893157959
-6.241507053375244,5.995125770568848
13.568530082702637,1.0199999809265137
0.0,0.0
0.0,0.0
-3.241253137588501,5.44846248626709
10.738643646240234,0.0
0.0,0.0
0.0,0.0
-2.662649393081665,3.811337947845459
0.0,0.0
0.0,0.0
0.0,0.0
-7.010324954986572,1.5166015625
18.152801513671875,2.1198606491088867
0.0,0.0
0.0,0.0
-6.455964088439941,5.2732343673706055
18.85233497619629,6.3978095054626465
0.0,0.0
0.0,0.0
0.0,0.0
0.0,0.0
0.0,0.0
0.0,0.0
0.0,0.0
0.0,0.0
0.0,0.0
0.0,0.0
0.0,0.0
0.0,0.0
0.0,0.0
0.0,0.0
0.0,0.0
0.0,0.0
0.0,0.0
0.0,0.0
0.0,0.0
0.0,0.0
0.0,0.0
0.0,0.0
0.0,0.0
0.0,0.0
0.0,0.0
0.0,0.0
0.0,0.0
0.0,0.0
0.0,0.0
0.0,0.0
0.0,0.0
0.0,0.0
0.0,0.0
0.0,0.0
0.0,0.0
0.0,0.0
0.0,0.0
0.0,0.0
0.0,0.0
0.0,0.0
0.0,0.0
0.0,0.0
0.0,0.0
0.0,0.0
0.0,0.0
0.0,0.0
0.0,0.0
0.0,0.0
0.0,0.0
0.0,0.0
0.0,0.0
0.0,0.0
0.0,0.0
0.0,0.0
0.0,0.0
0.0,0.0
0.0,0.0
0.0,0.0
0.0,0.0
0.0,0.0
0.0,0.0
0.0,0.0
0.0,0.0
0.0,0.0
0.0,0.0
0.0,0.0
-9.306425094604492,7.229421138763428
0.0,0.0
0.0,0.0
0.0,0.0
0.0,0.0
0.0,0.0
33.33331298828125,6.597278118133545
0.0,0.0
-10.436406135559082,-4.84389591217041
0.0,0.0
0.0,0.0
0.0,0.0
-8.405183792114258,-8.411020278930664
0.0,0.0
0.0,0.0
0.0,0.0
-10.193940162658691,-1.9389657974243164
0.0,0.0
0.0,0.0
0.0,0.0
0.0,0.0
0.0,0.0
22.222211837768555,11.979451179504395
0.0,0.0
-9.741951942443848,2.581768751144409
0.0,0.0
0.0,0.0
0.0,0.0
-10.044291496276855,3.0758633613586426
0.0,0.0
0.0,0.0
0.0,0.0
-5.442334175109863,10.493770599365234
0.0,0.0
0.0,0.0
0.0,0.0
0.0,0.0
0.0,0.0
33.33331298828125,8.12381649017334
0.0,0.0
-10.624086380004883,-5.961823463439941
0.0,0.0
0.0,0.0
0.0,0.0
-4.780277252197266,-5.369110107421875
0.0,0.0
0.0,0.0
0.0,0.0
-9.057811737060547,11.054484367370605
0.0,0.0
0.0,0.0
0.0,0.0
0.0,0.0
0.0,0.0
22.109214782714844,8.125520706176758
0.0,0.0
-9.665910720825195,4.927184104919434
0.0,0.0
0.0,0.0
0.0,0.0
-8.900920867919922,0.5872904658317566
0.0,0.0
0.0,0.0
0.0,0.0
0.0,0.0
0.0,0.0
0.0,0.0
0.0,0.0
0.0,0.0
0.0,0.0
0.0,0.0
0.0,0.0
0.0,0.0
0.0,0.0
0.0,0.0
0.0,0.0
0.0,0.0
0.0,0.0
0.0,0.0
0.0,0.0
-23.655506134033203,6.392117023468018
22.222211837768555,0.4527844488620758
0.0,0.0
0.0,0.0
0.0,0.0
0.0,0.0
0.0,0.0
0.0,0.0
-19.67978858947754,10.410089492797852
-227.37930297851562,-16.654216766357422
0.0,0.0
0.0,0.0
0.0,0.0
0.0,0.0
0.0,0.0
0.0,0.0
0.0,0.0
0.0,0.0
0.0,0.0
0.0,0.0
0.0,0.0
0.0,0.0
0.0,0.0
0.0,0.0
0.0,0.0
0.0,0.0
0.0,0.0
0.0,0.0
0.0,0.0
0.0,0.0
0.0,0.0
0.0,0.0
-14.682633399963379,-33.6673469543457
22.222211837768555,-7.771660804748535
0.0,0.0
0.0,0.0
-378.48724365234375,-12.473175048828125
0.0,0.0
0.0,0.0
0.0,0.0
-66.45726013183594,-2.567840576171875
22.222192764282227,-52.24078369140625
0.0,0.0
0.0,0.0
-154.1380615234375,-514.9088134765625
0.0,0.0
0.0,0.0
0.0,0.0
0.0,0.0
0.0,0.0
0.0,0.0
0.0,0.0
0.0,0.0
0.0,0.0
0.0,0.0
0.0,0.0
0.0,0.0
0.0,0.0
0.0,0.0
0.0,0.0
0.0,0.0
0.0,0.0
0.0,0.0
0.0,0.0
0.0,0.0
0.0,0.0
0.0,0.0
0.0,0.0
0.0,0.0
0.0,0.0
0.0,0.0
0.0,0.0
0.0,0.0
0.0,0.0
0.0,0.0
0.0,0.0
0.0,0.0
0.0,0.0
0.0,0.0
0.0,0.0
0.0,0.0
0.0,0.0
0.0,0.0
0.0,0.0
0.0,0.0
0.0,0.0
0.0,0.0
0.0,0.0
0.0,0.0
0.0,0.0
0.0,0.0
0.0,0.0
0.0,0.0
0.0,0.0
0.0,0.0
0.0,0.0
0.0,0.0
0.0,0.0
0.0,0.0
0.0,0.0
0.0,0.0
0.0,0.0
0.0,0.0
0.0,0.0
0.0,0.0
0.0,0.0
0.0,0.0
0.0,0.0
0.0,0.0
0.0,0.0
0.0,0.0
0.0,0.0
0.0,0.0
0.0,0.0
0.0,0.0
0.0,0.0
0.0,0.0
0.0,0.0
0.0,0.0
0.0,0.0
0.0,0.0
0.0,0.0
0.0,0.0
0.0,0.0
0.0,0.0
0.0,0.0
0.0,0.0
0.0,0.0
-8.888994216918945,11.109589576721191
22.221864700317383,10.352909088134766
0.0,0.0
0.0,0.0
0.0,0.0
0.0,0.0
0.0,0.0
0.0,0.0
-8.888885498046875,11.11109447479248
22.221538543701172,11.44958209991455
0.0,0.0
0.0,0.0
0.0,0.0
0.0,0.0
0.0,0.0
0.0,0.0
0.0,0.0
0.0,0.0
0.0,0.0
0.0,0.0
0.0,0.0
0.0,0.0
0.0,0.0
0.0,0.0
0.0,0.0
0.0,0.0
0.0,0.0
0.0,0.0
0.0,0.0
0.0,0.0
0.0,0.0
0.0,0.0
-18.419212341308594,11.111104965209961
22.222204208374023,11.144062995910645
0.0,0.0
0.0,0.0
0.0,0.0
0.0,0.0
0.0,0.0
0.0,0.0
-8.888936042785645,11.11071491241455
22.192045211791992,7.73595666885376
0.0,0.0
0.0,0.0
0.0,0.0
0.0,0.0
0.0,0.0
0.0,0.0
0.0,0.0
0.0,0.0
0.0,0.0
0.0,0.0
0.0,0.0
0.0,0.0
0.0,0.0
0.0,0.0
0.0,0.0
0.0,0.0
0.0,0.0
0.0,0.0
0.0,0.0
0.0,0.0
0.0,0.0
0.0,0.0
0.0,0.0
0.0,0.0
0.0,0.0
0.0,0.0
0.0,0.0
0.0,0.0
0.0,0.0
0.0,0.0
0.0,0.0
0.0,0.0
0.0,0.0
0.0,0.0
0.0,0.0
0.0,0.0
0.0,0.0
0.0,0.0
0.0,0.0
0.0,0.0
0.0,0.0
0.0,0.0
0.0,0.0
0.0,0.0
0.0,0.0
0.0,0.0
0.0,0.0
0.0,0.0
0.0,0.0
0.0,0.0
0.0,0.0
0.0,0.0
0.0,0.0
0.0,0.0
0.0,0.0
0.0,0.0
0.0,0.0
0.0,0.0
0.0,0.0
0.0,0.0
0.0,0.0
0.0,0.0
0.0,0.0
0.0,0.0
0.0,0.0
0.0,0.0
0.0,0.0
0.0,0.0
33.33331298828125,-25.811344146728516
57.46687316894531,-10.645879745483398
-6.440771102905273,11.11108112335205
2.0,0.0
0.0,0.0
0.0,0.0
0.0,0.0
0.0,0.0
33.33331298828125,-37.322715759277344
60.35791015625,-28.75309944152832
-5.597653388977051,11.061460494995117
3.819999933242798,0.0
0.0,0.0
0.0,0.0
0.0,0.0
0.0,0.0
22.22193145751953,11.815410614013672
47.889060974121094,3.538477897644043
-19.904695510864258,10.602014541625977
22.222211837768555,12.215036392211914
0.0,0.0
0.0,0.0
0.0,0.0
0.0,0.0
22.222211837768555,12.18471908569336
51.59381103515625,5.812746047973633
-11.111104965209961,-33.284366607666016
22.222211837768555,12.21868896484375
0.0,0.0
0.0,0.0
0.0,0.0
0.0,0.0
33.33331298828125,-24.063613891601562
50.466121673583984,-10.585726737976074
-7.945566654205322,11.111105918884277
3.819999933242798,0.0
16.10796546936035,-9.866759300231934
0.0,0.0
0.0,0.0
0.0,0.0
33.33331298828125,-25.863882064819336
60.925697326660156,-15.23711109161377
-4.7836198806762695,11.105764389038086
0.0,0.0
20.352794647216797,-2.7964720726013184
0.0,0.0
0.0,0.0
0.0,0.0
-29.95220184326172,11.111141204833984
42.05509948730469,3.413067579269409
-11.166634559631348,-156.52005004882812
22.222211837768555,12.215174674987793
11.772165298461914,1.0199999809265137
0.0,0.0
-183.4722442626953,-325.166259765625
0.0,0.0
-56.71298599243164,11.112603187561035
49.7783088684082,3.6424522399902344
-29.791406631469727,11.108681678771973
22.222211837768555,12.221152305603027
15.056099891662598,0.0
0.0,0.0
-382.92071533203125,-335.95733642578125
0.0,0.0
0.0,0.0
0.0,0.0
0.0,0.0
0.0,0.0
0.0,0.0
0.0,0.0
0.0,0.0
0.0,0.0
0.0,0.0
0.0,0.0
0.0,0.0
0.0,0.0
0.0,0.0
0.0,0.0
0.0,0.0
0.0,0.0
0.0,0.0
0.0,0.0
0.0,0.0
0.0,0.0
0.0,0.0
0.0,0.0
0.0,0.0
0.0,0.0
0.0,0.0
0.0,0.0
0.0,0.0
0.0,0.0
0.0,0.0
0.0,0.0
0.0,0.0
0.0,0.0
0.0,0.0
0.0,0.0
0.0,0.0
0.0,0.0
0.0,0.0
0.0,0.0
0.0,0.0
0.0,0.0
0.0,0.0
0.0,0.0
0.0,0.0
0.0,0.0
0.0,0.0
0.0,0.0
0.0,0.0
0.0,0.0
0.0,0.0
0.0,0.0
0.0,0.0
0.0,0.0
0.0,0.0
0.0,0.0
0.0,0.0
0.0,0.0
0.0,0.0
0.0,0.0
0.0,0.0
0.0,0.0
0.0,0.0
0.0,0.0
0.0,0.0
0.0,0.0
0.0,0.0
0.0,0.0
-1.0,3.491671085357666
0.0,0.0
0.0,0.0
0.0,0.0
0.0,0.0
0.0,0.0
33.33111572265625,-18.251697540283203
0.0,0.0
-4.322393894195557,11.032720565795898
0.0,0.0
0.0,0.0
0.0,0.0
0.0,0.0
0.0,0.0
0.0,0.0
0.0,0.0
-8.888901710510254,11.111041069030762
0.0,0.0
0.0,0.0
0.0,0.0
0.0,0.0
0.0,0.0
21.42005157470703,12.290863037109375
0.0,0.0
-10.496646881103516,4.188164710998535
0.0,0.0
0.0,0.0
0.0,0.0
0.0,0.0
0.0,0.0
0.0,0.0
0.0,0.0
0.0,0.0
0.0,0.0
0.0,0.0
0.0,0.0
0.0,0.0
0.0,0.0
0.0,0.0
0.0,0.0
-1.0,3.1452527046203613
0.0,0.0
0.0,0.0
0.0,0.0
0.0,0.0
0.0,0.0
0.0,0.0
0.0,0.0
-3.946178674697876,9.426167488098145
0.0,0.0
0.0,0.0
0.0,0.0
0.0,0.0
0.0,0.0
3.819999933242798,0.0
0.0,0.0
-8.858147621154785,10.859955787658691
0.0,0.0
0.0,0.0
0.0,0.0
0.0,0.0
0.0,0.0
0.0,0.0
0.0,0.0
0.0,0.0
0.0,0.0
0.0,0.0
0.0,0.0
0.0,0.0
0.0,0.0
0.0,0.0
0.0,0.0
0.0,0.0
0.0,0.0
0.0,0.0
0.0,0.0
0.0,0.0
0.0,0.0
0.0,0.0
0.0,0.0
0.0,0.0
0.0,0.0
0.0,0.0
0.0,0.0
0.0,0.0
0.0,0.0
0.0,0.0
0.0,0.0
0.0,0.0
0.0,0.0
0.0,0.0
0.0,0.0
0.0,0.0
0.0,0.0
0.0,0.0
0.0,0.0
0.0,0.0
0.0,0.0
0.0,0.0
0.0,0.0
0.0,0.0
0.0,0.0
0.0,0.0
0.0,0.0
0.0,0.0
0.0,0.0
0.0,0.0
0.0,0.0
0.0,0.0
0.0,0.0
0.0,0.0
0.0,0.0
0.0,0.0
0.0,0.0
0.0,0.0
0.0,0.0
0.0,0.0
0.0,0.0
0.0,0.0
0.0,0.0
0.0,0.0
0.0,0.0
0.0,0.0
0.0,0.0
0.0,0.0
0.0,0.0
