-8.982085227966309,9.999996185302734
0.0,0.0
0.0,0.0
0.0,0.0
0.0,0.0
0.0,0.0
0.0,0.0
0.0,0.0
0.0,0.0
0.0,0.0
0.0,0.0
0.0,0.0
0.0,0.0
0.0,0.0
0.0,0.0
0.0,0.0
0.0,0.0
0.0,0.0
5.488677024841309,29.780349731445312
19.431617736816406,1.1682204008102417
0.0,0.0
0.0,0.0
0.0,0.0
0.0,0.0
0.0,0.0
0.0,0.0
-3.156085252761841,28.001956939697266
16.822040557861328,1.1356853246688843
0.0,0.0
0.0,0.0
0.0,0.0
0.0,0.0
0.0,0.0
0.0,0.0
0.0,0.0
0.0,0.0
0.0,0.0
0.0,0.0
0.0,0.0
0.0,0.0
0.0,0.0
0.0,0.0
0.0,0.0
0.0,0.0
0.0,0.0
0.0,0.0
0.0,0.0
0.0,0.0
0.0,0.0
0.0,0.0
-8.889785766601562,11.110727310180664
0.0,0.0
0.0,0.0
0.0,0.0
-8.874125480651855,11.111105918884277
0.0,0.0
0.0,0.0
0.0,0.0
-8.303509712219238,11.162827491760254
9.6029052734375,0.0
0.0,0.0
0.0,0.0
-8.130614280700684,10.999985694885254
0.0,0.0
0.0,0.0
0.0,0.0
0.0,0.0
0.0,0.0
0.0,0.0
0.0,0.0
0.0,0.0
0.0,0.0
0.0,0.0
0.0,0.0
0.0,0.0
0.0,0.0
0.0,0.0
0.0,0.0
0.0,0.0
0.0,0.0
0.0,0.0
0.0,0.0
-8.934465408325195,10.942708969116211
22.222211837768555,12.016007423400879
0.0,0.0
0.0,0.0
-5.917330741882324,11.054607391357422
5.476200103759766,1.0199999809265137
0.0,0.0
0.0,0.0
-8.909509658813477,11.106096267700195
22.222209930419922,7.957630157470703
0.0,0.0
0.0,0.0
-8.446980476379395,8.976079940795898
-97.51274871826172,11.108320236206055
0.0,0.0
0.0,0.0
0.0,0.0
0.0,0.0
0.0,0.0
0.0,0.0
0.0,0.0
0.0,0.0
0.0,0.0
0.0,0.0
0.0,0.0
0.0,0.0
0.0,0.0
0.0,0.0
0.0,0.0
0.0,0.0
0.0,0.0
0.0,0.0
-8.91076946258545,10.668834686279297
22.222200393676758,11.941571235656738
0.0,0.0
0.0,0.0
-8.713650703430176,11.111105918884277
22.22189712524414,9.524300575256348
0.0,0.0
0.0,0.0
-8.891087532043457,11.111105918884277
-24.809335708618164,11.288833618164062
0.0,0.0
0.0,0.0
-8.883718490600586,11.111105918884277
22.222211837768555,11.90733814239502
0.0,0.0
0.0,0.0
0.0,0.0
0.0,0.0
0.0,0.0
0.0,0.0
0.0,0.0
0.0,0.0
0.0,0.0
0.0,0.0
0.0,0.0
0.0,0.0
0.0,0.0
0.0,0.0
0.0,0.0
0.0,0.0
0.0,0.0
0.0,0.0
0.3735761344432831,19.641048431396484
22.222204208374023,12.221721649169922
0.0,0.0
0.0,0.0
0.0,0.0
0.0,0.0
0.0,0.0
0.0,0.0
-7.58908748626709,24.149770736694336
22.085756301879883,9.205466270446777
0.0,0.0
0.0,0.0
-7.440858840942383,11.086932182312012
0.0,0.0
0.0,0.0
0.0,0.0
0.0,0.0
0.0,0.0
0.0,0.0
0.0,0.0
0.0,0.0
0.0,0.0
0.0,0.0
0.0,0.0
0.0,0.0
0.0,0.0
0.0,0.0
0.0,0.0
0.0,0.0
0.0,0.0
0.0,0.0
0.0,0.0
0.0,0.0
0.0,0.0
0.0,0.0
0.0,0.0
0.0,0.0
0.0,0.0
0.0,0.0
0.0,0.0
0.0,0.0
0.0,0.0
0.0,0.0
0.0,0.0
0.0,0.0
0.0,0.0
0.0,0.0
0.0,0.0
0.0,0.0
0.0,0.0
0.0,0.0
0.0,0.0
0.0,0.0
0.0,0.0
0.0,0.0
0.0,0.0
0.0,0.0
0.0,0.0
0.0,0.0
0.0,0.0
0.0,0.0
0.0,0.0
0.0,0.0
0.0,0.0
-8.911084175109863,10.888673782348633
10.937295913696289,10.318761825561523
0.0,0.0
0.0,0.0
0.0,0.0
0.0,0.0
0.0,0.0
0.0,0.0
-8.92667293548584,10.687091827392578
22.222211837768555,12.222216606140137
0.0,0.0
0.0,0.0
-9.070390701293945,9.364629745483398
0.0,0.0
0.0,0.0
0.0,0.0
0.0,0.0
0.0,0.0
0.0,0.0
0.0,0.0
0.0,0.0
0.0,0.0
0.0,0.0
0.0,0.0
0.0,0.0
0.0,0.0
0.0,0.0
0.0,0.0
0.0,0.0
0.0,0.0
0.0,0.0
0.0,0.0
-8.888885498046875,11.111105918884277
0.0,0.0
0.0,0.0
0.0,0.0
0.0,0.0
0.0,0.0
0.0,0.0
0.0,0.0
-8.972278594970703,10.274928092956543
-135.33221435546875,11.110555648803711
0.0,0.0
0.0,0.0
-8.624357223510742,5.061459541320801
0.0,0.0
0.0,0.0
0.0,0.0
0.0,0.0
0.0,0.0
0.0,0.0
0.0,0.0
0.0,0.0
0.0,0.0
0.0,0.0
0.0,0.0
0.0,0.0
0.0,0.0
0.0,0.0
0.0,0.0
0.0,0.0
0.0,0.0
0.0,0.0
0.0,0.0
0.0,0.0
0.0,0.0
0.0,0.0
0.0,0.0
0.0,0.0
0.0,0.0
0.0,0.0
0.0,0.0
0.0,0.0
0.0,0.0
0.0,0.0
0.0,0.0
0.0,0.0
0.0,0.0
0.0,0.0
0.0,0.0
0.0,0.0
0.0,0.0
0.0,0.0
0.0,0.0
0.0,0.0
0.0,0.0
0.0,0.0
0.0,0.0
0.0,0.0
0.0,0.0
0.0,0.0
0.0,0.0
0.0,0.0
0.0,0.0
0.0,0.0
0.0,0.0
0.0,0.0
0.0,0.0
0.0,0.0
0.0,0.0
0.0,0.0
0.0,0.0
0.0,0.0
0.0,0.0
0.0,0.0
0.0,0.0
0.0,0.0
0.0,0.0
0.0,0.0
0.0,0.0
33.33331298828125,-4.24823522567749
66.6666259765625,-30.69681739807129
-10.066285133361816,-2.2732207775115967
3.819999933242798,0.0
0.0,0.0
0.0,0.0
0.0,1.0
0.0,0.0
33.33331298828125,-15.87370491027832
66.6666259765625,-42.498809814453125
-9.837240219116211,1.21208918094635
12.71267032623291,0.0
0.0,0.0
0.0,0.0
-1.8809000253677368,4.514583587646484
0.0,0.0
0.0,0.0
0.0,0.0
-3.242412805557251,3.796639919281006
5.476200103759766,0.0
0.0,0.0
0.0,0.0
-1.0,1.909999966621399
0.0,0.0
0.0,0.0
0.0,0.0
-8.478250503540039,5.652307033538818
2.041774272918701,6.369321823120117
0.0,0.0
0.0,0.0
-4.517306327819824,2.402451276779175
0.0,0.0
33.33331298828125,-10.597283363342285
66.6666259765625,-38.89081954956055
-8.956649780273438,11.105759620666504
2.0,0.0
33.33331298828125,-26.35100555419922
0.0,0.0
-1.8899999856948853,1.6716710329055786
0.0,0.0
33.33331298828125,-25.34327507019043
66.6666259765625,-22.81373405456543
-9.725041389465332,0.13202381134033203
15.056099891662598,1.1073864698410034
33.33331298828125,-26.63243865966797
28.8087158203125,0.0
-5.10029935836792,3.5958304405212402
2.0,1.0199999809265137
0.0,0.0
0.0,0.0
-1.0,6.276333332061768
0.0,0.0
0.0,0.0
0.0,0.0
-1.0,3.1452527046203613
0.0,0.0
0.0,0.0
0.0,0.0
-3.8725240230560303,7.400445461273193
9.6029052734375,1.0698333978652954
0.0,0.0
0.0,0.0
-3.350684642791748,5.338229179382324
10.738643646240234,2.0547618865966797
0.0,0.0
0.0,0.0
0.0,0.0
0.0,0.0
0.0,0.0
0.0,0.0
0.0,0.0
0.0,0.0
0.0,0.0
0.0,0.0
0.0,0.0
0.0,0.0
0.0,0.0
0.0,0.0
0.0,0.0
0.0,0.0
0.0,0.0
0.0,0.0
0.0,0.0
0.0,0.0
0.0,0.0
0.0,0.0
0.0,0.0
0.0,0.0
0.0,0.0
0.0,0.0
0.0,0.0
0.0,0.0
0.0,0.0
0.0,0.0
0.0,0.0
0.0,0.0
0.0,0.0
0.0,0.0
0.0,0.0
0.0,0.0
0.0,0.0
0.0,0.0
0.0,0.0
0.0,0.0
0.0,0.0
0.0,0.0
0.0,0.0
0.0,0.0
0.0,0.0
0.0,0.0
0.0,0.0
0.0,0.0
0.0,0.0
0.0,0.0
0.0,0.0
0.0,0.0
0.0,0.0
0.0,0.0
0.0,0.0
0.0,0.0
0.0,0.0
0.0,0.0
0.0,0.0
0.0,0.0
0.0,0.0
0.0,0.0
0.0,0.0
0.0,0.0
0.0,0.0
0.0,0.0
-8.754302978515625,7.425856590270996
0.0,0.0
0.0,0.0
0.0,0.0
0.0,0.0
0.0,0.0
33.33331298828125,14.890689849853516
0.0,0.0
-10.616159439086914,-7.640790939331055
0.0,0.0
0.0,0.0
0.0,0.0
-2.7290000915527344,-2.738100051879883
0.0,0.0
0.0,0.0
0.0,0.0
-10.197386741638184,-1.9703859090805054
0.0,0.0
0.0,0.0
0.0,0.0
0.0,0.0
0.0,0.0
21.669696807861328,11.060524940490723
0.0,0.0
-9.812461853027344,2.3460869789123535
0.0,0.0
0.0,0.0
0.0,0.0
-9.43775463104248,1.8275282382965088
0.0,0.0
0.0,0.0
0.0,0.0
-4.045322895050049,5.934758186340332
0.0,0.0
0.0,0.0
0.0,0.0
0.0,0.0
0.0,0.0
33.33331298828125,21.70233726501465
0.0,0.0
-11.028874397277832,-11.030169486999512
0.0,0.0
0.0,0.0
0.0,0.0
-1.899999976158142,0.0
0.0,0.0
0.0,0.0
0.0,0.0
-7.94256591796875,7.592489719390869
0.0,0.0
0.0,0.0
0.0,0.0
0.0,0.0
0.0,0.0
18.152801513671875,3.8191511631011963
0.0,0.0
-9.674991607666016,5.6745219230651855
0.0,0.0
0.0,0.0
0.0,0.0
-7.686000347137451,2.7627170085906982
0.0,0.0
0.0,0.0
0.0,0.0
0.0,0.0
0.0,0.0
0.0,0.0
0.0,0.0
0.0,0.0
0.0,0.0
0.0,0.0
0.0,0.0
0.0,0.0
0.0,0.0
0.0,0.0
0.0,0.0
0.0,0.0
0.0,0.0
0.0,0.0
0.0,0.0
-9.224318504333496,-15.727716445922852
21.99005126953125,-58.71780776977539
0.0,0.0
0.0,0.0
0.0,0.0
0.0,0.0
0.0,0.0
0.0,0.0
-11.2681884765625,-52.4865608215332
22.222211837768555,12.221256256103516
0.0,0.0
0.0,0.0
0.0,0.0
0.0,0.0
0.0,0.0
0.0,0.0
0.0,0.0
0.0,0.0
0.0,0.0
0.0,0.0
0.0,0.0
0.0,0.0
0.0,0.0
0.0,0.0
0.0,0.0
0.0,0.0
0.0,0.0
0.0,0.0
0.0,0.0
0.0,0.0
0.0,0.0
0.0,0.0
-32.72056198120117,10.258145332336426
22.222211837768555,11.764318466186523
0.0,0.0
0.0,0.0
-320.5987243652344,-215.68170166015625
0.0,0.0
0.0,0.0
0.0,0.0
-11.110577583312988,-27.682106018066406
22.222211837768555,12.222186088562012
0.0,0.0
0.0,0.0
-200.91000366210938,-198.26190185546875
0.0,0.0
0.0,0.0
0.0,0.0
0.0,0.0
0.0,0.0
0.0,0.0
0.0,0.0
0.0,0.0
0.0,0.0
0.0,0.0
0.0,0.0
0.0,0.0
0.0,0.0
0.0,0.0
0.0,0.0
0.0,0.0
0.0,0.0
0.0,0.0
0.0,0.0
0.0,0.0
0.0,0.0
0.0,0.0
0.0,0.0
0.0,0.0
0.0,0.0
0.0,0.0
0.0,0.0
0.0,0.0
0.0,0.0
0.0,0.0
0.0,0.0
0.0,0.0
0.0,0.0
0.0,0.0
0.0,0.0
0.0,0.0
0.0,0.0
0.0,0.0
0.0,0.0
0.0,0.0
0.0,0.0
0.0,0.0
0.0,0.0
0.0,0.0
0.0,0.0
0.0,0.0
0.0,0.0
0.0,0.0
0.0,0.0
0.0,0.0
0.0,0.0
0.0,0.0
0.0,0.0
0.0,0.0
0.0,0.0
0.0,0.0
0.0,0.0
0.0,0.0
0.0,0.0
0.0,0.0
0.0,0.0
0.0,0.0
0.0,0.0
0.0,0.0
0.0,0.0
0.0,0.0
0.0,0.0
0.0,0.0
0.0,0.0
0.0,0.0
0.0,0.0
0.0,0.0
0.0,0.0
0.0,0.0
0.0,0.0
0.0,0.0
0.0,0.0
0.0,0.0
0.0,0.0
0.0,0.0
0.0,0.0
0.0,0.0
0.0,0.0
-8.888994216918945,11.109589576721191
21.405376434326172,5.635986804962158
0.0,0.0
0.0,0.0
0.0,0.0
0.0,0.0
0.0,0.0
0.0,0.0
-8.888885498046875,11.111105918884277
5.573841571807861,8.875165939331055
0.0,0.0
0.0,0.0
0.0,0.0
0.0,0.0
0.0,0.0
0.0,0.0
0.0,0.0
0.0,0.0
0.0,0.0
0.0,0.0
0.0,0.0
0.0,0.0
0.0,0.0
0.0,0.0
0.0,0.0
0.0,0.0
0.0,0.0
0.0,0.0
0.0,0.0
0.0,0.0
0.0,0.0
0.0,0.0
-20.45978546142578,11.111105918884277
22.220746994018555,11.024274826049805
0.0,0.0
0.0,0.0
0.0,0.0
0.0,0.0
0.0,0.0
0.0,0.0
-8.888898849487305,11.111071586608887
17.30805778503418,3.868027448654175
0.0,0.0
0.0,0.0
0.0,0.0
0.0,0.0
0.0,0.0
0.0,0.0
0.0,0.0
0.0,0.0
0.0,0.0
0.0,0.0
0.0,0.0
0.0,0.0
0.0,0.0
0.0,0.0
0.0,0.0
0.0,0.0
0.0,0.0
0.0,0.0
0.0,0.0
0.0,0.0
0.0,0.0
0.0,0.0
0.0,0.0
0.0,0.0
0.0,0.0
0.0,0.0
0.0,0.0
0.0,0.0
0.0,0.0
0.0,0.0
0.0,0.0
0.0,0.0
0.0,0.0
0.0,0.0
0.0,0.0
0.0,0.0
0.0,0.0
0.0,0.0
0.0,0.0
0.0,0.0
0.0,0.0
0.0,0.0
0.0,0.0
0.0,0.0
0.0,0.0
0.0,0.0
0.0,0.0
0.0,0.0
0.0,0.0
0.0,0.0
0.0,0.0
0.0,0.0
0.0,0.0
0.0,0.0
0.0,0.0
0.0,0.0
0.0,0.0
0.0,0.0
0.0,0.0
0.0,0.0
0.0,0.0
0.0,0.0
0.0,0.0
0.0,0.0
0.0,0.0
0.0,0.0
0.0,0.0
0.0,0.0
33.26732635498047,-23.301259994506836
32.2159309387207,-5.790499687194824
-2.564682722091675,10.855598449707031
2.0,0.0
0.0,0.0
0.0,0.0
0.0,0.0
0.0,0.0
33.33246994018555,-124.05419921875
45.16830062866211,-15.302923202514648
-3.836059093475342,10.3900728225708
2.0,0.0
0.0,0.0
0.0,0.0
0.0,0.0
0.0,0.0
19.72910499572754,11.302300453186035
24.00726318359375,2.2968549728393555
-10.729517936706543,4.211814880371094
22.220600128173828,9.861492156982422
0.0,0.0
0.0,0.0
0.0,0.0
0.0,0.0
22.21936798095703,11.641965866088867
40.71989059448242,2.4591779708862305
-73.20347595214844,10.30402946472168
22.222211837768555,12.11935806274414
0.0,0.0
0.0,0.0
0.0,0.0
0.0,0.0
33.324222564697266,-12.618634223937988
20.95002555847168,0.0
-5.882576942443848,11.064319610595703
0.0,0.0
10.47501277923584,-2.9178569316864014
0.0,0.0
0.0,0.0
0.0,0.0
33.33089828491211,-20.723800659179688
45.16830062866211,-6.0
-3.2565619945526123,10.45496654510498
0.0,0.0
14.40435791015625,0.0
0.0,0.0
0.0,0.0
0.0,0.0
22.20508575439453,9.921749114990234
17.458354949951172,0.0
-87.54357147216797,11.014718055725098
22.221210479736328,11.225648880004883
5.476200103759766,1.0199999809265137
0.0,0.0
-294.5371398925781,9.309240341186523
0.0,0.0
22.220439910888672,9.784423828125
33.92132568359375,2.4552786350250244
-11.11146354675293,4.057445049285889
22.222211837768555,12.123071670532227
10.738643646240234,0.0
0.0,0.0
-129.7427978515625,-265.15020751953125
0.0,0.0
0.0,0.0
0.0,0.0
0.0,0.0
0.0,0.0
0.0,0.0
0.0,0.0
0.0,0.0
0.0,0.0
0.0,0.0
0.0,0.0
0.0,0.0
0.0,0.0
0.0,0.0
0.0,0.0
0.0,0.0
0.0,0.0
0.0,0.0
0.0,0.0
0.0,0.0
0.0,0.0
0.0,0.0
0.0,0.0
0.0,0.0
0.0,0.0
0.0,0.0
0.0,0.0
0.0,0.0
0.0,0.0
0.0,0.0
0.0,0.0
0.0,0.0
0.0,0.0
0.0,0.0
0.0,0.0
0.0,0.0
0.0,0.0
0.0,0.0
0.0,0.0
0.0,0.0
0.0,0.0
0.0,0.0
0.0,0.0
0.0,0.0
0.0,0.0
0.0,0.0
0.0,0.0
0.0,0.0
0.0,0.0
0.0,0.0
0.0,0.0
0.0,0.0
0.0,0.0
0.0,0.0
0.0,0.0
0.0,0.0
0.0,0.0
0.0,0.0
0.0,0.0
0.0,0.0
0.0,0.0
0.0,0.0
0.0,0.0
0.0,0.0
0.0,0.0
0.0,0.0
0.0,0.0
-1.0,0.0
0.0,0.0
0.0,0.0
0.0,0.0
0.0,0.0
0.0,0.0
32.63578414916992,-7.1034746170043945
0.0,0.0
-2.5976221561431885,9.652372360229492
0.0,0.0
0.0,0.0
0.0,0.0
0.0,0.0
0.0,0.0
0.0,0.0
0.0,0.0
-9.664344787597656,11.036336898803711
0.0,0.0
0.0,0.0
0.0,0.0
0.0,0.0
0.0,0.0
7.20279598236084,11.099472999572754
0.0,0.0
-8.888894081115723,11.111104965209961
0.0,0.0
0.0,0.0
0.0,0.0
0.0,0.0
0.0,0.0
0.0,0.0
0.0,0.0
0.0,0.0
0.0,0.0
0.0,0.0
0.0,0.0
0.0,0.0
0.0,0.0
0.0,0.0
0.0,0.0
-1.0,1.0
0.0,0.0
0.0,0.0
0.0,0.0
0.0,0.0
0.0,0.0
0.0,0.0
0.0,0.0
-3.3441579341888428,4.80145263671875
0.0,0.0
0.0,0.0
0.0,0.0
0.0,0.0
0.0,0.0
2.0,0.0
0.0,0.0
-8.412249565124512,11.096022605895996
0.0,0.0
0.0,0.0
0.0,0.0
0.0,0.0
0.0,0.0
0.0,0.0
0.0,0.0
0.0,0.0
0.0,0.0
0.0,0.0
0.0,0.0
0.0,0.0
0.0,0.0
0.0,0.0
0.0,0.0
0.0,0.0
0.0,0.0
0.0,0.0
0.0,0.0
0.0,0.0
0.0,0.0
0.0,0.0
0.0,0.0
0.0,0.0
0.0,0.0
0.0,0.0
0.0,0.0
0.0,0.0
0.0,0.0
0.0,0.0
0.0,0.0
0.0,0.0
0.0,0.0
0.0,0.0
0.0,0.0
0.0,0.0
0.0,0.0
0.0,0.0
0.0,0.0
0.0,0.0
0.0,0.0
0.0,0.0
0.0,0.0
0.0,0.0
0.0,0.0
0.0,0.0
0.0,0.0
0.0,0.0
0.0,0.0
0.0,0.0
0.0,0.0
0.0,0.0
0.0,0.0
0.0,0.0
0.0,0.0
0.0,0.0
0.0,0.0
0.0,0.0
0.0,0.0
0.0,0.0
0.0,0.0
0.0,0.0
0.0,0.0
0.0,0.0
0.0,0.0
0.0,0.0
0.0,0.0
0.0,0.0
0.0,0.0
