-5.789926528930664,9.999996185302734
0.0,0.0
0.0,0.0
0.0,0.0
0.0,0.0
0.0,0.0
0.0,0.0
0.0,0.0
0.0,0.0
0.0,0.0
0.0,0.0
0.0,0.0
0.0,0.0
0.0,0.0
0.0,0.0
0.0,0.0
0.0,0.0
0.0,0.0
15.332305908203125,29.698345184326172
19.431617736816406,1.1682204008102417
0.0,0.0
0.0,0.0
0.0,0.0
0.0,0.0
0.0,0.0
0.0,0.0
16.097240447998047,28.054645538330078
16.822040557861328,1.1356853246688843
0.0,0.0
0.0,0.0
0.0,0.0
0.0,0.0
0.0,0.0
0.0,0.0
0.0,0.0
0.0,0.0
0.0,0.0
0.0,0.0
0.0,0.0
0.0,0.0
0.0,0.0
0.0,0.0
0.0,0.0
0.0,0.0
0.0,0.0
0.0,0.0
0.0,0.0
0.0,0.0
0.0,0.0
0.0,0.0
-8.889512062072754,11.085267066955566
0.0,0.0
0.0,0.0
0.0,0.0
-8.888647079467773,11.111105918884277
0.0,0.0
0.0,0.0
0.0,0.0
-8.890743255615234,11.106454849243164
9.6029052734375,0.0
0.0,0.0
0.0,0.0
-8.695382118225098,11.111071586608887
0.0,0.0
0.0,0.0
0.0,0.0
0.0,0.0
0.0,0.0
0.0,0.0
0.0,0.0
0.0,0.0
0.0,0.0
0.0,0.0
0.0,0.0
0.0,0.0
0.0,0.0
0.0,0.0
0.0,0.0
0.0,0.0
0.0,0.0
0.0,0.0
0.0,0.0
-8.963306427001953,10.892343521118164
22.222211837768555,12.65349292755127
0.0,0.0
0.0,0.0
-8.584376335144043,11.110952377319336
18.152801513671875,2.014029026031494
0.0,0.0
0.0,0.0
-8.901087760925293,11.11042594909668
-46.684326171875,11.1744384765625
0.0,0.0
0.0,0.0
-8.918817520141602,11.0549898147583
-56.5877685546875,11.08272647857666
0.0,0.0
0.0,0.0
0.0,0.0
0.0,0.0
0.0,0.0
0.0,0.0
0.0,0.0
0.0,0.0
0.0,0.0
0.0,0.0
0.0,0.0
0.0,0.0
0.0,0.0
0.0,0.0
0.0,0.0
0.0,0.0
0.0,0.0
0.0,0.0
-8.895065307617188,11.109949111938477
22.222211837768555,12.1754150390625
0.0,0.0
0.0,0.0
-8.88709831237793,9.111105918884277
22.222211837768555,11.060853004455566
0.0,0.0
0.0,0.0
-8.93935775756836,11.002541542053223
-16.405710220336914,-189.90573120117188
0.0,0.0
0.0,0.0
-8.889469146728516,11.111105918884277
22.222211837768555,12.305680274963379
0.0,0.0
0.0,0.0
0.0,0.0
0.0,0.0
0.0,0.0
0.0,0.0
0.0,0.0
0.0,0.0
0.0,0.0
0.0,0.0
0.0,0.0
0.0,0.0
0.0,0.0
0.0,0.0
0.0,0.0
0.0,0.0
0.0,0.0
0.0,0.0
0.5283151268959045,19.641048431396484
22.192895889282227,9.339332580566406
0.0,0.0
0.0,0.0
0.0,0.0
0.0,0.0
0.0,0.0
0.0,0.0
17.387081146240234,24.09647560119629
22.219860076904297,10.440108299255371
0.0,0.0
0.0,0.0
-8.196526527404785,11.110795974731445
0.0,0.0
0.0,0.0
0.0,0.0
0.0,0.0
0.0,0.0
0.0,0.0
0.0,0.0
0.0,0.0
0.0,0.0
0.0,0.0
0.0,0.0
0.0,0.0
0.0,0.0
0.0,0.0
0.0,0.0
0.0,0.0
0.0,0.0
0.0,0.0
0.0,0.0
0.0,0.0
0.0,0.0
0.0,0.0
0.0,0.0
0.0,0.0
0.0,0.0
0.0,0.0
0.0,0.0
0.0,0.0
0.0,0.0
0.0,0.0
0.0,0.0
0.0,0.0
0.0,0.0
0.0,0.0
0.0,0.0
0.0,0.0
0.0,0.0
0.0,0.0
0.0,0.0
0.0,0.0
0.0,0.0
0.0,0.0
0.0,0.0
0.0,0.0
0.0,0.0
0.0,0.0
0.0,0.0
0.0,0.0
0.0,0.0
0.0,0.0
0.0,0.0
-8.911102294921875,10.888412475585938
22.220773696899414,11.548155784606934
0.0,0.0
0.0,0.0
0.0,0.0
0.0,0.0
0.0,0.0
0.0,0.0
-8.920851707458496,10.790430068969727
-3.3598058223724365,-118.17765045166016
0.0,0.0
0.0,0.0
-9.075220108032227,8.716412544250488
0.0,0.0
0.0,0.0
0.0,0.0
0.0,0.0
0.0,0.0
0.0,0.0
0.0,0.0
0.0,0.0
0.0,0.0
0.0,0.0
0.0,0.0
0.0,0.0
0.0,0.0
0.0,0.0
0.0,0.0
0.0,0.0
0.0,0.0
0.0,0.0
0.0,0.0
-8.8941650390625,11.110753059387207
0.0,0.0
0.0,0.0
0.0,0.0
0.0,0.0
0.0,0.0
0.0,0.0
0.0,0.0
-8.920211791992188,10.662973403930664
5.63030481338501,11.108466148376465
0.0,0.0
0.0,0.0
-8.915486335754395,9.86467456817627
0.0,0.0
0.0,0.0
0.0,0.0
0.0,0.0
0.0,0.0
0.0,0.0
0.0,0.0
0.0,0.0
0.0,0.0
0.0,0.0
0.0,0.0
0.0,0.0
0.0,0.0
0.0,0.0
0.0,0.0
0.0,0.0
0.0,0.0
0.0,0.0
0.0,0.0
0.0,0.0
0.0,0.0
0.0,0.0
0.0,0.0
0.0,0.0
0.0,0.0
0.0,0.0
0.0,0.0
0.0,0.0
0.0,0.0
0.0,0.0
0.0,0.0
0.0,0.0
0.0,0.0
0.0,0.0
0.0,0.0
0.0,0.0
0.0,0.0
0.0,0.0
0.0,0.0
0.0,0.0
0.0,0.0
0.0,0.0
0.0,0.0
0.0,0.0
0.0,0.0
0.0,0.0
0.0,0.0
0.0,0.0
0.0,0.0
0.0,0.0
0.0,0.0
0.0,0.0
0.0,0.0
0.0,0.0
0.0,0.0
0.0,0.0
0.0,0.0
0.0,0.0
0.0,0.0
0.0,0.0
0.0,0.0
0.0,0.0
0.0,0.0
0.0,0.0
0.0,0.0
33.33331298828125,-11.958440780639648
66.6666259765625,-42.671627044677734
-9.723798751831055,6.797970771789551
11.772165298461914,0.0
0.0,0.0
0.0,0.0
0.0,2.738100051879883
0.0,0.0
33.33331298828125,-11.13817024230957
66.6666259765625,-27.994354248046875
-9.721597671508789,0.4736555218696594
18.5190486907959,0.0
0.0,0.0
0.0,0.0
-1.8809000253677368,5.648526668548584
0.0,0.0
0.0,0.0
0.0,0.0
-7.068042755126953,6.829222202301025
11.772165298461914,0.0
0.0,0.0
0.0,0.0
-2.6652090549468994,3.1452527046203613
0.0,0.0
0.0,0.0
0.0,0.0
-9.092406272888184,8.489553451538086
5.608284950256348,10.081958770751953
0.0,0.0
0.0,0.0
-5.04925537109375,2.4649112224578857
0.0,0.0
33.33331298828125,-21.133604049682617
66.6666259765625,-43.69956588745117
-9.612730979919434,9.439242362976074
2.0,4.492762088775635
33.33331298828125,-17.37200355529785
0.0,0.0
-2.6757876873016357,1.2943108081817627
0.0,0.0
33.33331298828125,-21.376134872436523
66.6666259765625,-26.835609436035156
-9.685542106628418,2.8172876834869385
17.75033187866211,5.00070858001709
33.33331298828125,-26.666336059570312
62.72979736328125,-2.731381893157959
-5.10029935836792,6.091768264770508
13.568530082702637,1.0199999809265137
0.0,0.0
0.0,0.0
-3.241253137588501,7.895813941955566
5.476200103759766,0.0
0.0,0.0
0.0,0.0
-1.0,1.8285267353057861
0.0,0.0
0.0,0.0
0.0,0.0
-6.400217056274414,2.9851579666137695
13.568530082702637,1.0698333978652954
0.0,0.0
0.0,0.0
-6.155520915985107,7.162603855133057
18.152801513671875,3.0121653079986572
0.0,0.0
0.0,0.0
0.0,0.0
0.0,0.0
0.0,0.0
0.0,0.0
0.0,0.0
0.0,0.0
0.0,0.0
0.0,0.0
0.0,0.0
0.0,0.0
0.0,0.0
0.0,0.0
0.0,0.0
0.0,0.0
0.0,0.0
0.0,0.0
0.0,0.0
0.0,0.0
0.0,0.0
0.0,0.0
0.0,0.0
0.0,0.0
0.0,0.0
0.0,0.0
0.0,0.0
0.0,0.0
0.0,0.0
0.0,0.0
0.0,0.0
0.0,0.0
0.0,0.0
0.0,0.0
0.0,0.0
0.0,0.0
0.0,0.0
0.0,0.0
0.0,0.0
0.0,0.0
0.0,0.0
0.0,0.0
0.0,0.0
0.0,0.0
0.0,0.0
0.0,0.0
0.0,0.0
0.0,0.0
0.0,0.0
0.0,0.0
0.0,0.0
0.0,0.0
0.0,0.0
0.0,0.0
0.0,0.0
0.0,0.0
0.0,0.0
0.0,0.0
0.0,0.0
0.0,0.0
0.0,0.0
0.0,0.0
0.0,0.0
0.0,0.0
0.0,0.0
0.0,0.0
-9.282075881958008,3.909440517425537
0.0,0.0
0.0,0.0
0.0,0.0
0.0,0.0
0.0,0.0
33.33331298828125,8.450882911682129
0.0,0.0
-10.78227424621582,-5.868273735046387
0.0,0.0
0.0,0.0
0.0,0.0
-5.874788284301758,-5.886082649230957
0.0,0.0
0.0,0.0
0.0,0.0
-10.193940162658691,-1.9389219284057617
0.0,0.0
0.0,0.0
0.0,0.0
0.0,0.0
0.0,0.0
22.218124389648438,11.714704513549805
0.0,0.0
-9.745818138122559,2.4679813385009766
0.0,0.0
0.0,0.0
0.0,0.0
-9.774027824401855,-2.260432720184326
0.0,0.0
0.0,0.0
0.0,0.0
-5.048391819000244,8.113042831420898
0.0,0.0
0.0,0.0
0.0,0.0
0.0,0.0
0.0,0.0
33.33331298828125,-4.569201946258545
0.0,0.0
-10.532561302185059,3.622406005859375
0.0,0.0
0.0,0.0
0.0,0.0
-2.7100000381469727,-1.909999966621399
0.0,0.0
0.0,0.0
0.0,0.0
-8.864953994750977,8.700094223022461
0.0,0.0
0.0,0.0
0.0,0.0
0.0,0.0
0.0,0.0
21.32232093811035,6.620339870452881
0.0,0.0
-9.989192962646484,6.544165134429932
0.0,0.0
0.0,0.0
0.0,0.0
-8.503931045532227,-1.9670370817184448
0.0,0.0
0.0,0.0
0.0,0.0
0.0,0.0
0.0,0.0
0.0,0.0
0.0,0.0
0.0,0.0
0.0,0.0
0.0,0.0
0.0,0.0
0.0,0.0
0.0,0.0
0.0,0.0
0.0,0.0
0.0,0.0
0.0,0.0
0.0,0.0
0.0,0.0
-21.301456451416016,2.4883382320404053
22.222211837768555,11.173613548278809
0.0,0.0
0.0,0.0
0.0,0.0
0.0,0.0
0.0,0.0
0.0,0.0
-11.111152648925781,-11.211709976196289
16.426233291625977,-170.07875061035156
0.0,0.0
0.0,0.0
0.0,0.0
0.0,0.0
0.0,0.0
0.0,0.0
0.0,0.0
0.0,0.0
0.0,0.0
0.0,0.0
0.0,0.0
0.0,0.0
0.0,0.0
0.0,0.0
0.0,0.0
0.0,0.0
0.0,0.0
0.0,0.0
0.0,0.0
0.0,0.0
0.0,0.0
0.0,0.0
-10.461380004882812,10.649910926818848
22.222211837768555,1.540116310119629
0.0,0.0
0.0,0.0
-463.9702453613281,-144.41197204589844
0.0,0.0
0.0,0.0
0.0,0.0
-11.126870155334473,-19.507169723510742
-24.8436279296875,11.111116409301758
0.0,0.0
0.0,0.0
-200.91000366210938,-198.26190185546875
0.0,0.0
0.0,0.0
0.0,0.0
0.0,0.0
0.0,0.0
0.0,0.0
0.0,0.0
0.0,0.0
0.0,0.0
0.0,0.0
0.0,0.0
0.0,0.0
0.0,0.0
0.0,0.0
0.0,0.0
0.0,0.0
0.0,0.0
0.0,0.0
0.0,0.0
0.0,0.0
0.0,0.0
0.0,0.0
0.0,0.0
0.0,0.0
0.0,0.0
0.0,0.0
0.0,0.0
0.0,0.0
0.0,0.0
0.0,0.0
0.0,0.0
0.0,0.0
0.0,0.0
0.0,0.0
0.0,0.0
0.0,0.0
0.0,0.0
0.0,0.0
0.0,0.0
0.0,0.0
0.0,0.0
0.0,0.0
0.0,0.0
0.0,0.0
0.0,0.0
0.0,0.0
0.0,0.0
0.0,0.0
0.0,0.0
0.0,0.0
0.0,0.0
0.0,0.0
0.0,0.0
0.0,0.0
0.0,0.0
0.0,0.0
0.0,0.0
0.0,0.0
0.0,0.0
0.0,0.0
0.0,0.0
0.0,0.0
0.0,0.0
0.0,0.0
0.0,0.0
0.0,0.0
0.0,0.0
0.0,0.0
0.0,0.0
0.0,0.0
0.0,0.0
0.0,0.0
0.0,0.0
0.0,0.0
0.0,0.0
0.0,0.0
0.0,0.0
0.0,0.0
0.0,0.0
0.0,0.0
0.0,0.0
0.0,0.0
0.0,0.0
-8.888994216918945,11.109589576721191
22.119644165039062,8.316502571105957
0.0,0.0
0.0,0.0
0.0,0.0
0.0,0.0
0.0,0.0
0.0,0.0
-8.888885498046875,11.11109447479248
22.164527893066406,11.268593788146973
0.0,0.0
0.0,0.0
0.0,0.0
0.0,0.0
0.0,0.0
0.0,0.0
0.0,0.0
0.0,0.0
0.0,0.0
0.0,0.0
0.0,0.0
0.0,0.0
0.0,0.0
0.0,0.0
0.0,0.0
0.0,0.0
0.0,0.0
0.0,0.0
0.0,0.0
0.0,0.0
0.0,0.0
0.0,0.0
-8.917411804199219,11.111105918884277
22.222177505493164,11.144062995910645
0.0,0.0
0.0,0.0
0.0,0.0
0.0,0.0
0.0,0.0
0.0,0.0
-8.889358520507812,11.107407569885254
22.119384765625,7.238195896148682
0.0,0.0
0.0,0.0
0.0,0.0
0.0,0.0
0.0,0.0
0.0,0.0
0.0,0.0
0.0,0.0
0.0,0.0
0.0,0.0
0.0,0.0
0.0,0.0
0.0,0.0
0.0,0.0
0.0,0.0
0.0,0.0
0.0,0.0
0.0,0.0
0.0,0.0
0.0,0.0
0.0,0.0
0.0,0.0
0.0,0.0
0.0,0.0
0.0,0.0
0.0,0.0
0.0,0.0
0.0,0.0
0.0,0.0
0.0,0.0
0.0,0.0
0.0,0.0
0.0,0.0
0.0,0.0
0.0,0.0
0.0,0.0
0.0,0.0
0.0,0.0
0.0,0.0
0.0,0.0
0.0,0.0
0.0,0.0
0.0,0.0
0.0,0.0
0.0,0.0
0.0,0.0
0.0,0.0
0.0,0.0
0.0,0.0
0.0,0.0
0.0,0.0
0.0,0.0
0.0,0.0
0.0,0.0
0.0,0.0
0.0,0.0
0.0,0.0
0.0,0.0
0.0,0.0
0.0,0.0
0.0,0.0
0.0,0.0
0.0,0.0
0.0,0.0
0.0,0.0
0.0,0.0
0.0,0.0
0.0,0.0
33.33149719238281,-24.45888328552246
50.466121673583984,-5.790499687194824
-5.157539367675781,11.10708236694336
2.0,0.0
0.0,0.0
0.0,0.0
0.0,0.0
0.0,0.0
33.33331298828125,-57.22791290283203
55.55714797973633,-22.80866241455078
-4.820194721221924,10.477526664733887
2.0,0.0
0.0,0.0
0.0,0.0
0.0,0.0
0.0,0.0
22.159221649169922,11.457685470581055
40.71989059448242,2.2968549728393555
-23.304201126098633,11.111080169677734
22.222211837768555,12.149264335632324
0.0,0.0
0.0,0.0
0.0,0.0
0.0,0.0
22.222211837768555,12.158710479736328
48.579044342041016,3.676236391067505
-45.195960998535156,11.108205795288086
22.222211837768555,12.213105201721191
0.0,0.0
0.0,0.0
0.0,0.0
0.0,0.0
33.33327865600586,-21.224323272705078
40.705589294433594,-5.618619918823242
-7.291361331939697,11.11098861694336
0.0,0.0
14.40435791015625,-9.866759300231934
0.0,0.0
0.0,0.0
0.0,0.0
33.33331298828125,-24.59453582763672
55.55714797973633,-15.23711109161377
-3.820415496826172,11.068531036376953
0.0,0.0
17.658248901367188,0.0
0.0,0.0
0.0,0.0
0.0,0.0
-85.6496353149414,11.11269760131836
31.78167724609375,2.328056573867798
-11.111116409301758,-22.34702491760254
22.222211837768555,12.087594985961914
10.738643646240234,1.0199999809265137
0.0,0.0
-64.13147735595703,-355.7793884277344
0.0,0.0
-97.51187133789062,11.109848022460938
44.37582778930664,3.6424522399902344
-31.733259201049805,11.111000061035156
22.222211837768555,12.213433265686035
12.71267032623291,0.0
0.0,0.0
-382.6802062988281,-302.5415954589844
0.0,0.0
0.0,0.0
0.0,0.0
0.0,0.0
0.0,0.0
0.0,0.0
0.0,0.0
0.0,0.0
0.0,0.0
0.0,0.0
0.0,0.0
0.0,0.0
0.0,0.0
0.0,0.0
0.0,0.0
0.0,0.0
0.0,0.0
0.0,0.0
0.0,0.0
0.0,0.0
0.0,0.0
0.0,0.0
0.0,0.0
0.0,0.0
0.0,0.0
0.0,0.0
0.0,0.0
0.0,0.0
0.0,0.0
0.0,0.0
0.0,0.0
0.0,0.0
0.0,0.0
0.0,0.0
0.0,0.0
0.0,0.0
0.0,0.0
0.0,0.0
0.0,0.0
0.0,0.0
0.0,0.0
0.0,0.0
0.0,0.0
0.0,0.0
0.0,0.0
0.0,0.0
0.0,0.0
0.0,0.0
0.0,0.0
0.0,0.0
0.0,0.0
0.0,0.0
0.0,0.0
0.0,0.0
0.0,0.0
0.0,0.0
0.0,0.0
0.0,0.0
0.0,0.0
0.0,0.0
0.0,0.0
0.0,0.0
0.0,0.0
0.0,0.0
0.0,0.0
0.0,0.0
0.0,0.0
-1.0,1.909999966621399
0.0,0.0
0.0,0.0
0.0,0.0
0.0,0.0
0.0,0.0
33.299224853515625,-15.123100280761719
0.0,0.0
-3.8086936473846436,10.357292175292969
0.0,0.0
0.0,0.0
0.0,0.0
0.0,0.0
0.0,0.0
0.0,0.0
0.0,0.0
-8.888895988464355,11.111099243164062
0.0,0.0
0.0,0.0
0.0,0.0
0.0,0.0
0.0,0.0
9.84525203704834,11.110593795776367
0.0,0.0
-9.049152374267578,11.103887557983398
0.0,0.0
0.0,0.0
0.0,0.0
0.0,0.0
0.0,0.0
0.0,0.0
0.0,0.0
0.0,0.0
0.0,0.0
0.0,0.0
0.0,0.0
0.0,0.0
0.0,0.0
0.0,0.0
0.0,0.0
-1.0,1.0
0.0,0.0
0.0,0.0
0.0,0.0
0.0,0.0
0.0,0.0
0.0,0.0
0.0,0.0
-3.946178674697876,7.850525379180908
0.0,0.0
0.0,0.0
0.0,0.0
0.0,0.0
0.0,0.0
2.0,0.0
0.0,0.0
-8.683920860290527,11.110795974731445
0.0,0.0
0.0,0.0
0.0,0.0
0.0,0.0
0.0,0.0
0.0,0.0
0.0,0.0
0.0,0.0
0.0,0.0
0.0,0.0
0.0,0.0
0.0,0.0
0.0,0.0
0.0,0.0
0.0,0.0
0.0,0.0
0.0,0.0
0.0,0.0
0.0,0.0
0.0,0.0
0.0,0.0
0.0,0.0
0.0,0.0
0.0,0.0
0.0,0.0
0.0,0.0
0.0,0.0
0.0,0.0
0.0,0.0
0.0,0.0
0.0,0.0
0.0,0.0
0.0,0.0
0.0,0.0
0.0,0.0
0.0,0.0
0.0,0.0
0.0,0.0
0.0,0.0
0.0,0.0
0.0,0.0
0.0,0.0
0.0,0.0
0.0,0.0
0.0,0.0
0.0,0.0
0.0,0.0
0.0,0.0
0.0,0.0
0.0,0.0
0.0,0.0
0.0,0.0
0.0,0.0
0.0,0.0
0.0,0.0
0.0,0.0
0.0,0.0
0.0,0.0
0.0,0.0
0.0,0.0
0.0,0.0
0.0,0.0
0.0,0.0
0.0,0.0
0.0,0.0
0.0,0.0
0.0,0.0
0.0,0.0
0.0,0.0
