-9.892024040222168,9.999996185302734
0.0,0.0
0.0,0.0
0.0,0.0
0.0,0.0
0.0,0.0
0.0,0.0
0.0,0.0
0.0,0.0
0.0,0.0
0.0,0.0
0.0,0.0
0.0,0.0
0.0,0.0
0.0,0.0
0.0,0.0
0.0,0.0
0.0,0.0
-6.690724849700928,34.347381591796875
0.0,0.0
0.0,0.0
0.0,0.0
0.0,0.0
0.0,0.0
0.0,0.0
0.0,0.0
2.4379100799560547,27.30534553527832
16.822040557861328,1.1356853246688843
0.0,0.0
0.0,0.0
0.0,0.0
0.0,0.0
0.0,0.0
0.0,0.0
0.0,0.0
0.0,0.0
0.0,0.0
0.0,0.0
0.0,0.0
0.0,0.0
0.0,0.0
0.0,0.0
0.0,0.0
0.0,0.0
0.0,0.0
0.0,0.0
0.0,0.0
0.0,0.0
0.0,0.0
0.0,0.0
-8.888925552368164,11.111105918884277
0.0,0.0
0.0,0.0
0.0,0.0
-8.703773498535156,11.110685348510742
0.0,0.0
0.0,0.0
0.0,0.0
-8.908449172973633,11.11089038848877
9.6029052734375,0.0
0.0,0.0
0.0,0.0
-6.203733921051025,11.093977928161621
0.0,0.0
0.0,0.0
0.0,0.0
0.0,0.0
0.0,0.0
0.0,0.0
0.0,0.0
0.0,0.0
0.0,0.0
0.0,0.0
0.0,0.0
0.0,0.0
0.0,0.0
0.0,0.0
0.0,0.0
0.0,0.0
0.0,0.0
0.0,0.0
0.0,0.0
-8.902250289916992,11.108861923217773
22.22220802307129,11.565091133117676
0.0,0.0
0.0,0.0
-3.848529100418091,10.616660118103027
5.476200103759766,1.0199999809265137
0.0,0.0
0.0,0.0
-8.982466697692871,10.720963478088379
22.222211837768555,12.182586669921875
0.0,0.0
0.0,0.0
-6.416795253753662,11.10777473449707
-159.68968200683594,11.054044723510742
0.0,0.0
0.0,0.0
0.0,0.0
0.0,0.0
0.0,0.0
0.0,0.0
0.0,0.0
0.0,0.0
0.0,0.0
0.0,0.0
0.0,0.0
0.0,0.0
0.0,0.0
0.0,0.0
0.0,0.0
0.0,0.0
0.0,0.0
0.0,0.0
-8.888917922973633,11.110832214355469
22.216754913330078,11.228734016418457
0.0,0.0
0.0,0.0
-7.9431867599487305,11.110219955444336
22.21416473388672,8.521416664123535
0.0,0.0
0.0,0.0
-8.888497352600098,11.111105918884277
22.158260345458984,-40.4377555847168
0.0,0.0
0.0,0.0
-8.836377143859863,11.111105918884277
22.217195510864258,9.891317367553711
0.0,0.0
0.0,0.0
0.0,0.0
0.0,0.0
0.0,0.0
0.0,0.0
0.0,0.0
0.0,0.0
0.0,0.0
0.0,0.0
0.0,0.0
0.0,0.0
0.0,0.0
0.0,0.0
0.0,0.0
0.0,0.0
0.0,0.0
0.0,0.0
2.762657880783081,19.641048431396484
-3.860954523086548,11.111133575439453
0.0,0.0
0.0,0.0
0.0,0.0
0.0,0.0
0.0,0.0
0.0,0.0
-7.812996864318848,21.919029235839844
21.233320236206055,8.873814582824707
0.0,0.0
0.0,0.0
-4.727787971496582,10.802557945251465
0.0,0.0
0.0,0.0
0.0,0.0
0.0,0.0
0.0,0.0
0.0,0.0
0.0,0.0
0.0,0.0
0.0,0.0
0.0,0.0
0.0,0.0
0.0,0.0
0.0,0.0
0.0,0.0
0.0,0.0
0.0,0.0
0.0,0.0
0.0,0.0
0.0,0.0
0.0,0.0
0.0,0.0
0.0,0.0
0.0,0.0
0.0,0.0
0.0,0.0
0.0,0.0
0.0,0.0
0.0,0.0
0.0,0.0
0.0,0.0
0.0,0.0
0.0,0.0
0.0,0.0
0.0,0.0
0.0,0.0
0.0,0.0
0.0,0.0
0.0,0.0
0.0,0.0
0.0,0.0
0.0,0.0
0.0,0.0
0.0,0.0
0.0,0.0
0.0,0.0
0.0,0.0
0.0,0.0
0.0,0.0
0.0,0.0
0.0,0.0
0.0,0.0
-8.91068172454834,10.892484664916992
7.186542987823486,9.426167488098145
0.0,0.0
0.0,0.0
0.0,0.0
0.0,0.0
0.0,0.0
0.0,0.0
-8.898431777954102,11.07541561126709
22.222211837768555,12.222216606140137
0.0,0.0
0.0,0.0
-8.872904777526855,10.627164840698242
0.0,0.0
0.0,0.0
0.0,0.0
0.0,0.0
0.0,0.0
0.0,0.0
0.0,0.0
0.0,0.0
0.0,0.0
0.0,0.0
0.0,0.0
0.0,0.0
0.0,0.0
0.0,0.0
0.0,0.0
0.0,0.0
0.0,0.0
0.0,0.0
0.0,0.0
-8.888065338134766,11.111105918884277
0.0,0.0
0.0,0.0
0.0,0.0
0.0,0.0
0.0,0.0
0.0,0.0
0.0,0.0
-8.896732330322266,11.111101150512695
-152.70542907714844,11.01161003112793
0.0,0.0
0.0,0.0
-7.93149995803833,10.793807029724121
0.0,0.0
0.0,0.0
0.0,0.0
0.0,0.0
0.0,0.0
0.0,0.0
0.0,0.0
0.0,0.0
0.0,0.0
0.0,0.0
0.0,0.0
0.0,0.0
0.0,0.0
0.0,0.0
0.0,0.0
0.0,0.0
0.0,0.0
0.0,0.0
0.0,0.0
0.0,0.0
0.0,0.0
0.0,0.0
0.0,0.0
0.0,0.0
0.0,0.0
0.0,0.0
0.0,0.0
0.0,0.0
0.0,0.0
0.0,0.0
0.0,0.0
0.0,0.0
0.0,0.0
0.0,0.0
0.0,0.0
0.0,0.0
0.0,0.0
0.0,0.0
0.0,0.0
0.0,0.0
0.0,0.0
0.0,0.0
0.0,0.0
0.0,0.0
0.0,0.0
0.0,0.0
0.0,0.0
0.0,0.0
0.0,0.0
0.0,0.0
0.0,0.0
0.0,0.0
0.0,0.0
0.0,0.0
0.0,0.0
0.0,0.0
0.0,0.0
0.0,0.0
0.0,0.0
0.0,0.0
0.0,0.0
0.0,0.0
0.0,0.0
0.0,0.0
0.0,0.0
33.33331298828125,-19.778392791748047
66.6666259765625,-6.288019180297852
-9.721734046936035,-4.680813312530518
3.819999933242798,0.0
0.0,0.0
0.0,0.0
0.0,1.0
0.0,0.0
33.33331298828125,-10.539299011230469
66.6666259765625,-52.00690841674805
-10.118432998657227,-4.806359767913818
6.983342170715332,0.0
0.0,0.0
0.0,0.0
-1.8809000253677368,2.738100051879883
0.0,0.0
0.0,0.0
0.0,0.0
-1.7989435195922852,6.533424377441406
5.476200103759766,0.0
0.0,0.0
0.0,0.0
-1.0,1.0
0.0,0.0
0.0,0.0
0.0,0.0
-8.048859596252441,4.558261871337891
0.0,2.738100051879883
0.0,0.0
0.0,0.0
-1.0,4.700135707855225
0.0,0.0
33.33331298828125,-25.260313034057617
66.66600036621094,-37.06012725830078
-9.717440605163574,7.667306900024414
2.0,0.0
33.33331298828125,-25.133516311645508
0.0,0.0
-1.8899999856948853,1.909999966621399
0.0,0.0
33.33331298828125,-3.677096366882324
66.6666259765625,-52.78280258178711
-9.899226188659668,-0.6795886754989624
9.6029052734375,0.0
33.33268356323242,-23.807621002197266
6.0,0.0
-4.602928161621094,4.233583450317383
0.0,0.0
0.0,0.0
0.0,0.0
-1.0,5.27712345123291
0.0,0.0
0.0,0.0
0.0,0.0
-1.0,2.738100051879883
0.0,0.0
0.0,0.0
0.0,0.0
-3.2604377269744873,5.0729289054870605
5.476200103759766,0.0
0.0,0.0
0.0,0.0
-2.664841651916504,6.3480119705200195
5.476200103759766,0.0
0.0,0.0
0.0,0.0
0.0,0.0
0.0,0.0
0.0,0.0
0.0,0.0
0.0,0.0
0.0,0.0
0.0,0.0
0.0,0.0
0.0,0.0
0.0,0.0
0.0,0.0
0.0,0.0
0.0,0.0
0.0,0.0
0.0,0.0
0.0,0.0
0.0,0.0
0.0,0.0
0.0,0.0
0.0,0.0
0.0,0.0
0.0,0.0
0.0,0.0
0.0,0.0
0.0,0.0
0.0,0.0
0.0,0.0
0.0,0.0
0.0,0.0
0.0,0.0
0.0,0.0
0.0,0.0
0.0,0.0
0.0,0.0
0.0,0.0
0.0,0.0
0.0,0.0
0.0,0.0
0.0,0.0
0.0,0.0
0.0,0.0
0.0,0.0
0.0,0.0
0.0,0.0
0.0,0.0
0.0,0.0
0.0,0.0
0.0,0.0
0.0,0.0
0.0,0.0
0.0,0.0
0.0,0.0
0.0,0.0
0.0,0.0
0.0,0.0
0.0,0.0
0.0,0.0
0.0,0.0
0.0,0.0
0.0,0.0
0.0,0.0
0.0,0.0
0.0,0.0
0.0,0.0
-8.12466812133789,5.478116035461426
0.0,0.0
0.0,0.0
0.0,0.0
0.0,0.0
0.0,0.0
33.33331298828125,-3.9285597801208496
0.0,0.0
-10.57966423034668,-0.35488128662109375
0.0,0.0
0.0,0.0
0.0,0.0
-1.899999976158142,-1.0
0.0,0.0
0.0,0.0
0.0,0.0
-10.162827491760254,-1.6270002126693726
0.0,0.0
0.0,0.0
0.0,0.0
0.0,0.0
0.0,0.0
14.474164962768555,10.607359886169434
0.0,0.0
-9.8600435256958,2.8031225204467773
0.0,0.0
0.0,0.0
0.0,0.0
-8.718969345092773,5.510204315185547
0.0,0.0
0.0,0.0
0.0,0.0
-3.423276901245117,3.5626516342163086
0.0,0.0
0.0,0.0
0.0,0.0
0.0,0.0
0.0,0.0
33.33331298828125,4.99923849105835
0.0,0.0
-10.598835945129395,-5.403380393981934
0.0,0.0
0.0,0.0
0.0,0.0
0.0,0.0
0.0,0.0
0.0,0.0
0.0,0.0
-7.441905975341797,6.410621166229248
0.0,0.0
0.0,0.0
0.0,0.0
0.0,0.0
0.0,0.0
15.056099891662598,3.8191511631011963
0.0,0.0
-9.981014251708984,5.034335613250732
0.0,0.0
0.0,0.0
0.0,0.0
-5.984711647033691,1.8707149028778076
0.0,0.0
0.0,0.0
0.0,0.0
0.0,0.0
0.0,0.0
0.0,0.0
0.0,0.0
0.0,0.0
0.0,0.0
0.0,0.0
0.0,0.0
0.0,0.0
0.0,0.0
0.0,0.0
0.0,0.0
0.0,0.0
0.0,0.0
0.0,0.0
0.0,0.0
-21.90216064453125,10.709981918334961
-141.76815795898438,6.134325981140137
0.0,0.0
0.0,0.0
0.0,0.0
0.0,0.0
0.0,0.0
0.0,0.0
-11.108710289001465,-43.31824493408203
22.222211837768555,12.216439247131348
0.0,0.0
0.0,0.0
0.0,0.0
0.0,0.0
0.0,0.0
0.0,0.0
0.0,0.0
0.0,0.0
0.0,0.0
0.0,0.0
0.0,0.0
0.0,0.0
0.0,0.0
0.0,0.0
0.0,0.0
0.0,0.0
0.0,0.0
0.0,0.0
0.0,0.0
0.0,0.0
0.0,0.0
0.0,0.0
-134.6252899169922,11.06734848022461
22.1429500579834,-8.102287292480469
0.0,0.0
0.0,0.0
-207.1240692138672,-93.33493041992188
0.0,0.0
0.0,0.0
0.0,0.0
-10.921422004699707,6.717319965362549
22.222211837768555,12.221553802490234
0.0,0.0
0.0,0.0
-1.0,-198.26190185546875
0.0,0.0
0.0,0.0
0.0,0.0
0.0,0.0
0.0,0.0
0.0,0.0
0.0,0.0
0.0,0.0
0.0,0.0
0.0,0.0
0.0,0.0
0.0,0.0
0.0,0.0
0.0,0.0
0.0,0.0
0.0,0.0
0.0,0.0
0.0,0.0
0.0,0.0
0.0,0.0
0.0,0.0
0.0,0.0
0.0,0.0
0.0,0.0
0.0,0.0
0.0,0.0
0.0,0.0
0.0,0.0
0.0,0.0
0.0,0.0
0.0,0.0
0.0,0.0
0.0,0.0
0.0,0.0
0.0,0.0
0.0,0.0
0.0,0.0
0.0,0.0
0.0,0.0
0.0,0.0
0.0,0.0
0.0,0.0
0.0,0.0
0.0,0.0
0.0,0.0
0.0,0.0
0.0,0.0
0.0,0.0
0.0,0.0
0.0,0.0
0.0,0.0
0.0,0.0
0.0,0.0
0.0,0.0
0.0,0.0
0.0,0.0
0.0,0.0
0.0,0.0
0.0,0.0
0.0,0.0
0.0,0.0
0.0,0.0
0.0,0.0
0.0,0.0
0.0,0.0
0.0,0.0
0.0,0.0
0.0,0.0
0.0,0.0
0.0,0.0
0.0,0.0
0.0,0.0
0.0,0.0
0.0,0.0
0.0,0.0
0.0,0.0
0.0,0.0
0.0,0.0
0.0,0.0
0.0,0.0
0.0,0.0
0.0,0.0
0.0,0.0
-8.888885498046875,11.111105918884277
0.0,0.0
0.0,0.0
0.0,0.0
0.0,0.0
0.0,0.0
0.0,0.0
0.0,0.0
-8.888885498046875,11.111105918884277
5.573841571807861,7.850525379180908
0.0,0.0
0.0,0.0
0.0,0.0
0.0,0.0
0.0,0.0
0.0,0.0
0.0,0.0
0.0,0.0
0.0,0.0
0.0,0.0
0.0,0.0
0.0,0.0
0.0,0.0
0.0,0.0
0.0,0.0
0.0,0.0
0.0,0.0
0.0,0.0
0.0,0.0
0.0,0.0
0.0,0.0
0.0,0.0
-8.862555503845215,11.111105918884277
22.16912841796875,8.408201217651367
0.0,0.0
0.0,0.0
0.0,0.0
0.0,0.0
0.0,0.0
0.0,0.0
-8.888885498046875,11.111105918884277
16.822040557861328,2.9997856616973877
0.0,0.0
0.0,0.0
0.0,0.0
0.0,0.0
0.0,0.0
0.0,0.0
0.0,0.0
0.0,0.0
0.0,0.0
0.0,0.0
0.0,0.0
0.0,0.0
0.0,0.0
0.0,0.0
0.0,0.0
0.0,0.0
0.0,0.0
0.0,0.0
0.0,0.0
0.0,0.0
0.0,0.0
0.0,0.0
0.0,0.0
0.0,0.0
0.0,0.0
0.0,0.0
0.0,0.0
0.0,0.0
0.0,0.0
0.0,0.0
0.0,0.0
0.0,0.0
0.0,0.0
0.0,0.0
0.0,0.0
0.0,0.0
0.0,0.0
0.0,0.0
0.0,0.0
0.0,0.0
0.0,0.0
0.0,0.0
0.0,0.0
0.0,0.0
0.0,0.0
0.0,0.0
0.0,0.0
0.0,0.0
0.0,0.0
0.0,0.0
0.0,0.0
0.0,0.0
0.0,0.0
0.0,0.0
0.0,0.0
0.0,0.0
0.0,0.0
0.0,0.0
0.0,0.0
0.0,0.0
0.0,0.0
0.0,0.0
0.0,0.0
0.0,0.0
0.0,0.0
0.0,0.0
0.0,0.0
0.0,0.0
32.21552276611328,-20.9569034576416
32.2159309387207,-5.790499687194824
-1.8582258224487305,10.318761825561523
0.0,0.0
0.0,0.0
0.0,0.0
0.0,0.0
0.0,0.0
33.26732635498047,-209.91734313964844
35.316497802734375,-5.646834850311279
-3.2649588584899902,8.65402889251709
2.0,0.0
0.0,0.0
0.0,0.0
0.0,0.0
0.0,0.0
7.172199249267578,10.966012954711914
24.00726318359375,2.2968549728393555
-18.37448501586914,11.111105918884277
22.217647552490234,9.307814598083496
0.0,0.0
0.0,0.0
0.0,0.0
0.0,0.0
22.05742835998535,10.174470901489258
29.4304141998291,2.4591779708862305
-10.855277061462402,9.232806205749512
22.222211837768555,11.858016014099121
0.0,0.0
0.0,0.0
0.0,0.0
0.0,0.0
33.21709442138672,-7.393895626068115
11.460000038146973,0.0
-3.78751277923584,10.701656341552734
0.0,0.0
3.0,0.0
0.0,0.0
0.0,0.0
0.0,0.0
33.205596923828125,-15.482169151306152
28.8087158203125,-6.0
-2.6210732460021973,9.577812194824219
0.0,0.0
10.47501277923584,0.0
0.0,0.0
0.0,0.0
0.0,0.0
21.981910705566406,9.071319580078125
9.550000190734863,0.0
-10.347272872924805,11.111105918884277
22.098037719726562,8.305116653442383
2.0,0.0
0.0,0.0
-207.1375274658203,-92.86747741699219
0.0,0.0
22.137062072753906,8.095232009887695
24.00726318359375,1.2400726079940796
-11.11120891571045,-24.278322219848633
22.13002586364746,11.4107084274292
6.983342170715332,0.0
0.0,0.0
-319.3802185058594,-207.72250366210938
0.0,0.0
0.0,0.0
0.0,0.0
0.0,0.0
0.0,0.0
0.0,0.0
0.0,0.0
0.0,0.0
0.0,0.0
0.0,0.0
0.0,0.0
0.0,0.0
0.0,0.0
0.0,0.0
0.0,0.0
0.0,0.0
0.0,0.0
0.0,0.0
0.0,0.0
0.0,0.0
0.0,0.0
0.0,0.0
0.0,0.0
0.0,0.0
0.0,0.0
0.0,0.0
0.0,0.0
0.0,0.0
0.0,0.0
0.0,0.0
0.0,0.0
0.0,0.0
0.0,0.0
0.0,0.0
0.0,0.0
0.0,0.0
0.0,0.0
0.0,0.0
0.0,0.0
0.0,0.0
0.0,0.0
0.0,0.0
0.0,0.0
0.0,0.0
0.0,0.0
0.0,0.0
0.0,0.0
0.0,0.0
0.0,0.0
0.0,0.0
0.0,0.0
0.0,0.0
0.0,0.0
0.0,0.0
0.0,0.0
0.0,0.0
0.0,0.0
0.0,0.0
0.0,0.0
0.0,0.0
0.0,0.0
0.0,0.0
0.0,0.0
0.0,0.0
0.0,0.0
0.0,0.0
0.0,0.0
-1.0,0.0
0.0,0.0
0.0,0.0
0.0,0.0
0.0,0.0
0.0,0.0
29.86698341369629,-7.1034746170043945
0.0,0.0
-1.8726190328598022,5.648526668548584
0.0,0.0
0.0,0.0
0.0,0.0
0.0,0.0
0.0,0.0
0.0,0.0
0.0,0.0
-10.066107749938965,-79.0086441040039
0.0,0.0
0.0,0.0
0.0,0.0
0.0,0.0
0.0,0.0
5.657678127288818,11.053275108337402
0.0,0.0
-8.890676498413086,11.111104965209961
0.0,0.0
0.0,0.0
0.0,0.0
0.0,0.0
0.0,0.0
0.0,0.0
0.0,0.0
0.0,0.0
0.0,0.0
0.0,0.0
0.0,0.0
0.0,0.0
0.0,0.0
0.0,0.0
0.0,0.0
-1.0,0.0
0.0,0.0
0.0,0.0
0.0,0.0
0.0,0.0
0.0,0.0
0.0,0.0
0.0,0.0
-2.651035785675049,4.177420616149902
0.0,0.0
0.0,0.0
0.0,0.0
0.0,0.0
0.0,0.0
2.0,0.0
0.0,0.0
-7.966773509979248,10.514019966125488
0.0,0.0
0.0,0.0
0.0,0.0
0.0,0.0
0.0,0.0
0.0,0.0
0.0,0.0
0.0,0.0
0.0,0.0
0.0,0.0
0.0,0.0
0.0,0.0
0.0,0.0
0.0,0.0
0.0,0.0
0.0,0.0
0.0,0.0
0.0,0.0
0.0,0.0
0.0,0.0
0.0,0.0
0.0,0.0
0.0,0.0
0.0,0.0
0.0,0.0
0.0,0.0
0.0,0.0
0.0,0.0
0.0,0.0
0.0,0.0
0.0,0.0
0.0,0.0
0.0,0.0
0.0,0.0
0.0,0.0
0.0,0.0
0.0,0.0
0.0,0.0
0.0,0.0
0.0,0.0
0.0,0.0
0.0,0.0
0.0,0.0
0.0,0.0
0.0,0.0
0.0,0.0
0.0,0.0
0.0,0.0
0.0,0.0
0.0,0.0
0.0,0.0
0.0,0.0
0.0,0.0
0.0,0.0
0.0,0.0
0.0,0.0
0.0,0.0
0.0,0.0
0.0,0.0
0.0,0.0
0.0,0.0
0.0,0.0
0.0,0.0
0.0,0.0
0.0,0.0
0.0,0.0
0.0,0.0
0.0,0.0
0.0,0.0
