-7.473575592041016,9.999996185302734
0.0,0.0
0.0,0.0
0.0,0.0
0.0,0.0
0.0,0.0
0.0,0.0
0.0,0.0
0.0,0.0
0.0,0.0
0.0,0.0
0.0,0.0
0.0,0.0
0.0,0.0
0.0,0.0
0.0,0.0
0.0,0.0
0.0,0.0
19.55278778076172,29.6988468170166
19.682771682739258,1.1682204008102417
0.0,0.0
0.0,0.0
0.0,0.0
0.0,0.0
0.0,0.0
0.0,0.0
15.727624893188477,28.05694580078125
22.1782169342041,4.93694543838501
0.0,0.0
0.0,0.0
0.0,0.0
0.0,0.0
0.0,0.0
0.0,0.0
0.0,0.0
0.0,0.0
0.0,0.0
0.0,0.0
0.0,0.0
0.0,0.0
0.0,0.0
0.0,0.0
0.0,0.0
0.0,0.0
0.0,0.0
0.0,0.0
0.0,0.0
0.0,0.0
0.0,0.0
0.0,0.0
-8.889799118041992,11.1109619140625
0.0,0.0
0.0,0.0
0.0,0.0
-8.889812469482422,11.111105918884277
0.0,0.0
0.0,0.0
0.0,0.0
-8.850953102111816,11.093541145324707
21.135517120361328,2.2176496982574463
0.0,0.0
0.0,0.0
-8.859846115112305,11.111105918884277
0.0,0.0
0.0,0.0
0.0,0.0
0.0,0.0
0.0,0.0
0.0,0.0
0.0,0.0
0.0,0.0
0.0,0.0
0.0,0.0
0.0,0.0
0.0,0.0
0.0,0.0
0.0,0.0
0.0,0.0
0.0,0.0
0.0,0.0
0.0,0.0
0.0,0.0
-8.931943893432617,10.784940719604492
22.222211837768555,12.225984573364258
0.0,0.0
0.0,0.0
-8.829455375671387,11.022110939025879
21.75718879699707,3.90857195854187
0.0,0.0
0.0,0.0
-8.944451332092285,10.379840850830078
-3.7602009773254395,-139.34439086914062
0.0,0.0
0.0,0.0
-8.982512474060059,9.29668140411377
22.222211837768555,-2.430331230163574
0.0,0.0
0.0,0.0
0.0,0.0
0.0,0.0
0.0,0.0
0.0,0.0
0.0,0.0
0.0,0.0
0.0,0.0
0.0,0.0
0.0,0.0
0.0,0.0
0.0,0.0
0.0,0.0
0.0,0.0
0.0,0.0
0.0,0.0
0.0,0.0
-8.889180183410645,11.111105918884277
22.222211837768555,12.214414596557617
0.0,0.0
0.0,0.0
-8.898838996887207,10.182818412780762
22.222211837768555,12.095144271850586
0.0,0.0
0.0,0.0
-8.893367767333984,11.111102104187012
22.222209930419922,10.631293296813965
0.0,0.0
0.0,0.0
-8.91050910949707,11.110940933227539
22.222211837768555,12.452359199523926
0.0,0.0
0.0,0.0
0.0,0.0
0.0,0.0
0.0,0.0
0.0,0.0
0.0,0.0
0.0,0.0
0.0,0.0
0.0,0.0
0.0,0.0
0.0,0.0
0.0,0.0
0.0,0.0
0.0,0.0
0.0,0.0
0.0,0.0
0.0,0.0
0.5277367830276489,19.641048431396484
17.422977447509766,12.222183227539062
0.0,0.0
0.0,0.0
0.0,0.0
0.0,0.0
0.0,0.0
0.0,0.0
10.9334716796875,24.096588134765625
22.222211837768555,11.6629638671875
0.0,0.0
0.0,0.0
-8.590852737426758,11.111105918884277
9.6029052734375,0.0
0.0,0.0
0.0,0.0
0.0,0.0
0.0,0.0
0.0,0.0
0.0,0.0
0.0,0.0
0.0,0.0
0.0,0.0
0.0,0.0
0.0,0.0
0.0,0.0
0.0,0.0
0.0,0.0
0.0,0.0
0.0,0.0
0.0,0.0
0.0,0.0
0.0,0.0
0.0,0.0
0.0,0.0
0.0,0.0
0.0,0.0
0.0,0.0
0.0,0.0
0.0,0.0
0.0,0.0
0.0,0.0
0.0,0.0
0.0,0.0
0.0,0.0
0.0,0.0
0.0,0.0
0.0,0.0
0.0,0.0
0.0,0.0
0.0,0.0
0.0,0.0
0.0,0.0
0.0,0.0
0.0,0.0
0.0,0.0
0.0,0.0
0.0,0.0
0.0,0.0
0.0,0.0
0.0,0.0
0.0,0.0
0.0,0.0
0.0,0.0
-8.911102294921875,10.888412475585938
22.222211837768555,12.031826972961426
0.0,0.0
0.0,0.0
0.0,0.0
0.0,0.0
0.0,0.0
0.0,0.0
-8.922886848449707,10.770868301391602
22.222164154052734,9.164875030517578
0.0,0.0
0.0,0.0
-9.27648639678955,7.281883239746094
0.0,0.0
0.0,0.0
0.0,0.0
0.0,0.0
0.0,0.0
0.0,0.0
0.0,0.0
0.0,0.0
0.0,0.0
0.0,0.0
0.0,0.0
0.0,0.0
0.0,0.0
0.0,0.0
0.0,0.0
0.0,0.0
0.0,0.0
0.0,0.0
0.0,0.0
-8.888894081115723,11.111102104187012
0.0,0.0
0.0,0.0
0.0,0.0
0.0,0.0
0.0,0.0
0.0,0.0
0.0,0.0
-8.958710670471191,10.510957717895508
22.222211837768555,12.140012741088867
0.0,0.0
0.0,0.0
-9.14755630493164,3.2597506046295166
0.0,0.0
0.0,0.0
0.0,0.0
0.0,0.0
0.0,0.0
0.0,0.0
0.0,0.0
0.0,0.0
0.0,0.0
0.0,0.0
0.0,0.0
0.0,0.0
0.0,0.0
0.0,0.0
0.0,0.0
0.0,0.0
0.0,0.0
0.0,0.0
0.0,0.0
0.0,0.0
0.0,0.0
0.0,0.0
0.0,0.0
0.0,0.0
0.0,0.0
0.0,0.0
0.0,0.0
0.0,0.0
0.0,0.0
0.0,0.0
0.0,0.0
0.0,0.0
0.0,0.0
0.0,0.0
0.0,0.0
0.0,0.0
0.0,0.0
0.0,0.0
0.0,0.0
0.0,0.0
0.0,0.0
0.0,0.0
0.0,0.0
0.0,0.0
0.0,0.0
0.0,0.0
0.0,0.0
0.0,0.0
0.0,0.0
0.0,0.0
0.0,0.0
0.0,0.0
0.0,0.0
0.0,0.0
0.0,0.0
0.0,0.0
0.0,0.0
0.0,0.0
0.0,0.0
0.0,0.0
0.0,0.0
0.0,0.0
0.0,0.0
0.0,0.0
0.0,0.0
33.33331298828125,-22.337879180908203
66.6666259765625,-34.18424987792969
-9.693195343017578,8.316197395324707
18.85233497619629,0.0
3.0,0.0
0.0,0.0
0.0,4.80145263671875
0.0,0.0
33.33331298828125,-15.946663856506348
66.6666259765625,-48.638057708740234
-9.907381057739258,-1.1538039445877075
21.40331268310547,0.0
0.0,0.0
0.0,0.0
-3.3112905025482178,6.195140838623047
0.0,0.0
0.0,0.0
0.0,0.0
-8.967525482177734,7.918757915496826
18.152801513671875,1.150560975074768
0.0,0.0
0.0,0.0
-3.3600664138793945,4.6819353103637695
0.0,0.0
0.0,0.0
0.0,0.0
-9.345879554748535,1.689668893814087
7.177513599395752,13.005712509155273
0.0,0.0
0.0,0.0
-6.603217601776123,3.2569382190704346
0.0,0.0
33.33331298828125,-21.204471588134766
66.6666259765625,-36.98185729980469
-9.854654312133789,3.597128391265869
2.0,11.662789344787598
33.33331298828125,-20.652111053466797
0.0,0.0
-4.055166721343994,-0.042587097734212875
0.0,0.0
33.33331298828125,-19.4807186126709
66.6666259765625,-53.017845153808594
-9.65075969696045,-4.231780529022217
21.544082641601562,7.808480262756348
33.33331298828125,-20.66666030883789
62.72979736328125,-2.731381893157959
-6.241507053375244,1.748471736907959
13.568530082702637,1.0199999809265137
0.0,0.0
0.0,0.0
-3.84775972366333,7.312497615814209
12.71267032623291,0.0
0.0,0.0
0.0,0.0
-2.662649393081665,2.7781524658203125
0.0,0.0
0.0,0.0
0.0,0.0
-7.26466178894043,4.782338619232178
20.11930274963379,2.1198606491088867
0.0,0.0
0.0,0.0
-7.099711894989014,4.774000644683838
19.155624389648438,6.3978095054626465
0.0,0.0
0.0,0.0
0.0,0.0
0.0,0.0
0.0,0.0
0.0,0.0
0.0,0.0
0.0,0.0
0.0,0.0
0.0,0.0
0.0,0.0
0.0,0.0
0.0,0.0
0.0,0.0
0.0,0.0
0.0,0.0
0.0,0.0
0.0,0.0
0.0,0.0
0.0,0.0
0.0,0.0
0.0,0.0
0.0,0.0
0.0,0.0
0.0,0.0
0.0,0.0
0.0,0.0
0.0,0.0
0.0,0.0
0.0,0.0
0.0,0.0
0.0,0.0
0.0,0.0
0.0,0.0
0.0,0.0
0.0,0.0
0.0,0.0
0.0,0.0
0.0,0.0
0.0,0.0
0.0,0.0
0.0,0.0
0.0,0.0
0.0,0.0
0.0,0.0
0.0,0.0
0.0,0.0
0.0,0.0
0.0,0.0
0.0,0.0
0.0,0.0
0.0,0.0
0.0,0.0
0.0,0.0
0.0,0.0
0.0,0.0
0.0,0.0
0.0,0.0
0.0,0.0
0.0,0.0
0.0,0.0
0.0,0.0
0.0,0.0
0.0,0.0
0.0,0.0
0.0,0.0
-9.209903717041016,9.994587898254395
0.0,0.0
0.0,0.0
0.0,0.0
0.0,0.0
0.0,0.0
33.33331298828125,11.206543922424316
0.0,0.0
-10.65947151184082,-6.199955940246582
0.0,0.0
0.0,0.0
0.0,0.0
-8.867955207824707,-8.875165939331055
0.0,0.0
0.0,0.0
0.0,0.0
-10.193940162658691,-1.9389657974243164
0.0,0.0
0.0,0.0
0.0,0.0
0.0,0.0
0.0,0.0
22.222211837768555,12.078868865966797
0.0,0.0
-9.739889144897461,2.6014299392700195
0.0,0.0
0.0,0.0
0.0,0.0
-10.092214584350586,-5.289231300354004
0.0,0.0
0.0,0.0
0.0,0.0
-5.806838035583496,8.220803260803223
0.0,0.0
0.0,0.0
0.0,0.0
0.0,0.0
0.0,0.0
33.33331298828125,17.07176971435547
0.0,0.0
-10.661028861999512,-1.7982761859893799
0.0,0.0
0.0,0.0
0.0,0.0
-5.868547439575195,-5.369110107421875
0.0,0.0
0.0,0.0
0.0,0.0
-9.1417875289917,7.588373184204102
0.0,0.0
0.0,0.0
0.0,0.0
0.0,0.0
0.0,0.0
22.21416473388672,9.533080101013184
0.0,0.0
-9.796723365783691,3.925445556640625
0.0,0.0
0.0,0.0
0.0,0.0
-9.095166206359863,1.2543312311172485
0.0,0.0
0.0,0.0
0.0,0.0
0.0,0.0
0.0,0.0
0.0,0.0
0.0,0.0
0.0,0.0
0.0,0.0
0.0,0.0
0.0,0.0
0.0,0.0
0.0,0.0
0.0,0.0
0.0,0.0
0.0,0.0
0.0,0.0
0.0,0.0
0.0,0.0
-9.273724555969238,7.355810165405273
22.222211837768555,6.592936038970947
0.0,0.0
0.0,0.0
0.0,0.0
0.0,0.0
0.0,0.0
0.0,0.0
-9.353163719177246,9.374807357788086
-142.10140991210938,-190.0058135986328
0.0,0.0
0.0,0.0
0.0,0.0
0.0,0.0
0.0,0.0
0.0,0.0
0.0,0.0
0.0,0.0
0.0,0.0
0.0,0.0
0.0,0.0
0.0,0.0
0.0,0.0
0.0,0.0
0.0,0.0
0.0,0.0
0.0,0.0
0.0,0.0
0.0,0.0
0.0,0.0
0.0,0.0
0.0,0.0
-9.99659252166748,-15.800100326538086
22.222211837768555,8.517314910888672
0.0,0.0
0.0,0.0
-278.8077087402344,7.856553554534912
0.0,0.0
0.0,0.0
0.0,0.0
-11.071167945861816,-32.83564376831055
-251.41043090820312,10.58081340789795
0.0,0.0
0.0,0.0
-154.1380615234375,-514.9088134765625
0.0,0.0
0.0,0.0
0.0,0.0
0.0,0.0
0.0,0.0
0.0,0.0
0.0,0.0
0.0,0.0
0.0,0.0
0.0,0.0
0.0,0.0
0.0,0.0
0.0,0.0
0.0,0.0
0.0,0.0
0.0,0.0
0.0,0.0
0.0,0.0
0.0,0.0
0.0,0.0
0.0,0.0
0.0,0.0
0.0,0.0
0.0,0.0
0.0,0.0
0.0,0.0
0.0,0.0
0.0,0.0
0.0,0.0
0.0,0.0
0.0,0.0
0.0,0.0
0.0,0.0
0.0,0.0
0.0,0.0
0.0,0.0
0.0,0.0
0.0,0.0
0.0,0.0
0.0,0.0
0.0,0.0
0.0,0.0
0.0,0.0
0.0,0.0
0.0,0.0
0.0,0.0
0.0,0.0
0.0,0.0
0.0,0.0
0.0,0.0
0.0,0.0
0.0,0.0
0.0,0.0
0.0,0.0
0.0,0.0
0.0,0.0
0.0,0.0
0.0,0.0
0.0,0.0
0.0,0.0
0.0,0.0
0.0,0.0
0.0,0.0
0.0,0.0
0.0,0.0
0.0,0.0
0.0,0.0
0.0,0.0
0.0,0.0
0.0,0.0
0.0,0.0
0.0,0.0
0.0,0.0
0.0,0.0
0.0,0.0
0.0,0.0
0.0,0.0
0.0,0.0
0.0,0.0
0.0,0.0
0.0,0.0
0.0,0.0
0.0,0.0
-8.888994216918945,11.109589576721191
22.22219467163086,10.859488487243652
0.0,0.0
0.0,0.0
0.0,0.0
0.0,0.0
0.0,0.0
0.0,0.0
-8.888885498046875,11.11109447479248
22.221599578857422,11.44958209991455
0.0,0.0
0.0,0.0
0.0,0.0
0.0,0.0
0.0,0.0
0.0,0.0
0.0,0.0
0.0,0.0
0.0,0.0
0.0,0.0
0.0,0.0
0.0,0.0
0.0,0.0
0.0,0.0
0.0,0.0
0.0,0.0
0.0,0.0
0.0,0.0
0.0,0.0
0.0,0.0
0.0,0.0
0.0,0.0
-9.082121849060059,11.111104965209961
22.222211837768555,11.144062995910645
0.0,0.0
0.0,0.0
0.0,0.0
0.0,0.0
0.0,0.0
0.0,0.0
-8.888936042785645,11.11071491241455
22.211528778076172,8.184281349182129
0.0,0.0
0.0,0.0
0.0,0.0
0.0,0.0
0.0,0.0
0.0,0.0
0.0,0.0
0.0,0.0
0.0,0.0
0.0,0.0
0.0,0.0
0.0,0.0
0.0,0.0
0.0,0.0
0.0,0.0
0.0,0.0
0.0,0.0
0.0,0.0
0.0,0.0
0.0,0.0
0.0,0.0
0.0,0.0
0.0,0.0
0.0,0.0
0.0,0.0
0.0,0.0
0.0,0.0
0.0,0.0
0.0,0.0
0.0,0.0
0.0,0.0
0.0,0.0
0.0,0.0
0.0,0.0
0.0,0.0
0.0,0.0
0.0,0.0
0.0,0.0
0.0,0.0
0.0,0.0
0.0,0.0
0.0,0.0
0.0,0.0
0.0,0.0
0.0,0.0
0.0,0.0
0.0,0.0
0.0,0.0
0.0,0.0
0.0,0.0
0.0,0.0
0.0,0.0
0.0,0.0
0.0,0.0
0.0,0.0
0.0,0.0
0.0,0.0
0.0,0.0
0.0,0.0
0.0,0.0
0.0,0.0
0.0,0.0
0.0,0.0
0.0,0.0
0.0,0.0
0.0,0.0
0.0,0.0
0.0,0.0
33.33331298828125,-26.10548973083496
59.73396682739258,-10.645879745483398
-6.905913829803467,11.111105918884277
2.0,0.0
0.0,0.0
0.0,0.0
0.0,0.0
0.0,0.0
33.33331298828125,-32.95895767211914
62.72979736328125,-31.250492095947266
-6.223339557647705,11.099044799804688
3.819999933242798,0.0
0.0,0.0
0.0,0.0
0.0,0.0
0.0,0.0
22.222156524658203,11.925654411315918
49.7783088684082,3.538477897644043
-138.89706420898438,-17.90044593811035
22.222211837768555,12.218783378601074
0.0,0.0
0.0,0.0
0.0,0.0
0.0,0.0
22.222211837768555,12.19184398651123
53.30580520629883,5.812746047973633
-10.805054664611816,10.567336082458496
22.222211837768555,12.22085189819336
0.0,0.0
0.0,0.0
0.0,0.0
0.0,0.0
33.33331298828125,-24.558195114135742
55.55714797973633,-10.585726737976074
-8.269975662231445,11.111105918884277
5.476200103759766,0.0
20.352794647216797,-11.676555633544922
0.0,0.0
0.0,0.0
0.0,0.0
33.33331298828125,-25.94416046142578
63.08411407470703,-15.23711109161377
-5.1941609382629395,11.110651016235352
0.0,0.0
22.584150314331055,-7.545611381530762
0.0,0.0
0.0,0.0
0.0,0.0
-20.241065979003906,11.134106636047363
46.29762268066406,3.413067579269409
-117.00377655029297,-24.785560607910156
22.222211837768555,12.221269607543945
15.056099891662598,1.0199999809265137
0.0,0.0
-25.940326690673828,-235.59181213378906
0.0,0.0
-41.91812515258789,11.581392288208008
51.95036697387695,3.6424522399902344
-57.21617889404297,-108.54102325439453
22.222211837768555,12.221761703491211
16.28795623779297,1.1628795862197876
0.0,0.0
-364.2551574707031,-416.12139892578125
0.0,0.0
0.0,0.0
0.0,0.0
0.0,0.0
0.0,0.0
0.0,0.0
0.0,0.0
0.0,0.0
0.0,0.0
0.0,0.0
0.0,0.0
0.0,0.0
0.0,0.0
0.0,0.0
0.0,0.0
0.0,0.0
0.0,0.0
0.0,0.0
0.0,0.0
0.0,0.0
0.0,0.0
0.0,0.0
0.0,0.0
0.0,0.0
0.0,0.0
0.0,0.0
0.0,0.0
0.0,0.0
0.0,0.0
0.0,0.0
0.0,0.0
0.0,0.0
0.0,0.0
0.0,0.0
0.0,0.0
0.0,0.0
0.0,0.0
0.0,0.0
0.0,0.0
0.0,0.0
0.0,0.0
0.0,0.0
0.0,0.0
0.0,0.0
0.0,0.0
0.0,0.0
0.0,0.0
0.0,0.0
0.0,0.0
0.0,0.0
0.0,0.0
0.0,0.0
0.0,0.0
0.0,0.0
0.0,0.0
0.0,0.0
0.0,0.0
0.0,0.0
0.0,0.0
0.0,0.0
0.0,0.0
0.0,0.0
0.0,0.0
0.0,0.0
0.0,0.0
0.0,0.0
0.0,0.0
-1.0,4.177420616149902
0.0,0.0
0.0,0.0
0.0,0.0
0.0,0.0
0.0,0.0
33.332740783691406,-19.09320068359375
0.0,0.0
-5.894697189331055,11.101268768310547
0.0,0.0
0.0,0.0
0.0,0.0
0.0,0.0
0.0,0.0
0.0,0.0
0.0,0.0
-8.88895034790039,11.110867500305176
0.0,0.0
0.0,0.0
0.0,0.0
0.0,0.0
0.0,0.0
22.07532501220703,12.282224655151367
0.0,0.0
-9.236617088317871,10.900312423706055
0.0,0.0
0.0,0.0
0.0,0.0
0.0,0.0
0.0,0.0
0.0,0.0
0.0,0.0
0.0,0.0
0.0,0.0
0.0,0.0
0.0,0.0
0.0,0.0
0.0,0.0
3.0,0.0
0.0,0.0
-1.0,3.1452527046203613
0.0,0.0
0.0,0.0
0.0,0.0
0.0,0.0
0.0,0.0
0.0,0.0
0.0,0.0
-5.312320709228516,10.830327987670898
0.0,0.0
0.0,0.0
0.0,0.0
0.0,0.0
0.0,0.0
3.819999933242798,0.0
0.0,0.0
-8.878463745117188,11.109949111938477
0.0,0.0
0.0,0.0
0.0,0.0
0.0,0.0
0.0,0.0
0.0,0.0
0.0,0.0
0.0,0.0
0.0,0.0
0.0,0.0
0.0,0.0
0.0,0.0
0.0,0.0
0.0,0.0
0.0,0.0
0.0,0.0
0.0,0.0
0.0,0.0
0.0,0.0
0.0,0.0
0.0,0.0
0.0,0.0
0.0,0.0
0.0,0.0
0.0,0.0
0.0,0.0
0.0,0.0
0.0,0.0
0.0,0.0
0.0,0.0
0.0,0.0
0.0,0.0
0.0,0.0
0.0,0.0
0.0,0.0
0.0,0.0
0.0,0.0
0.0,0.0
0.0,0.0
0.0,0.0
0.0,0.0
0.0,0.0
0.0,0.0
0.0,0.0
0.0,0.0
0.0,0.0
0.0,0.0
0.0,0.0
0.0,0.0
0.0,0.0
0.0,0.0
0.0,0.0
0.0,0.0
0.0,0.0
0.0,0.0
0.0,0.0
0.0,0.0
0.0,0.0
0.0,0.0
0.0,0.0
0.0,0.0
0.0,0.0
0.0,0.0
0.0,0.0
0.0,0.0
0.0,0.0
0.0,0.0
0.0,0.0
0.0,0.0
