-7.775574207305908,9.999996185302734
0.0,0.0
0.0,0.0
0.0,0.0
0.0,0.0
0.0,0.0
0.0,0.0
0.0,0.0
0.0,0.0
0.0,0.0
0.0,0.0
0.0,0.0
0.0,0.0
0.0,0.0
0.0,0.0
0.0,0.0
0.0,0.0
0.0,0.0
4.962287902832031,29.6988468170166
19.431617736816406,1.1682204008102417
0.0,0.0
0.0,0.0
0.0,0.0
0.0,0.0
0.0,0.0
0.0,0.0
8.378424644470215,28.05694580078125
21.660655975341797,2.236150026321411
0.0,0.0
0.0,0.0
0.0,0.0
0.0,0.0
0.0,0.0
0.0,0.0
0.0,0.0
0.0,0.0
0.0,0.0
0.0,0.0
0.0,0.0
0.0,0.0
0.0,0.0
0.0,0.0
0.0,0.0
0.0,0.0
0.0,0.0
0.0,0.0
0.0,0.0
0.0,0.0
0.0,0.0
0.0,0.0
-8.914656639099121,11.110945701599121
0.0,0.0
0.0,0.0
0.0,0.0
-8.890925407409668,11.088658332824707
0.0,0.0
0.0,0.0
0.0,0.0
-8.89026165008545,11.110955238342285
17.75033187866211,1.1434736251831055
0.0,0.0
0.0,0.0
-8.828165054321289,11.111105918884277
0.0,0.0
0.0,0.0
0.0,0.0
0.0,0.0
0.0,0.0
0.0,0.0
0.0,0.0
0.0,0.0
0.0,0.0
0.0,0.0
0.0,0.0
0.0,0.0
0.0,0.0
0.0,0.0
0.0,0.0
0.0,0.0
0.0,0.0
0.0,0.0
0.0,0.0
-8.902536392211914,9.071683883666992
22.222211837768555,12.247299194335938
0.0,0.0
0.0,0.0
-8.75780963897705,11.111105918884277
18.152801513671875,2.014029026031494
0.0,0.0
0.0,0.0
-8.923585891723633,10.950809478759766
22.222179412841797,10.41943073272705
0.0,0.0
0.0,0.0
-8.92605972290039,11.097582817077637
22.2221622467041,-58.94428253173828
0.0,0.0
0.0,0.0
0.0,0.0
0.0,0.0
0.0,0.0
0.0,0.0
0.0,0.0
0.0,0.0
0.0,0.0
0.0,0.0
0.0,0.0
0.0,0.0
0.0,0.0
0.0,0.0
0.0,0.0
0.0,0.0
0.0,0.0
0.0,0.0
-8.889819145202637,11.111105918884277
22.222211837768555,12.204087257385254
0.0,0.0
0.0,0.0
-8.89055061340332,11.111105918884277
22.222211837768555,12.0070161819458
0.0,0.0
0.0,0.0
-8.890222549438477,11.110645294189453
21.698957443237305,-135.41664123535156
0.0,0.0
0.0,0.0
-8.913656234741211,11.031432151794434
22.222211837768555,13.127612113952637
0.0,0.0
0.0,0.0
0.0,0.0
0.0,0.0
0.0,0.0
0.0,0.0
0.0,0.0
0.0,0.0
0.0,0.0
0.0,0.0
0.0,0.0
0.0,0.0
0.0,0.0
0.0,0.0
0.0,0.0
0.0,0.0
0.0,0.0
0.0,0.0
0.5277031064033508,19.641048431396484
22.183340072631836,12.094786643981934
0.0,0.0
0.0,0.0
0.0,0.0
0.0,0.0
0.0,0.0
0.0,0.0
3.918766736984253,24.096588134765625
22.222211837768555,11.45506477355957
0.0,0.0
0.0,0.0
-8.4346342086792,11.111054420471191
6.983342170715332,0.0
0.0,0.0
0.0,0.0
0.0,0.0
0.0,0.0
0.0,0.0
0.0,0.0
0.0,0.0
0.0,0.0
0.0,0.0
0.0,0.0
0.0,0.0
0.0,0.0
0.0,0.0
0.0,0.0
0.0,0.0
0.0,0.0
0.0,0.0
0.0,0.0
0.0,0.0
0.0,0.0
0.0,0.0
0.0,0.0
0.0,0.0
0.0,0.0
0.0,0.0
0.0,0.0
0.0,0.0
0.0,0.0
0.0,0.0
0.0,0.0
0.0,0.0
0.0,0.0
0.0,0.0
0.0,0.0
0.0,0.0
0.0,0.0
0.0,0.0
0.0,0.0
0.0,0.0
0.0,0.0
0.0,0.0
0.0,0.0
0.0,0.0
0.0,0.0
0.0,0.0
0.0,0.0
0.0,0.0
0.0,0.0
0.0,0.0
0.0,0.0
-8.911102294921875,10.888412475585938
22.222211837768555,12.031826972961426
0.0,0.0
0.0,0.0
0.0,0.0
0.0,0.0
0.0,0.0
0.0,0.0
-8.922735214233398,10.77236270904541
22.222164154052734,12.222210884094238
0.0,0.0
0.0,0.0
-9.31257438659668,9.806591033935547
0.0,0.0
0.0,0.0
0.0,0.0
0.0,0.0
0.0,0.0
0.0,0.0
0.0,0.0
0.0,0.0
0.0,0.0
0.0,0.0
0.0,0.0
0.0,0.0
0.0,0.0
0.0,0.0
0.0,0.0
0.0,0.0
0.0,0.0
0.0,0.0
0.0,0.0
-8.890013694763184,11.111102104187012
0.0,0.0
0.0,0.0
0.0,0.0
0.0,0.0
0.0,0.0
0.0,0.0
0.0,0.0
-8.932392120361328,10.630053520202637
22.222211837768555,11.931147575378418
0.0,0.0
0.0,0.0
-9.150423049926758,6.491424560546875
0.0,0.0
0.0,0.0
0.0,0.0
0.0,0.0
0.0,0.0
0.0,0.0
0.0,0.0
0.0,0.0
0.0,0.0
0.0,0.0
0.0,0.0
0.0,0.0
0.0,0.0
0.0,0.0
0.0,0.0
0.0,0.0
0.0,0.0
0.0,0.0
0.0,0.0
0.0,0.0
0.0,0.0
0.0,0.0
0.0,0.0
0.0,0.0
0.0,0.0
0.0,0.0
0.0,0.0
0.0,0.0
0.0,0.0
0.0,0.0
0.0,0.0
0.0,0.0
0.0,0.0
0.0,0.0
0.0,0.0
0.0,0.0
0.0,0.0
0.0,0.0
0.0,0.0
0.0,0.0
0.0,0.0
0.0,0.0
0.0,0.0
0.0,0.0
0.0,0.0
0.0,0.0
0.0,0.0
0.0,0.0
0.0,0.0
0.0,0.0
0.0,0.0
0.0,0.0
0.0,0.0
0.0,0.0
0.0,0.0
0.0,0.0
0.0,0.0
0.0,0.0
0.0,0.0
0.0,0.0
0.0,0.0
0.0,0.0
0.0,0.0
0.0,0.0
0.0,0.0
33.33331298828125,-13.96094799041748
66.6666259765625,-16.46695899963379
-9.790157318115234,3.92024564743042
18.152801513671875,0.0
3.0,0.0
0.0,0.0
0.0,4.177420616149902
0.0,0.0
33.33331298828125,-15.007828712463379
66.6666259765625,-40.90336227416992
-9.594037055969238,5.315120220184326
20.637523651123047,0.0
0.0,0.0
0.0,0.0
-3.3112905025482178,5.174665927886963
0.0,0.0
0.0,0.0
0.0,0.0
-8.36491584777832,3.4941518306732178
17.30805778503418,1.150560975074768
0.0,0.0
0.0,0.0
-3.3600664138793945,6.587544918060303
0.0,0.0
0.0,0.0
0.0,0.0
-9.268939971923828,6.583777904510498
5.608284950256348,12.140958786010742
0.0,0.0
0.0,0.0
-5.901247024536133,5.389013767242432
0.0,0.0
33.33331298828125,-20.832487106323242
66.6666259765625,-35.576026916503906
-9.430193901062012,10.059492111206055
2.0,9.470824241638184
33.33331298828125,-25.315675735473633
0.0,0.0
-4.055166721343994,1.0521020889282227
0.0,0.0
33.33331298828125,-22.217321395874023
66.6666259765625,1.759948492050171
-9.709991455078125,4.217282772064209
21.135517120361328,7.3263444900512695
33.33331298828125,-26.66666030883789
62.72979736328125,-2.731381893157959
-6.241507053375244,6.455564498901367
13.568530082702637,1.0199999809265137
0.0,0.0
0.0,0.0
-3.241253137588501,4.421871662139893
10.738643646240234,0.0
0.0,0.0
0.0,0.0
-2.662649393081665,3.811337947845459
0.0,0.0
0.0,0.0
0.0,0.0
-7.010324954986572,2.3801074028015137
18.5190486907959,2.1198606491088867
0.0,0.0
0.0,0.0
-6.455964088439941,5.798643112182617
19.155624389648438,6.3978095054626465
0.0,0.0
0.0,0.0
0.0,0.0
0.0,0.0
0.0,0.0
0.0,0.0
0.0,0.0
0.0,0.0
0.0,0.0
0.0,0.0
0.0,0.0
0.0,0.0
0.0,0.0
0.0,0.0
0.0,0.0
0.0,0.0
0.0,0.0
0.0,0.0
0.0,0.0
0.0,0.0
0.0,0.0
0.0,0.0
0.0,0.0
0.0,0.0
0.0,0.0
0.0,0.0
0.0,0.0
0.0,0.0
0.0,0.0
0.0,0.0
0.0,0.0
0.0,0.0
0.0,0.0
0.0,0.0
0.0,0.0
0.0,0.0
0.0,0.0
0.0,0.0
0.0,0.0
0.0,0.0
0.0,0.0
0.0,0.0
0.0,0.0
0.0,0.0
0.0,0.0
0.0,0.0
0.0,0.0
0.0,0.0
0.0,0.0
0.0,0.0
0.0,0.0
0.0,0.0
0.0,0.0
0.0,0.0
0.0,0.0
0.0,0.0
0.0,0.0
0.0,0.0
0.0,0.0
0.0,0.0
0.0,0.0
0.0,0.0
0.0,0.0
0.0,0.0
0.0,0.0
0.0,0.0
-9.302925109863281,7.943317890167236
0.0,0.0
0.0,0.0
0.0,0.0
0.0,0.0
0.0,0.0
33.33331298828125,9.088134765625
0.0,0.0
-10.439370155334473,-4.625850200653076
0.0,0.0
0.0,0.0
0.0,0.0
-8.405183792114258,-8.411020278930664
0.0,0.0
0.0,0.0
0.0,0.0
-10.193940162658691,-1.9389657974243164
0.0,0.0
0.0,0.0
0.0,0.0
0.0,0.0
0.0,0.0
22.222211837768555,12.003727912902832
0.0,0.0
-9.741409301757812,2.5889017581939697
0.0,0.0
0.0,0.0
0.0,0.0
-10.044291496276855,2.27685809135437
0.0,0.0
0.0,0.0
0.0,0.0
-5.442334175109863,10.549331665039062
0.0,0.0
0.0,0.0
0.0,0.0
0.0,0.0
0.0,0.0
33.33331298828125,13.622682571411133
0.0,0.0
-10.733809471130371,-2.092113494873047
0.0,0.0
0.0,0.0
0.0,0.0
-4.780277252197266,-5.369110107421875
0.0,0.0
0.0,0.0
0.0,0.0
-9.041388511657715,11.075774192810059
0.0,0.0
0.0,0.0
0.0,0.0
0.0,0.0
0.0,0.0
22.137062072753906,8.125520706176758
0.0,0.0
-9.646349906921387,6.249650001525879
0.0,0.0
0.0,0.0
0.0,0.0
-8.900920867919922,1.5244650840759277
0.0,0.0
0.0,0.0
0.0,0.0
0.0,0.0
0.0,0.0
0.0,0.0
0.0,0.0
0.0,0.0
0.0,0.0
0.0,0.0
0.0,0.0
0.0,0.0
0.0,0.0
0.0,0.0
0.0,0.0
0.0,0.0
0.0,0.0
0.0,0.0
0.0,0.0
-13.267006874084473,6.760366439819336
22.222211837768555,0.4527844488620758
0.0,0.0
0.0,0.0
0.0,0.0
0.0,0.0
0.0,0.0
0.0,0.0
-12.946391105651855,10.837366104125977
-227.37930297851562,-16.654216766357422
0.0,0.0
0.0,0.0
0.0,0.0
0.0,0.0
0.0,0.0
0.0,0.0
0.0,0.0
0.0,0.0
0.0,0.0
0.0,0.0
0.0,0.0
0.0,0.0
0.0,0.0
0.0,0.0
0.0,0.0
0.0,0.0
0.0,0.0
0.0,0.0
0.0,0.0
0.0,0.0
0.0,0.0
0.0,0.0
-40.497859954833984,10.87821102142334
22.222211837768555,-5.77227258682251
0.0,0.0
0.0,0.0
-378.48724365234375,-12.473175048828125
0.0,0.0
0.0,0.0
0.0,0.0
-25.97710609436035,-61.71543502807617
22.22220802307129,-52.24078369140625
0.0,0.0
0.0,0.0
-154.1380615234375,-514.9088134765625
0.0,0.0
0.0,0.0
0.0,0.0
0.0,0.0
0.0,0.0
0.0,0.0
0.0,0.0
0.0,0.0
0.0,0.0
0.0,0.0
0.0,0.0
0.0,0.0
0.0,0.0
0.0,0.0
0.0,0.0
0.0,0.0
0.0,0.0
0.0,0.0
0.0,0.0
0.0,0.0
0.0,0.0
0.0,0.0
0.0,0.0
0.0,0.0
0.0,0.0
0.0,0.0
0.0,0.0
0.0,0.0
0.0,0.0
0.0,0.0
0.0,0.0
0.0,0.0
0.0,0.0
0.0,0.0
0.0,0.0
0.0,0.0
0.0,0.0
0.0,0.0
0.0,0.0
0.0,0.0
0.0,0.0
0.0,0.0
0.0,0.0
0.0,0.0
0.0,0.0
0.0,0.0
0.0,0.0
0.0,0.0
0.0,0.0
0.0,0.0
0.0,0.0
0.0,0.0
0.0,0.0
0.0,0.0
0.0,0.0
0.0,0.0
0.0,0.0
0.0,0.0
0.0,0.0
0.0,0.0
0.0,0.0
0.0,0.0
0.0,0.0
0.0,0.0
0.0,0.0
0.0,0.0
0.0,0.0
0.0,0.0
0.0,0.0
0.0,0.0
0.0,0.0
0.0,0.0
0.0,0.0
0.0,0.0
0.0,0.0
0.0,0.0
0.0,0.0
0.0,0.0
0.0,0.0
0.0,0.0
0.0,0.0
0.0,0.0
0.0,0.0
-8.888994216918945,11.109589576721191
22.221864700317383,10.352909088134766
0.0,0.0
0.0,0.0
0.0,0.0
0.0,0.0
0.0,0.0
0.0,0.0
-8.888885498046875,11.11109447479248
22.221538543701172,11.44958209991455
0.0,0.0
0.0,0.0
0.0,0.0
0.0,0.0
0.0,0.0
0.0,0.0
0.0,0.0
0.0,0.0
0.0,0.0
0.0,0.0
0.0,0.0
0.0,0.0
0.0,0.0
0.0,0.0
0.0,0.0
0.0,0.0
0.0,0.0
0.0,0.0
0.0,0.0
0.0,0.0
0.0,0.0
0.0,0.0
-16.60845184326172,11.111104965209961
22.222211837768555,11.144062995910645
0.0,0.0
0.0,0.0
0.0,0.0
0.0,0.0
0.0,0.0
0.0,0.0
-8.888936042785645,11.11071491241455
22.192045211791992,7.73595666885376
0.0,0.0
0.0,0.0
0.0,0.0
0.0,0.0
0.0,0.0
0.0,0.0
0.0,0.0
0.0,0.0
0.0,0.0
0.0,0.0
0.0,0.0
0.0,0.0
0.0,0.0
0.0,0.0
0.0,0.0
0.0,0.0
0.0,0.0
0.0,0.0
0.0,0.0
0.0,0.0
0.0,0.0
0.0,0.0
0.0,0.0
0.0,0.0
0.0,0.0
0.0,0.0
0.0,0.0
0.0,0.0
0.0,0.0
0.0,0.0
0.0,0.0
0.0,0.0
0.0,0.0
0.0,0.0
0.0,0.0
0.0,0.0
0.0,0.0
0.0,0.0
0.0,0.0
0.0,0.0
0.0,0.0
0.0,0.0
0.0,0.0
0.0,0.0
0.0,0.0
0.0,0.0
0.0,0.0
0.0,0.0
0.0,0.0
0.0,0.0
0.0,0.0
0.0,0.0
0.0,0.0
0.0,0.0
0.0,0.0
0.0,0.0
0.0,0.0
0.0,0.0
0.0,0.0
0.0,0.0
0.0,0.0
0.0,0.0
0.0,0.0
0.0,0.0
0.0,0.0
0.0,0.0
0.0,0.0
0.0,0.0
33.33331298828125,-25.811344146728516
57.46687316894531,-10.645879745483398
-6.440771102905273,11.111088752746582
2.0,0.0
0.0,0.0
0.0,0.0
0.0,0.0
0.0,0.0
33.33331298828125,-37.322715759277344
60.925697326660156,-28.75309944152832
-5.597653388977051,11.07706356048584
3.819999933242798,0.0
0.0,0.0
0.0,0.0
0.0,0.0
0.0,0.0
22.22193145751953,11.815410614013672
47.889060974121094,3.538477897644043
-16.959535598754883,10.940112113952637
22.222211837768555,12.215036392211914
0.0,0.0
0.0,0.0
0.0,0.0
0.0,0.0
22.222211837768555,12.18471908569336
51.95036697387695,5.812746047973633
-11.111104965209961,-14.748895645141602
22.222211837768555,12.21868896484375
0.0,0.0
0.0,0.0
0.0,0.0
0.0,0.0
33.33331298828125,-24.063613891601562
50.466121673583984,-10.585726737976074
-8.039898872375488,11.111105918884277
5.476200103759766,0.0
16.10796546936035,-9.866759300231934
0.0,0.0
0.0,0.0
0.0,0.0
33.33331298828125,-25.863882064819336
60.925697326660156,-15.23711109161377
-4.7836198806762695,11.107444763183594
0.0,0.0
20.352794647216797,-2.7964720726013184
0.0,0.0
0.0,0.0
0.0,0.0
-29.95220184326172,11.939233779907227
42.05509948730469,3.413067579269409
-11.111236572265625,-74.28055572509766
22.222211837768555,12.215174674987793
11.772165298461914,1.0199999809265137
0.0,0.0
-183.4722442626953,-325.166259765625
0.0,0.0
-56.71298599243164,11.112133979797363
49.7783088684082,3.6424522399902344
-19.711427688598633,-101.95159912109375
22.222211837768555,12.221152305603027
15.056099891662598,0.0
0.0,0.0
-382.92071533203125,-335.95733642578125
0.0,0.0
0.0,0.0
0.0,0.0
0.0,0.0
0.0,0.0
0.0,0.0
0.0,0.0
0.0,0.0
0.0,0.0
0.0,0.0
0.0,0.0
0.0,0.0
0.0,0.0
0.0,0.0
0.0,0.0
0.0,0.0
0.0,0.0
0.0,0.0
0.0,0.0
0.0,0.0
0.0,0.0
0.0,0.0
0.0,0.0
0.0,0.0
0.0,0.0
0.0,0.0
0.0,0.0
0.0,0.0
0.0,0.0
0.0,0.0
0.0,0.0
0.0,0.0
0.0,0.0
0.0,0.0
0.0,0.0
0.0,0.0
0.0,0.0
0.0,0.0
0.0,0.0
0.0,0.0
0.0,0.0
0.0,0.0
0.0,0.0
0.0,0.0
0.0,0.0
0.0,0.0
0.0,0.0
0.0,0.0
0.0,0.0
0.0,0.0
0.0,0.0
0.0,0.0
0.0,0.0
0.0,0.0
0.0,0.0
0.0,0.0
0.0,0.0
0.0,0.0
0.0,0.0
0.0,0.0
0.0,0.0
0.0,0.0
0.0,0.0
0.0,0.0
0.0,0.0
0.0,0.0
0.0,0.0
-1.0,3.491671085357666
0.0,0.0
0.0,0.0
0.0,0.0
0.0,0.0
0.0,0.0
33.33131408691406,-18.251697540283203
0.0,0.0
-5.191446781158447,11.046195983886719
0.0,0.0
0.0,0.0
0.0,0.0
0.0,0.0
0.0,0.0
0.0,0.0
0.0,0.0
-8.888901710510254,11.111041069030762
0.0,0.0
0.0,0.0
0.0,0.0
0.0,0.0
0.0,0.0
21.492246627807617,12.290863037109375
0.0,0.0
-9.690120697021484,10.544319152832031
0.0,0.0
0.0,0.0
0.0,0.0
0.0,0.0
0.0,0.0
0.0,0.0
0.0,0.0
0.0,0.0
0.0,0.0
0.0,0.0
0.0,0.0
0.0,0.0
0.0,0.0
0.0,0.0
0.0,0.0
-1.0,3.1452527046203613
0.0,0.0
0.0,0.0
0.0,0.0
0.0,0.0
0.0,0.0
0.0,0.0
0.0,0.0
-4.911804676055908,9.715808868408203
0.0,0.0
0.0,0.0
0.0,0.0
0.0,0.0
0.0,0.0
3.819999933242798,0.0
0.0,0.0
-8.858147621154785,10.903129577636719
0.0,0.0
0.0,0.0
0.0,0.0
0.0,0.0
0.0,0.0
0.0,0.0
0.0,0.0
0.0,0.0
0.0,0.0
0.0,0.0
0.0,0.0
0.0,0.0
0.0,0.0
0.0,0.0
0.0,0.0
0.0,0.0
0.0,0.0
0.0,0.0
0.0,0.0
0.0,0.0
0.0,0.0
0.0,0.0
0.0,0.0
0.0,0.0
0.0,0.0
0.0,0.0
0.0,0.0
0.0,0.0
0.0,0.0
0.0,0.0
0.0,0.0
0.0,0.0
0.0,0.0
0.0,0.0
0.0,0.0
0.0,0.0
0.0,0.0
0.0,0.0
0.0,0.0
0.0,0.0
0.0,0.0
0.0,0.0
0.0,0.0
0.0,0.0
0.0,0.0
0.0,0.0
0.0,0.0
0.0,0.0
0.0,0.0
0.0,0.0
0.0,0.0
0.0,0.0
0.0,0.0
0.0,0.0
0.0,0.0
0.0,0.0
0.0,0.0
0.0,0.0
0.0,0.0
0.0,0.0
0.0,0.0
0.0,0.0
0.0,0.0
0.0,0.0
0.0,0.0
0.0,0.0
0.0,0.0
0.0,0.0
0.0,0.0
