-5.392791271209717,9.999996185302734
0.0,0.0
0.0,0.0
0.0,0.0
0.0,0.0
0.0,0.0
0.0,0.0
0.0,0.0
0.0,0.0
0.0,0.0
0.0,0.0
0.0,0.0
0.0,0.0
0.0,0.0
0.0,0.0
0.0,0.0
0.0,0.0
0.0,0.0
13.46657943725586,29.6988468170166
21.932025909423828,3.257923126220703
0.0,0.0
0.0,0.0
0.0,0.0
0.0,0.0
0.0,0.0
0.0,0.0
14.774628639221191,28.05694580078125
22.20508575439453,6.320672988891602
0.0,0.0
0.0,0.0
-1.0,4.177420616149902
0.0,0.0
0.0,0.0
0.0,0.0
0.0,0.0
0.0,0.0
0.0,0.0
0.0,0.0
0.0,0.0
0.0,0.0
0.0,0.0
0.0,0.0
0.0,0.0
0.0,0.0
0.0,0.0
0.0,0.0
0.0,0.0
0.0,0.0
0.0,0.0
0.0,0.0
-8.892156600952148,11.08203125
0.0,0.0
0.0,0.0
0.0,0.0
-8.890108108520508,11.111104965209961
0.0,0.0
0.0,0.0
0.0,0.0
-8.915190696716309,11.044852256774902
21.135517120361328,2.2176496982574463
0.0,0.0
0.0,0.0
-8.869833946228027,11.104549407958984
0.0,0.0
0.0,0.0
0.0,0.0
0.0,0.0
0.0,0.0
0.0,0.0
0.0,0.0
0.0,0.0
0.0,0.0
0.0,0.0
0.0,0.0
0.0,0.0
0.0,0.0
0.0,0.0
0.0,0.0
0.0,0.0
0.0,0.0
0.0,0.0
0.0,0.0
-8.91857624053955,11.072690963745117
22.222211837768555,12.2225923538208
0.0,0.0
0.0,0.0
-8.841200828552246,11.110855102539062
22.197233200073242,3.90857195854187
0.0,0.0
0.0,0.0
-8.904905319213867,11.02151870727539
22.222082138061523,12.221717834472656
0.0,0.0
0.0,0.0
-8.964056015014648,9.108978271484375
22.222211837768555,10.242877960205078
0.0,0.0
0.0,0.0
0.0,0.0
0.0,0.0
0.0,0.0
0.0,0.0
0.0,0.0
0.0,0.0
0.0,0.0
0.0,0.0
0.0,0.0
0.0,0.0
0.0,0.0
0.0,0.0
0.0,0.0
0.0,0.0
0.0,0.0
0.0,0.0
-8.893795013427734,11.07149887084961
22.222211837768555,12.217100143432617
0.0,0.0
0.0,0.0
-8.89969253540039,11.111104965209961
22.222211837768555,12.119288444519043
0.0,0.0
0.0,0.0
-8.905319213867188,10.690627098083496
22.222023010253906,-84.60789489746094
0.0,0.0
0.0,0.0
-8.898523330688477,11.102856636047363
22.222211837768555,12.93681812286377
0.0,0.0
0.0,0.0
0.0,0.0
0.0,0.0
0.0,0.0
0.0,0.0
0.0,0.0
0.0,0.0
0.0,0.0
0.0,0.0
0.0,0.0
0.0,0.0
0.0,0.0
0.0,0.0
0.0,0.0
0.0,0.0
0.0,0.0
0.0,0.0
0.5277410745620728,19.641048431396484
21.435272216796875,12.08125114440918
0.0,0.0
0.0,0.0
0.0,0.0
0.0,0.0
0.0,0.0
0.0,0.0
10.611384391784668,24.096588134765625
22.222211837768555,11.769222259521484
0.0,0.0
0.0,0.0
-8.71290111541748,11.111105918884277
11.772165298461914,0.0
0.0,0.0
0.0,0.0
0.0,0.0
0.0,0.0
0.0,0.0
0.0,0.0
0.0,0.0
0.0,0.0
0.0,0.0
0.0,0.0
0.0,0.0
0.0,0.0
0.0,0.0
0.0,0.0
0.0,0.0
0.0,0.0
0.0,0.0
0.0,0.0
0.0,0.0
0.0,0.0
0.0,0.0
0.0,0.0
0.0,0.0
0.0,0.0
0.0,0.0
0.0,0.0
0.0,0.0
0.0,0.0
0.0,0.0
0.0,0.0
0.0,0.0
0.0,0.0
0.0,0.0
0.0,0.0
0.0,0.0
0.0,0.0
0.0,0.0
0.0,0.0
0.0,0.0
0.0,0.0
0.0,0.0
0.0,0.0
0.0,0.0
0.0,0.0
0.0,0.0
0.0,0.0
0.0,0.0
0.0,0.0
0.0,0.0
0.0,0.0
-8.911102294921875,10.888412475585938
22.222211837768555,12.031826972961426
0.0,0.0
0.0,0.0
0.0,0.0
0.0,0.0
0.0,0.0
0.0,0.0
-8.922917366027832,10.770564079284668
22.222164154052734,12.222210884094238
0.0,0.0
0.0,0.0
-9.219647407531738,6.299462795257568
0.0,0.0
0.0,0.0
0.0,0.0
0.0,0.0
0.0,0.0
0.0,0.0
0.0,0.0
0.0,0.0
0.0,0.0
0.0,0.0
0.0,0.0
0.0,0.0
0.0,0.0
0.0,0.0
0.0,0.0
0.0,0.0
0.0,0.0
0.0,0.0
0.0,0.0
-8.899036407470703,10.688799858093262
0.0,0.0
0.0,0.0
0.0,0.0
0.0,0.0
0.0,0.0
0.0,0.0
0.0,0.0
-8.963519096374512,10.486225128173828
22.222211837768555,12.209882736206055
0.0,0.0
0.0,0.0
-9.105377197265625,10.819783210754395
0.0,0.0
0.0,0.0
0.0,0.0
0.0,0.0
0.0,0.0
0.0,0.0
0.0,0.0
0.0,0.0
0.0,0.0
0.0,0.0
0.0,0.0
0.0,0.0
0.0,0.0
0.0,0.0
0.0,0.0
0.0,0.0
0.0,0.0
0.0,0.0
0.0,0.0
0.0,0.0
0.0,0.0
0.0,0.0
0.0,0.0
0.0,0.0
0.0,0.0
0.0,0.0
0.0,0.0
0.0,0.0
0.0,0.0
0.0,0.0
0.0,0.0
0.0,0.0
0.0,0.0
0.0,0.0
0.0,0.0
0.0,0.0
0.0,0.0
0.0,0.0
0.0,0.0
0.0,0.0
0.0,0.0
0.0,0.0
0.0,0.0
0.0,0.0
0.0,0.0
0.0,0.0
0.0,0.0
0.0,0.0
0.0,0.0
0.0,0.0
0.0,0.0
0.0,0.0
0.0,0.0
0.0,0.0
0.0,0.0
0.0,0.0
0.0,0.0
0.0,0.0
0.0,0.0
0.0,0.0
0.0,0.0
0.0,0.0
0.0,0.0
0.0,0.0
0.0,0.0
33.33331298828125,-21.637855529785156
66.6666259765625,-52.79557418823242
-9.706791877746582,7.428807258605957
20.308565139770508,0.0
3.0,0.0
0.0,0.0
0.0,5.886082649230957
0.0,0.0
33.33331298828125,-14.030795097351074
66.6666259765625,-47.281776428222656
-9.6329927444458,7.149967193603516
21.9033260345459,0.0
0.0,0.0
0.0,0.0
-3.3112905025482178,6.536245822906494
0.0,0.0
0.0,0.0
0.0,0.0
-8.967525482177734,5.37475061416626
19.91132164001465,1.150560975074768
0.0,0.0
0.0,0.0
-3.3600664138793945,6.266270637512207
0.0,0.0
0.0,0.0
0.0,0.0
-9.441274642944336,4.378942012786865
7.177513599395752,16.02458381652832
0.0,0.0
0.0,0.0
-6.9280195236206055,6.396093368530273
0.0,0.0
33.33331298828125,-20.506650924682617
66.6666259765625,-36.4254035949707
-9.489206314086914,7.700636386871338
2.0,13.39942455291748
33.33331298828125,-22.071962356567383
0.0,0.0
-4.055166721343994,2.706007480621338
0.0,0.0
33.33331298828125,-21.630895614624023
66.6666259765625,-47.652130126953125
-9.774073600769043,6.45354700088501
22.05742835998535,9.246665954589844
33.33331298828125,-26.63231086730957
62.72979736328125,-2.731381893157959
-6.241507053375244,7.104558944702148
14.347362518310547,1.0199999809265137
0.0,0.0
0.0,0.0
-4.403328895568848,0.554635226726532
15.701050758361816,0.0
0.0,0.0
0.0,0.0
-2.662649393081665,4.831634998321533
0.0,0.0
0.0,0.0
0.0,0.0
-7.707059860229492,4.907893180847168
21.60511589050293,3.112682580947876
0.0,0.0
0.0,0.0
-7.346384048461914,8.108175277709961
19.91132164001465,6.3978095054626465
0.0,0.0
0.0,0.0
0.0,0.0
0.0,0.0
0.0,0.0
0.0,0.0
0.0,0.0
0.0,0.0
0.0,0.0
0.0,0.0
0.0,0.0
0.0,0.0
0.0,0.0
0.0,0.0
0.0,0.0
0.0,0.0
0.0,0.0
0.0,0.0
0.0,0.0
0.0,0.0
0.0,0.0
0.0,0.0
0.0,0.0
0.0,0.0
0.0,0.0
0.0,0.0
0.0,0.0
0.0,0.0
0.0,0.0
0.0,0.0
0.0,0.0
0.0,0.0
0.0,0.0
0.0,0.0
0.0,0.0
0.0,0.0
0.0,0.0
0.0,0.0
0.0,0.0
0.0,0.0
0.0,0.0
0.0,0.0
0.0,0.0
0.0,0.0
0.0,0.0
0.0,0.0
0.0,0.0
0.0,0.0
0.0,0.0
0.0,0.0
0.0,0.0
0.0,0.0
0.0,0.0
0.0,0.0
0.0,0.0
0.0,0.0
0.0,0.0
0.0,0.0
0.0,0.0
0.0,0.0
0.0,0.0
0.0,0.0
0.0,0.0
0.0,0.0
0.0,0.0
0.0,0.0
-9.203883171081543,8.429655075073242
0.0,0.0
0.0,0.0
0.0,0.0
0.0,0.0
0.0,0.0
33.33331298828125,15.822765350341797
0.0,0.0
-10.47916316986084,-4.363336086273193
0.0,0.0
0.0,0.0
0.0,0.0
-9.711310386657715,-9.715808868408203
0.0,0.0
0.0,0.0
0.0,0.0
-10.193940162658691,-1.9389657974243164
0.0,0.0
0.0,0.0
0.0,0.0
0.0,0.0
0.0,0.0
22.222211837768555,12.18942642211914
0.0,0.0
-9.739866256713867,2.601454496383667
0.0,0.0
0.0,0.0
0.0,0.0
-10.221364974975586,-1.8423837423324585
0.0,0.0
0.0,0.0
0.0,0.0
-6.683938980102539,11.028644561767578
0.0,0.0
0.0,0.0
0.0,0.0
0.0,0.0
0.0,0.0
33.33331298828125,7.880733489990234
0.0,0.0
-10.398974418640137,-4.721688270568848
0.0,0.0
0.0,0.0
0.0,0.0
-6.340378284454346,-5.885890007019043
0.0,0.0
0.0,0.0
0.0,0.0
-9.014999389648438,11.111105918884277
0.0,0.0
0.0,0.0
0.0,0.0
0.0,0.0
0.0,0.0
22.22220802307129,9.801983833312988
0.0,0.0
-9.645699501037598,5.47371244430542
0.0,0.0
0.0,0.0
0.0,0.0
-9.261268615722656,4.110048770904541
0.0,0.0
0.0,0.0
0.0,0.0
0.0,0.0
0.0,0.0
0.0,0.0
0.0,0.0
0.0,0.0
0.0,0.0
0.0,0.0
0.0,0.0
0.0,0.0
0.0,0.0
0.0,0.0
0.0,0.0
0.0,0.0
0.0,0.0
0.0,0.0
0.0,0.0
-9.96953010559082,7.462735652923584
22.222211837768555,10.45569133758545
0.0,0.0
0.0,0.0
0.0,0.0
0.0,0.0
0.0,0.0
0.0,0.0
-8.987967491149902,10.488154411315918
16.711732864379883,-152.13975524902344
0.0,0.0
0.0,0.0
0.0,0.0
0.0,0.0
0.0,0.0
0.0,0.0
0.0,0.0
0.0,0.0
0.0,0.0
0.0,0.0
0.0,0.0
0.0,0.0
0.0,0.0
0.0,0.0
0.0,0.0
0.0,0.0
0.0,0.0
0.0,0.0
0.0,0.0
0.0,0.0
0.0,0.0
0.0,0.0
-13.60833740234375,1.2569010257720947
22.222211837768555,10.786864280700684
0.0,0.0
0.0,0.0
-278.8077087402344,10.156052589416504
0.0,0.0
0.0,0.0
0.0,0.0
-10.3324613571167,11.109070777893066
-121.00582885742188,-189.88897705078125
0.0,0.0
0.0,0.0
-85.02186584472656,-514.9088134765625
0.0,0.0
0.0,0.0
0.0,0.0
0.0,0.0
0.0,0.0
0.0,0.0
0.0,0.0
0.0,0.0
0.0,0.0
0.0,0.0
0.0,0.0
0.0,0.0
0.0,0.0
0.0,0.0
0.0,0.0
0.0,0.0
0.0,0.0
0.0,0.0
0.0,0.0
0.0,0.0
0.0,0.0
0.0,0.0
0.0,0.0
0.0,0.0
0.0,0.0
0.0,0.0
0.0,0.0
0.0,0.0
0.0,0.0
0.0,0.0
0.0,0.0
0.0,0.0
0.0,0.0
0.0,0.0
0.0,0.0
0.0,0.0
0.0,0.0
0.0,0.0
0.0,0.0
0.0,0.0
0.0,0.0
0.0,0.0
0.0,0.0
0.0,0.0
0.0,0.0
0.0,0.0
0.0,0.0
0.0,0.0
0.0,0.0
0.0,0.0
0.0,0.0
0.0,0.0
0.0,0.0
0.0,0.0
0.0,0.0
0.0,0.0
0.0,0.0
0.0,0.0
0.0,0.0
0.0,0.0
0.0,0.0
0.0,0.0
0.0,0.0
0.0,0.0
0.0,0.0
0.0,0.0
0.0,0.0
0.0,0.0
0.0,0.0
0.0,0.0
0.0,0.0
0.0,0.0
0.0,0.0
0.0,0.0
0.0,0.0
0.0,0.0
0.0,0.0
0.0,0.0
0.0,0.0
0.0,0.0
0.0,0.0
0.0,0.0
0.0,0.0
-8.888994216918945,11.109589576721191
22.222211837768555,10.859488487243652
0.0,0.0
0.0,0.0
0.0,0.0
0.0,0.0
0.0,0.0
0.0,0.0
-8.888885498046875,11.11109447479248
22.22170639038086,11.44958209991455
0.0,0.0
0.0,0.0
0.0,0.0
0.0,0.0
0.0,0.0
0.0,0.0
0.0,0.0
0.0,0.0
0.0,0.0
0.0,0.0
0.0,0.0
0.0,0.0
0.0,0.0
0.0,0.0
0.0,0.0
0.0,0.0
0.0,0.0
0.0,0.0
0.0,0.0
0.0,0.0
0.0,0.0
0.0,0.0
-8.910033226013184,11.111104965209961
22.222211837768555,11.25187873840332
0.0,0.0
0.0,0.0
0.0,0.0
0.0,0.0
0.0,0.0
0.0,0.0
-8.888936042785645,11.11071491241455
22.221529006958008,8.588067054748535
0.0,0.0
0.0,0.0
0.0,0.0
0.0,0.0
0.0,0.0
0.0,0.0
0.0,0.0
0.0,0.0
0.0,0.0
0.0,0.0
0.0,0.0
0.0,0.0
0.0,0.0
0.0,0.0
0.0,0.0
0.0,0.0
0.0,0.0
0.0,0.0
0.0,0.0
0.0,0.0
0.0,0.0
0.0,0.0
0.0,0.0
0.0,0.0
0.0,0.0
0.0,0.0
0.0,0.0
0.0,0.0
0.0,0.0
0.0,0.0
0.0,0.0
0.0,0.0
0.0,0.0
0.0,0.0
0.0,0.0
0.0,0.0
0.0,0.0
0.0,0.0
0.0,0.0
0.0,0.0
0.0,0.0
0.0,0.0
0.0,0.0
0.0,0.0
0.0,0.0
0.0,0.0
0.0,0.0
0.0,0.0
0.0,0.0
0.0,0.0
0.0,0.0
0.0,0.0
0.0,0.0
0.0,0.0
0.0,0.0
0.0,0.0
0.0,0.0
0.0,0.0
0.0,0.0
0.0,0.0
0.0,0.0
0.0,0.0
0.0,0.0
0.0,0.0
0.0,0.0
0.0,0.0
0.0,0.0
0.0,0.0
33.33331298828125,-26.16160774230957
62.72979736328125,-14.977712631225586
-7.104211330413818,11.111105918884277
2.0,0.0
0.0,0.0
0.0,0.0
0.0,0.0
0.0,0.0
33.33331298828125,-32.95895767211914
64.43104553222656,-31.250492095947266
-7.1401262283325195,11.110939025878906
3.819999933242798,0.0
0.0,0.0
0.0,0.0
0.0,0.0
0.0,0.0
22.222211837768555,11.982001304626465
51.59381103515625,5.726191520690918
-21.46790313720703,11.111099243164062
22.222211837768555,12.219964981079102
0.0,0.0
0.0,0.0
0.0,0.0
0.0,0.0
22.222211837768555,12.194881439208984
54.012786865234375,6.768396854400635
-11.150527000427246,-80.06806945800781
22.222211837768555,12.221412658691406
0.0,0.0
0.0,0.0
0.0,0.0
0.0,0.0
33.33331298828125,-24.958805084228516
56.557003021240234,-14.961584091186523
-8.437701225280762,11.111105918884277
5.476200103759766,0.0
20.352794647216797,-11.676555633544922
0.0,0.0
0.0,0.0
0.0,0.0
33.33331298828125,-26.01641082763672
64.63224792480469,-15.23711109161377
-5.1941609382629395,11.111088752746582
0.0,1.0
25.233060836791992,-7.545611381530762
0.0,0.0
0.0,0.0
0.0,0.0
-16.1057186126709,11.11669921875
47.889060974121094,3.413067579269409
-80.7833480834961,11.103468894958496
22.222211837768555,12.221528053283691
15.056099891662598,1.0199999809265137
0.0,0.0
-25.940326690673828,-235.59181213378906
0.0,0.0
-35.613685607910156,11.155614852905273
53.50828170776367,3.6424522399902344
-57.0560417175293,11.110275268554688
22.222211837768555,12.221976280212402
17.75033187866211,1.1628795862197876
0.0,0.0
-56.609222412109375,-303.47552490234375
0.0,0.0
0.0,0.0
0.0,0.0
0.0,0.0
0.0,0.0
0.0,0.0
0.0,0.0
0.0,0.0
0.0,0.0
0.0,0.0
0.0,0.0
0.0,0.0
0.0,0.0
0.0,0.0
0.0,0.0
0.0,0.0
0.0,0.0
0.0,0.0
0.0,0.0
0.0,0.0
0.0,0.0
0.0,0.0
0.0,0.0
0.0,0.0
0.0,0.0
0.0,0.0
0.0,0.0
0.0,0.0
0.0,0.0
0.0,0.0
0.0,0.0
0.0,0.0
0.0,0.0
0.0,0.0
0.0,0.0
0.0,0.0
0.0,0.0
0.0,0.0
0.0,0.0
0.0,0.0
0.0,0.0
0.0,0.0
0.0,0.0
0.0,0.0
0.0,0.0
0.0,0.0
0.0,0.0
0.0,0.0
0.0,0.0
0.0,0.0
0.0,0.0
0.0,0.0
0.0,0.0
0.0,0.0
0.0,0.0
0.0,0.0
0.0,0.0
0.0,0.0
0.0,0.0
0.0,0.0
0.0,0.0
0.0,0.0
0.0,0.0
0.0,0.0
0.0,0.0
0.0,0.0
0.0,0.0
-1.8519854545593262,4.80145263671875
0.0,0.0
0.0,0.0
0.0,0.0
0.0,0.0
0.0,0.0
33.333160400390625,-19.850549697875977
0.0,0.0
-6.194119453430176,11.1107816696167
0.0,0.0
0.0,0.0
0.0,0.0
0.0,0.0
0.0,0.0
0.0,0.0
0.0,0.0
-8.95661735534668,11.110944747924805
0.0,0.0
0.0,0.0
0.0,0.0
0.0,0.0
0.0,0.0
-179.84063720703125,11.709366798400879
0.0,0.0
-8.888903617858887,11.111041069030762
0.0,0.0
0.0,0.0
0.0,0.0
0.0,0.0
0.0,0.0
0.0,0.0
0.0,0.0
0.0,0.0
0.0,0.0
0.0,0.0
0.0,0.0
0.0,0.0
0.0,0.0
5.730000019073486,0.0
0.0,0.0
-1.0,4.514583587646484
0.0,0.0
0.0,0.0
0.0,0.0
0.0,0.0
0.0,0.0
0.0,0.0
0.0,0.0
-5.312320709228516,10.855598449707031
0.0,0.0
0.0,0.0
0.0,0.0
0.0,0.0
0.0,0.0
3.819999933242798,0.0
0.0,0.0
-8.881291389465332,11.111105918884277
0.0,0.0
0.0,0.0
0.0,0.0
0.0,0.0
0.0,0.0
0.0,0.0
0.0,0.0
0.0,0.0
0.0,0.0
0.0,0.0
0.0,0.0
0.0,0.0
0.0,0.0
0.0,0.0
0.0,0.0
0.0,0.0
0.0,0.0
0.0,0.0
0.0,0.0
0.0,0.0
0.0,0.0
0.0,0.0
0.0,0.0
0.0,0.0
0.0,0.0
0.0,0.0
0.0,0.0
0.0,0.0
0.0,0.0
0.0,0.0
0.0,0.0
0.0,0.0
0.0,0.0
0.0,0.0
0.0,0.0
0.0,0.0
0.0,0.0
0.0,0.0
0.0,0.0
0.0,0.0
0.0,0.0
0.0,0.0
0.0,0.0
0.0,0.0
0.0,0.0
0.0,0.0
0.0,0.0
0.0,0.0
0.0,0.0
0.0,0.0
0.0,0.0
0.0,0.0
0.0,0.0
0.0,0.0
0.0,0.0
0.0,0.0
0.0,0.0
0.0,0.0
0.0,0.0
0.0,0.0
0.0,0.0
0.0,0.0
0.0,0.0
0.0,0.0
0.0,0.0
0.0,0.0
0.0,0.0
0.0,0.0
0.0,0.0
