-9.713308334350586,9.999996185302734
0.0,0.0
0.0,0.0
0.0,0.0
0.0,0.0
0.0,0.0
0.0,0.0
0.0,0.0
0.0,0.0
0.0,0.0
0.0,0.0
0.0,0.0
0.0,0.0
0.0,0.0
0.0,0.0
0.0,0.0
0.0,0.0
0.0,0.0
19.40907859802246,29.698070526123047
19.431617736816406,1.1682204008102417
0.0,0.0
0.0,0.0
0.0,0.0
0.0,0.0
0.0,0.0
0.0,0.0
-5.046627521514893,28.053953170776367
16.822040557861328,1.1356853246688843
0.0,0.0
0.0,0.0
0.0,0.0
0.0,0.0
0.0,0.0
0.0,0.0
0.0,0.0
0.0,0.0
0.0,0.0
0.0,0.0
0.0,0.0
0.0,0.0
0.0,0.0
0.0,0.0
0.0,0.0
0.0,0.0
0.0,0.0
0.0,0.0
0.0,0.0
0.0,0.0
0.0,0.0
0.0,0.0
-8.88925552368164,11.111075401306152
0.0,0.0
0.0,0.0
0.0,0.0
-8.888557434082031,11.111105918884277
0.0,0.0
0.0,0.0
0.0,0.0
-8.889078140258789,11.111077308654785
9.6029052734375,0.0
0.0,0.0
0.0,0.0
-8.695382118225098,11.111071586608887
0.0,0.0
0.0,0.0
0.0,0.0
0.0,0.0
0.0,0.0
0.0,0.0
0.0,0.0
0.0,0.0
0.0,0.0
0.0,0.0
0.0,0.0
0.0,0.0
0.0,0.0
0.0,0.0
0.0,0.0
0.0,0.0
0.0,0.0
0.0,0.0
0.0,0.0
-8.897500038146973,11.103172302246094
22.222211837768555,12.879548072814941
0.0,0.0
0.0,0.0
-8.55053997039795,11.110856056213379
18.152801513671875,2.014029026031494
0.0,0.0
0.0,0.0
-8.926624298095703,11.067955017089844
22.222198486328125,8.82894515991211
0.0,0.0
0.0,0.0
-8.918817520141602,11.029272079467773
-65.22042083740234,11.061125755310059
0.0,0.0
0.0,0.0
0.0,0.0
0.0,0.0
0.0,0.0
0.0,0.0
0.0,0.0
0.0,0.0
0.0,0.0
0.0,0.0
0.0,0.0
0.0,0.0
0.0,0.0
0.0,0.0
0.0,0.0
0.0,0.0
0.0,0.0
0.0,0.0
-8.898970603942871,11.076452255249023
22.222211837768555,12.1754150390625
0.0,0.0
0.0,0.0
-8.885518074035645,11.111105918884277
22.222211837768555,10.931812286376953
0.0,0.0
0.0,0.0
-8.89534854888916,11.110987663269043
-30.349821090698242,10.94916820526123
0.0,0.0
0.0,0.0
-8.889604568481445,11.111105918884277
22.222211837768555,12.363560676574707
0.0,0.0
0.0,0.0
0.0,0.0
0.0,0.0
0.0,0.0
0.0,0.0
0.0,0.0
0.0,0.0
0.0,0.0
0.0,0.0
0.0,0.0
0.0,0.0
0.0,0.0
0.0,0.0
0.0,0.0
0.0,0.0
0.0,0.0
0.0,0.0
0.529033362865448,19.641048431396484
12.141219139099121,-45.52058029174805
0.0,0.0
0.0,0.0
0.0,0.0
0.0,0.0
0.0,0.0
0.0,0.0
16.70476722717285,24.096311569213867
22.213367462158203,10.440108299255371
0.0,0.0
0.0,0.0
-8.196526527404785,11.110605239868164
0.0,0.0
0.0,0.0
0.0,0.0
0.0,0.0
0.0,0.0
0.0,0.0
0.0,0.0
0.0,0.0
0.0,0.0
0.0,0.0
0.0,0.0
0.0,0.0
0.0,0.0
0.0,0.0
0.0,0.0
0.0,0.0
0.0,0.0
0.0,0.0
0.0,0.0
0.0,0.0
0.0,0.0
0.0,0.0
0.0,0.0
0.0,0.0
0.0,0.0
0.0,0.0
0.0,0.0
0.0,0.0
0.0,0.0
0.0,0.0
0.0,0.0
0.0,0.0
0.0,0.0
0.0,0.0
0.0,0.0
0.0,0.0
0.0,0.0
0.0,0.0
0.0,0.0
0.0,0.0
0.0,0.0
0.0,0.0
0.0,0.0
0.0,0.0
0.0,0.0
0.0,0.0
0.0,0.0
0.0,0.0
0.0,0.0
0.0,0.0
0.0,0.0
-8.911102294921875,10.888412475585938
22.220773696899414,11.548155784606934
0.0,0.0
0.0,0.0
0.0,0.0
0.0,0.0
0.0,0.0
0.0,0.0
-8.920388221740723,10.787334442138672
22.222211837768555,12.222216606140137
0.0,0.0
0.0,0.0
-9.217803001403809,9.99730396270752
0.0,0.0
0.0,0.0
0.0,0.0
0.0,0.0
0.0,0.0
0.0,0.0
0.0,0.0
0.0,0.0
0.0,0.0
0.0,0.0
0.0,0.0
0.0,0.0
0.0,0.0
0.0,0.0
0.0,0.0
0.0,0.0
0.0,0.0
0.0,0.0
0.0,0.0
-8.897782325744629,11.109444618225098
0.0,0.0
0.0,0.0
0.0,0.0
0.0,0.0
0.0,0.0
0.0,0.0
0.0,0.0
-8.983351707458496,10.718304634094238
5.63030481338501,11.108466148376465
0.0,0.0
0.0,0.0
-8.866943359375,10.826844215393066
0.0,0.0
0.0,0.0
0.0,0.0
0.0,0.0
0.0,0.0
0.0,0.0
0.0,0.0
0.0,0.0
0.0,0.0
0.0,0.0
0.0,0.0
0.0,0.0
0.0,0.0
0.0,0.0
0.0,0.0
0.0,0.0
0.0,0.0
0.0,0.0
0.0,0.0
0.0,0.0
0.0,0.0
0.0,0.0
0.0,0.0
0.0,0.0
0.0,0.0
0.0,0.0
0.0,0.0
0.0,0.0
0.0,0.0
0.0,0.0
0.0,0.0
0.0,0.0
0.0,0.0
0.0,0.0
0.0,0.0
0.0,0.0
0.0,0.0
0.0,0.0
0.0,0.0
0.0,0.0
0.0,0.0
0.0,0.0
0.0,0.0
0.0,0.0
0.0,0.0
0.0,0.0
0.0,0.0
0.0,0.0
0.0,0.0
0.0,0.0
0.0,0.0
0.0,0.0
0.0,0.0
0.0,0.0
0.0,0.0
0.0,0.0
0.0,0.0
0.0,0.0
0.0,0.0
0.0,0.0
0.0,0.0
0.0,0.0
0.0,0.0
0.0,0.0
0.0,0.0
33.33331298828125,-19.921268463134766
66.6666259765625,-41.48699188232422
-9.40884017944336,8.717320442199707
10.738643646240234,0.0
0.0,0.0
0.0,0.0
0.0,2.738100051879883
0.0,0.0
33.33331298828125,-13.057839393615723
66.6666259765625,-28.50396728515625
-9.778846740722656,-0.09605640172958374
18.152801513671875,0.0
0.0,0.0
0.0,0.0
-1.8809000253677368,5.648526668548584
0.0,0.0
0.0,0.0
0.0,0.0
-6.818150043487549,8.902522087097168
11.772165298461914,0.0
0.0,0.0
0.0,0.0
-2.6652090549468994,2.3574206829071045
0.0,0.0
0.0,0.0
0.0,0.0
-9.092406272888184,6.910112380981445
5.608284950256348,8.88127326965332
0.0,0.0
0.0,0.0
-5.04925537109375,2.4649112224578857
0.0,0.0
33.33331298828125,-24.714242935180664
66.6666259765625,-40.1182861328125
-9.2637357711792,10.798272132873535
2.0,4.492762088775635
33.33331298828125,-17.37200355529785
0.0,0.0
-2.6757876873016357,2.5212206840515137
0.0,0.0
33.33331298828125,-21.141529083251953
66.6666259765625,-19.925743103027344
-9.552257537841797,2.504427433013916
17.75033187866211,5.00070858001709
33.33331298828125,-26.666259765625
60.925697326660156,-10.384228706359863
-5.10029935836792,6.091768264770508
11.772165298461914,1.0199999809265137
0.0,0.0
0.0,0.0
-3.241253137588501,7.577817440032959
5.476200103759766,0.0
0.0,0.0
0.0,0.0
-1.0,3.1082711219787598
0.0,0.0
0.0,0.0
0.0,0.0
-6.400217056274414,7.029722213745117
13.568530082702637,1.0698333978652954
0.0,0.0
0.0,0.0
-6.155520915985107,6.772092342376709
17.30805778503418,3.0121653079986572
0.0,0.0
0.0,0.0
0.0,0.0
0.0,0.0
0.0,0.0
0.0,0.0
0.0,0.0
0.0,0.0
0.0,0.0
0.0,0.0
0.0,0.0
0.0,0.0
0.0,0.0
0.0,0.0
0.0,0.0
0.0,0.0
0.0,0.0
0.0,0.0
0.0,0.0
0.0,0.0
0.0,0.0
0.0,0.0
0.0,0.0
0.0,0.0
0.0,0.0
0.0,0.0
0.0,0.0
0.0,0.0
0.0,0.0
0.0,0.0
0.0,0.0
0.0,0.0
0.0,0.0
0.0,0.0
0.0,0.0
0.0,0.0
0.0,0.0
0.0,0.0
0.0,0.0
0.0,0.0
0.0,0.0
0.0,0.0
0.0,0.0
0.0,0.0
0.0,0.0
0.0,0.0
0.0,0.0
0.0,0.0
0.0,0.0
0.0,0.0
0.0,0.0
0.0,0.0
0.0,0.0
0.0,0.0
0.0,0.0
0.0,0.0
0.0,0.0
0.0,0.0
0.0,0.0
0.0,0.0
0.0,0.0
0.0,0.0
0.0,0.0
0.0,0.0
0.0,0.0
0.0,0.0
-9.210994720458984,5.026902675628662
0.0,0.0
0.0,0.0
0.0,0.0
0.0,0.0
0.0,0.0
33.33331298828125,11.858907699584961
0.0,0.0
-10.59472370147705,-6.59442138671875
0.0,0.0
0.0,0.0
0.0,0.0
-5.874788284301758,-5.886082649230957
0.0,0.0
0.0,0.0
0.0,0.0
-10.193943977355957,-1.938962459564209
0.0,0.0
0.0,0.0
0.0,0.0
0.0,0.0
0.0,0.0
22.216785430908203,11.714704513549805
0.0,0.0
-9.715474128723145,2.9349234104156494
0.0,0.0
0.0,0.0
0.0,0.0
-9.755963325500488,-1.9696073532104492
0.0,0.0
0.0,0.0
0.0,0.0
-5.048391819000244,7.816530227661133
0.0,0.0
0.0,0.0
0.0,0.0
0.0,0.0
0.0,0.0
33.33331298828125,7.8183274269104
0.0,0.0
-10.657928466796875,-6.54041051864624
0.0,0.0
0.0,0.0
0.0,0.0
-2.7100000381469727,-1.909999966621399
0.0,0.0
0.0,0.0
0.0,0.0
-8.864953994750977,8.700094223022461
0.0,0.0
0.0,0.0
0.0,0.0
0.0,0.0
0.0,0.0
21.135517120361328,6.620339870452881
0.0,0.0
-10.028684616088867,4.501240253448486
0.0,0.0
0.0,0.0
0.0,0.0
-8.503931045532227,-1.3919553756713867
0.0,0.0
0.0,0.0
0.0,0.0
0.0,0.0
0.0,0.0
0.0,0.0
0.0,0.0
0.0,0.0
0.0,0.0
0.0,0.0
0.0,0.0
0.0,0.0
0.0,0.0
0.0,0.0
0.0,0.0
0.0,0.0
0.0,0.0
0.0,0.0
0.0,0.0
-9.493284225463867,7.157978057861328
22.222211837768555,11.173613548278809
0.0,0.0
0.0,0.0
0.0,0.0
0.0,0.0
0.0,0.0
0.0,0.0
-34.78961181640625,-11.653070449829102
16.426233291625977,-170.07875061035156
0.0,0.0
0.0,0.0
0.0,0.0
0.0,0.0
0.0,0.0
0.0,0.0
0.0,0.0
0.0,0.0
0.0,0.0
0.0,0.0
0.0,0.0
0.0,0.0
0.0,0.0
0.0,0.0
0.0,0.0
0.0,0.0
0.0,0.0
0.0,0.0
0.0,0.0
0.0,0.0
0.0,0.0
0.0,0.0
-11.109951972961426,-32.53441619873047
22.02368927001953,-51.82697296142578
0.0,0.0
0.0,0.0
-463.9702453613281,-144.41197204589844
0.0,0.0
0.0,0.0
0.0,0.0
-56.87764358520508,-96.93801879882812
-35.62313461303711,11.111129760742188
0.0,0.0
0.0,0.0
-200.91000366210938,-198.26190185546875
0.0,0.0
0.0,0.0
0.0,0.0
0.0,0.0
0.0,0.0
0.0,0.0
0.0,0.0
0.0,0.0
0.0,0.0
0.0,0.0
0.0,0.0
0.0,0.0
0.0,0.0
0.0,0.0
0.0,0.0
0.0,0.0
0.0,0.0
0.0,0.0
0.0,0.0
0.0,0.0
0.0,0.0
0.0,0.0
0.0,0.0
0.0,0.0
0.0,0.0
0.0,0.0
0.0,0.0
0.0,0.0
0.0,0.0
0.0,0.0
0.0,0.0
0.0,0.0
0.0,0.0
0.0,0.0
0.0,0.0
0.0,0.0
0.0,0.0
0.0,0.0
0.0,0.0
0.0,0.0
0.0,0.0
0.0,0.0
0.0,0.0
0.0,0.0
0.0,0.0
0.0,0.0
0.0,0.0
0.0,0.0
0.0,0.0
0.0,0.0
0.0,0.0
0.0,0.0
0.0,0.0
0.0,0.0
0.0,0.0
0.0,0.0
0.0,0.0
0.0,0.0
0.0,0.0
0.0,0.0
0.0,0.0
0.0,0.0
0.0,0.0
0.0,0.0
0.0,0.0
0.0,0.0
0.0,0.0
0.0,0.0
0.0,0.0
0.0,0.0
0.0,0.0
0.0,0.0
0.0,0.0
0.0,0.0
0.0,0.0
0.0,0.0
0.0,0.0
0.0,0.0
0.0,0.0
0.0,0.0
0.0,0.0
0.0,0.0
0.0,0.0
-8.888994216918945,11.109589576721191
22.119644165039062,8.316502571105957
0.0,0.0
0.0,0.0
0.0,0.0
0.0,0.0
0.0,0.0
0.0,0.0
-8.888885498046875,11.11109447479248
21.667404174804688,10.780295372009277
0.0,0.0
0.0,0.0
0.0,0.0
0.0,0.0
0.0,0.0
0.0,0.0
0.0,0.0
0.0,0.0
0.0,0.0
0.0,0.0
0.0,0.0
0.0,0.0
0.0,0.0
0.0,0.0
0.0,0.0
0.0,0.0
0.0,0.0
0.0,0.0
0.0,0.0
0.0,0.0
0.0,0.0
0.0,0.0
-8.9371919631958,11.111105918884277
22.2221622467041,11.144062995910645
0.0,0.0
0.0,0.0
0.0,0.0
0.0,0.0
0.0,0.0
0.0,0.0
-8.890304565429688,11.101048469543457
21.981910705566406,7.238195896148682
0.0,0.0
0.0,0.0
0.0,0.0
0.0,0.0
0.0,0.0
0.0,0.0
0.0,0.0
0.0,0.0
0.0,0.0
0.0,0.0
0.0,0.0
0.0,0.0
0.0,0.0
0.0,0.0
0.0,0.0
0.0,0.0
0.0,0.0
0.0,0.0
0.0,0.0
0.0,0.0
0.0,0.0
0.0,0.0
0.0,0.0
0.0,0.0
0.0,0.0
0.0,0.0
0.0,0.0
0.0,0.0
0.0,0.0
0.0,0.0
0.0,0.0
0.0,0.0
0.0,0.0
0.0,0.0
0.0,0.0
0.0,0.0
0.0,0.0
0.0,0.0
0.0,0.0
0.0,0.0
0.0,0.0
0.0,0.0
0.0,0.0
0.0,0.0
0.0,0.0
0.0,0.0
0.0,0.0
0.0,0.0
0.0,0.0
0.0,0.0
0.0,0.0
0.0,0.0
0.0,0.0
0.0,0.0
0.0,0.0
0.0,0.0
0.0,0.0
0.0,0.0
0.0,0.0
0.0,0.0
0.0,0.0
0.0,0.0
0.0,0.0
0.0,0.0
0.0,0.0
0.0,0.0
0.0,0.0
0.0,0.0
33.33089828491211,-23.94095802307129
48.863868713378906,-5.790499687194824
-5.157539367675781,11.103314399719238
2.0,0.0
0.0,0.0
0.0,0.0
0.0,0.0
0.0,0.0
33.33331298828125,-57.22791290283203
55.55714797973633,-22.80866241455078
-4.820194721221924,10.414864540100098
2.0,0.0
0.0,0.0
0.0,0.0
0.0,0.0
0.0,0.0
22.12126350402832,11.457685470581055
39.252628326416016,2.2968549728393555
-65.60018157958984,11.104050636291504
22.222211837768555,12.132150650024414
0.0,0.0
0.0,0.0
0.0,0.0
0.0,0.0
22.222211837768555,12.14381217956543
48.579044342041016,3.676236391067505
-58.48186111450195,11.066746711730957
22.222211837768555,12.213105201721191
0.0,0.0
0.0,0.0
0.0,0.0
0.0,0.0
33.33325958251953,-21.224323272705078
40.705589294433594,-5.618619918823242
-7.113856315612793,11.110895156860352
0.0,0.0
14.40435791015625,-9.866759300231934
0.0,0.0
0.0,0.0
0.0,0.0
33.33331298828125,-24.59453582763672
55.55714797973633,-10.880758285522461
-3.820415496826172,11.054607391357422
0.0,0.0
17.658248901367188,0.0
0.0,0.0
0.0,0.0
0.0,0.0
-85.6496353149414,11.1132173538208
31.78167724609375,2.328056573867798
-11.111498832702637,-77.17315673828125
22.222211837768555,12.056015968322754
10.738643646240234,1.0199999809265137
0.0,0.0
-147.2646026611328,-171.4519500732422
0.0,0.0
-97.51187133789062,11.109435081481934
43.2701416015625,3.6424522399902344
-37.752708435058594,11.10973072052002
22.222211837768555,12.211371421813965
12.71267032623291,0.0
0.0,0.0
-382.6802062988281,-302.5415954589844
0.0,0.0
0.0,0.0
0.0,0.0
0.0,0.0
0.0,0.0
0.0,0.0
0.0,0.0
0.0,0.0
0.0,0.0
0.0,0.0
0.0,0.0
0.0,0.0
0.0,0.0
0.0,0.0
0.0,0.0
0.0,0.0
0.0,0.0
0.0,0.0
0.0,0.0
0.0,0.0
0.0,0.0
0.0,0.0
0.0,0.0
0.0,0.0
0.0,0.0
0.0,0.0
0.0,0.0
0.0,0.0
0.0,0.0
0.0,0.0
0.0,0.0
0.0,0.0
0.0,0.0
0.0,0.0
0.0,0.0
0.0,0.0
0.0,0.0
0.0,0.0
0.0,0.0
0.0,0.0
0.0,0.0
0.0,0.0
0.0,0.0
0.0,0.0
0.0,0.0
0.0,0.0
0.0,0.0
0.0,0.0
0.0,0.0
0.0,0.0
0.0,0.0
0.0,0.0
0.0,0.0
0.0,0.0
0.0,0.0
0.0,0.0
0.0,0.0
0.0,0.0
0.0,0.0
0.0,0.0
0.0,0.0
0.0,0.0
0.0,0.0
0.0,0.0
0.0,0.0
0.0,0.0
0.0,0.0
-1.0,1.909999966621399
0.0,0.0
0.0,0.0
0.0,0.0
0.0,0.0
0.0,0.0
33.292144775390625,-13.840065002441406
0.0,0.0
-3.235851764678955,10.357292175292969
0.0,0.0
0.0,0.0
0.0,0.0
0.0,0.0
0.0,0.0
0.0,0.0
0.0,0.0
-8.888895988464355,11.111099243164062
0.0,0.0
0.0,0.0
0.0,0.0
0.0,0.0
0.0,0.0
9.84525203704834,11.110424041748047
0.0,0.0
-9.817031860351562,10.591593742370605
0.0,0.0
0.0,0.0
0.0,0.0
0.0,0.0
0.0,0.0
0.0,0.0
0.0,0.0
0.0,0.0
0.0,0.0
0.0,0.0
0.0,0.0
0.0,0.0
0.0,0.0
0.0,0.0
0.0,0.0
-1.0,1.0
0.0,0.0
0.0,0.0
0.0,0.0
0.0,0.0
0.0,0.0
0.0,0.0
0.0,0.0
-3.946178674697876,7.850525379180908
0.0,0.0
0.0,0.0
0.0,0.0
0.0,0.0
0.0,0.0
2.0,0.0
0.0,0.0
-8.683920860290527,11.110795974731445
0.0,0.0
0.0,0.0
0.0,0.0
0.0,0.0
0.0,0.0
0.0,0.0
0.0,0.0
0.0,0.0
0.0,0.0
0.0,0.0
0.0,0.0
0.0,0.0
0.0,0.0
0.0,0.0
0.0,0.0
0.0,0.0
0.0,0.0
0.0,0.0
0.0,0.0
0.0,0.0
0.0,0.0
0.0,0.0
0.0,0.0
0.0,0.0
0.0,0.0
0.0,0.0
0.0,0.0
0.0,0.0
0.0,0.0
0.0,0.0
0.0,0.0
0.0,0.0
0.0,0.0
0.0,0.0
0.0,0.0
0.0,0.0
0.0,0.0
0.0,0.0
0.0,0.0
0.0,0.0
0.0,0.0
0.0,0.0
0.0,0.0
0.0,0.0
0.0,0.0
0.0,0.0
0.0,0.0
0.0,0.0
0.0,0.0
0.0,0.0
0.0,0.0
0.0,0.0
0.0,0.0
0.0,0.0
0.0,0.0
0.0,0.0
0.0,0.0
0.0,0.0
0.0,0.0
0.0,0.0
0.0,0.0
0.0,0.0
0.0,0.0
0.0,0.0
0.0,0.0
0.0,0.0
0.0,0.0
0.0,0.0
0.0,0.0
