-2.6614372730255127,9.999996185302734
0.0,0.0
0.0,0.0
0.0,0.0
0.0,0.0
0.0,0.0
0.0,0.0
0.0,0.0
0.0,0.0
0.0,0.0
0.0,0.0
0.0,0.0
0.0,0.0
0.0,0.0
0.0,0.0
0.0,0.0
0.0,0.0
0.0,0.0
28.601028442382812,29.68620491027832
19.431617736816406,1.1682204008102417
0.0,0.0
0.0,0.0
0.0,0.0
0.0,0.0
0.0,0.0
0.0,0.0
15.329366683959961,28.0553035736084
16.822040557861328,1.1356853246688843
0.0,0.0
0.0,0.0
0.0,0.0
0.0,0.0
0.0,0.0
0.0,0.0
0.0,0.0
0.0,0.0
0.0,0.0
0.0,0.0
0.0,0.0
0.0,0.0
0.0,0.0
0.0,0.0
0.0,0.0
0.0,0.0
0.0,0.0
0.0,0.0
0.0,0.0
0.0,0.0
0.0,0.0
0.0,0.0
-8.99452018737793,11.068434715270996
0.0,0.0
0.0,0.0
0.0,0.0
-8.885136604309082,11.111105918884277
0.0,0.0
0.0,0.0
0.0,0.0
-8.888906478881836,11.111104965209961
9.6029052734375,0.0
0.0,0.0
0.0,0.0
-8.441534042358398,11.110758781433105
0.0,0.0
0.0,0.0
0.0,0.0
0.0,0.0
0.0,0.0
0.0,0.0
0.0,0.0
0.0,0.0
0.0,0.0
0.0,0.0
0.0,0.0
0.0,0.0
0.0,0.0
0.0,0.0
0.0,0.0
0.0,0.0
0.0,0.0
0.0,0.0
0.0,0.0
-8.94672679901123,10.684728622436523
22.222211837768555,12.199657440185547
0.0,0.0
0.0,0.0
-7.6757965087890625,10.529746055603027
16.822040557861328,2.014029026031494
0.0,0.0
0.0,0.0
-8.912009239196777,11.046507835388184
-13.501220703125,-171.0950927734375
0.0,0.0
0.0,0.0
-8.80524730682373,9.364593505859375
-141.22872924804688,-16.626262664794922
0.0,0.0
0.0,0.0
0.0,0.0
0.0,0.0
0.0,0.0
0.0,0.0
0.0,0.0
0.0,0.0
0.0,0.0
0.0,0.0
0.0,0.0
0.0,0.0
0.0,0.0
0.0,0.0
0.0,0.0
0.0,0.0
0.0,0.0
0.0,0.0
-8.890998840332031,11.111105918884277
22.222211837768555,12.11349105834961
0.0,0.0
0.0,0.0
-8.872504234313965,11.110451698303223
22.222211837768555,10.452113151550293
0.0,0.0
0.0,0.0
-8.888914108276367,11.111105918884277
22.222084045410156,5.25079345703125
0.0,0.0
0.0,0.0
-8.911880493164062,10.994539260864258
22.222211837768555,12.564971923828125
0.0,0.0
0.0,0.0
0.0,0.0
0.0,0.0
0.0,0.0
0.0,0.0
0.0,0.0
0.0,0.0
0.0,0.0
0.0,0.0
0.0,0.0
0.0,0.0
0.0,0.0
0.0,0.0
0.0,0.0
0.0,0.0
0.0,0.0
0.0,0.0
0.5482614636421204,19.641048431396484
21.116010665893555,11.535367965698242
0.0,0.0
0.0,0.0
0.0,0.0
0.0,0.0
0.0,0.0
0.0,0.0
18.05133819580078,24.09467315673828
22.185781478881836,9.205466270446777
0.0,0.0
0.0,0.0
-7.716285705566406,11.109029769897461
0.0,0.0
0.0,0.0
0.0,0.0
0.0,0.0
0.0,0.0
0.0,0.0
0.0,0.0
0.0,0.0
0.0,0.0
0.0,0.0
0.0,0.0
0.0,0.0
0.0,0.0
0.0,0.0
0.0,0.0
0.0,0.0
0.0,0.0
0.0,0.0
0.0,0.0
0.0,0.0
0.0,0.0
0.0,0.0
0.0,0.0
0.0,0.0
0.0,0.0
0.0,0.0
0.0,0.0
0.0,0.0
0.0,0.0
0.0,0.0
0.0,0.0
0.0,0.0
0.0,0.0
0.0,0.0
0.0,0.0
0.0,0.0
0.0,0.0
0.0,0.0
0.0,0.0
0.0,0.0
0.0,0.0
0.0,0.0
0.0,0.0
0.0,0.0
0.0,0.0
0.0,0.0
0.0,0.0
0.0,0.0
0.0,0.0
0.0,0.0
0.0,0.0
-8.911102294921875,10.888412475585938
22.13853645324707,11.195418357849121
0.0,0.0
0.0,0.0
0.0,0.0
0.0,0.0
0.0,0.0
0.0,0.0
-8.920464515686035,10.794669151306152
22.222211837768555,12.222216606140137
0.0,0.0
0.0,0.0
-9.232630729675293,10.285676002502441
0.0,0.0
0.0,0.0
0.0,0.0
0.0,0.0
0.0,0.0
0.0,0.0
0.0,0.0
0.0,0.0
0.0,0.0
0.0,0.0
0.0,0.0
0.0,0.0
0.0,0.0
0.0,0.0
0.0,0.0
0.0,0.0
0.0,0.0
0.0,0.0
0.0,0.0
-8.95816707611084,11.051924705505371
0.0,0.0
0.0,0.0
0.0,0.0
0.0,0.0
0.0,0.0
0.0,0.0
0.0,0.0
-8.912409782409668,11.080223083496094
-105.98810577392578,4.4758620262146
0.0,0.0
0.0,0.0
-8.720897674560547,10.636617660522461
0.0,0.0
0.0,0.0
0.0,0.0
0.0,0.0
0.0,0.0
0.0,0.0
0.0,0.0
0.0,0.0
0.0,0.0
0.0,0.0
0.0,0.0
0.0,0.0
0.0,0.0
0.0,0.0
0.0,0.0
0.0,0.0
0.0,0.0
0.0,0.0
0.0,0.0
0.0,0.0
0.0,0.0
0.0,0.0
0.0,0.0
0.0,0.0
0.0,0.0
0.0,0.0
0.0,0.0
0.0,0.0
0.0,0.0
0.0,0.0
0.0,0.0
0.0,0.0
0.0,0.0
0.0,0.0
0.0,0.0
0.0,0.0
0.0,0.0
0.0,0.0
0.0,0.0
0.0,0.0
0.0,0.0
0.0,0.0
0.0,0.0
0.0,0.0
0.0,0.0
0.0,0.0
0.0,0.0
0.0,0.0
0.0,0.0
0.0,0.0
0.0,0.0
0.0,0.0
0.0,0.0
0.0,0.0
0.0,0.0
0.0,0.0
0.0,0.0
0.0,0.0
0.0,0.0
0.0,0.0
0.0,0.0
0.0,0.0
0.0,0.0
0.0,0.0
0.0,0.0
33.33331298828125,-4.6999311447143555
66.6666259765625,-48.15482711791992
-9.838868141174316,8.22877025604248
6.983342170715332,0.0
0.0,0.0
0.0,0.0
0.0,1.0
0.0,0.0
33.33331298828125,-20.225242614746094
66.6666259765625,-36.07821273803711
-9.954874038696289,3.7190678119659424
14.347362518310547,0.0
0.0,0.0
0.0,0.0
-1.8809000253677368,5.10827112197876
0.0,0.0
0.0,0.0
0.0,0.0
-6.205687046051025,5.205138683319092
8.354841232299805,0.0
0.0,0.0
0.0,0.0
-1.0,1.491671085357666
0.0,0.0
0.0,0.0
0.0,0.0
-8.756534576416016,6.328965663909912
2.041774272918701,7.1844353675842285
0.0,0.0
0.0,0.0
-5.04925537109375,1.8687046766281128
0.0,0.0
33.33331298828125,-15.150819778442383
66.6666259765625,-49.25434494018555
-9.731143951416016,9.70848274230957
2.0,0.0
33.33331298828125,-25.23556900024414
0.0,0.0
-1.8899999856948853,2.5212206840515137
0.0,0.0
33.33331298828125,-23.547475814819336
66.6666259765625,-43.721073150634766
-9.869953155517578,1.8814616203308105
16.822040557861328,3.1472089290618896
33.33331298828125,-26.657001495361328
38.13801193237305,0.0
-5.10029935836792,4.4503679275512695
6.983342170715332,1.0199999809265137
0.0,0.0
0.0,0.0
-2.590749740600586,7.795664310455322
0.0,0.0
0.0,0.0
0.0,0.0
-1.0,3.86217999458313
0.0,0.0
0.0,0.0
0.0,0.0
-3.8725240230560303,7.183938026428223
12.71267032623291,1.0698333978652954
0.0,0.0
0.0,0.0
-5.004795074462891,6.9921722412109375
14.347362518310547,2.0547618865966797
0.0,0.0
0.0,0.0
0.0,0.0
0.0,0.0
0.0,0.0
0.0,0.0
0.0,0.0
0.0,0.0
0.0,0.0
0.0,0.0
0.0,0.0
0.0,0.0
0.0,0.0
0.0,0.0
0.0,0.0
0.0,0.0
0.0,0.0
0.0,0.0
0.0,0.0
0.0,0.0
0.0,0.0
0.0,0.0
0.0,0.0
0.0,0.0
0.0,0.0
0.0,0.0
0.0,0.0
0.0,0.0
0.0,0.0
0.0,0.0
0.0,0.0
0.0,0.0
0.0,0.0
0.0,0.0
0.0,0.0
0.0,0.0
0.0,0.0
0.0,0.0
0.0,0.0
0.0,0.0
0.0,0.0
0.0,0.0
0.0,0.0
0.0,0.0
0.0,0.0
0.0,0.0
0.0,0.0
0.0,0.0
0.0,0.0
0.0,0.0
0.0,0.0
0.0,0.0
0.0,0.0
0.0,0.0
0.0,0.0
0.0,0.0
0.0,0.0
0.0,0.0
0.0,0.0
0.0,0.0
0.0,0.0
0.0,0.0
0.0,0.0
0.0,0.0
0.0,0.0
0.0,0.0
-9.110023498535156,6.987820625305176
0.0,0.0
0.0,0.0
0.0,0.0
0.0,0.0
0.0,0.0
33.33331298828125,3.767176866531372
0.0,0.0
-10.450248718261719,-4.652089595794678
0.0,0.0
0.0,0.0
0.0,0.0
-4.169885158538818,-4.177420616149902
0.0,0.0
0.0,0.0
0.0,0.0
-10.194340705871582,-1.9425420761108398
0.0,0.0
0.0,0.0
0.0,0.0
0.0,0.0
0.0,0.0
22.14597511291504,11.36406135559082
0.0,0.0
-9.845203399658203,1.780570387840271
0.0,0.0
0.0,0.0
0.0,0.0
-9.549799919128418,3.7520790100097656
0.0,0.0
0.0,0.0
0.0,0.0
-4.581442832946777,6.419496536254883
0.0,0.0
0.0,0.0
0.0,0.0
0.0,0.0
0.0,0.0
33.33331298828125,12.238730430603027
0.0,0.0
-10.367819786071777,-0.23886068165302277
0.0,0.0
0.0,0.0
0.0,0.0
-1.899999976158142,0.0
0.0,0.0
0.0,0.0
0.0,0.0
-8.624798774719238,9.380154609680176
0.0,0.0
0.0,0.0
0.0,0.0
0.0,0.0
0.0,0.0
19.682771682739258,5.3454108238220215
0.0,0.0
-9.75533390045166,3.160822868347168
0.0,0.0
0.0,0.0
0.0,0.0
-8.014942169189453,5.111388683319092
0.0,0.0
0.0,0.0
0.0,0.0
0.0,0.0
0.0,0.0
0.0,0.0
0.0,0.0
0.0,0.0
0.0,0.0
0.0,0.0
0.0,0.0
0.0,0.0
0.0,0.0
0.0,0.0
0.0,0.0
0.0,0.0
0.0,0.0
0.0,0.0
0.0,0.0
-10.894407272338867,-3.843170642852783
22.222211837768555,-4.007382869720459
0.0,0.0
0.0,0.0
0.0,0.0
0.0,0.0
0.0,0.0
0.0,0.0
-32.461429595947266,11.111047744750977
-85.63378143310547,11.145004272460938
0.0,0.0
0.0,0.0
0.0,0.0
0.0,0.0
0.0,0.0
0.0,0.0
0.0,0.0
0.0,0.0
0.0,0.0
0.0,0.0
0.0,0.0
0.0,0.0
0.0,0.0
0.0,0.0
0.0,0.0
0.0,0.0
0.0,0.0
0.0,0.0
0.0,0.0
0.0,0.0
0.0,0.0
0.0,0.0
-11.111104965209961,-38.08244705200195
22.111534118652344,-58.59897994995117
0.0,0.0
0.0,0.0
-291.6956787109375,-176.69602966308594
0.0,0.0
0.0,0.0
0.0,0.0
-10.998186111450195,-65.00640106201172
22.222211837768555,12.222209930419922
0.0,0.0
0.0,0.0
-200.91000366210938,-198.26190185546875
0.0,0.0
0.0,0.0
0.0,0.0
0.0,0.0
0.0,0.0
0.0,0.0
0.0,0.0
0.0,0.0
0.0,0.0
0.0,0.0
0.0,0.0
0.0,0.0
0.0,0.0
0.0,0.0
0.0,0.0
0.0,0.0
0.0,0.0
0.0,0.0
0.0,0.0
0.0,0.0
0.0,0.0
0.0,0.0
0.0,0.0
0.0,0.0
0.0,0.0
0.0,0.0
0.0,0.0
0.0,0.0
0.0,0.0
0.0,0.0
0.0,0.0
0.0,0.0
0.0,0.0
0.0,0.0
0.0,0.0
0.0,0.0
0.0,0.0
0.0,0.0
0.0,0.0
0.0,0.0
0.0,0.0
0.0,0.0
0.0,0.0
0.0,0.0
0.0,0.0
0.0,0.0
0.0,0.0
0.0,0.0
0.0,0.0
0.0,0.0
0.0,0.0
0.0,0.0
0.0,0.0
0.0,0.0
0.0,0.0
0.0,0.0
0.0,0.0
0.0,0.0
0.0,0.0
0.0,0.0
0.0,0.0
0.0,0.0
0.0,0.0
0.0,0.0
0.0,0.0
0.0,0.0
0.0,0.0
0.0,0.0
0.0,0.0
0.0,0.0
0.0,0.0
0.0,0.0
0.0,0.0
0.0,0.0
0.0,0.0
0.0,0.0
0.0,0.0
0.0,0.0
0.0,0.0
0.0,0.0
0.0,0.0
0.0,0.0
0.0,0.0
-8.888994216918945,11.109589576721191
21.405376434326172,5.635986804962158
0.0,0.0
0.0,0.0
0.0,0.0
0.0,0.0
0.0,0.0
0.0,0.0
-8.888885498046875,11.111105918884277
18.201711654663086,10.629960060119629
0.0,0.0
0.0,0.0
0.0,0.0
0.0,0.0
0.0,0.0
0.0,0.0
0.0,0.0
0.0,0.0
0.0,0.0
0.0,0.0
0.0,0.0
0.0,0.0
0.0,0.0
0.0,0.0
0.0,0.0
0.0,0.0
0.0,0.0
0.0,0.0
0.0,0.0
0.0,0.0
0.0,0.0
0.0,0.0
-10.295641899108887,11.111105918884277
22.22174835205078,11.144062995910645
0.0,0.0
0.0,0.0
0.0,0.0
0.0,0.0
0.0,0.0
0.0,0.0
-9.089242935180664,10.012261390686035
19.91132164001465,4.672780990600586
0.0,0.0
0.0,0.0
0.0,0.0
0.0,0.0
0.0,0.0
0.0,0.0
0.0,0.0
0.0,0.0
0.0,0.0
0.0,0.0
0.0,0.0
0.0,0.0
0.0,0.0
0.0,0.0
0.0,0.0
0.0,0.0
0.0,0.0
0.0,0.0
0.0,0.0
0.0,0.0
0.0,0.0
0.0,0.0
0.0,0.0
0.0,0.0
0.0,0.0
0.0,0.0
0.0,0.0
0.0,0.0
0.0,0.0
0.0,0.0
0.0,0.0
0.0,0.0
0.0,0.0
0.0,0.0
0.0,0.0
0.0,0.0
0.0,0.0
0.0,0.0
0.0,0.0
0.0,0.0
0.0,0.0
0.0,0.0
0.0,0.0
0.0,0.0
0.0,0.0
0.0,0.0
0.0,0.0
0.0,0.0
0.0,0.0
0.0,0.0
0.0,0.0
0.0,0.0
0.0,0.0
0.0,0.0
0.0,0.0
0.0,0.0
0.0,0.0
0.0,0.0
0.0,0.0
0.0,0.0
0.0,0.0
0.0,0.0
0.0,0.0
0.0,0.0
0.0,0.0
0.0,0.0
0.0,0.0
0.0,0.0
33.313961029052734,-23.638057708740234
38.13801193237305,-5.790499687194824
-4.281976699829102,11.042878150939941
2.0,0.0
0.0,0.0
0.0,0.0
0.0,0.0
0.0,0.0
33.33326721191406,-90.56262969970703
48.863868713378906,-15.302923202514648
-4.820194721221924,9.146357536315918
2.0,0.0
0.0,0.0
0.0,0.0
0.0,0.0
0.0,0.0
21.55645751953125,11.380134582519531
29.4304141998291,2.2968549728393555
-11.071061134338379,-4.730230331420898
22.22212791442871,11.205971717834473
0.0,0.0
0.0,0.0
0.0,0.0
0.0,0.0
22.221864700317383,11.997349739074707
43.2701416015625,2.4591779708862305
-10.186908721923828,11.031950950622559
22.222211837768555,12.189942359924316
0.0,0.0
0.0,0.0
0.0,0.0
0.0,0.0
33.33229064941406,-17.449989318847656
28.8087158203125,0.0
-6.183408260345459,11.105764389038086
0.0,0.0
12.532261848449707,-2.9178569316864014
0.0,0.0
0.0,0.0
0.0,0.0
33.33327865600586,-22.7675838470459
48.863868713378906,-6.0
-3.2565619945526123,10.918563842773438
0.0,0.0
14.40435791015625,0.0
0.0,0.0
0.0,0.0
0.0,0.0
22.22007179260254,10.86343002319336
20.887102127075195,1.2088710069656372
-9.13829231262207,11.111104965209961
22.222192764282227,11.836116790771484
6.983342170715332,1.0199999809265137
0.0,0.0
-196.34268188476562,10.781145095825195
0.0,0.0
22.22216796875,11.05620002746582
37.64025115966797,2.4552786350250244
-9.661144256591797,10.945356369018555
22.222211837768555,12.174798011779785
10.738643646240234,0.0
0.0,0.0
-420.2686462402344,-285.82080078125
0.0,0.0
0.0,0.0
0.0,0.0
0.0,0.0
0.0,0.0
0.0,0.0
0.0,0.0
0.0,0.0
0.0,0.0
0.0,0.0
0.0,0.0
0.0,0.0
0.0,0.0
0.0,0.0
0.0,0.0
0.0,0.0
0.0,0.0
0.0,0.0
0.0,0.0
0.0,0.0
0.0,0.0
0.0,0.0
0.0,0.0
0.0,0.0
0.0,0.0
0.0,0.0
0.0,0.0
0.0,0.0
0.0,0.0
0.0,0.0
0.0,0.0
0.0,0.0
0.0,0.0
0.0,0.0
0.0,0.0
0.0,0.0
0.0,0.0
0.0,0.0
0.0,0.0
0.0,0.0
0.0,0.0
0.0,0.0
0.0,0.0
0.0,0.0
0.0,0.0
0.0,0.0
0.0,0.0
0.0,0.0
0.0,0.0
0.0,0.0
0.0,0.0
0.0,0.0
0.0,0.0
0.0,0.0
0.0,0.0
0.0,0.0
0.0,0.0
0.0,0.0
0.0,0.0
0.0,0.0
0.0,0.0
0.0,0.0
0.0,0.0
0.0,0.0
0.0,0.0
0.0,0.0
0.0,0.0
-1.0,1.909999966621399
0.0,0.0
0.0,0.0
0.0,0.0
0.0,0.0
0.0,0.0
33.16382598876953,-10.828360557556152
0.0,0.0
-2.5976221561431885,10.1107816696167
0.0,0.0
0.0,0.0
0.0,0.0
0.0,0.0
0.0,0.0
0.0,0.0
0.0,0.0
-8.888895988464355,11.111099243164062
0.0,0.0
0.0,0.0
0.0,0.0
0.0,0.0
0.0,0.0
9.84525203704834,11.108002662658691
0.0,0.0
-8.888894081115723,11.111099243164062
0.0,0.0
0.0,0.0
0.0,0.0
0.0,0.0
0.0,0.0
0.0,0.0
0.0,0.0
0.0,0.0
0.0,0.0
0.0,0.0
0.0,0.0
0.0,0.0
0.0,0.0
0.0,0.0
0.0,0.0
-1.0,1.0
0.0,0.0
0.0,0.0
0.0,0.0
0.0,0.0
0.0,0.0
0.0,0.0
0.0,0.0
-3.946178674697876,6.356335163116455
0.0,0.0
0.0,0.0
0.0,0.0
0.0,0.0
0.0,0.0
2.0,0.0
0.0,0.0
-8.60768985748291,11.109029769897461
0.0,0.0
0.0,0.0
0.0,0.0
0.0,0.0
0.0,0.0
0.0,0.0
0.0,0.0
0.0,0.0
0.0,0.0
0.0,0.0
0.0,0.0
0.0,0.0
0.0,0.0
0.0,0.0
0.0,0.0
0.0,0.0
0.0,0.0
0.0,0.0
0.0,0.0
0.0,0.0
0.0,0.0
0.0,0.0
0.0,0.0
0.0,0.0
0.0,0.0
0.0,0.0
0.0,0.0
0.0,0.0
0.0,0.0
0.0,0.0
0.0,0.0
0.0,0.0
0.0,0.0
0.0,0.0
0.0,0.0
0.0,0.0
0.0,0.0
0.0,0.0
0.0,0.0
0.0,0.0
0.0,0.0
0.0,0.0
0.0,0.0
0.0,0.0
0.0,0.0
0.0,0.0
0.0,0.0
0.0,0.0
0.0,0.0
0.0,0.0
0.0,0.0
0.0,0.0
0.0,0.0
0.0,0.0
0.0,0.0
0.0,0.0
0.0,0.0
0.0,0.0
0.0,0.0
0.0,0.0
0.0,0.0
0.0,0.0
0.0,0.0
0.0,0.0
0.0,0.0
0.0,0.0
0.0,0.0
0.0,0.0
0.0,0.0
