-4.5980329513549805,9.999996185302734
0.0,0.0
0.0,0.0
0.0,0.0
0.0,0.0
0.0,0.0
0.0,0.0
0.0,0.0
0.0,0.0
0.0,0.0
0.0,0.0
0.0,0.0
0.0,0.0
0.0,0.0
0.0,0.0
0.0,0.0
0.0,0.0
0.0,0.0
11.061668395996094,29.698707580566406
19.431617736816406,1.1682204008102417
0.0,0.0
0.0,0.0
0.0,0.0
0.0,0.0
0.0,0.0
0.0,0.0
6.849828720092773,28.056079864501953
16.822040557861328,1.1356853246688843
0.0,0.0
0.0,0.0
0.0,0.0
0.0,0.0
0.0,0.0
0.0,0.0
0.0,0.0
0.0,0.0
0.0,0.0
0.0,0.0
0.0,0.0
0.0,0.0
0.0,0.0
0.0,0.0
0.0,0.0
0.0,0.0
0.0,0.0
0.0,0.0
0.0,0.0
0.0,0.0
0.0,0.0
0.0,0.0
-8.889732360839844,11.110711097717285
0.0,0.0
0.0,0.0
0.0,0.0
-8.888773918151855,11.111105918884277
0.0,0.0
0.0,0.0
0.0,0.0
-8.88906192779541,11.111102104187012
9.6029052734375,0.0
0.0,0.0
0.0,0.0
-8.695382118225098,11.11108684539795
0.0,0.0
0.0,0.0
0.0,0.0
0.0,0.0
0.0,0.0
0.0,0.0
0.0,0.0
0.0,0.0
0.0,0.0
0.0,0.0
0.0,0.0
0.0,0.0
0.0,0.0
0.0,0.0
0.0,0.0
0.0,0.0
0.0,0.0
0.0,0.0
0.0,0.0
-8.924765586853027,11.110493659973145
22.222211837768555,12.53661823272705
0.0,0.0
0.0,0.0
-8.709081649780273,11.111054420471191
18.152801513671875,2.014029026031494
0.0,0.0
0.0,0.0
-8.889469146728516,11.111099243164062
21.688425064086914,-63.52708435058594
0.0,0.0
0.0,0.0
-8.916335105895996,11.082110404968262
-243.8252410888672,11.10421371459961
0.0,0.0
0.0,0.0
0.0,0.0
0.0,0.0
0.0,0.0
0.0,0.0
0.0,0.0
0.0,0.0
0.0,0.0
0.0,0.0
0.0,0.0
0.0,0.0
0.0,0.0
0.0,0.0
0.0,0.0
0.0,0.0
0.0,0.0
0.0,0.0
-8.89445972442627,11.110855102539062
22.222211837768555,12.180095672607422
0.0,0.0
0.0,0.0
-8.926462173461914,10.466157913208008
22.222211837768555,11.060853004455566
0.0,0.0
0.0,0.0
-8.89348030090332,11.111064910888672
21.667898178100586,-75.03913116455078
0.0,0.0
0.0,0.0
-8.889269828796387,11.111105918884277
22.222211837768555,12.289823532104492
0.0,0.0
0.0,0.0
0.0,0.0
0.0,0.0
0.0,0.0
0.0,0.0
0.0,0.0
0.0,0.0
0.0,0.0
0.0,0.0
0.0,0.0
0.0,0.0
0.0,0.0
0.0,0.0
0.0,0.0
0.0,0.0
0.0,0.0
0.0,0.0
0.5278764963150024,19.641048431396484
22.22185516357422,12.032218933105469
0.0,0.0
0.0,0.0
0.0,0.0
0.0,0.0
0.0,0.0
0.0,0.0
-2.1897144317626953,24.09654998779297
22.221302032470703,10.778687477111816
0.0,0.0
0.0,0.0
-8.196526527404785,11.110795974731445
0.0,0.0
0.0,0.0
0.0,0.0
0.0,0.0
0.0,0.0
0.0,0.0
0.0,0.0
0.0,0.0
0.0,0.0
0.0,0.0
0.0,0.0
0.0,0.0
0.0,0.0
0.0,0.0
0.0,0.0
0.0,0.0
0.0,0.0
0.0,0.0
0.0,0.0
0.0,0.0
0.0,0.0
0.0,0.0
0.0,0.0
0.0,0.0
0.0,0.0
0.0,0.0
0.0,0.0
0.0,0.0
0.0,0.0
0.0,0.0
0.0,0.0
0.0,0.0
0.0,0.0
0.0,0.0
0.0,0.0
0.0,0.0
0.0,0.0
0.0,0.0
0.0,0.0
0.0,0.0
0.0,0.0
0.0,0.0
0.0,0.0
0.0,0.0
0.0,0.0
0.0,0.0
0.0,0.0
0.0,0.0
0.0,0.0
0.0,0.0
0.0,0.0
-8.911102294921875,10.888412475585938
22.220773696899414,11.548155784606934
0.0,0.0
0.0,0.0
0.0,0.0
0.0,0.0
0.0,0.0
0.0,0.0
-8.921493530273438,10.784701347351074
22.000593185424805,-0.5631812214851379
0.0,0.0
0.0,0.0
-9.046662330627441,7.824263572692871
0.0,0.0
0.0,0.0
0.0,0.0
0.0,0.0
0.0,0.0
0.0,0.0
0.0,0.0
0.0,0.0
0.0,0.0
0.0,0.0
0.0,0.0
0.0,0.0
0.0,0.0
0.0,0.0
0.0,0.0
0.0,0.0
0.0,0.0
0.0,0.0
0.0,0.0
-8.889359474182129,11.111104965209961
0.0,0.0
0.0,0.0
0.0,0.0
0.0,0.0
0.0,0.0
0.0,0.0
0.0,0.0
-8.970502853393555,10.256144523620605
5.63030481338501,11.109118461608887
0.0,0.0
0.0,0.0
-8.915486335754395,8.749225616455078
0.0,0.0
0.0,0.0
0.0,0.0
0.0,0.0
0.0,0.0
0.0,0.0
0.0,0.0
0.0,0.0
0.0,0.0
0.0,0.0
0.0,0.0
0.0,0.0
0.0,0.0
0.0,0.0
0.0,0.0
0.0,0.0
0.0,0.0
0.0,0.0
0.0,0.0
0.0,0.0
0.0,0.0
0.0,0.0
0.0,0.0
0.0,0.0
0.0,0.0
0.0,0.0
0.0,0.0
0.0,0.0
0.0,0.0
0.0,0.0
0.0,0.0
0.0,0.0
0.0,0.0
0.0,0.0
0.0,0.0
0.0,0.0
0.0,0.0
0.0,0.0
0.0,0.0
0.0,0.0
0.0,0.0
0.0,0.0
0.0,0.0
0.0,0.0
0.0,0.0
0.0,0.0
0.0,0.0
0.0,0.0
0.0,0.0
0.0,0.0
0.0,0.0
0.0,0.0
0.0,0.0
0.0,0.0
0.0,0.0
0.0,0.0
0.0,0.0
0.0,0.0
0.0,0.0
0.0,0.0
0.0,0.0
0.0,0.0
0.0,0.0
0.0,0.0
0.0,0.0
33.33331298828125,-11.399470329284668
66.6666259765625,-47.03770446777344
-9.634058952331543,8.349174499511719
11.772165298461914,0.0
3.0,0.0
0.0,0.0
0.0,3.491671085357666
0.0,0.0
33.33331298828125,-23.633325576782227
66.6666259765625,-30.49772071838379
-9.84521484375,-1.7838001251220703
19.431617736816406,0.0
0.0,0.0
0.0,0.0
-2.636324644088745,5.648526668548584
0.0,0.0
0.0,0.0
0.0,0.0
-7.3090925216674805,6.228203773498535
11.772165298461914,0.0
0.0,0.0
0.0,0.0
-2.6652090549468994,3.86217999458313
0.0,0.0
0.0,0.0
0.0,0.0
-9.095911026000977,8.506817817687988
5.608284950256348,11.163671493530273
0.0,0.0
0.0,0.0
-5.04925537109375,3.2430691719055176
0.0,0.0
33.33331298828125,-21.551593780517578
66.6666259765625,-43.69956588745117
-9.278392791748047,9.07832145690918
2.0,5.088413715362549
33.33331298828125,-17.37200355529785
0.0,0.0
-2.6757876873016357,1.2943108081817627
0.0,0.0
33.33331298828125,-23.822446823120117
66.6666259765625,-47.27151107788086
-9.613365173339844,-0.01890663430094719
18.5190486907959,5.00070858001709
33.33331298828125,-26.666471481323242
62.72979736328125,-2.731381893157959
-5.529351711273193,6.543509006500244
13.568530082702637,1.0199999809265137
0.0,0.0
0.0,0.0
-3.241253137588501,7.895813941955566
5.476200103759766,0.0
0.0,0.0
0.0,0.0
-1.0,1.8285267353057861
0.0,0.0
0.0,0.0
0.0,0.0
-6.7230305671691895,3.716493844985962
14.347362518310547,1.0698333978652954
0.0,0.0
0.0,0.0
-6.155520915985107,7.841352462768555
18.152801513671875,3.892476797103882
0.0,0.0
0.0,0.0
0.0,0.0
0.0,0.0
0.0,0.0
0.0,0.0
0.0,0.0
0.0,0.0
0.0,0.0
0.0,0.0
0.0,0.0
0.0,0.0
0.0,0.0
0.0,0.0
0.0,0.0
0.0,0.0
0.0,0.0
0.0,0.0
0.0,0.0
0.0,0.0
0.0,0.0
0.0,0.0
0.0,0.0
0.0,0.0
0.0,0.0
0.0,0.0
0.0,0.0
0.0,0.0
0.0,0.0
0.0,0.0
0.0,0.0
0.0,0.0
0.0,0.0
0.0,0.0
0.0,0.0
0.0,0.0
0.0,0.0
0.0,0.0
0.0,0.0
0.0,0.0
0.0,0.0
0.0,0.0
0.0,0.0
0.0,0.0
0.0,0.0
0.0,0.0
0.0,0.0
0.0,0.0
0.0,0.0
0.0,0.0
0.0,0.0
0.0,0.0
0.0,0.0
0.0,0.0
0.0,0.0
0.0,0.0
0.0,0.0
0.0,0.0
0.0,0.0
0.0,0.0
0.0,0.0
0.0,0.0
0.0,0.0
0.0,0.0
0.0,0.0
0.0,0.0
-9.30426025390625,6.111417770385742
0.0,0.0
0.0,0.0
0.0,0.0
0.0,0.0
0.0,0.0
33.33331298828125,13.621017456054688
0.0,0.0
-10.60876750946045,-7.2502899169921875
0.0,0.0
0.0,0.0
0.0,0.0
-5.874788284301758,-5.886082649230957
0.0,0.0
0.0,0.0
0.0,0.0
-10.193940162658691,-1.9389688968658447
0.0,0.0
0.0,0.0
0.0,0.0
0.0,0.0
0.0,0.0
22.221128463745117,11.811087608337402
0.0,0.0
-9.733368873596191,2.72043514251709
0.0,0.0
0.0,0.0
0.0,0.0
-9.93268871307373,-1.0334618091583252
0.0,0.0
0.0,0.0
0.0,0.0
-5.048391819000244,9.05518627166748
0.0,0.0
0.0,0.0
0.0,0.0
0.0,0.0
0.0,0.0
33.33331298828125,20.0430850982666
0.0,0.0
-10.76291561126709,-9.9572172164917
0.0,0.0
0.0,0.0
0.0,0.0
-2.7100000381469727,-2.738100051879883
0.0,0.0
0.0,0.0
0.0,0.0
-8.910542488098145,10.172223091125488
0.0,0.0
0.0,0.0
0.0,0.0
0.0,0.0
0.0,0.0
21.477014541625977,7.172338962554932
0.0,0.0
-9.94550609588623,2.1166110038757324
0.0,0.0
0.0,0.0
0.0,0.0
-8.65754222869873,0.43636852502822876
0.0,0.0
0.0,0.0
0.0,0.0
0.0,0.0
0.0,0.0
0.0,0.0
0.0,0.0
0.0,0.0
0.0,0.0
0.0,0.0
0.0,0.0
0.0,0.0
0.0,0.0
0.0,0.0
0.0,0.0
0.0,0.0
0.0,0.0
0.0,0.0
0.0,0.0
-20.576080322265625,4.931297302246094
22.222211837768555,11.457785606384277
0.0,0.0
0.0,0.0
0.0,0.0
0.0,0.0
0.0,0.0
0.0,0.0
-32.49199295043945,9.906185150146484
-179.97213745117188,-107.43251037597656
0.0,0.0
0.0,0.0
0.0,0.0
0.0,0.0
0.0,0.0
0.0,0.0
0.0,0.0
0.0,0.0
0.0,0.0
0.0,0.0
0.0,0.0
0.0,0.0
0.0,0.0
0.0,0.0
0.0,0.0
0.0,0.0
0.0,0.0
0.0,0.0
0.0,0.0
0.0,0.0
0.0,0.0
0.0,0.0
-12.641650199890137,-39.318355560302734
-56.76973342895508,10.995418548583984
0.0,0.0
0.0,0.0
-463.9702453613281,-85.94029998779297
0.0,0.0
0.0,0.0
0.0,0.0
-46.90106201171875,11.087894439697266
19.834659576416016,-135.27978515625
0.0,0.0
0.0,0.0
-200.91000366210938,-198.26190185546875
0.0,0.0
0.0,0.0
0.0,0.0
0.0,0.0
0.0,0.0
0.0,0.0
0.0,0.0
0.0,0.0
0.0,0.0
0.0,0.0
0.0,0.0
0.0,0.0
0.0,0.0
0.0,0.0
0.0,0.0
0.0,0.0
0.0,0.0
0.0,0.0
0.0,0.0
0.0,0.0
0.0,0.0
0.0,0.0
0.0,0.0
0.0,0.0
0.0,0.0
0.0,0.0
0.0,0.0
0.0,0.0
0.0,0.0
0.0,0.0
0.0,0.0
0.0,0.0
0.0,0.0
0.0,0.0
0.0,0.0
0.0,0.0
0.0,0.0
0.0,0.0
0.0,0.0
0.0,0.0
0.0,0.0
0.0,0.0
0.0,0.0
0.0,0.0
0.0,0.0
0.0,0.0
0.0,0.0
0.0,0.0
0.0,0.0
0.0,0.0
0.0,0.0
0.0,0.0
0.0,0.0
0.0,0.0
0.0,0.0
0.0,0.0
0.0,0.0
0.0,0.0
0.0,0.0
0.0,0.0
0.0,0.0
0.0,0.0
0.0,0.0
0.0,0.0
0.0,0.0
0.0,0.0
0.0,0.0
0.0,0.0
0.0,0.0
0.0,0.0
0.0,0.0
0.0,0.0
0.0,0.0
0.0,0.0
0.0,0.0
0.0,0.0
0.0,0.0
0.0,0.0
0.0,0.0
0.0,0.0
0.0,0.0
0.0,0.0
0.0,0.0
-8.888994216918945,11.109589576721191
22.151878356933594,8.316502571105957
0.0,0.0
0.0,0.0
0.0,0.0
0.0,0.0
0.0,0.0
0.0,0.0
-8.888885498046875,11.11109447479248
22.164527893066406,11.268593788146973
0.0,0.0
0.0,0.0
0.0,0.0
0.0,0.0
0.0,0.0
0.0,0.0
0.0,0.0
0.0,0.0
0.0,0.0
0.0,0.0
0.0,0.0
0.0,0.0
0.0,0.0
0.0,0.0
0.0,0.0
0.0,0.0
0.0,0.0
0.0,0.0
0.0,0.0
0.0,0.0
0.0,0.0
0.0,0.0
-8.909682273864746,11.111105918884277
22.222177505493164,11.144062995910645
0.0,0.0
0.0,0.0
0.0,0.0
0.0,0.0
0.0,0.0
0.0,0.0
-8.888972282409668,11.110483169555664
22.119384765625,7.238195896148682
0.0,0.0
0.0,0.0
0.0,0.0
0.0,0.0
0.0,0.0
0.0,0.0
0.0,0.0
0.0,0.0
0.0,0.0
0.0,0.0
0.0,0.0
0.0,0.0
0.0,0.0
0.0,0.0
0.0,0.0
0.0,0.0
0.0,0.0
0.0,0.0
0.0,0.0
0.0,0.0
0.0,0.0
0.0,0.0
0.0,0.0
0.0,0.0
0.0,0.0
0.0,0.0
0.0,0.0
0.0,0.0
0.0,0.0
0.0,0.0
0.0,0.0
0.0,0.0
0.0,0.0
0.0,0.0
0.0,0.0
0.0,0.0
0.0,0.0
0.0,0.0
0.0,0.0
0.0,0.0
0.0,0.0
0.0,0.0
0.0,0.0
0.0,0.0
0.0,0.0
0.0,0.0
0.0,0.0
0.0,0.0
0.0,0.0
0.0,0.0
0.0,0.0
0.0,0.0
0.0,0.0
0.0,0.0
0.0,0.0
0.0,0.0
0.0,0.0
0.0,0.0
0.0,0.0
0.0,0.0
0.0,0.0
0.0,0.0
0.0,0.0
0.0,0.0
0.0,0.0
0.0,0.0
0.0,0.0
0.0,0.0
33.3323860168457,-24.45888328552246
51.924171447753906,-5.790499687194824
-5.530693054199219,11.109216690063477
2.0,0.0
0.0,0.0
0.0,0.0
0.0,0.0
0.0,0.0
33.33331298828125,-51.4212760925293
55.55714797973633,-22.80866241455078
-4.820194721221924,10.633660316467285
2.0,0.0
0.0,0.0
0.0,0.0
0.0,0.0
0.0,0.0
22.186447143554688,11.457685470581055
43.2701416015625,2.2968549728393555
-12.960198402404785,11.111104965209961
22.222211837768555,12.174354553222656
0.0,0.0
0.0,0.0
0.0,0.0
0.0,0.0
22.222211837768555,12.158710479736328
48.579044342041016,3.676236391067505
-19.318300247192383,11.111104965209961
22.222211837768555,12.214016914367676
0.0,0.0
0.0,0.0
0.0,0.0
0.0,0.0
33.333290100097656,-21.768558502197266
40.705589294433594,-5.618619918823242
-7.594893455505371,11.111054420471191
2.0,0.0
14.40435791015625,-9.866759300231934
0.0,0.0
0.0,0.0
0.0,0.0
33.33331298828125,-24.98824119567871
55.55714797973633,-15.23711109161377
-3.820415496826172,11.075850486755371
0.0,0.0
19.069005966186523,0.0
0.0,0.0
0.0,0.0
0.0,0.0
-74.97354888916016,11.112306594848633
31.78167724609375,2.328056573867798
-9.995664596557617,11.073416709899902
22.222211837768555,12.101058006286621
10.738643646240234,1.0199999809265137
0.0,0.0
-235.0440673828125,-355.7793884277344
0.0,0.0
-97.51187133789062,12.110570907592773
44.37582778930664,3.6424522399902344
-20.30372428894043,5.520364761352539
22.222211837768555,12.215102195739746
13.568530082702637,0.0
0.0,0.0
-490.11480712890625,-194.55831909179688
0.0,0.0
0.0,0.0
0.0,0.0
0.0,0.0
0.0,0.0
0.0,0.0
0.0,0.0
0.0,0.0
0.0,0.0
0.0,0.0
0.0,0.0
0.0,0.0
0.0,0.0
0.0,0.0
0.0,0.0
0.0,0.0
0.0,0.0
0.0,0.0
0.0,0.0
0.0,0.0
0.0,0.0
0.0,0.0
0.0,0.0
0.0,0.0
0.0,0.0
0.0,0.0
0.0,0.0
0.0,0.0
0.0,0.0
0.0,0.0
0.0,0.0
0.0,0.0
0.0,0.0
0.0,0.0
0.0,0.0
0.0,0.0
0.0,0.0
0.0,0.0
0.0,0.0
0.0,0.0
0.0,0.0
0.0,0.0
0.0,0.0
0.0,0.0
0.0,0.0
0.0,0.0
0.0,0.0
0.0,0.0
0.0,0.0
0.0,0.0
0.0,0.0
0.0,0.0
0.0,0.0
0.0,0.0
0.0,0.0
0.0,0.0
0.0,0.0
0.0,0.0
0.0,0.0
0.0,0.0
0.0,0.0
0.0,0.0
0.0,0.0
0.0,0.0
0.0,0.0
0.0,0.0
0.0,0.0
-1.0,1.909999966621399
0.0,0.0
0.0,0.0
0.0,0.0
0.0,0.0
0.0,0.0
33.309940338134766,-15.123100280761719
0.0,0.0
-3.8086936473846436,10.486873626708984
0.0,0.0
0.0,0.0
0.0,0.0
0.0,0.0
0.0,0.0
0.0,0.0
0.0,0.0
-8.888895988464355,11.111099243164062
0.0,0.0
0.0,0.0
0.0,0.0
0.0,0.0
0.0,0.0
12.907037734985352,11.110640525817871
0.0,0.0
-8.893010139465332,11.11109447479248
0.0,0.0
0.0,0.0
0.0,0.0
0.0,0.0
0.0,0.0
0.0,0.0
0.0,0.0
0.0,0.0
0.0,0.0
0.0,0.0
0.0,0.0
0.0,0.0
0.0,0.0
0.0,0.0
0.0,0.0
-1.0,1.0
0.0,0.0
0.0,0.0
0.0,0.0
0.0,0.0
0.0,0.0
0.0,0.0
0.0,0.0
-3.946178674697876,7.850525379180908
0.0,0.0
0.0,0.0
0.0,0.0
0.0,0.0
0.0,0.0
2.0,0.0
0.0,0.0
-8.722870826721191,11.110895156860352
0.0,0.0
0.0,0.0
0.0,0.0
0.0,0.0
0.0,0.0
0.0,0.0
0.0,0.0
0.0,0.0
0.0,0.0
0.0,0.0
0.0,0.0
0.0,0.0
0.0,0.0
0.0,0.0
0.0,0.0
0.0,0.0
0.0,0.0
0.0,0.0
0.0,0.0
0.0,0.0
0.0,0.0
0.0,0.0
0.0,0.0
0.0,0.0
0.0,0.0
0.0,0.0
0.0,0.0
0.0,0.0
0.0,0.0
0.0,0.0
0.0,0.0
0.0,0.0
0.0,0.0
0.0,0.0
0.0,0.0
0.0,0.0
0.0,0.0
0.0,0.0
0.0,0.0
0.0,0.0
0.0,0.0
0.0,0.0
0.0,0.0
0.0,0.0
0.0,0.0
0.0,0.0
0.0,0.0
0.0,0.0
0.0,0.0
0.0,0.0
0.0,0.0
0.0,0.0
0.0,0.0
0.0,0.0
0.0,0.0
0.0,0.0
0.0,0.0
0.0,0.0
0.0,0.0
0.0,0.0
0.0,0.0
0.0,0.0
0.0,0.0
0.0,0.0
0.0,0.0
0.0,0.0
0.0,0.0
0.0,0.0
0.0,0.0
