-8.028495788574219,9.999996185302734
0.0,0.0
0.0,0.0
0.0,0.0
0.0,0.0
0.0,0.0
0.0,0.0
0.0,0.0
0.0,0.0
0.0,0.0
0.0,0.0
0.0,0.0
0.0,0.0
0.0,0.0
0.0,0.0
0.0,0.0
0.0,0.0
0.0,0.0
8.502016067504883,29.678003311157227
19.431617736816406,1.1682204008102417
0.0,0.0
0.0,0.0
0.0,0.0
0.0,0.0
0.0,0.0
0.0,0.0
-5.575248718261719,28.072465896606445
16.822040557861328,1.1356853246688843
0.0,0.0
0.0,0.0
0.0,0.0
0.0,0.0
0.0,0.0
0.0,0.0
0.0,0.0
0.0,0.0
0.0,0.0
0.0,0.0
0.0,0.0
0.0,0.0
0.0,0.0
0.0,0.0
0.0,0.0
0.0,0.0
0.0,0.0
0.0,0.0
0.0,0.0
0.0,0.0
0.0,0.0
0.0,0.0
-8.890533447265625,11.110855102539062
0.0,0.0
0.0,0.0
0.0,0.0
-8.881828308105469,11.111105918884277
0.0,0.0
0.0,0.0
0.0,0.0
-8.881933212280273,11.109627723693848
9.6029052734375,0.0
0.0,0.0
0.0,0.0
-8.20687484741211,11.099554061889648
0.0,0.0
0.0,0.0
0.0,0.0
0.0,0.0
0.0,0.0
0.0,0.0
0.0,0.0
0.0,0.0
0.0,0.0
0.0,0.0
0.0,0.0
0.0,0.0
0.0,0.0
0.0,0.0
0.0,0.0
0.0,0.0
0.0,0.0
0.0,0.0
0.0,0.0
-8.956183433532715,11.046914100646973
22.222211837768555,12.194364547729492
0.0,0.0
0.0,0.0
-6.940647125244141,7.277380466461182
5.476200103759766,1.0199999809265137
0.0,0.0
0.0,0.0
-8.922765731811523,11.059041976928711
-91.40287017822266,9.880280494689941
0.0,0.0
0.0,0.0
-8.761780738830566,8.993239402770996
-250.93511962890625,11.111053466796875
0.0,0.0
0.0,0.0
0.0,0.0
0.0,0.0
0.0,0.0
0.0,0.0
0.0,0.0
0.0,0.0
0.0,0.0
0.0,0.0
0.0,0.0
0.0,0.0
0.0,0.0
0.0,0.0
0.0,0.0
0.0,0.0
0.0,0.0
0.0,0.0
-8.894330978393555,11.110990524291992
22.222211837768555,12.08798599243164
0.0,0.0
0.0,0.0
-8.868617057800293,11.105335235595703
22.22220230102539,10.2554349899292
0.0,0.0
0.0,0.0
-8.889018058776855,11.111105918884277
21.873449325561523,-51.4832763671875
0.0,0.0
0.0,0.0
-8.886662483215332,11.111105918884277
22.222211837768555,12.69238567352295
0.0,0.0
0.0,0.0
0.0,0.0
0.0,0.0
0.0,0.0
0.0,0.0
0.0,0.0
0.0,0.0
0.0,0.0
0.0,0.0
0.0,0.0
0.0,0.0
0.0,0.0
0.0,0.0
0.0,0.0
0.0,0.0
0.0,0.0
0.0,0.0
0.5444956421852112,19.641048431396484
22.22218894958496,3.764039993286133
0.0,0.0
0.0,0.0
0.0,0.0
0.0,0.0
0.0,0.0
0.0,0.0
6.241941452026367,24.10415267944336
22.173864364624023,9.205466270446777
0.0,0.0
0.0,0.0
-7.716285705566406,11.105236053466797
0.0,0.0
0.0,0.0
0.0,0.0
0.0,0.0
0.0,0.0
0.0,0.0
0.0,0.0
0.0,0.0
0.0,0.0
0.0,0.0
0.0,0.0
0.0,0.0
0.0,0.0
0.0,0.0
0.0,0.0
0.0,0.0
0.0,0.0
0.0,0.0
0.0,0.0
0.0,0.0
0.0,0.0
0.0,0.0
0.0,0.0
0.0,0.0
0.0,0.0
0.0,0.0
0.0,0.0
0.0,0.0
0.0,0.0
0.0,0.0
0.0,0.0
0.0,0.0
0.0,0.0
0.0,0.0
0.0,0.0
0.0,0.0
0.0,0.0
0.0,0.0
0.0,0.0
0.0,0.0
0.0,0.0
0.0,0.0
0.0,0.0
0.0,0.0
0.0,0.0
0.0,0.0
0.0,0.0
0.0,0.0
0.0,0.0
0.0,0.0
0.0,0.0
-8.911102294921875,10.888412475585938
21.908843994140625,10.817598342895508
0.0,0.0
0.0,0.0
0.0,0.0
0.0,0.0
0.0,0.0
0.0,0.0
-8.91430377960205,10.853353500366211
22.222211837768555,12.222216606140137
0.0,0.0
0.0,0.0
-9.219520568847656,8.588537216186523
0.0,0.0
0.0,0.0
0.0,0.0
0.0,0.0
0.0,0.0
0.0,0.0
0.0,0.0
0.0,0.0
0.0,0.0
0.0,0.0
0.0,0.0
0.0,0.0
0.0,0.0
0.0,0.0
0.0,0.0
0.0,0.0
0.0,0.0
0.0,0.0
0.0,0.0
-8.997502326965332,9.984134674072266
0.0,0.0
0.0,0.0
0.0,0.0
0.0,0.0
0.0,0.0
0.0,0.0
0.0,0.0
-8.916762351989746,10.183773040771484
-92.93608856201172,-189.8890838623047
0.0,0.0
0.0,0.0
-8.696438789367676,9.494178771972656
0.0,0.0
0.0,0.0
0.0,0.0
0.0,0.0
0.0,0.0
0.0,0.0
0.0,0.0
0.0,0.0
0.0,0.0
0.0,0.0
0.0,0.0
0.0,0.0
0.0,0.0
0.0,0.0
0.0,0.0
0.0,0.0
0.0,0.0
0.0,0.0
0.0,0.0
0.0,0.0
0.0,0.0
0.0,0.0
0.0,0.0
0.0,0.0
0.0,0.0
0.0,0.0
0.0,0.0
0.0,0.0
0.0,0.0
0.0,0.0
0.0,0.0
0.0,0.0
0.0,0.0
0.0,0.0
0.0,0.0
0.0,0.0
0.0,0.0
0.0,0.0
0.0,0.0
0.0,0.0
0.0,0.0
0.0,0.0
0.0,0.0
0.0,0.0
0.0,0.0
0.0,0.0
0.0,0.0
0.0,0.0
0.0,0.0
0.0,0.0
0.0,0.0
0.0,0.0
0.0,0.0
0.0,0.0
0.0,0.0
0.0,0.0
0.0,0.0
0.0,0.0
0.0,0.0
0.0,0.0
0.0,0.0
0.0,0.0
0.0,0.0
0.0,0.0
0.0,0.0
33.33331298828125,-23.611431121826172
66.6666259765625,-46.94011688232422
-9.832587242126465,5.535809516906738
6.983342170715332,0.0
0.0,0.0
0.0,0.0
0.0,1.0
0.0,0.0
33.33331298828125,-14.631669998168945
66.6666259765625,-20.86477279663086
-10.09937572479248,0.6168866753578186
14.347362518310547,0.0
0.0,0.0
0.0,0.0
-1.8809000253677368,5.10827112197876
0.0,0.0
0.0,0.0
0.0,0.0
-5.424057483673096,4.620023727416992
8.354841232299805,0.0
0.0,0.0
0.0,0.0
-1.0,1.491671085357666
0.0,0.0
0.0,0.0
0.0,0.0
-8.665841102600098,3.9984116554260254
2.041774272918701,7.1844353675842285
0.0,0.0
0.0,0.0
-5.04925537109375,2.485128164291382
0.0,0.0
33.33331298828125,-25.571392059326172
66.6666259765625,-46.42552947998047
-10.081803321838379,-0.6246995329856873
2.0,0.0
33.33331298828125,-24.899877548217773
0.0,0.0
-1.8899999856948853,2.5212206840515137
0.0,0.0
33.33331298828125,-17.836870193481445
66.6666259765625,-28.85089111328125
-9.849157333374023,7.297623634338379
15.056099891662598,3.1472089290618896
33.33331298828125,-26.651933670043945
38.13801193237305,0.0
-5.10029935836792,3.7916133403778076
6.983342170715332,1.0199999809265137
0.0,0.0
0.0,0.0
-2.590749740600586,7.4677629470825195
0.0,0.0
0.0,0.0
0.0,0.0
-1.0,3.86217999458313
0.0,0.0
0.0,0.0
0.0,0.0
-3.8725240230560303,8.566523551940918
10.738643646240234,1.0698333978652954
0.0,0.0
0.0,0.0
-3.9770383834838867,6.137147903442383
13.568530082702637,2.0547618865966797
0.0,0.0
0.0,0.0
0.0,0.0
0.0,0.0
0.0,0.0
0.0,0.0
0.0,0.0
0.0,0.0
0.0,0.0
0.0,0.0
0.0,0.0
0.0,0.0
0.0,0.0
0.0,0.0
0.0,0.0
0.0,0.0
0.0,0.0
0.0,0.0
0.0,0.0
0.0,0.0
0.0,0.0
0.0,0.0
0.0,0.0
0.0,0.0
0.0,0.0
0.0,0.0
0.0,0.0
0.0,0.0
0.0,0.0
0.0,0.0
0.0,0.0
0.0,0.0
0.0,0.0
0.0,0.0
0.0,0.0
0.0,0.0
0.0,0.0
0.0,0.0
0.0,0.0
0.0,0.0
0.0,0.0
0.0,0.0
0.0,0.0
0.0,0.0
0.0,0.0
0.0,0.0
0.0,0.0
0.0,0.0
0.0,0.0
0.0,0.0
0.0,0.0
0.0,0.0
0.0,0.0
0.0,0.0
0.0,0.0
0.0,0.0
0.0,0.0
0.0,0.0
0.0,0.0
0.0,0.0
0.0,0.0
0.0,0.0
0.0,0.0
0.0,0.0
0.0,0.0
0.0,0.0
-9.021258354187012,4.321259021759033
0.0,0.0
0.0,0.0
0.0,0.0
0.0,0.0
0.0,0.0
33.33331298828125,18.127582550048828
0.0,0.0
-10.784189224243164,-7.44296407699585
0.0,0.0
0.0,0.0
0.0,0.0
-3.4833900928497314,-3.491671085357666
0.0,0.0
0.0,0.0
0.0,0.0
-10.194616317749023,-1.945482611656189
0.0,0.0
0.0,0.0
0.0,0.0
0.0,0.0
0.0,0.0
22.026424407958984,11.36406135559082
0.0,0.0
-9.778352737426758,2.2480998039245605
0.0,0.0
0.0,0.0
0.0,0.0
-9.527840614318848,4.5332159996032715
0.0,0.0
0.0,0.0
0.0,0.0
-4.581442832946777,7.643396377563477
0.0,0.0
0.0,0.0
0.0,0.0
0.0,0.0
0.0,0.0
33.33331298828125,13.970030784606934
0.0,0.0
-10.570484161376953,-7.923404693603516
0.0,0.0
0.0,0.0
0.0,0.0
-1.899999976158142,0.0
0.0,0.0
0.0,0.0
0.0,0.0
-8.624798774719238,9.263958930969238
0.0,0.0
0.0,0.0
0.0,0.0
0.0,0.0
0.0,0.0
19.155624389648438,5.3454108238220215
0.0,0.0
-9.95335865020752,3.0076074600219727
0.0,0.0
0.0,0.0
0.0,0.0
-8.014942169189453,6.063746929168701
0.0,0.0
0.0,0.0
0.0,0.0
0.0,0.0
0.0,0.0
0.0,0.0
0.0,0.0
0.0,0.0
0.0,0.0
0.0,0.0
0.0,0.0
0.0,0.0
0.0,0.0
0.0,0.0
0.0,0.0
0.0,0.0
0.0,0.0
0.0,0.0
0.0,0.0
-10.90798568725586,9.333740234375
22.221242904663086,-12.514249801635742
0.0,0.0
0.0,0.0
0.0,0.0
0.0,0.0
0.0,0.0
0.0,0.0
-11.111536979675293,-112.06759643554688
-159.68052673339844,11.804191589355469
0.0,0.0
0.0,0.0
0.0,0.0
0.0,0.0
0.0,0.0
0.0,0.0
0.0,0.0
0.0,0.0
0.0,0.0
0.0,0.0
0.0,0.0
0.0,0.0
0.0,0.0
0.0,0.0
0.0,0.0
0.0,0.0
0.0,0.0
0.0,0.0
0.0,0.0
0.0,0.0
0.0,0.0
0.0,0.0
-196.74147033691406,9.721890449523926
-65.35235595703125,11.195413589477539
0.0,0.0
0.0,0.0
-291.6956787109375,-215.68170166015625
0.0,0.0
0.0,0.0
0.0,0.0
-11.278553009033203,-161.7858428955078
22.222211837768555,12.222200393676758
0.0,0.0
0.0,0.0
-200.91000366210938,-198.26190185546875
0.0,0.0
0.0,0.0
0.0,0.0
0.0,0.0
0.0,0.0
0.0,0.0
0.0,0.0
0.0,0.0
0.0,0.0
0.0,0.0
0.0,0.0
0.0,0.0
0.0,0.0
0.0,0.0
0.0,0.0
0.0,0.0
0.0,0.0
0.0,0.0
0.0,0.0
0.0,0.0
0.0,0.0
0.0,0.0
0.0,0.0
0.0,0.0
0.0,0.0
0.0,0.0
0.0,0.0
0.0,0.0
0.0,0.0
0.0,0.0
0.0,0.0
0.0,0.0
0.0,0.0
0.0,0.0
0.0,0.0
0.0,0.0
0.0,0.0
0.0,0.0
0.0,0.0
0.0,0.0
0.0,0.0
0.0,0.0
0.0,0.0
0.0,0.0
0.0,0.0
0.0,0.0
0.0,0.0
0.0,0.0
0.0,0.0
0.0,0.0
0.0,0.0
0.0,0.0
0.0,0.0
0.0,0.0
0.0,0.0
0.0,0.0
0.0,0.0
0.0,0.0
0.0,0.0
0.0,0.0
0.0,0.0
0.0,0.0
0.0,0.0
0.0,0.0
0.0,0.0
0.0,0.0
0.0,0.0
0.0,0.0
0.0,0.0
0.0,0.0
0.0,0.0
0.0,0.0
0.0,0.0
0.0,0.0
0.0,0.0
0.0,0.0
0.0,0.0
0.0,0.0
0.0,0.0
0.0,0.0
0.0,0.0
0.0,0.0
0.0,0.0
-8.888994216918945,11.109589576721191
21.405376434326172,5.635986804962158
0.0,0.0
0.0,0.0
0.0,0.0
0.0,0.0
0.0,0.0
0.0,0.0
-8.888885498046875,11.111105918884277
5.573841571807861,8.875165939331055
0.0,0.0
0.0,0.0
0.0,0.0
0.0,0.0
0.0,0.0
0.0,0.0
0.0,0.0
0.0,0.0
0.0,0.0
0.0,0.0
0.0,0.0
0.0,0.0
0.0,0.0
0.0,0.0
0.0,0.0
0.0,0.0
0.0,0.0
0.0,0.0
0.0,0.0
0.0,0.0
0.0,0.0
0.0,0.0
-16.480554580688477,11.111105918884277
22.220746994018555,11.024274826049805
0.0,0.0
0.0,0.0
0.0,0.0
0.0,0.0
0.0,0.0
0.0,0.0
-8.888898849487305,11.111071586608887
19.91132164001465,4.672780990600586
0.0,0.0
0.0,0.0
0.0,0.0
0.0,0.0
0.0,0.0
0.0,0.0
0.0,0.0
0.0,0.0
0.0,0.0
0.0,0.0
0.0,0.0
0.0,0.0
0.0,0.0
0.0,0.0
0.0,0.0
0.0,0.0
0.0,0.0
0.0,0.0
0.0,0.0
0.0,0.0
0.0,0.0
0.0,0.0
0.0,0.0
0.0,0.0
0.0,0.0
0.0,0.0
0.0,0.0
0.0,0.0
0.0,0.0
0.0,0.0
0.0,0.0
0.0,0.0
0.0,0.0
0.0,0.0
0.0,0.0
0.0,0.0
0.0,0.0
0.0,0.0
0.0,0.0
0.0,0.0
0.0,0.0
0.0,0.0
0.0,0.0
0.0,0.0
0.0,0.0
0.0,0.0
0.0,0.0
0.0,0.0
0.0,0.0
0.0,0.0
0.0,0.0
0.0,0.0
0.0,0.0
0.0,0.0
0.0,0.0
0.0,0.0
0.0,0.0
0.0,0.0
0.0,0.0
0.0,0.0
0.0,0.0
0.0,0.0
0.0,0.0
0.0,0.0
0.0,0.0
0.0,0.0
0.0,0.0
0.0,0.0
33.30508804321289,-23.301259994506836
35.316497802734375,-5.790499687194824
-3.199219226837158,11.01161003112793
2.0,0.0
0.0,0.0
0.0,0.0
0.0,0.0
0.0,0.0
33.33314514160156,-97.66217803955078
47.103153228759766,-15.302923202514648
-4.346286773681641,10.701656341552734
2.0,0.0
0.0,0.0
0.0,0.0
0.0,0.0
0.0,0.0
21.049827575683594,11.380134582519531
26.846609115600586,2.2968549728393555
-9.1288423538208,-128.4844512939453
22.221529006958008,10.501218795776367
0.0,0.0
0.0,0.0
0.0,0.0
0.0,0.0
22.221460342407227,11.944611549377441
42.05509948730469,2.4591779708862305
-11.106614112854004,-49.431556701660156
22.222211837768555,12.173022270202637
0.0,0.0
0.0,0.0
0.0,0.0
0.0,0.0
33.33149719238281,-17.449989318847656
20.95002555847168,0.0
-6.183408260345459,11.098616600036621
0.0,0.0
12.532261848449707,-2.9178569316864014
0.0,0.0
0.0,0.0
0.0,0.0
33.333126068115234,-22.334352493286133
47.103153228759766,-6.0
-3.2565619945526123,10.701656341552734
0.0,0.0
14.40435791015625,0.0
0.0,0.0
0.0,0.0
0.0,0.0
22.218433380126953,10.86343002319336
17.458354949951172,0.0
-10.735145568847656,11.111104011535645
22.22203826904297,11.49570369720459
6.983342170715332,1.0199999809265137
0.0,0.0
-265.98870849609375,9.47140884399414
0.0,0.0
22.22203826904297,10.782690048217773
35.868408203125,2.4552786350250244
-92.92547607421875,7.187870502471924
22.222211837768555,12.149941444396973
10.738643646240234,0.0
0.0,0.0
-242.05345153808594,-285.82080078125
0.0,0.0
0.0,0.0
0.0,0.0
0.0,0.0
0.0,0.0
0.0,0.0
0.0,0.0
0.0,0.0
0.0,0.0
0.0,0.0
0.0,0.0
0.0,0.0
0.0,0.0
0.0,0.0
0.0,0.0
0.0,0.0
0.0,0.0
0.0,0.0
0.0,0.0
0.0,0.0
0.0,0.0
0.0,0.0
0.0,0.0
0.0,0.0
0.0,0.0
0.0,0.0
0.0,0.0
0.0,0.0
0.0,0.0
0.0,0.0
0.0,0.0
0.0,0.0
0.0,0.0
0.0,0.0
0.0,0.0
0.0,0.0
0.0,0.0
0.0,0.0
0.0,0.0
0.0,0.0
0.0,0.0
0.0,0.0
0.0,0.0
0.0,0.0
0.0,0.0
0.0,0.0
0.0,0.0
0.0,0.0
0.0,0.0
0.0,0.0
0.0,0.0
0.0,0.0
0.0,0.0
0.0,0.0
0.0,0.0
0.0,0.0
0.0,0.0
0.0,0.0
0.0,0.0
0.0,0.0
0.0,0.0
0.0,0.0
0.0,0.0
0.0,0.0
0.0,0.0
0.0,0.0
0.0,0.0
-1.0,0.0
0.0,0.0
0.0,0.0
0.0,0.0
0.0,0.0
0.0,0.0
33.03483200073242,-10.828360557556152
0.0,0.0
-2.5976221561431885,10.1107816696167
0.0,0.0
0.0,0.0
0.0,0.0
0.0,0.0
0.0,0.0
0.0,0.0
0.0,0.0
-8.888895988464355,11.111099243164062
0.0,0.0
0.0,0.0
0.0,0.0
0.0,0.0
0.0,0.0
8.59354019165039,11.10563850402832
0.0,0.0
-8.89026927947998,11.111099243164062
0.0,0.0
0.0,0.0
0.0,0.0
0.0,0.0
0.0,0.0
0.0,0.0
0.0,0.0
0.0,0.0
0.0,0.0
0.0,0.0
0.0,0.0
0.0,0.0
0.0,0.0
0.0,0.0
0.0,0.0
-1.0,1.0
0.0,0.0
0.0,0.0
0.0,0.0
0.0,0.0
0.0,0.0
0.0,0.0
0.0,0.0
-3.946178674697876,6.356335163116455
0.0,0.0
0.0,0.0
0.0,0.0
0.0,0.0
0.0,0.0
2.0,0.0
0.0,0.0
-8.576408386230469,11.10708236694336
0.0,0.0
0.0,0.0
0.0,0.0
0.0,0.0
0.0,0.0
0.0,0.0
0.0,0.0
0.0,0.0
0.0,0.0
0.0,0.0
0.0,0.0
0.0,0.0
0.0,0.0
0.0,0.0
0.0,0.0
0.0,0.0
0.0,0.0
0.0,0.0
0.0,0.0
0.0,0.0
0.0,0.0
0.0,0.0
0.0,0.0
0.0,0.0
0.0,0.0
0.0,0.0
0.0,0.0
0.0,0.0
0.0,0.0
0.0,0.0
0.0,0.0
0.0,0.0
0.0,0.0
0.0,0.0
0.0,0.0
0.0,0.0
0.0,0.0
0.0,0.0
0.0,0.0
0.0,0.0
0.0,0.0
0.0,0.0
0.0,0.0
0.0,0.0
0.0,0.0
0.0,0.0
0.0,0.0
0.0,0.0
0.0,0.0
0.0,0.0
0.0,0.0
0.0,0.0
0.0,0.0
0.0,0.0
0.0,0.0
0.0,0.0
0.0,0.0
0.0,0.0
0.0,0.0
0.0,0.0
0.0,0.0
0.0,0.0
0.0,0.0
0.0,0.0
0.0,0.0
0.0,0.0
0.0,0.0
0.0,0.0
0.0,0.0
