-9.931258201599121,9.999996185302734
0.0,0.0
0.0,0.0
0.0,0.0
0.0,0.0
0.0,0.0
0.0,0.0
0.0,0.0
0.0,0.0
0.0,0.0
0.0,0.0
0.0,0.0
0.0,0.0
0.0,0.0
0.0,0.0
0.0,0.0
0.0,0.0
0.0,0.0
12.664239883422852,29.6988468170166
19.431617736816406,1.1682204008102417
0.0,0.0
0.0,0.0
0.0,0.0
0.0,0.0
0.0,0.0
0.0,0.0
5.928730010986328,28.05694580078125
22.02322006225586,3.231252908706665
0.0,0.0
0.0,0.0
0.0,0.0
0.0,0.0
0.0,0.0
0.0,0.0
0.0,0.0
0.0,0.0
0.0,0.0
0.0,0.0
0.0,0.0
0.0,0.0
0.0,0.0
0.0,0.0
0.0,0.0
0.0,0.0
0.0,0.0
0.0,0.0
0.0,0.0
0.0,0.0
0.0,0.0
0.0,0.0
-8.890104293823242,11.111089706420898
0.0,0.0
0.0,0.0
0.0,0.0
-8.890029907226562,11.111103057861328
0.0,0.0
0.0,0.0
0.0,0.0
-5.737414836883545,11.11096477508545
17.75033187866211,1.1434736251831055
0.0,0.0
0.0,0.0
-8.844621658325195,11.111105918884277
0.0,0.0
0.0,0.0
0.0,0.0
0.0,0.0
0.0,0.0
0.0,0.0
0.0,0.0
0.0,0.0
0.0,0.0
0.0,0.0
0.0,0.0
0.0,0.0
0.0,0.0
0.0,0.0
0.0,0.0
0.0,0.0
0.0,0.0
0.0,0.0
0.0,0.0
-8.909700393676758,11.110631942749023
22.222211837768555,12.24050235748291
0.0,0.0
0.0,0.0
-8.75780963897705,11.111105918884277
18.152801513671875,2.014029026031494
0.0,0.0
0.0,0.0
-8.92621898651123,10.094493865966797
22.222179412841797,12.07345962524414
0.0,0.0
0.0,0.0
-8.919041633605957,11.109830856323242
22.222211837768555,-51.827632904052734
0.0,0.0
0.0,0.0
0.0,0.0
0.0,0.0
0.0,0.0
0.0,0.0
0.0,0.0
0.0,0.0
0.0,0.0
0.0,0.0
0.0,0.0
0.0,0.0
0.0,0.0
0.0,0.0
0.0,0.0
0.0,0.0
0.0,0.0
0.0,0.0
-8.889248847961426,11.111105918884277
22.222211837768555,12.209000587463379
0.0,0.0
0.0,0.0
-8.890100479125977,10.332276344299316
22.222211837768555,12.047904968261719
0.0,0.0
0.0,0.0
-8.889052391052246,11.111102104187012
22.219816207885742,-58.396522521972656
0.0,0.0
0.0,0.0
-8.909119606018066,11.110945701599121
22.222211837768555,12.955588340759277
0.0,0.0
0.0,0.0
0.0,0.0
0.0,0.0
0.0,0.0
0.0,0.0
0.0,0.0
0.0,0.0
0.0,0.0
0.0,0.0
0.0,0.0
0.0,0.0
0.0,0.0
0.0,0.0
0.0,0.0
0.0,0.0
0.0,0.0
0.0,0.0
0.5277194380760193,19.641048431396484
22.221040725708008,12.219625473022461
0.0,0.0
0.0,0.0
0.0,0.0
0.0,0.0
0.0,0.0
0.0,0.0
8.092048645019531,24.096588134765625
22.222211837768555,11.45506477355957
0.0,0.0
0.0,0.0
-8.4346342086792,11.111090660095215
9.6029052734375,0.0
0.0,0.0
0.0,0.0
0.0,0.0
0.0,0.0
0.0,0.0
0.0,0.0
0.0,0.0
0.0,0.0
0.0,0.0
0.0,0.0
0.0,0.0
0.0,0.0
0.0,0.0
0.0,0.0
0.0,0.0
0.0,0.0
0.0,0.0
0.0,0.0
0.0,0.0
0.0,0.0
0.0,0.0
0.0,0.0
0.0,0.0
0.0,0.0
0.0,0.0
0.0,0.0
0.0,0.0
0.0,0.0
0.0,0.0
0.0,0.0
0.0,0.0
0.0,0.0
0.0,0.0
0.0,0.0
0.0,0.0
0.0,0.0
0.0,0.0
0.0,0.0
0.0,0.0
0.0,0.0
0.0,0.0
0.0,0.0
0.0,0.0
0.0,0.0
0.0,0.0
0.0,0.0
0.0,0.0
0.0,0.0
0.0,0.0
0.0,0.0
-8.911102294921875,10.888412475585938
22.222211837768555,12.031826972961426
0.0,0.0
0.0,0.0
0.0,0.0
0.0,0.0
0.0,0.0
0.0,0.0
-8.922776222229004,10.771956443786621
22.222164154052734,12.222210884094238
0.0,0.0
0.0,0.0
-9.312845230102539,1.7326970100402832
0.0,0.0
0.0,0.0
0.0,0.0
0.0,0.0
0.0,0.0
0.0,0.0
0.0,0.0
0.0,0.0
0.0,0.0
0.0,0.0
0.0,0.0
0.0,0.0
0.0,0.0
0.0,0.0
0.0,0.0
0.0,0.0
0.0,0.0
0.0,0.0
0.0,0.0
-8.889206886291504,11.111102104187012
0.0,0.0
0.0,0.0
0.0,0.0
0.0,0.0
0.0,0.0
0.0,0.0
0.0,0.0
-8.939586639404297,10.762442588806152
22.222211837768555,12.010027885437012
0.0,0.0
0.0,0.0
-9.166206359863281,10.614137649536133
0.0,0.0
0.0,0.0
0.0,0.0
0.0,0.0
0.0,0.0
0.0,0.0
0.0,0.0
0.0,0.0
0.0,0.0
0.0,0.0
0.0,0.0
0.0,0.0
0.0,0.0
0.0,0.0
0.0,0.0
0.0,0.0
0.0,0.0
0.0,0.0
0.0,0.0
0.0,0.0
0.0,0.0
0.0,0.0
0.0,0.0
0.0,0.0
0.0,0.0
0.0,0.0
0.0,0.0
0.0,0.0
0.0,0.0
0.0,0.0
0.0,0.0
0.0,0.0
0.0,0.0
0.0,0.0
0.0,0.0
0.0,0.0
0.0,0.0
0.0,0.0
0.0,0.0
0.0,0.0
0.0,0.0
0.0,0.0
0.0,0.0
0.0,0.0
0.0,0.0
0.0,0.0
0.0,0.0
0.0,0.0
0.0,0.0
0.0,0.0
0.0,0.0
0.0,0.0
0.0,0.0
0.0,0.0
0.0,0.0
0.0,0.0
0.0,0.0
0.0,0.0
0.0,0.0
0.0,0.0
0.0,0.0
0.0,0.0
0.0,0.0
0.0,0.0
0.0,0.0
33.33331298828125,-12.563014030456543
66.6666259765625,-37.46356964111328
-9.71888542175293,5.700697422027588
18.5190486907959,0.0
3.0,0.0
0.0,0.0
0.0,4.177420616149902
0.0,0.0
33.33331298828125,-20.777841567993164
66.6666259765625,-44.584632873535156
-9.713493347167969,5.2235260009765625
20.637523651123047,0.0
0.0,0.0
0.0,0.0
-3.3112905025482178,5.708946228027344
0.0,0.0
0.0,0.0
0.0,0.0
-8.618404388427734,2.7353997230529785
17.75033187866211,1.150560975074768
0.0,0.0
0.0,0.0
-3.3600664138793945,6.587544918060303
0.0,0.0
0.0,0.0
0.0,0.0
-9.268939971923828,-0.9405556917190552
5.608284950256348,12.140958786010742
0.0,0.0
0.0,0.0
-5.901247024536133,7.187185287475586
0.0,0.0
33.33331298828125,-16.108688354492188
66.6666259765625,-45.689395904541016
-9.651928901672363,2.789573907852173
2.0,10.618450164794922
33.33331298828125,-26.32326316833496
0.0,0.0
-4.055166721343994,-0.042587097734212875
0.0,0.0
33.33331298828125,-23.743213653564453
66.6666259765625,-50.738372802734375
-9.816308975219727,1.310583233833313
21.32232093811035,7.3263444900512695
33.33331298828125,-26.66666030883789
62.72979736328125,-2.731381893157959
-6.241507053375244,6.4114298820495605
13.568530082702637,1.0199999809265137
0.0,0.0
0.0,0.0
-3.241253137588501,5.571752071380615
11.772165298461914,0.0
0.0,0.0
0.0,0.0
-2.662649393081665,2.4683175086975098
0.0,0.0
0.0,0.0
0.0,0.0
-7.010324954986572,4.943068981170654
19.155624389648438,2.1198606491088867
0.0,0.0
0.0,0.0
-6.455964088439941,4.959824085235596
19.155624389648438,6.3978095054626465
0.0,0.0
0.0,0.0
0.0,0.0
0.0,0.0
0.0,0.0
0.0,0.0
0.0,0.0
0.0,0.0
0.0,0.0
0.0,0.0
0.0,0.0
0.0,0.0
0.0,0.0
0.0,0.0
0.0,0.0
0.0,0.0
0.0,0.0
0.0,0.0
0.0,0.0
0.0,0.0
0.0,0.0
0.0,0.0
0.0,0.0
0.0,0.0
0.0,0.0
0.0,0.0
0.0,0.0
0.0,0.0
0.0,0.0
0.0,0.0
0.0,0.0
0.0,0.0
0.0,0.0
0.0,0.0
0.0,0.0
0.0,0.0
0.0,0.0
0.0,0.0
0.0,0.0
0.0,0.0
0.0,0.0
0.0,0.0
0.0,0.0
0.0,0.0
0.0,0.0
0.0,0.0
0.0,0.0
0.0,0.0
0.0,0.0
0.0,0.0
0.0,0.0
0.0,0.0
0.0,0.0
0.0,0.0
0.0,0.0
0.0,0.0
0.0,0.0
0.0,0.0
0.0,0.0
0.0,0.0
0.0,0.0
0.0,0.0
0.0,0.0
0.0,0.0
0.0,0.0
0.0,0.0
-9.194765090942383,8.159627914428711
0.0,0.0
0.0,0.0
0.0,0.0
0.0,0.0
0.0,0.0
33.33331298828125,12.456596374511719
0.0,0.0
-10.509627342224121,-4.794442653656006
0.0,0.0
0.0,0.0
0.0,0.0
-8.648716926574707,-8.411020278930664
0.0,0.0
0.0,0.0
0.0,0.0
-10.193940162658691,-1.9389657974243164
0.0,0.0
0.0,0.0
0.0,0.0
0.0,0.0
0.0,0.0
22.222211837768555,12.045242309570312
0.0,0.0
-9.740588188171387,2.596425771713257
0.0,0.0
0.0,0.0
0.0,0.0
-10.032194137573242,-4.371982097625732
0.0,0.0
0.0,0.0
0.0,0.0
-5.442334175109863,10.846933364868164
0.0,0.0
0.0,0.0
0.0,0.0
0.0,0.0
0.0,0.0
33.33331298828125,2.9405229091644287
0.0,0.0
-10.522948265075684,-4.333296298980713
0.0,0.0
0.0,0.0
0.0,0.0
-4.780277252197266,-5.369110107421875
0.0,0.0
0.0,0.0
0.0,0.0
-9.012702941894531,11.107073783874512
0.0,0.0
0.0,0.0
0.0,0.0
0.0,0.0
0.0,0.0
22.185781478881836,8.902884483337402
0.0,0.0
-9.792040824890137,2.6604843139648438
0.0,0.0
0.0,0.0
0.0,0.0
-9.01569652557373,2.371302604675293
0.0,0.0
0.0,0.0
0.0,0.0
0.0,0.0
0.0,0.0
0.0,0.0
0.0,0.0
0.0,0.0
0.0,0.0
0.0,0.0
0.0,0.0
0.0,0.0
0.0,0.0
0.0,0.0
0.0,0.0
0.0,0.0
0.0,0.0
0.0,0.0
0.0,0.0
-9.496541023254395,7.024682521820068
22.222211837768555,0.4527844488620758
0.0,0.0
0.0,0.0
0.0,0.0
0.0,0.0
0.0,0.0
0.0,0.0
-10.438261985778809,-2.276387929916382
-202.7206573486328,6.90064001083374
0.0,0.0
0.0,0.0
0.0,0.0
0.0,0.0
0.0,0.0
0.0,0.0
0.0,0.0
0.0,0.0
0.0,0.0
0.0,0.0
0.0,0.0
0.0,0.0
0.0,0.0
0.0,0.0
0.0,0.0
0.0,0.0
0.0,0.0
0.0,0.0
0.0,0.0
0.0,0.0
0.0,0.0
0.0,0.0
-18.30511474609375,11.1055326461792
22.222211837768555,2.6592094898223877
0.0,0.0
0.0,0.0
-341.70513916015625,-6.661323547363281
0.0,0.0
0.0,0.0
0.0,0.0
-58.33476638793945,-12.217970848083496
22.222211837768555,-30.071956634521484
0.0,0.0
0.0,0.0
-154.1380615234375,-514.9088134765625
0.0,0.0
0.0,0.0
0.0,0.0
0.0,0.0
0.0,0.0
0.0,0.0
0.0,0.0
0.0,0.0
0.0,0.0
0.0,0.0
0.0,0.0
0.0,0.0
0.0,0.0
0.0,0.0
0.0,0.0
0.0,0.0
0.0,0.0
0.0,0.0
0.0,0.0
0.0,0.0
0.0,0.0
0.0,0.0
0.0,0.0
0.0,0.0
0.0,0.0
0.0,0.0
0.0,0.0
0.0,0.0
0.0,0.0
0.0,0.0
0.0,0.0
0.0,0.0
0.0,0.0
0.0,0.0
0.0,0.0
0.0,0.0
0.0,0.0
0.0,0.0
0.0,0.0
0.0,0.0
0.0,0.0
0.0,0.0
0.0,0.0
0.0,0.0
0.0,0.0
0.0,0.0
0.0,0.0
0.0,0.0
0.0,0.0
0.0,0.0
0.0,0.0
0.0,0.0
0.0,0.0
0.0,0.0
0.0,0.0
0.0,0.0
0.0,0.0
0.0,0.0
0.0,0.0
0.0,0.0
0.0,0.0
0.0,0.0
0.0,0.0
0.0,0.0
0.0,0.0
0.0,0.0
0.0,0.0
0.0,0.0
0.0,0.0
0.0,0.0
0.0,0.0
0.0,0.0
0.0,0.0
0.0,0.0
0.0,0.0
0.0,0.0
0.0,0.0
0.0,0.0
0.0,0.0
0.0,0.0
0.0,0.0
0.0,0.0
0.0,0.0
-8.888994216918945,11.109589576721191
22.22218132019043,10.859488487243652
0.0,0.0
0.0,0.0
0.0,0.0
0.0,0.0
0.0,0.0
0.0,0.0
-8.888885498046875,11.11109447479248
22.221538543701172,11.44958209991455
0.0,0.0
0.0,0.0
0.0,0.0
0.0,0.0
0.0,0.0
0.0,0.0
0.0,0.0
0.0,0.0
0.0,0.0
0.0,0.0
0.0,0.0
0.0,0.0
0.0,0.0
0.0,0.0
0.0,0.0
0.0,0.0
0.0,0.0
0.0,0.0
0.0,0.0
0.0,0.0
0.0,0.0
0.0,0.0
-11.311370849609375,11.111104965209961
22.222211837768555,11.144062995910645
0.0,0.0
0.0,0.0
0.0,0.0
0.0,0.0
0.0,0.0
0.0,0.0
-8.888936042785645,11.11071491241455
22.192045211791992,7.73595666885376
0.0,0.0
0.0,0.0
0.0,0.0
0.0,0.0
0.0,0.0
0.0,0.0
0.0,0.0
0.0,0.0
0.0,0.0
0.0,0.0
0.0,0.0
0.0,0.0
0.0,0.0
0.0,0.0
0.0,0.0
0.0,0.0
0.0,0.0
0.0,0.0
0.0,0.0
0.0,0.0
0.0,0.0
0.0,0.0
0.0,0.0
0.0,0.0
0.0,0.0
0.0,0.0
0.0,0.0
0.0,0.0
0.0,0.0
0.0,0.0
0.0,0.0
0.0,0.0
0.0,0.0
0.0,0.0
0.0,0.0
0.0,0.0
0.0,0.0
0.0,0.0
0.0,0.0
0.0,0.0
0.0,0.0
0.0,0.0
0.0,0.0
0.0,0.0
0.0,0.0
0.0,0.0
0.0,0.0
0.0,0.0
0.0,0.0
0.0,0.0
0.0,0.0
0.0,0.0
0.0,0.0
0.0,0.0
0.0,0.0
0.0,0.0
0.0,0.0
0.0,0.0
0.0,0.0
0.0,0.0
0.0,0.0
0.0,0.0
0.0,0.0
0.0,0.0
0.0,0.0
0.0,0.0
0.0,0.0
0.0,0.0
33.33331298828125,-25.97385597229004
59.048316955566406,-10.645879745483398
-6.440771102905273,11.111103057861328
2.0,0.0
0.0,0.0
0.0,0.0
0.0,0.0
0.0,0.0
33.33331298828125,-33.65810012817383
61.912567138671875,-28.75309944152832
-5.926989555358887,11.089863777160645
3.819999933242798,0.0
0.0,0.0
0.0,0.0
0.0,0.0
0.0,0.0
22.222070693969727,11.815410614013672
49.206932067871094,3.538477897644043
-11.111117362976074,-25.949771881103516
22.222211837768555,12.217977523803711
0.0,0.0
0.0,0.0
0.0,0.0
0.0,0.0
22.222211837768555,12.188468933105469
52.570098876953125,5.812746047973633
-9.822311401367188,11.037314414978027
22.222211837768555,12.21868896484375
0.0,0.0
0.0,0.0
0.0,0.0
0.0,0.0
33.33331298828125,-24.063613891601562
54.458404541015625,-10.585726737976074
-8.124797821044922,11.111105918884277
5.476200103759766,0.0
17.658248901367188,-9.866759300231934
0.0,0.0
0.0,0.0
0.0,0.0
33.33331298828125,-25.94416046142578
61.912567138671875,-15.23711109161377
-4.7836198806762695,11.108823776245117
0.0,0.0
20.352794647216797,-2.7964720726013184
0.0,0.0
0.0,0.0
0.0,0.0
-24.839012145996094,11.404572486877441
45.38200378417969,3.413067579269409
-129.19705200195312,7.141651630401611
22.222211837768555,12.218060493469238
12.71267032623291,1.0199999809265137
0.0,0.0
-231.7557373046875,-325.166259765625
0.0,0.0
-56.71298599243164,11.11131763458252
50.77141571044922,3.6424522399902344
-94.60990142822266,9.114645957946777
22.222211837768555,12.221442222595215
15.056099891662598,0.0
0.0,0.0
-382.92071533203125,-477.2962951660156
0.0,0.0
0.0,0.0
0.0,0.0
0.0,0.0
0.0,0.0
0.0,0.0
0.0,0.0
0.0,0.0
0.0,0.0
0.0,0.0
0.0,0.0
0.0,0.0
0.0,0.0
0.0,0.0
0.0,0.0
0.0,0.0
0.0,0.0
0.0,0.0
0.0,0.0
0.0,0.0
0.0,0.0
0.0,0.0
0.0,0.0
0.0,0.0
0.0,0.0
0.0,0.0
0.0,0.0
0.0,0.0
0.0,0.0
0.0,0.0
0.0,0.0
0.0,0.0
0.0,0.0
0.0,0.0
0.0,0.0
0.0,0.0
0.0,0.0
0.0,0.0
0.0,0.0
0.0,0.0
0.0,0.0
0.0,0.0
0.0,0.0
0.0,0.0
0.0,0.0
0.0,0.0
0.0,0.0
0.0,0.0
0.0,0.0
0.0,0.0
0.0,0.0
0.0,0.0
0.0,0.0
0.0,0.0
0.0,0.0
0.0,0.0
0.0,0.0
0.0,0.0
0.0,0.0
0.0,0.0
0.0,0.0
0.0,0.0
0.0,0.0
0.0,0.0
0.0,0.0
0.0,0.0
0.0,0.0
-1.0,3.491671085357666
0.0,0.0
0.0,0.0
0.0,0.0
0.0,0.0
0.0,0.0
33.33207321166992,-18.251697540283203
0.0,0.0
-5.561728477478027,11.07756519317627
0.0,0.0
0.0,0.0
0.0,0.0
0.0,0.0
0.0,0.0
0.0,0.0
0.0,0.0
-8.911906242370605,10.986458778381348
0.0,0.0
0.0,0.0
0.0,0.0
0.0,0.0
0.0,0.0
21.80769157409668,12.290863037109375
0.0,0.0
-8.907645225524902,11.081713676452637
0.0,0.0
0.0,0.0
0.0,0.0
0.0,0.0
0.0,0.0
0.0,0.0
0.0,0.0
0.0,0.0
0.0,0.0
0.0,0.0
0.0,0.0
0.0,0.0
0.0,0.0
0.0,0.0
0.0,0.0
-1.0,3.1452527046203613
0.0,0.0
0.0,0.0
0.0,0.0
0.0,0.0
0.0,0.0
0.0,0.0
0.0,0.0
-4.911804676055908,9.841385841369629
0.0,0.0
0.0,0.0
0.0,0.0
0.0,0.0
0.0,0.0
3.819999933242798,0.0
0.0,0.0
-8.868998527526855,11.09627914428711
0.0,0.0
0.0,0.0
0.0,0.0
0.0,0.0
0.0,0.0
0.0,0.0
0.0,0.0
0.0,0.0
0.0,0.0
0.0,0.0
0.0,0.0
0.0,0.0
0.0,0.0
0.0,0.0
0.0,0.0
0.0,0.0
0.0,0.0
0.0,0.0
0.0,0.0
0.0,0.0
0.0,0.0
0.0,0.0
0.0,0.0
0.0,0.0
0.0,0.0
0.0,0.0
0.0,0.0
0.0,0.0
0.0,0.0
0.0,0.0
0.0,0.0
0.0,0.0
0.0,0.0
0.0,0.0
0.0,0.0
0.0,0.0
0.0,0.0
0.0,0.0
0.0,0.0
0.0,0.0
0.0,0.0
0.0,0.0
0.0,0.0
0.0,0.0
0.0,0.0
0.0,0.0
0.0,0.0
0.0,0.0
0.0,0.0
0.0,0.0
0.0,0.0
0.0,0.0
0.0,0.0
0.0,0.0
0.0,0.0
0.0,0.0
0.0,0.0
0.0,0.0
0.0,0.0
0.0,0.0
0.0,0.0
0.0,0.0
0.0,0.0
0.0,0.0
0.0,0.0
0.0,0.0
0.0,0.0
0.0,0.0
0.0,0.0
