-5.627145767211914,9.999996185302734
0.0,0.0
0.0,0.0
0.0,0.0
0.0,0.0
0.0,0.0
0.0,0.0
0.0,0.0
0.0,0.0
0.0,0.0
0.0,0.0
0.0,0.0
0.0,0.0
0.0,0.0
0.0,0.0
0.0,0.0
0.0,0.0
0.0,0.0
11.668482780456543,29.6988468170166
19.431617736816406,1.1682204008102417
0.0,0.0
0.0,0.0
0.0,0.0
0.0,0.0
0.0,0.0
0.0,0.0
14.321288108825684,28.05694580078125
22.144725799560547,4.93694543838501
0.0,0.0
0.0,0.0
0.0,0.0
0.0,0.0
0.0,0.0
0.0,0.0
0.0,0.0
0.0,0.0
0.0,0.0
0.0,0.0
0.0,0.0
0.0,0.0
0.0,0.0
0.0,0.0
0.0,0.0
0.0,0.0
0.0,0.0
0.0,0.0
0.0,0.0
0.0,0.0
0.0,0.0
0.0,0.0
-8.895092010498047,11.090094566345215
0.0,0.0
0.0,0.0
0.0,0.0
-8.889812469482422,11.111105918884277
0.0,0.0
0.0,0.0
0.0,0.0
-8.735978126525879,11.112227439880371
21.135517120361328,2.2176496982574463
0.0,0.0
0.0,0.0
-8.856618881225586,11.111105918884277
0.0,0.0
0.0,0.0
0.0,0.0
0.0,0.0
0.0,0.0
0.0,0.0
0.0,0.0
0.0,0.0
0.0,0.0
0.0,0.0
0.0,0.0
0.0,0.0
0.0,0.0
0.0,0.0
0.0,0.0
0.0,0.0
0.0,0.0
0.0,0.0
0.0,0.0
-8.91168212890625,11.085859298706055
22.222211837768555,12.22640323638916
0.0,0.0
0.0,0.0
-8.78271484375,11.111105918884277
19.431617736816406,3.0041823387145996
0.0,0.0
0.0,0.0
-8.905320167541504,11.084754943847656
22.222179412841797,12.222211837768555
0.0,0.0
0.0,0.0
-8.982512474060059,10.06396198272705
22.222211837768555,-4.058392524719238
0.0,0.0
0.0,0.0
0.0,0.0
0.0,0.0
0.0,0.0
0.0,0.0
0.0,0.0
0.0,0.0
0.0,0.0
0.0,0.0
0.0,0.0
0.0,0.0
0.0,0.0
0.0,0.0
0.0,0.0
0.0,0.0
0.0,0.0
0.0,0.0
-8.889212608337402,11.111105918884277
22.222211837768555,12.211512565612793
0.0,0.0
0.0,0.0
-8.889630317687988,7.291106224060059
22.222211837768555,12.081025123596191
0.0,0.0
0.0,0.0
-8.895712852478027,11.110873222351074
22.222209930419922,8.895986557006836
0.0,0.0
0.0,0.0
-8.912907600402832,11.105890274047852
22.222211837768555,12.452359199523926
0.0,0.0
0.0,0.0
0.0,0.0
0.0,0.0
0.0,0.0
0.0,0.0
0.0,0.0
0.0,0.0
0.0,0.0
0.0,0.0
0.0,0.0
0.0,0.0
0.0,0.0
0.0,0.0
0.0,0.0
0.0,0.0
0.0,0.0
0.0,0.0
0.5277347564697266,19.641048431396484
22.22194480895996,12.222183227539062
0.0,0.0
0.0,0.0
0.0,0.0
0.0,0.0
0.0,0.0
0.0,0.0
10.984514236450195,24.096588134765625
22.222211837768555,11.6629638671875
0.0,0.0
0.0,0.0
-8.520942687988281,11.111105918884277
9.6029052734375,0.0
0.0,0.0
0.0,0.0
0.0,0.0
0.0,0.0
0.0,0.0
0.0,0.0
0.0,0.0
0.0,0.0
0.0,0.0
0.0,0.0
0.0,0.0
0.0,0.0
0.0,0.0
0.0,0.0
0.0,0.0
0.0,0.0
0.0,0.0
0.0,0.0
0.0,0.0
0.0,0.0
0.0,0.0
0.0,0.0
0.0,0.0
0.0,0.0
0.0,0.0
0.0,0.0
0.0,0.0
0.0,0.0
0.0,0.0
0.0,0.0
0.0,0.0
0.0,0.0
0.0,0.0
0.0,0.0
0.0,0.0
0.0,0.0
0.0,0.0
0.0,0.0
0.0,0.0
0.0,0.0
0.0,0.0
0.0,0.0
0.0,0.0
0.0,0.0
0.0,0.0
0.0,0.0
0.0,0.0
0.0,0.0
0.0,0.0
0.0,0.0
-8.911102294921875,10.888412475585938
22.222211837768555,12.031826972961426
0.0,0.0
0.0,0.0
0.0,0.0
0.0,0.0
0.0,0.0
0.0,0.0
-8.922867774963379,10.7710599899292
22.222164154052734,-9.246232986450195
0.0,0.0
0.0,0.0
-9.179322242736816,6.4072651863098145
0.0,0.0
0.0,0.0
0.0,0.0
0.0,0.0
0.0,0.0
0.0,0.0
0.0,0.0
0.0,0.0
0.0,0.0
0.0,0.0
0.0,0.0
0.0,0.0
0.0,0.0
0.0,0.0
0.0,0.0
0.0,0.0
0.0,0.0
0.0,0.0
0.0,0.0
-8.888900756835938,11.111102104187012
0.0,0.0
0.0,0.0
0.0,0.0
0.0,0.0
0.0,0.0
0.0,0.0
0.0,0.0
-8.961492538452148,10.55881118774414
22.222211837768555,12.140012741088867
0.0,0.0
0.0,0.0
-9.14755630493164,10.227147102355957
0.0,0.0
0.0,0.0
0.0,0.0
0.0,0.0
0.0,0.0
0.0,0.0
0.0,0.0
0.0,0.0
0.0,0.0
0.0,0.0
0.0,0.0
0.0,0.0
0.0,0.0
0.0,0.0
0.0,0.0
0.0,0.0
0.0,0.0
0.0,0.0
0.0,0.0
0.0,0.0
0.0,0.0
0.0,0.0
0.0,0.0
0.0,0.0
0.0,0.0
0.0,0.0
0.0,0.0
0.0,0.0
0.0,0.0
0.0,0.0
0.0,0.0
0.0,0.0
0.0,0.0
0.0,0.0
0.0,0.0
0.0,0.0
0.0,0.0
0.0,0.0
0.0,0.0
0.0,0.0
0.0,0.0
0.0,0.0
0.0,0.0
0.0,0.0
0.0,0.0
0.0,0.0
0.0,0.0
0.0,0.0
0.0,0.0
0.0,0.0
0.0,0.0
0.0,0.0
0.0,0.0
0.0,0.0
0.0,0.0
0.0,0.0
0.0,0.0
0.0,0.0
0.0,0.0
0.0,0.0
0.0,0.0
0.0,0.0
0.0,0.0
0.0,0.0
0.0,0.0
33.33331298828125,-21.49976921081543
66.6666259765625,-27.065725326538086
-9.668415069580078,0.20420196652412415
18.85233497619629,0.0
3.0,0.0
0.0,0.0
0.0,4.80145263671875
0.0,0.0
33.33331298828125,-20.497758865356445
66.6666259765625,-49.54950714111328
-9.73801040649414,5.396843433380127
21.40331268310547,0.0
0.0,0.0
0.0,0.0
-3.3112905025482178,6.195140838623047
0.0,0.0
0.0,0.0
0.0,0.0
-8.938220024108887,7.687278747558594
18.152801513671875,1.150560975074768
0.0,0.0
0.0,0.0
-3.3600664138793945,5.5451459884643555
0.0,0.0
0.0,0.0
0.0,0.0
-9.34205436706543,6.360146999359131
7.177513599395752,13.005712509155273
0.0,0.0
0.0,0.0
-6.603217601776123,4.677954196929932
0.0,0.0
33.33331298828125,-25.05373191833496
66.6666259765625,-45.14525604248047
-9.679842948913574,7.0754008293151855
2.0,10.618450164794922
33.33331298828125,-26.62491798400879
0.0,0.0
-4.055166721343994,-0.042587097734212875
0.0,0.0
33.33331298828125,-22.202831268310547
66.6666259765625,-52.739688873291016
-9.54322624206543,4.069147109985352
21.544082641601562,7.808480262756348
33.33331298828125,-26.66666030883789
62.72979736328125,-2.731381893157959
-6.241507053375244,2.0027432441711426
13.568530082702637,1.0199999809265137
0.0,0.0
0.0,0.0
-3.84775972366333,6.936810493469238
11.772165298461914,0.0
0.0,0.0
0.0,0.0
-2.662649393081665,1.954013705253601
0.0,0.0
0.0,0.0
0.0,0.0
-7.26466178894043,7.325704574584961
20.11930274963379,2.1198606491088867
0.0,0.0
0.0,0.0
-6.807476043701172,2.7016708850860596
19.155624389648438,6.3978095054626465
0.0,0.0
0.0,0.0
0.0,0.0
0.0,0.0
0.0,0.0
0.0,0.0
0.0,0.0
0.0,0.0
0.0,0.0
0.0,0.0
0.0,0.0
0.0,0.0
0.0,0.0
0.0,0.0
0.0,0.0
0.0,0.0
0.0,0.0
0.0,0.0
0.0,0.0
0.0,0.0
0.0,0.0
0.0,0.0
0.0,0.0
0.0,0.0
0.0,0.0
0.0,0.0
0.0,0.0
0.0,0.0
0.0,0.0
0.0,0.0
0.0,0.0
0.0,0.0
0.0,0.0
0.0,0.0
0.0,0.0
0.0,0.0
0.0,0.0
0.0,0.0
0.0,0.0
0.0,0.0
0.0,0.0
0.0,0.0
0.0,0.0
0.0,0.0
0.0,0.0
0.0,0.0
0.0,0.0
0.0,0.0
0.0,0.0
0.0,0.0
0.0,0.0
0.0,0.0
0.0,0.0
0.0,0.0
0.0,0.0
0.0,0.0
0.0,0.0
0.0,0.0
0.0,0.0
0.0,0.0
0.0,0.0
0.0,0.0
0.0,0.0
0.0,0.0
0.0,0.0
0.0,0.0
-9.223725318908691,7.760565757751465
0.0,0.0
0.0,0.0
0.0,0.0
0.0,0.0
0.0,0.0
33.33331298828125,7.006434917449951
0.0,0.0
-10.654812812805176,-7.042179584503174
0.0,0.0
0.0,0.0
0.0,0.0
-8.867955207824707,-8.875165939331055
0.0,0.0
0.0,0.0
0.0,0.0
-10.193940162658691,-1.9389657974243164
0.0,0.0
0.0,0.0
0.0,0.0
0.0,0.0
0.0,0.0
22.222211837768555,12.078868865966797
0.0,0.0
-9.740015029907227,2.6001923084259033
0.0,0.0
0.0,0.0
0.0,0.0
-10.092214584350586,0.5467664003372192
0.0,0.0
0.0,0.0
0.0,0.0
-5.806838035583496,6.89391565322876
0.0,0.0
0.0,0.0
0.0,0.0
0.0,0.0
0.0,0.0
33.33331298828125,20.14579963684082
0.0,0.0
-10.53676986694336,-10.077129364013672
0.0,0.0
0.0,0.0
0.0,0.0
-5.350052356719971,-5.369110107421875
0.0,0.0
0.0,0.0
0.0,0.0
-9.016674995422363,5.972583770751953
0.0,0.0
0.0,0.0
0.0,0.0
0.0,0.0
0.0,0.0
22.20508575439453,9.533080101013184
0.0,0.0
-9.821045875549316,3.623015880584717
0.0,0.0
0.0,0.0
0.0,0.0
-9.095166206359863,4.723094463348389
0.0,0.0
0.0,0.0
0.0,0.0
0.0,0.0
0.0,0.0
0.0,0.0
0.0,0.0
0.0,0.0
0.0,0.0
0.0,0.0
0.0,0.0
0.0,0.0
0.0,0.0
0.0,0.0
0.0,0.0
0.0,0.0
0.0,0.0
0.0,0.0
0.0,0.0
-9.286125183105469,7.281681537628174
22.222211837768555,5.9674601554870605
0.0,0.0
0.0,0.0
0.0,0.0
0.0,0.0
0.0,0.0
0.0,0.0
-9.524803161621094,7.590390205383301
-142.10140991210938,-190.0058135986328
0.0,0.0
0.0,0.0
0.0,0.0
0.0,0.0
0.0,0.0
0.0,0.0
0.0,0.0
0.0,0.0
0.0,0.0
0.0,0.0
0.0,0.0
0.0,0.0
0.0,0.0
0.0,0.0
0.0,0.0
0.0,0.0
0.0,0.0
0.0,0.0
0.0,0.0
0.0,0.0
0.0,0.0
0.0,0.0
-10.970975875854492,5.411130428314209
22.222211837768555,8.105658531188965
0.0,0.0
0.0,0.0
-278.8077087402344,7.534674167633057
0.0,0.0
0.0,0.0
0.0,0.0
-10.209831237792969,-52.49140167236328
-57.240264892578125,10.261317253112793
0.0,0.0
0.0,0.0
-154.1380615234375,-514.9088134765625
0.0,0.0
0.0,0.0
0.0,0.0
0.0,0.0
0.0,0.0
0.0,0.0
0.0,0.0
0.0,0.0
0.0,0.0
0.0,0.0
0.0,0.0
0.0,0.0
0.0,0.0
0.0,0.0
0.0,0.0
0.0,0.0
0.0,0.0
0.0,0.0
0.0,0.0
0.0,0.0
0.0,0.0
0.0,0.0
0.0,0.0
0.0,0.0
0.0,0.0
0.0,0.0
0.0,0.0
0.0,0.0
0.0,0.0
0.0,0.0
0.0,0.0
0.0,0.0
0.0,0.0
0.0,0.0
0.0,0.0
0.0,0.0
0.0,0.0
0.0,0.0
0.0,0.0
0.0,0.0
0.0,0.0
0.0,0.0
0.0,0.0
0.0,0.0
0.0,0.0
0.0,0.0
0.0,0.0
0.0,0.0
0.0,0.0
0.0,0.0
0.0,0.0
0.0,0.0
0.0,0.0
0.0,0.0
0.0,0.0
0.0,0.0
0.0,0.0
0.0,0.0
0.0,0.0
0.0,0.0
0.0,0.0
0.0,0.0
0.0,0.0
0.0,0.0
0.0,0.0
0.0,0.0
0.0,0.0
0.0,0.0
0.0,0.0
0.0,0.0
0.0,0.0
0.0,0.0
0.0,0.0
0.0,0.0
0.0,0.0
0.0,0.0
0.0,0.0
0.0,0.0
0.0,0.0
0.0,0.0
0.0,0.0
0.0,0.0
0.0,0.0
-8.888994216918945,11.109589576721191
22.22219467163086,10.859488487243652
0.0,0.0
0.0,0.0
0.0,0.0
0.0,0.0
0.0,0.0
0.0,0.0
-8.888885498046875,11.11109447479248
22.221599578857422,11.44958209991455
0.0,0.0
0.0,0.0
0.0,0.0
0.0,0.0
0.0,0.0
0.0,0.0
0.0,0.0
0.0,0.0
0.0,0.0
0.0,0.0
0.0,0.0
0.0,0.0
0.0,0.0
0.0,0.0
0.0,0.0
0.0,0.0
0.0,0.0
0.0,0.0
0.0,0.0
0.0,0.0
0.0,0.0
0.0,0.0
-9.127448081970215,11.111104965209961
22.222211837768555,11.144062995910645
0.0,0.0
0.0,0.0
0.0,0.0
0.0,0.0
0.0,0.0
0.0,0.0
-8.888936042785645,11.11071491241455
22.211528778076172,8.184281349182129
0.0,0.0
0.0,0.0
0.0,0.0
0.0,0.0
0.0,0.0
0.0,0.0
0.0,0.0
0.0,0.0
0.0,0.0
0.0,0.0
0.0,0.0
0.0,0.0
0.0,0.0
0.0,0.0
0.0,0.0
0.0,0.0
0.0,0.0
0.0,0.0
0.0,0.0
0.0,0.0
0.0,0.0
0.0,0.0
0.0,0.0
0.0,0.0
0.0,0.0
0.0,0.0
0.0,0.0
0.0,0.0
0.0,0.0
0.0,0.0
0.0,0.0
0.0,0.0
0.0,0.0
0.0,0.0
0.0,0.0
0.0,0.0
0.0,0.0
0.0,0.0
0.0,0.0
0.0,0.0
0.0,0.0
0.0,0.0
0.0,0.0
0.0,0.0
0.0,0.0
0.0,0.0
0.0,0.0
0.0,0.0
0.0,0.0
0.0,0.0
0.0,0.0
0.0,0.0
0.0,0.0
0.0,0.0
0.0,0.0
0.0,0.0
0.0,0.0
0.0,0.0
0.0,0.0
0.0,0.0
0.0,0.0
0.0,0.0
0.0,0.0
0.0,0.0
0.0,0.0
0.0,0.0
0.0,0.0
0.0,0.0
33.33331298828125,-26.10548973083496
59.048316955566406,-10.645879745483398
-6.685583114624023,11.111105918884277
2.0,0.0
0.0,0.0
0.0,0.0
0.0,0.0
0.0,0.0
33.33331298828125,-32.95895767211914
62.72979736328125,-28.75309944152832
-6.223339557647705,11.096540451049805
3.819999933242798,0.0
0.0,0.0
0.0,0.0
0.0,0.0
0.0,0.0
22.222156524658203,11.89270305633545
49.206932067871094,3.538477897644043
-10.018671035766602,11.096783638000488
22.222211837768555,12.218783378601074
0.0,0.0
0.0,0.0
0.0,0.0
0.0,0.0
22.222211837768555,12.19184398651123
53.08330154418945,5.812746047973633
-11.02573013305664,3.807634115219116
22.222211837768555,12.220343589782715
0.0,0.0
0.0,0.0
0.0,0.0
0.0,0.0
33.33331298828125,-24.558195114135742
55.55714797973633,-10.585726737976074
-8.269975662231445,11.111105918884277
5.476200103759766,0.0
20.352794647216797,-9.866759300231934
0.0,0.0
0.0,0.0
0.0,0.0
33.33331298828125,-25.94416046142578
62.72979736328125,-15.23711109161377
-5.1941609382629395,11.110373497009277
0.0,0.0
22.584150314331055,-5.301614284515381
0.0,0.0
0.0,0.0
0.0,0.0
-20.241065979003906,11.15561294555664
46.29762268066406,3.413067579269409
-11.111120223999023,-19.07929801940918
22.222211837768555,12.221163749694824
14.347362518310547,1.0199999809265137
0.0,0.0
-167.8162841796875,-290.6272888183594
0.0,0.0
-41.91812515258789,11.939261436462402
51.59381103515625,3.6424522399902344
-114.20410919189453,6.561456203460693
22.222211837768555,12.221710205078125
16.28795623779297,0.0
0.0,0.0
-364.2551574707031,-351.4223327636719
0.0,0.0
0.0,0.0
0.0,0.0
0.0,0.0
0.0,0.0
0.0,0.0
0.0,0.0
0.0,0.0
0.0,0.0
0.0,0.0
0.0,0.0
0.0,0.0
0.0,0.0
0.0,0.0
0.0,0.0
0.0,0.0
0.0,0.0
0.0,0.0
0.0,0.0
0.0,0.0
0.0,0.0
0.0,0.0
0.0,0.0
0.0,0.0
0.0,0.0
0.0,0.0
0.0,0.0
0.0,0.0
0.0,0.0
0.0,0.0
0.0,0.0
0.0,0.0
0.0,0.0
0.0,0.0
0.0,0.0
0.0,0.0
0.0,0.0
0.0,0.0
0.0,0.0
0.0,0.0
0.0,0.0
0.0,0.0
0.0,0.0
0.0,0.0
0.0,0.0
0.0,0.0
0.0,0.0
0.0,0.0
0.0,0.0
0.0,0.0
0.0,0.0
0.0,0.0
0.0,0.0
0.0,0.0
0.0,0.0
0.0,0.0
0.0,0.0
0.0,0.0
0.0,0.0
0.0,0.0
0.0,0.0
0.0,0.0
0.0,0.0
0.0,0.0
0.0,0.0
0.0,0.0
0.0,0.0
-1.0,3.491671085357666
0.0,0.0
0.0,0.0
0.0,0.0
0.0,0.0
0.0,0.0
33.332740783691406,-19.09320068359375
0.0,0.0
-5.894697189331055,11.0953369140625
0.0,0.0
0.0,0.0
0.0,0.0
0.0,0.0
0.0,0.0
0.0,0.0
0.0,0.0
-8.889032363891602,11.110322952270508
0.0,0.0
0.0,0.0
0.0,0.0
0.0,0.0
0.0,0.0
22.044832229614258,12.282224655151367
0.0,0.0
-10.590718269348145,4.298753261566162
0.0,0.0
0.0,0.0
0.0,0.0
0.0,0.0
0.0,0.0
0.0,0.0
0.0,0.0
0.0,0.0
0.0,0.0
0.0,0.0
0.0,0.0
0.0,0.0
0.0,0.0
3.0,0.0
0.0,0.0
-1.0,3.1452527046203613
0.0,0.0
0.0,0.0
0.0,0.0
0.0,0.0
0.0,0.0
0.0,0.0
0.0,0.0
-5.312320709228516,10.830327987670898
0.0,0.0
0.0,0.0
0.0,0.0
0.0,0.0
0.0,0.0
3.819999933242798,0.0
0.0,0.0
-8.871109962463379,11.109064102172852
0.0,0.0
0.0,0.0
0.0,0.0
0.0,0.0
0.0,0.0
0.0,0.0
0.0,0.0
0.0,0.0
0.0,0.0
0.0,0.0
0.0,0.0
0.0,0.0
0.0,0.0
0.0,0.0
0.0,0.0
0.0,0.0
0.0,0.0
0.0,0.0
0.0,0.0
0.0,0.0
0.0,0.0
0.0,0.0
0.0,0.0
0.0,0.0
0.0,0.0
0.0,0.0
0.0,0.0
0.0,0.0
0.0,0.0
0.0,0.0
0.0,0.0
0.0,0.0
0.0,0.0
0.0,0.0
0.0,0.0
0.0,0.0
0.0,0.0
0.0,0.0
0.0,0.0
0.0,0.0
0.0,0.0
0.0,0.0
0.0,0.0
0.0,0.0
0.0,0.0
0.0,0.0
0.0,0.0
0.0,0.0
0.0,0.0
0.0,0.0
0.0,0.0
0.0,0.0
0.0,0.0
0.0,0.0
0.0,0.0
0.0,0.0
0.0,0.0
0.0,0.0
0.0,0.0
0.0,0.0
0.0,0.0
0.0,0.0
0.0,0.0
0.0,0.0
0.0,0.0
0.0,0.0
0.0,0.0
0.0,0.0
0.0,0.0
