-7.724332332611084,6.960323333740234
0.0,0.0
0.0,0.0
0.0,0.0
0.0,0.0
0.0,0.0
0.0,0.0
0.0,0.0
0.0,0.0
0.0,0.0
0.0,0.0
0.0,0.0
0.0,0.0
0.0,0.0
0.0,0.0
0.0,0.0
0.0,0.0
0.0,0.0
22.76580810546875,30.680614471435547
16.822040557861328,-1.9039709568023682
0.0,0.0
0.0,0.0
0.0,0.0
0.0,0.0
0.0,0.0
0.0,0.0
13.191102027893066,27.109600067138672
15.056099891662598,-3.698451519012451
0.0,0.0
0.0,0.0
-3.4026191234588623,7.528049945831299
0.0,0.0
0.0,0.0
0.0,0.0
0.0,0.0
0.0,0.0
0.0,0.0
0.0,0.0
0.0,0.0
0.0,0.0
0.0,0.0
0.0,0.0
0.0,0.0
0.0,0.0
0.0,0.0
0.0,0.0
0.0,0.0
0.0,0.0
0.0,0.0
0.0,0.0
-8.839696884155273,11.111146926879883
0.0,0.0
0.0,0.0
0.0,0.0
-8.889043807983398,11.111105918884277
0.0,0.0
0.0,0.0
0.0,0.0
-8.888894081115723,11.111105918884277
14.347362518310547,0.0
0.0,0.0
0.0,0.0
-8.751688003540039,11.11109447479248
0.0,0.0
0.0,0.0
0.0,0.0
0.0,0.0
0.0,0.0
0.0,0.0
0.0,0.0
0.0,0.0
0.0,0.0
0.0,0.0
0.0,0.0
0.0,0.0
0.0,0.0
0.0,0.0
0.0,0.0
0.0,0.0
0.0,0.0
0.0,0.0
0.0,0.0
-8.916288375854492,11.050864219665527
22.222211837768555,-17.769969940185547
0.0,0.0
0.0,0.0
-8.284439086914062,11.111019134521484
16.28795623779297,0.0
0.0,0.0
0.0,0.0
-8.889288902282715,11.111102104187012
-59.329463958740234,-22.20939826965332
0.0,0.0
0.0,0.0
-8.931269645690918,10.734703063964844
-185.24818420410156,-139.23641967773438
0.0,0.0
0.0,0.0
0.0,0.0
0.0,0.0
0.0,0.0
0.0,0.0
0.0,0.0
0.0,0.0
0.0,0.0
0.0,0.0
0.0,0.0
0.0,0.0
0.0,0.0
0.0,0.0
0.0,0.0
0.0,0.0
0.0,0.0
0.0,0.0
-8.91447639465332,10.95426082611084
22.222211837768555,-17.489946365356445
0.0,0.0
0.0,0.0
-8.868054389953613,11.108430862426758
22.22212791442871,-16.763891220092773
0.0,0.0
0.0,0.0
-8.889731407165527,8.919281005859375
-111.73898315429688,-17.664045333862305
0.0,0.0
0.0,0.0
-8.892242431640625,11.111105918884277
22.222211837768555,-17.627473831176758
0.0,0.0
0.0,0.0
0.0,0.0
0.0,0.0
0.0,0.0
0.0,0.0
0.0,0.0
0.0,0.0
0.0,0.0
0.0,0.0
0.0,0.0
0.0,0.0
0.0,0.0
0.0,0.0
0.0,0.0
0.0,0.0
0.0,0.0
0.0,0.0
0.4552675783634186,19.65741729736328
8.810639381408691,-112.5553207397461
0.0,0.0
0.0,0.0
0.0,0.0
0.0,0.0
0.0,0.0
0.0,0.0
1.542789101600647,22.637920379638672
22.173864364624023,-13.374524116516113
0.0,0.0
0.0,0.0
-6.0557169914245605,11.09453010559082
0.0,0.0
0.0,0.0
0.0,0.0
0.0,0.0
0.0,0.0
0.0,0.0
0.0,0.0
0.0,0.0
0.0,0.0
0.0,0.0
0.0,0.0
0.0,0.0
0.0,0.0
0.0,0.0
0.0,0.0
0.0,0.0
0.0,0.0
0.0,0.0
0.0,0.0
0.0,0.0
0.0,0.0
0.0,0.0
0.0,0.0
0.0,0.0
0.0,0.0
0.0,0.0
0.0,0.0
0.0,0.0
0.0,0.0
0.0,0.0
0.0,0.0
0.0,0.0
0.0,0.0
0.0,0.0
0.0,0.0
0.0,0.0
0.0,0.0
0.0,0.0
0.0,0.0
0.0,0.0
0.0,0.0
0.0,0.0
0.0,0.0
0.0,0.0
0.0,0.0
0.0,0.0
0.0,0.0
0.0,0.0
0.0,0.0
0.0,0.0
0.0,0.0
-8.913383483886719,10.865644454956055
0.0,0.0
0.0,0.0
0.0,0.0
0.0,0.0
0.0,0.0
0.0,0.0
0.0,0.0
-8.930688858032227,10.627650260925293
22.222198486328125,-17.778806686401367
0.0,0.0
0.0,0.0
-9.09801197052002,8.218976974487305
0.0,0.0
0.0,0.0
0.0,0.0
0.0,0.0
0.0,0.0
0.0,0.0
0.0,0.0
0.0,0.0
0.0,0.0
0.0,0.0
0.0,0.0
0.0,0.0
0.0,0.0
0.0,0.0
0.0,0.0
0.0,0.0
0.0,0.0
0.0,0.0
0.0,0.0
-8.922231674194336,10.899112701416016
0.0,0.0
0.0,0.0
0.0,0.0
0.0,0.0
0.0,0.0
0.0,0.0
0.0,0.0
-8.952555656433105,9.539260864257812
22.222211837768555,-17.775686264038086
0.0,0.0
0.0,0.0
-9.029828071594238,6.491452693939209
0.0,0.0
0.0,0.0
0.0,0.0
0.0,0.0
0.0,0.0
0.0,0.0
0.0,0.0
0.0,0.0
0.0,0.0
0.0,0.0
0.0,0.0
0.0,0.0
0.0,0.0
0.0,0.0
0.0,0.0
0.0,0.0
0.0,0.0
0.0,0.0
0.0,0.0
0.0,0.0
0.0,0.0
0.0,0.0
0.0,0.0
0.0,0.0
0.0,0.0
0.0,0.0
0.0,0.0
0.0,0.0
0.0,0.0
0.0,0.0
0.0,0.0
0.0,0.0
0.0,0.0
0.0,0.0
0.0,0.0
0.0,0.0
0.0,0.0
0.0,0.0
0.0,0.0
0.0,0.0
0.0,0.0
0.0,0.0
0.0,0.0
0.0,0.0
0.0,0.0
0.0,0.0
0.0,0.0
0.0,0.0
0.0,0.0
0.0,0.0
0.0,0.0
0.0,0.0
0.0,0.0
0.0,0.0
0.0,0.0
0.0,0.0
0.0,0.0
0.0,0.0
0.0,0.0
0.0,0.0
0.0,0.0
0.0,0.0
0.0,0.0
0.0,0.0
0.0,0.0
11.111105918884277,-7.502636909484863
44.44442367553711,-27.63895606994629
11.111105918884277,-8.204379081726074
10.952400207519531,-3.9235999584198
1.0,0.0
0.0,0.0
3.491671085357666,-0.9726189970970154
0.0,0.0
11.111105918884277,-4.487360000610352
44.44442367553711,-34.90815353393555
11.111105918884277,-7.549173355102539
27.137060165405273,-3.9235999584198
0.0,0.0
0.0,0.0
6.356335163116455,0.0
0.0,0.0
0.0,0.0
0.0,0.0
-7.281014442443848,7.364007949829102
2.0,-3.799999952316284
0.0,0.0
0.0,0.0
-1.899999976158142,3.491671085357666
0.0,0.0
0.0,0.0
0.0,0.0
-7.470777988433838,6.36825704574585
15.056099891662598,0.0
0.0,0.0
0.0,0.0
-2.6909408569335938,0.9444469213485718
2.0,0.0
11.111105918884277,-7.2358269691467285
44.44442367553711,-27.168689727783203
11.111105918884277,-8.861539840698242
19.205810546875,0.0
11.111105918884277,-8.471092224121094
0.0,0.0
2.738100051879883,-0.09000000357627869
0.0,0.0
11.111105918884277,-7.474184513092041
44.44442367553711,-19.907611846923828
11.111105918884277,-6.738764762878418
34.61611557006836,0.0
11.111105918884277,-8.711442947387695
13.966684341430664,-4.0
10.514019966125488,-3.9246673583984375
10.952400207519531,-4.0
0.0,0.0
0.0,0.0
-1.8366127014160156,3.3390984535217285
8.354841232299805,0.0
0.0,0.0
0.0,0.0
-1.8637100458145142,3.2943108081817627
0.0,0.0
0.0,0.0
0.0,0.0
-7.245071887969971,1.8807026147842407
10.738643646240234,-4.41410493850708
0.0,0.0
0.0,0.0
-6.115103721618652,9.696327209472656
6.983342170715332,-3.6808807849884033
0.0,0.0
0.0,0.0
0.0,0.0
0.0,0.0
0.0,0.0
0.0,0.0
0.0,0.0
0.0,0.0
0.0,0.0
0.0,0.0
0.0,0.0
0.0,0.0
0.0,0.0
0.0,0.0
0.0,0.0
0.0,0.0
0.0,0.0
0.0,0.0
0.0,0.0
0.0,0.0
0.0,0.0
0.0,0.0
0.0,0.0
0.0,0.0
0.0,0.0
0.0,0.0
0.0,0.0
0.0,0.0
0.0,0.0
0.0,0.0
0.0,0.0
0.0,0.0
0.0,0.0
0.0,0.0
0.0,0.0
0.0,0.0
0.0,0.0
0.0,0.0
0.0,0.0
0.0,0.0
0.0,0.0
0.0,0.0
0.0,0.0
0.0,0.0
0.0,0.0
0.0,0.0
0.0,0.0
0.0,0.0
0.0,0.0
0.0,0.0
0.0,0.0
0.0,0.0
0.0,0.0
0.0,0.0
0.0,0.0
0.0,0.0
0.0,0.0
0.0,0.0
0.0,0.0
0.0,0.0
0.0,0.0
0.0,0.0
0.0,0.0
0.0,0.0
0.0,0.0
0.0,0.0
11.111105918884277,-6.139035224914551
0.0,0.0
0.0,0.0
0.0,0.0
0.0,0.0
0.0,0.0
11.111105918884277,5.760182857513428
0.0,0.0
11.111105918884277,6.495248794555664
0.0,0.0
0.0,0.0
0.0,0.0
4.80145263671875,2.823406219482422
0.0,0.0
0.0,0.0
0.0,0.0
-10.101268768310547,-1.011121153831482
0.0,0.0
0.0,0.0
0.0,0.0
0.0,0.0
0.0,0.0
-6.679965972900391,11.07110595703125
0.0,0.0
-9.943323135375977,0.8215286135673523
0.0,0.0
0.0,0.0
0.0,0.0
-8.725571632385254,0.22240276634693146
0.0,0.0
0.0,0.0
0.0,0.0
11.049018859863281,-4.972186088562012
0.0,0.0
0.0,0.0
0.0,0.0
0.0,0.0
0.0,0.0
11.111105918884277,3.117823362350464
0.0,0.0
11.111105918884277,7.584878921508789
0.0,0.0
0.0,0.0
0.0,0.0
2.738100051879883,0.0
0.0,0.0
0.0,0.0
0.0,0.0
-8.921358108520508,7.826140403747559
0.0,0.0
0.0,0.0
0.0,0.0
0.0,0.0
0.0,0.0
-5.288872241973877,8.985527038574219
0.0,0.0
-9.758200645446777,3.974442481994629
0.0,0.0
0.0,0.0
0.0,0.0
-6.3117241859436035,1.1630322933197021
0.0,0.0
0.0,0.0
0.0,0.0
0.0,0.0
0.0,0.0
0.0,0.0
0.0,0.0
0.0,0.0
0.0,0.0
0.0,0.0
0.0,0.0
0.0,0.0
0.0,0.0
0.0,0.0
0.0,0.0
0.0,0.0
0.0,0.0
0.0,0.0
0.0,0.0
-9.157241821289062,10.99734115600586
-139.0870361328125,-22.224899291992188
0.0,0.0
0.0,0.0
0.0,0.0
0.0,0.0
0.0,0.0
0.0,0.0
-15.748146057128906,-38.95595169067383
-98.84388732910156,-21.995288848876953
0.0,0.0
0.0,0.0
0.0,0.0
0.0,0.0
0.0,0.0
0.0,0.0
0.0,0.0
0.0,0.0
0.0,0.0
0.0,0.0
0.0,0.0
0.0,0.0
0.0,0.0
0.0,0.0
0.0,0.0
0.0,0.0
0.0,0.0
0.0,0.0
0.0,0.0
0.0,0.0
0.0,0.0
0.0,0.0
-13.200360298156738,-81.00707244873047
22.221092224121094,-75.37834930419922
0.0,0.0
0.0,0.0
-305.9490966796875,-141.51210021972656
0.0,0.0
0.0,0.0
0.0,0.0
-84.94865417480469,8.715840339660645
22.222211837768555,-21.53271484375
0.0,0.0
0.0,0.0
-1.909999966621399,-378.4548034667969
0.0,0.0
0.0,0.0
0.0,0.0
0.0,0.0
0.0,0.0
0.0,0.0
0.0,0.0
0.0,0.0
0.0,0.0
0.0,0.0
0.0,0.0
0.0,0.0
0.0,0.0
0.0,0.0
0.0,0.0
0.0,0.0
0.0,0.0
0.0,0.0
0.0,0.0
0.0,0.0
0.0,0.0
0.0,0.0
0.0,0.0
0.0,0.0
0.0,0.0
0.0,0.0
0.0,0.0
0.0,0.0
0.0,0.0
0.0,0.0
0.0,0.0
0.0,0.0
0.0,0.0
0.0,0.0
0.0,0.0
0.0,0.0
0.0,0.0
0.0,0.0
0.0,0.0
0.0,0.0
0.0,0.0
0.0,0.0
0.0,0.0
0.0,0.0
0.0,0.0
0.0,0.0
0.0,0.0
0.0,0.0
0.0,0.0
0.0,0.0
0.0,0.0
0.0,0.0
0.0,0.0
0.0,0.0
0.0,0.0
0.0,0.0
0.0,0.0
0.0,0.0
0.0,0.0
0.0,0.0
0.0,0.0
0.0,0.0
0.0,0.0
0.0,0.0
0.0,0.0
0.0,0.0
0.0,0.0
0.0,0.0
0.0,0.0
0.0,0.0
0.0,0.0
0.0,0.0
0.0,0.0
0.0,0.0
0.0,0.0
0.0,0.0
0.0,0.0
0.0,0.0
0.0,0.0
0.0,0.0
0.0,0.0
0.0,0.0
0.0,0.0
-8.888885498046875,11.111105918884277
22.218774795532227,-17.126876831054688
0.0,0.0
0.0,0.0
0.0,0.0
0.0,0.0
0.0,0.0
0.0,0.0
-8.888885498046875,11.111105918884277
16.28795623779297,-5.080901145935059
0.0,0.0
0.0,0.0
0.0,0.0
0.0,0.0
0.0,0.0
0.0,0.0
0.0,0.0
0.0,0.0
0.0,0.0
0.0,0.0
0.0,0.0
0.0,0.0
0.0,0.0
0.0,0.0
0.0,0.0
0.0,0.0
0.0,0.0
0.0,0.0
0.0,0.0
0.0,0.0
0.0,0.0
0.0,0.0
-8.888880729675293,11.111105918884277
22.199481964111328,-14.572946548461914
0.0,0.0
0.0,0.0
0.0,0.0
0.0,0.0
0.0,0.0
0.0,0.0
-8.888885498046875,11.111105918884277
22.119384765625,-13.552651405334473
0.0,0.0
0.0,0.0
0.0,0.0
0.0,0.0
0.0,0.0
0.0,0.0
0.0,0.0
0.0,0.0
0.0,0.0
0.0,0.0
0.0,0.0
0.0,0.0
0.0,0.0
0.0,0.0
0.0,0.0
0.0,0.0
0.0,0.0
0.0,0.0
0.0,0.0
0.0,0.0
0.0,0.0
0.0,0.0
0.0,0.0
0.0,0.0
0.0,0.0
0.0,0.0
0.0,0.0
0.0,0.0
0.0,0.0
0.0,0.0
0.0,0.0
0.0,0.0
0.0,0.0
0.0,0.0
0.0,0.0
0.0,0.0
0.0,0.0
0.0,0.0
0.0,0.0
0.0,0.0
0.0,0.0
0.0,0.0
0.0,0.0
0.0,0.0
0.0,0.0
0.0,0.0
0.0,0.0
0.0,0.0
0.0,0.0
0.0,0.0
0.0,0.0
0.0,0.0
0.0,0.0
0.0,0.0
0.0,0.0
0.0,0.0
0.0,0.0
0.0,0.0
0.0,0.0
0.0,0.0
0.0,0.0
0.0,0.0
0.0,0.0
0.0,0.0
0.0,0.0
0.0,0.0
0.0,0.0
0.0,0.0
11.107444763183594,-5.818849563598633
28.694725036621094,-7.385227203369141
10.661160469055176,-4.718847274780273
4.0,0.0
0.0,0.0
0.0,0.0
0.0,0.0
0.0,0.0
11.111059188842773,-7.972459316253662
37.70466995239258,0.0
8.411020278930664,-3.1877601146698
0.0,0.0
0.0,0.0
0.0,0.0
0.0,0.0
0.0,0.0
-7.17483377456665,11.103314399719238
15.056099891662598,-1.849439024925232
-11.112517356872559,-27.632545471191406
22.222211837768555,-17.72730255126953
0.0,0.0
0.0,0.0
0.0,0.0
0.0,0.0
-8.46682071685791,11.110316276550293
17.75033187866211,-6.528501510620117
-8.888914108276367,11.111105918884277
22.222211837768555,-17.773094177246094
0.0,0.0
0.0,0.0
0.0,0.0
0.0,0.0
11.110555648803711,-6.1788153648376465
21.47728729248047,-13.37695598602295
10.567758560180664,-4.821600437164307
4.0,0.0
4.177420616149902,0.0
0.0,0.0
0.0,0.0
0.0,0.0
11.111054420471191,-8.281408309936523
33.644081115722656,-10.31395149230957
7.528049945831299,-1.8110731840133667
0.0,0.0
5.369321823120117,-1.8726190328598022
0.0,0.0
0.0,0.0
0.0,0.0
-7.7743048667907715,9.861748695373535
13.568530082702637,-1.9617999792099
-190.2192840576172,1.1506677865982056
22.222211837768555,-17.73086929321289
-0.9900000095367432,3.491671085357666
0.0,0.0
-140.11900329589844,-393.81964111328125
0.0,0.0
-8.504401206970215,11.11098861694336
17.30805778503418,-3.65360164642334
-210.13278198242188,-13.362470626831055
22.222211837768555,-17.7197265625
-1.8239492177963257,6.356335163116455
0.0,0.0
-472.2466735839844,-289.53192138671875
0.0,0.0
0.0,0.0
0.0,0.0
0.0,0.0
0.0,0.0
0.0,0.0
0.0,0.0
0.0,0.0
0.0,0.0
0.0,0.0
0.0,0.0
0.0,0.0
0.0,0.0
0.0,0.0
0.0,0.0
0.0,0.0
0.0,0.0
0.0,0.0
0.0,0.0
0.0,0.0
0.0,0.0
0.0,0.0
0.0,0.0
0.0,0.0
0.0,0.0
0.0,0.0
0.0,0.0
0.0,0.0
0.0,0.0
0.0,0.0
0.0,0.0
0.0,0.0
0.0,0.0
0.0,0.0
0.0,0.0
0.0,0.0
0.0,0.0
0.0,0.0
0.0,0.0
0.0,0.0
0.0,0.0
0.0,0.0
0.0,0.0
0.0,0.0
0.0,0.0
0.0,0.0
0.0,0.0
0.0,0.0
0.0,0.0
0.0,0.0
0.0,0.0
0.0,0.0
0.0,0.0
0.0,0.0
0.0,0.0
0.0,0.0
0.0,0.0
0.0,0.0
0.0,0.0
0.0,0.0
0.0,0.0
0.0,0.0
0.0,0.0
0.0,0.0
0.0,0.0
0.0,0.0
0.0,0.0
1.909999966621399,0.0
0.0,0.0
0.0,0.0
0.0,0.0
0.0,0.0
0.0,0.0
11.084540367126465,-5.8575358390808105
0.0,0.0
7.173681259155273,-2.0865488052368164
0.0,0.0
0.0,0.0
0.0,0.0
0.0,0.0
0.0,0.0
0.0,0.0
0.0,0.0
-8.888895034790039,11.11109447479248
0.0,0.0
0.0,0.0
0.0,0.0
0.0,0.0
0.0,0.0
-10.897364616394043,-61.81696701049805
0.0,0.0
-8.888962745666504,11.111102104187012
0.0,0.0
0.0,0.0
0.0,0.0
0.0,0.0
0.0,0.0
0.0,0.0
0.0,0.0
0.0,0.0
0.0,0.0
0.0,0.0
0.0,0.0
0.0,0.0
0.0,0.0
2.738100051879883,0.0
0.0,0.0
0.0,0.0
0.0,0.0
0.0,0.0
0.0,0.0
0.0,0.0
0.0,0.0
0.0,0.0
0.0,0.0
-3.843052625656128,9.577812194824219
0.0,0.0
0.0,0.0
0.0,0.0
0.0,0.0
0.0,0.0
-1.899999976158142,2.738100051879883
0.0,0.0
-5.947195053100586,10.234278678894043
0.0,0.0
0.0,0.0
0.0,0.0
0.0,0.0
0.0,0.0
0.0,0.0
0.0,0.0
0.0,0.0
0.0,0.0
0.0,0.0
0.0,0.0
0.0,0.0
0.0,0.0
0.0,0.0
0.0,0.0
0.0,0.0
0.0,0.0
0.0,0.0
0.0,0.0
0.0,0.0
0.0,0.0
0.0,0.0
0.0,0.0
0.0,0.0
0.0,0.0
0.0,0.0
0.0,0.0
0.0,0.0
0.0,0.0
0.0,0.0
0.0,0.0
0.0,0.0
0.0,0.0
0.0,0.0
0.0,0.0
0.0,0.0
0.0,0.0
0.0,0.0
0.0,0.0
0.0,0.0
0.0,0.0
0.0,0.0
0.0,0.0
0.0,0.0
0.0,0.0
0.0,0.0
0.0,0.0
0.0,0.0
0.0,0.0
0.0,0.0
0.0,0.0
0.0,0.0
0.0,0.0
0.0,0.0
0.0,0.0
0.0,0.0
0.0,0.0
0.0,0.0
0.0,0.0
0.0,0.0
0.0,0.0
0.0,0.0
0.0,0.0
0.0,0.0
0.0,0.0
0.0,0.0
0.0,0.0
0.0,0.0
0.0,0.0
