-6.635635852813721,7.909482955932617
0.0,0.0
0.0,0.0
0.0,0.0
0.0,0.0
0.0,0.0
0.0,0.0
0.0,0.0
0.0,0.0
0.0,0.0
0.0,0.0
0.0,0.0
0.0,0.0
0.0,0.0
0.0,0.0
0.0,0.0
0.0,0.0
0.0,0.0
16.2209415435791,30.670257568359375
16.822040557861328,-1.9039709568023682
0.0,0.0
0.0,0.0
0.0,0.0
0.0,0.0
0.0,0.0
0.0,0.0
19.85377311706543,27.115825653076172
21.544082641601562,-7.573792934417725
0.0,0.0
0.0,0.0
-3.4026191234588623,7.528049945831299
0.0,0.0
0.0,0.0
0.0,0.0
0.0,0.0
0.0,0.0
0.0,0.0
0.0,0.0
0.0,0.0
0.0,0.0
0.0,0.0
0.0,0.0
0.0,0.0
0.0,0.0
0.0,0.0
0.0,0.0
0.0,0.0
0.0,0.0
0.0,0.0
0.0,0.0
-8.889506340026855,11.105905532836914
0.0,0.0
0.0,0.0
0.0,0.0
-8.888894081115723,11.111105918884277
0.0,0.0
0.0,0.0
0.0,0.0
-8.89002513885498,11.045393943786621
14.347362518310547,0.0
0.0,0.0
0.0,0.0
-8.854015350341797,11.111105918884277
0.0,0.0
0.0,0.0
0.0,0.0
0.0,0.0
0.0,0.0
0.0,0.0
0.0,0.0
0.0,0.0
0.0,0.0
0.0,0.0
0.0,0.0
0.0,0.0
0.0,0.0
0.0,0.0
0.0,0.0
0.0,0.0
0.0,0.0
0.0,0.0
0.0,0.0
-8.891783714294434,11.110897064208984
22.222211837768555,-17.777753829956055
0.0,0.0
0.0,0.0
-8.840675354003906,11.111105918884277
21.711196899414062,-6.1819987297058105
0.0,0.0
0.0,0.0
-8.924895286560059,10.290430068969727
22.22218894958496,-17.81640625
0.0,0.0
0.0,0.0
-8.909846305847168,11.100266456604004
22.222211837768555,-18.35545539855957
0.0,0.0
0.0,0.0
0.0,0.0
0.0,0.0
0.0,0.0
0.0,0.0
0.0,0.0
0.0,0.0
0.0,0.0
0.0,0.0
0.0,0.0
0.0,0.0
0.0,0.0
0.0,0.0
0.0,0.0
0.0,0.0
0.0,0.0
0.0,0.0
-8.88906478881836,11.111105918884277
22.222211837768555,-17.765579223632812
0.0,0.0
0.0,0.0
-8.907882690429688,9.050078392028809
22.222211837768555,-17.491426467895508
0.0,0.0
0.0,0.0
-8.888915061950684,11.111104965209961
21.960988998413086,-97.99793243408203
0.0,0.0
0.0,0.0
-8.888894081115723,9.611105918884277
22.222211837768555,-17.77439308166504
0.0,0.0
0.0,0.0
0.0,0.0
0.0,0.0
0.0,0.0
0.0,0.0
0.0,0.0
0.0,0.0
0.0,0.0
0.0,0.0
0.0,0.0
0.0,0.0
0.0,0.0
0.0,0.0
0.0,0.0
0.0,0.0
0.0,0.0
0.0,0.0
0.5749709606170654,19.65741729736328
19.23381233215332,-18.243722915649414
0.0,0.0
0.0,0.0
0.0,0.0
0.0,0.0
0.0,0.0
0.0,0.0
18.90700340270996,22.63897132873535
22.22182846069336,-15.43784236907959
0.0,0.0
0.0,0.0
-8.088866233825684,11.111105918884277
0.0,0.0
0.0,0.0
0.0,0.0
0.0,0.0
0.0,0.0
0.0,0.0
0.0,0.0
0.0,0.0
0.0,0.0
0.0,0.0
0.0,0.0
0.0,0.0
0.0,0.0
0.0,0.0
0.0,0.0
0.0,0.0
0.0,0.0
0.0,0.0
0.0,0.0
0.0,0.0
0.0,0.0
0.0,0.0
0.0,0.0
0.0,0.0
0.0,0.0
0.0,0.0
0.0,0.0
0.0,0.0
0.0,0.0
0.0,0.0
0.0,0.0
0.0,0.0
0.0,0.0
0.0,0.0
0.0,0.0
0.0,0.0
0.0,0.0
0.0,0.0
0.0,0.0
0.0,0.0
0.0,0.0
0.0,0.0
0.0,0.0
0.0,0.0
0.0,0.0
0.0,0.0
0.0,0.0
0.0,0.0
0.0,0.0
0.0,0.0
0.0,0.0
-8.913383483886719,10.86561107635498
0.0,0.0
0.0,0.0
0.0,0.0
0.0,0.0
0.0,0.0
0.0,0.0
0.0,0.0
-8.924653053283691,10.752635955810547
22.222198486328125,-17.777788162231445
0.0,0.0
0.0,0.0
-9.128883361816406,10.59250259399414
0.0,0.0
0.0,0.0
0.0,0.0
0.0,0.0
0.0,0.0
0.0,0.0
0.0,0.0
0.0,0.0
0.0,0.0
0.0,0.0
0.0,0.0
0.0,0.0
0.0,0.0
0.0,0.0
0.0,0.0
0.0,0.0
0.0,0.0
0.0,0.0
0.0,0.0
-8.902148246765137,11.078230857849121
0.0,0.0
0.0,0.0
0.0,0.0
0.0,0.0
0.0,0.0
0.0,0.0
0.0,0.0
-8.950161933898926,10.653997421264648
22.222211837768555,-17.777708053588867
0.0,0.0
0.0,0.0
-9.037566184997559,6.129506587982178
0.0,0.0
0.0,0.0
0.0,0.0
0.0,0.0
0.0,0.0
0.0,0.0
0.0,0.0
0.0,0.0
0.0,0.0
0.0,0.0
0.0,0.0
0.0,0.0
0.0,0.0
0.0,0.0
0.0,0.0
0.0,0.0
0.0,0.0
0.0,0.0
0.0,0.0
0.0,0.0
0.0,0.0
0.0,0.0
0.0,0.0
0.0,0.0
0.0,0.0
0.0,0.0
0.0,0.0
0.0,0.0
0.0,0.0
0.0,0.0
0.0,0.0
0.0,0.0
0.0,0.0
0.0,0.0
0.0,0.0
0.0,0.0
0.0,0.0
0.0,0.0
0.0,0.0
0.0,0.0
0.0,0.0
0.0,0.0
0.0,0.0
0.0,0.0
0.0,0.0
0.0,0.0
0.0,0.0
0.0,0.0
0.0,0.0
0.0,0.0
0.0,0.0
0.0,0.0
0.0,0.0
0.0,0.0
0.0,0.0
0.0,0.0
0.0,0.0
0.0,0.0
0.0,0.0
0.0,0.0
0.0,0.0
0.0,0.0
0.0,0.0
0.0,0.0
0.0,0.0
11.111105918884277,-6.621664047241211
44.44442367553711,-27.67316246032715
11.111105918884277,-8.663253784179688
25.42534065246582,-3.9235999584198
1.909999966621399,-0.9900000095367432
0.0,0.0
6.356335163116455,-0.9726189970970154
0.0,0.0
11.111105918884277,-4.63133430480957
44.44442367553711,-18.012725830078125
11.111105918884277,-6.06801700592041
36.30560302734375,-7.205481052398682
0.0,0.0
0.0,0.0
9.076400756835938,0.0
0.0,0.0
0.0,0.0
0.0,0.0
-8.581595420837402,5.2837629318237305
10.738643646240234,-3.799999952316284
0.0,0.0
0.0,0.0
-2.6750831604003906,6.020907402038574
0.0,0.0
0.0,0.0
0.0,0.0
-9.043560981750488,2.0782811641693115
18.5190486907959,-1.8224966526031494
0.0,0.0
0.0,0.0
-4.061570644378662,-0.12719133496284485
3.819999933242798,0.0
11.111105918884277,-5.901580810546875
44.44442367553711,-22.050588607788086
11.111105918884277,-5.94459342956543
27.137060165405273,0.0
11.111105918884277,-8.771839141845703
0.0,0.0
7.528049945831299,-0.05636192113161087
0.0,0.0
11.111105918884277,-7.979287147521973
44.44442367553711,-23.443262100219727
11.111105918884277,-8.515708923339844
39.365543365478516,-3.636944055557251
11.111105918884277,-8.87300968170166
13.966684341430664,-4.0
11.020565032958984,-3.6424612998962402
19.205810546875,-7.460333347320557
0.0,0.0
0.0,0.0
-3.3338489532470703,5.731409072875977
11.772165298461914,0.0
0.0,0.0
0.0,0.0
-2.6433329582214355,4.304410457611084
0.0,0.0
0.0,0.0
0.0,0.0
-8.328749656677246,8.74619197845459
15.056099891662598,-1.8292207717895508
0.0,0.0
0.0,0.0
-6.661973476409912,7.893439292907715
11.772165298461914,-5.242959499359131
0.0,0.0
0.0,0.0
0.0,0.0
0.0,0.0
0.0,0.0
0.0,0.0
0.0,0.0
0.0,0.0
0.0,0.0
0.0,0.0
0.0,0.0
0.0,0.0
0.0,0.0
0.0,0.0
0.0,0.0
0.0,0.0
0.0,0.0
0.0,0.0
0.0,0.0
0.0,0.0
0.0,0.0
0.0,0.0
0.0,0.0
0.0,0.0
0.0,0.0
0.0,0.0
0.0,0.0
0.0,0.0
0.0,0.0
0.0,0.0
0.0,0.0
0.0,0.0
0.0,0.0
0.0,0.0
0.0,0.0
0.0,0.0
0.0,0.0
0.0,0.0
0.0,0.0
0.0,0.0
0.0,0.0
0.0,0.0
0.0,0.0
0.0,0.0
0.0,0.0
0.0,0.0
0.0,0.0
0.0,0.0
0.0,0.0
0.0,0.0
0.0,0.0
0.0,0.0
0.0,0.0
0.0,0.0
0.0,0.0
0.0,0.0
0.0,0.0
0.0,0.0
0.0,0.0
0.0,0.0
0.0,0.0
0.0,0.0
0.0,0.0
0.0,0.0
0.0,0.0
0.0,0.0
11.111105918884277,-7.065474987030029
0.0,0.0
0.0,0.0
0.0,0.0
0.0,0.0
0.0,0.0
11.111105918884277,3.142153739929199
0.0,0.0
11.111105918884277,5.358867645263672
0.0,0.0
0.0,0.0
0.0,0.0
7.850525379180908,3.5890800952911377
0.0,0.0
0.0,0.0
0.0,0.0
-10.100895881652832,-1.0092036724090576
0.0,0.0
0.0,0.0
0.0,0.0
0.0,0.0
0.0,0.0
-8.479669570922852,11.111093521118164
0.0,0.0
-9.701330184936523,3.034320831298828
0.0,0.0
0.0,0.0
0.0,0.0
-9.714573860168457,1.998766541481018
0.0,0.0
0.0,0.0
0.0,0.0
11.111059188842773,-7.203239440917969
0.0,0.0
0.0,0.0
0.0,0.0
0.0,0.0
0.0,0.0
11.111105918884277,6.064762115478516
0.0,0.0
11.111105918884277,4.0157341957092285
0.0,0.0
0.0,0.0
0.0,0.0
2.738100051879883,1.0273809432983398
0.0,0.0
0.0,0.0
0.0,0.0
-8.957688331604004,11.036836624145508
0.0,0.0
0.0,0.0
0.0,0.0
0.0,0.0
0.0,0.0
-6.564079284667969,10.7218656539917
0.0,0.0
-9.573647499084473,5.506076812744141
0.0,0.0
0.0,0.0
0.0,0.0
-8.624920845031738,-0.7451712489128113
0.0,0.0
0.0,0.0
0.0,0.0
0.0,0.0
0.0,0.0
0.0,0.0
0.0,0.0
0.0,0.0
0.0,0.0
0.0,0.0
0.0,0.0
0.0,0.0
0.0,0.0
0.0,0.0
0.0,0.0
0.0,0.0
0.0,0.0
0.0,0.0
0.0,0.0
-15.974422454833984,6.225258827209473
-76.68722534179688,-22.10062599182129
0.0,0.0
0.0,0.0
0.0,0.0
0.0,0.0
0.0,0.0
0.0,0.0
-11.111948013305664,-11.666752815246582
22.222204208374023,-36.05949401855469
0.0,0.0
0.0,0.0
0.0,0.0
0.0,0.0
0.0,0.0
0.0,0.0
0.0,0.0
0.0,0.0
0.0,0.0
0.0,0.0
0.0,0.0
0.0,0.0
0.0,0.0
0.0,0.0
0.0,0.0
0.0,0.0
0.0,0.0
0.0,0.0
0.0,0.0
0.0,0.0
0.0,0.0
0.0,0.0
-11.105679512023926,-53.72410583496094
22.22168731689453,-89.51961517333984
0.0,0.0
0.0,0.0
-279.0417785644531,-243.57032775878906
0.0,0.0
0.0,0.0
0.0,0.0
-19.604686737060547,-84.48241424560547
22.222211837768555,-17.818239212036133
0.0,0.0
0.0,0.0
-505.6253967285156,-311.4884033203125
0.0,0.0
0.0,0.0
0.0,0.0
0.0,0.0
0.0,0.0
0.0,0.0
0.0,0.0
0.0,0.0
0.0,0.0
0.0,0.0
0.0,0.0
0.0,0.0
0.0,0.0
0.0,0.0
0.0,0.0
0.0,0.0
0.0,0.0
0.0,0.0
0.0,0.0
0.0,0.0
0.0,0.0
0.0,0.0
0.0,0.0
0.0,0.0
0.0,0.0
0.0,0.0
0.0,0.0
0.0,0.0
0.0,0.0
0.0,0.0
0.0,0.0
0.0,0.0
0.0,0.0
0.0,0.0
0.0,0.0
0.0,0.0
0.0,0.0
0.0,0.0
0.0,0.0
0.0,0.0
0.0,0.0
0.0,0.0
0.0,0.0
0.0,0.0
0.0,0.0
0.0,0.0
0.0,0.0
0.0,0.0
0.0,0.0
0.0,0.0
0.0,0.0
0.0,0.0
0.0,0.0
0.0,0.0
0.0,0.0
0.0,0.0
0.0,0.0
0.0,0.0
0.0,0.0
0.0,0.0
0.0,0.0
0.0,0.0
0.0,0.0
0.0,0.0
0.0,0.0
0.0,0.0
0.0,0.0
0.0,0.0
0.0,0.0
0.0,0.0
0.0,0.0
0.0,0.0
0.0,0.0
0.0,0.0
0.0,0.0
0.0,0.0
0.0,0.0
0.0,0.0
0.0,0.0
0.0,0.0
0.0,0.0
0.0,0.0
0.0,0.0
-8.888885498046875,11.111105918884277
22.221210479736328,-17.393491744995117
0.0,0.0
0.0,0.0
0.0,0.0
0.0,0.0
0.0,0.0
0.0,0.0
-8.888973236083984,11.111105918884277
22.210472106933594,-10.31911563873291
0.0,0.0
0.0,0.0
0.0,0.0
0.0,0.0
0.0,0.0
0.0,0.0
0.0,0.0
0.0,0.0
0.0,0.0
0.0,0.0
0.0,0.0
0.0,0.0
0.0,0.0
0.0,0.0
0.0,0.0
0.0,0.0
0.0,0.0
0.0,0.0
0.0,0.0
0.0,0.0
0.0,0.0
0.0,0.0
-8.888885498046875,11.111105918884277
22.21416473388672,-14.893585205078125
0.0,0.0
0.0,0.0
0.0,0.0
0.0,0.0
0.0,0.0
0.0,0.0
-8.927647590637207,10.777604103088379
22.158048629760742,-13.97580623626709
0.0,0.0
0.0,0.0
0.0,0.0
0.0,0.0
0.0,0.0
0.0,0.0
0.0,0.0
0.0,0.0
0.0,0.0
0.0,0.0
0.0,0.0
0.0,0.0
0.0,0.0
0.0,0.0
0.0,0.0
0.0,0.0
0.0,0.0
0.0,0.0
0.0,0.0
0.0,0.0
0.0,0.0
0.0,0.0
0.0,0.0
0.0,0.0
0.0,0.0
0.0,0.0
0.0,0.0
0.0,0.0
0.0,0.0
0.0,0.0
0.0,0.0
0.0,0.0
0.0,0.0
0.0,0.0
0.0,0.0
0.0,0.0
0.0,0.0
0.0,0.0
0.0,0.0
0.0,0.0
0.0,0.0
0.0,0.0
0.0,0.0
0.0,0.0
0.0,0.0
0.0,0.0
0.0,0.0
0.0,0.0
0.0,0.0
0.0,0.0
0.0,0.0
0.0,0.0
0.0,0.0
0.0,0.0
0.0,0.0
0.0,0.0
0.0,0.0
0.0,0.0
0.0,0.0
0.0,0.0
0.0,0.0
0.0,0.0
0.0,0.0
0.0,0.0
0.0,0.0
0.0,0.0
0.0,0.0
0.0,0.0
11.111090660095215,-7.818465709686279
32.57591247558594,-10.345582962036133
11.096022605895996,-5.849958419799805
4.0,0.0
0.0,0.0
0.0,0.0
0.0,0.0
0.0,0.0
11.111105918884277,-8.655945777893066
40.96158981323242,-3.590384006500244
10.45496654510498,-4.304620265960693
0.0,0.0
0.0,0.0
0.0,0.0
0.0,0.0
0.0,0.0
-11.035554885864258,-86.1585693359375
17.30805778503418,-1.849439024925232
-9.438246726989746,10.945595741271973
22.222211837768555,-17.77513885498047
0.0,0.0
0.0,0.0
0.0,0.0
0.0,0.0
-8.781612396240234,11.111105918884277
20.11930274963379,-7.687128067016602
-11.117949485778809,-41.62850570678711
22.222211837768555,-17.77764892578125
0.0,0.0
0.0,0.0
0.0,0.0
0.0,0.0
11.111105918884277,-7.448650360107422
27.137060165405273,-15.785006523132324
11.068531036376953,-6.230698108673096
4.0,0.0
7.173681259155273,-0.9463067650794983
0.0,0.0
0.0,0.0
0.0,0.0
11.111105918884277,-8.763813972473145
40.617130279541016,-10.31395149230957
10.059651374816895,-1.8110731840133667
0.0,0.0
8.875165939331055,-1.8726190328598022
0.0,0.0
0.0,0.0
0.0,0.0
-8.370415687561035,11.046113967895508
16.28795623779297,-1.9617999792099
-26.56505012512207,-110.20603942871094
22.222211837768555,-17.769088745117188
-1.8429855108261108,6.784265041351318
0.0,0.0
-353.36700439453125,-259.5335388183594
0.0,0.0
-8.7399320602417,11.111105918884277
20.48079490661621,-3.65360164642334
-26.707290649414062,-109.6412582397461
22.222211837768555,-17.776472091674805
-1.8239492177963257,9.25952434539795
0.0,0.0
-49.433170318603516,-325.1614074707031
0.0,0.0
0.0,0.0
0.0,0.0
0.0,0.0
0.0,0.0
0.0,0.0
0.0,0.0
0.0,0.0
0.0,0.0
0.0,0.0
0.0,0.0
0.0,0.0
0.0,0.0
0.0,0.0
0.0,0.0
0.0,0.0
0.0,0.0
0.0,0.0
0.0,0.0
0.0,0.0
0.0,0.0
0.0,0.0
0.0,0.0
0.0,0.0
0.0,0.0
0.0,0.0
0.0,0.0
0.0,0.0
0.0,0.0
0.0,0.0
0.0,0.0
0.0,0.0
0.0,0.0
0.0,0.0
0.0,0.0
0.0,0.0
0.0,0.0
0.0,0.0
0.0,0.0
0.0,0.0
0.0,0.0
0.0,0.0
0.0,0.0
0.0,0.0
0.0,0.0
0.0,0.0
0.0,0.0
0.0,0.0
0.0,0.0
0.0,0.0
0.0,0.0
0.0,0.0
0.0,0.0
0.0,0.0
0.0,0.0
0.0,0.0
0.0,0.0
0.0,0.0
0.0,0.0
0.0,0.0
0.0,0.0
0.0,0.0
0.0,0.0
0.0,0.0
0.0,0.0
0.0,0.0
0.0,0.0
2.738100051879883,0.0
0.0,0.0
0.0,0.0
0.0,0.0
0.0,0.0
0.0,0.0
11.110730171203613,-7.832286357879639
0.0,0.0
8.65402889251709,-2.0865488052368164
0.0,0.0
0.0,0.0
0.0,0.0
0.0,0.0
0.0,0.0
0.0,0.0
0.0,0.0
-9.283147811889648,8.700117111206055
0.0,0.0
0.0,0.0
0.0,0.0
0.0,0.0
0.0,0.0
-11.109525680541992,-29.865314483642578
0.0,0.0
-9.58147144317627,10.325135231018066
0.0,0.0
0.0,0.0
0.0,0.0
0.0,0.0
0.0,0.0
0.0,0.0
0.0,0.0
0.0,0.0
0.0,0.0
0.0,0.0
0.0,0.0
0.0,0.0
0.0,0.0
4.177420616149902,0.0
0.0,0.0
0.0,0.0
0.0,0.0
0.0,0.0
0.0,0.0
0.0,0.0
0.0,0.0
0.0,0.0
0.0,0.0
-4.360333442687988,10.616660118103027
0.0,0.0
0.0,0.0
0.0,0.0
0.0,0.0
0.0,0.0
-1.899999976158142,4.177420616149902
0.0,0.0
-7.625319957733154,11.108807563781738
0.0,0.0
0.0,0.0
0.0,0.0
0.0,0.0
0.0,0.0
0.0,0.0
0.0,0.0
0.0,0.0
0.0,0.0
0.0,0.0
0.0,0.0
0.0,0.0
0.0,0.0
0.0,0.0
0.0,0.0
0.0,0.0
0.0,0.0
0.0,0.0
0.0,0.0
0.0,0.0
0.0,0.0
0.0,0.0
0.0,0.0
0.0,0.0
0.0,0.0
0.0,0.0
0.0,0.0
0.0,0.0
0.0,0.0
0.0,0.0
0.0,0.0
0.0,0.0
0.0,0.0
0.0,0.0
0.0,0.0
0.0,0.0
0.0,0.0
0.0,0.0
0.0,0.0
0.0,0.0
0.0,0.0
0.0,0.0
0.0,0.0
0.0,0.0
0.0,0.0
0.0,0.0
0.0,0.0
0.0,0.0
0.0,0.0
0.0,0.0
0.0,0.0
0.0,0.0
0.0,0.0
0.0,0.0
0.0,0.0
0.0,0.0
0.0,0.0
0.0,0.0
0.0,0.0
0.0,0.0
0.0,0.0
0.0,0.0
0.0,0.0
0.0,0.0
0.0,0.0
0.0,0.0
0.0,0.0
0.0,0.0
0.0,0.0
