-9.844322204589844,6.397988796234131
0.0,0.0
0.0,0.0
0.0,0.0
0.0,0.0
0.0,0.0
0.0,0.0
0.0,0.0
0.0,0.0
0.0,0.0
0.0,0.0
0.0,0.0
0.0,0.0
0.0,0.0
0.0,0.0
0.0,0.0
0.0,0.0
0.0,0.0
11.712420463562012,30.670257568359375
22.218059539794922,-7.452332019805908
0.0,0.0
0.0,0.0
0.0,0.0
0.0,0.0
0.0,0.0
0.0,0.0
9.391626358032227,27.11583709716797
22.22189712524414,-11.089521408081055
0.0,0.0
0.0,0.0
-3.9736056327819824,8.875165939331055
0.0,0.0
0.0,0.0
0.0,0.0
0.0,0.0
0.0,0.0
0.0,0.0
0.0,0.0
0.0,0.0
0.0,0.0
0.0,0.0
0.0,0.0
0.0,0.0
0.0,0.0
0.0,0.0
0.0,0.0
0.0,0.0
0.0,0.0
0.0,0.0
0.0,0.0
-8.941959381103516,11.086304664611816
11.772165298461914,0.0
0.0,0.0
0.0,0.0
-8.889697074890137,11.110016822814941
5.476200103759766,0.0
0.0,0.0
0.0,0.0
-8.89109992980957,11.069233894348145
20.11930274963379,-1.7988070249557495
0.0,0.0
0.0,0.0
-8.88365650177002,11.111105918884277
0.0,0.0
0.0,0.0
0.0,0.0
0.0,0.0
0.0,0.0
0.0,0.0
0.0,0.0
0.0,0.0
0.0,0.0
0.0,0.0
0.0,0.0
0.0,0.0
0.0,0.0
0.0,0.0
0.0,0.0
0.0,0.0
0.0,0.0
0.0,0.0
0.0,0.0
-8.935057640075684,11.054533004760742
22.222211837768555,-17.516551971435547
0.0,0.0
0.0,0.0
-8.875272750854492,11.111105918884277
22.21936798095703,-10.17329216003418
0.0,0.0
0.0,0.0
-8.907602310180664,10.89074993133545
22.222164154052734,-17.715652465820312
0.0,0.0
0.0,0.0
-8.989864349365234,11.102714538574219
22.222211837768555,-17.778182983398438
0.0,0.0
0.0,0.0
0.0,0.0
0.0,0.0
0.0,0.0
0.0,0.0
0.0,0.0
0.0,0.0
0.0,0.0
0.0,0.0
0.0,0.0
0.0,0.0
0.0,0.0
0.0,0.0
0.0,0.0
0.0,0.0
0.0,0.0
0.0,0.0
-8.919901847839355,11.103106498718262
22.222211837768555,-17.77747344970703
0.0,0.0
0.0,0.0
-8.90793228149414,11.110733032226562
22.222211837768555,-17.74958038330078
0.0,0.0
0.0,0.0
-8.900361061096191,11.109232902526855
22.222204208374023,-15.361052513122559
0.0,0.0
0.0,0.0
-8.924378395080566,11.111101150512695
22.222211837768555,-17.777742385864258
0.0,0.0
0.0,0.0
0.0,0.0
0.0,0.0
0.0,0.0
0.0,0.0
0.0,0.0
0.0,0.0
0.0,0.0
0.0,0.0
0.0,0.0
0.0,0.0
0.0,0.0
0.0,0.0
0.0,0.0
0.0,0.0
0.0,0.0
0.0,0.0
0.5754470229148865,19.65741729736328
20.012603759765625,-18.012643814086914
0.0,0.0
0.0,0.0
0.0,0.0
0.0,0.0
0.0,0.0
0.0,0.0
3.4242494106292725,22.63897132873535
22.222211837768555,-17.46169090270996
0.0,0.0
0.0,0.0
-8.57894515991211,11.111105918884277
2.0,-1.9800000190734863
0.0,0.0
0.0,0.0
0.0,0.0
0.0,0.0
0.0,0.0
0.0,0.0
0.0,0.0
0.0,0.0
0.0,0.0
0.0,0.0
0.0,0.0
0.0,0.0
0.0,0.0
0.0,0.0
0.0,0.0
0.0,0.0
0.0,0.0
0.0,0.0
0.0,0.0
0.0,0.0
0.0,0.0
0.0,0.0
0.0,0.0
0.0,0.0
0.0,0.0
0.0,0.0
0.0,0.0
0.0,0.0
0.0,0.0
0.0,0.0
0.0,0.0
0.0,0.0
0.0,0.0
0.0,0.0
0.0,0.0
0.0,0.0
0.0,0.0
0.0,0.0
0.0,0.0
0.0,0.0
0.0,0.0
0.0,0.0
0.0,0.0
0.0,0.0
0.0,0.0
0.0,0.0
0.0,0.0
0.0,0.0
0.0,0.0
0.0,0.0
-8.913383483886719,10.86561107635498
0.0,0.0
0.0,0.0
0.0,0.0
0.0,0.0
0.0,0.0
0.0,0.0
0.0,0.0
-8.925058364868164,10.749130249023438
22.222116470336914,-17.777799606323242
0.0,0.0
0.0,0.0
-9.292654991149902,6.169583320617676
0.0,0.0
0.0,0.0
0.0,0.0
0.0,0.0
0.0,0.0
0.0,0.0
0.0,0.0
0.0,0.0
0.0,0.0
0.0,0.0
0.0,0.0
0.0,0.0
0.0,0.0
0.0,0.0
0.0,0.0
0.0,0.0
0.0,0.0
0.0,0.0
0.0,0.0
-8.909765243530273,11.109739303588867
0.0,0.0
0.0,0.0
0.0,0.0
0.0,0.0
0.0,0.0
0.0,0.0
0.0,0.0
-8.967604637145996,10.444157600402832
22.222211837768555,-17.77777099609375
0.0,0.0
0.0,0.0
-9.221725463867188,5.052477836608887
0.0,0.0
0.0,0.0
0.0,0.0
0.0,0.0
0.0,0.0
0.0,0.0
0.0,0.0
0.0,0.0
0.0,0.0
0.0,0.0
0.0,0.0
0.0,0.0
0.0,0.0
0.0,0.0
0.0,0.0
0.0,0.0
0.0,0.0
0.0,0.0
0.0,0.0
0.0,0.0
0.0,0.0
0.0,0.0
0.0,0.0
0.0,0.0
0.0,0.0
0.0,0.0
0.0,0.0
0.0,0.0
0.0,0.0
0.0,0.0
0.0,0.0
0.0,0.0
0.0,0.0
0.0,0.0
0.0,0.0
0.0,0.0
0.0,0.0
0.0,0.0
0.0,0.0
0.0,0.0
0.0,0.0
0.0,0.0
0.0,0.0
0.0,0.0
0.0,0.0
0.0,0.0
0.0,0.0
0.0,0.0
0.0,0.0
0.0,0.0
0.0,0.0
0.0,0.0
0.0,0.0
0.0,0.0
0.0,0.0
0.0,0.0
0.0,0.0
0.0,0.0
0.0,0.0
0.0,0.0
0.0,0.0
0.0,0.0
0.0,0.0
0.0,0.0
0.0,0.0
11.111105918884277,-6.461944103240967
44.44442367553711,-35.2916374206543
11.111105918884277,-6.652711391448975
42.05607986450195,-3.9235999584198
1.909999966621399,-0.9900000095367432
0.0,0.0
6.784265041351318,-0.9726189970970154
0.0,0.0
11.111105918884277,-6.473696708679199
44.44442367553711,-31.688692092895508
11.111105918884277,-7.82654333114624
44.27412414550781,2.5160765647888184
0.0,0.0
0.0,0.0
10.661160469055176,-0.905738353729248
0.0,0.0
0.0,0.0
0.0,0.0
-9.13399887084961,4.621397972106934
19.431617736816406,-2.2846877574920654
0.0,0.0
0.0,0.0
-2.6750831604003906,8.220541000366211
0.0,0.0
0.0,0.0
0.0,0.0
-9.371030807495117,7.193286895751953
22.085756301879883,-0.863895833492279
0.0,0.0
0.0,0.0
-5.203019142150879,5.427990436553955
3.819999933242798,0.0
11.111105918884277,-5.247282981872559
44.44442367553711,-15.795072555541992
11.111105918884277,-8.818879127502441
40.617130279541016,0.9967688918113708
11.111105918884277,-8.556553840637207
0.0,0.0
10.318761825561523,-0.05636192113161087
0.0,0.0
11.111105918884277,-7.186235427856445
44.44442367553711,-28.927907943725586
11.111105918884277,-5.0809736251831055
44.1445198059082,1.1423532962799072
11.111105918884277,-8.814395904541016
25.42534065246582,-4.0
11.108597755432129,-4.335111141204834
31.402101516723633,-7.460333347320557
0.0,0.0
0.0,0.0
-4.567045211791992,2.898442029953003
20.11930274963379,2.1505610942840576
0.0,0.0
0.0,0.0
-3.3242547512054443,9.008280754089355
0.0,0.0
0.0,0.0
0.0,0.0
-8.886486053466797,8.67557430267334
20.7801456451416,-0.8958060145378113
0.0,0.0
0.0,0.0
-7.749816417694092,6.39215612411499
20.48079490661621,-7.672824382781982
0.0,0.0
0.0,0.0
0.0,0.0
0.0,0.0
0.0,0.0
0.0,0.0
0.0,0.0
0.0,0.0
0.0,0.0
0.0,0.0
0.0,0.0
0.0,0.0
0.0,0.0
0.0,0.0
0.0,0.0
0.0,0.0
0.0,0.0
0.0,0.0
0.0,0.0
0.0,0.0
0.0,0.0
0.0,0.0
0.0,0.0
0.0,0.0
0.0,0.0
0.0,0.0
0.0,0.0
0.0,0.0
0.0,0.0
0.0,0.0
0.0,0.0
0.0,0.0
0.0,0.0
0.0,0.0
0.0,0.0
0.0,0.0
0.0,0.0
0.0,0.0
0.0,0.0
0.0,0.0
0.0,0.0
0.0,0.0
0.0,0.0
0.0,0.0
0.0,0.0
0.0,0.0
0.0,0.0
0.0,0.0
0.0,0.0
0.0,0.0
0.0,0.0
0.0,0.0
0.0,0.0
0.0,0.0
0.0,0.0
0.0,0.0
0.0,0.0
0.0,0.0
0.0,0.0
0.0,0.0
0.0,0.0
0.0,0.0
0.0,0.0
0.0,0.0
0.0,0.0
0.0,0.0
11.111105918884277,-7.069746971130371
0.0,0.0
0.0,0.0
0.0,0.0
0.0,0.0
0.0,0.0
11.099748611450195,1.847780704498291
0.0,0.0
11.111105918884277,5.172746181488037
0.0,0.0
0.0,0.0
0.0,0.0
10.855598449707031,6.1212477684021
0.0,0.0
0.0,0.0
0.0,0.0
-10.100895881652832,-1.0092036724090576
0.0,0.0
0.0,0.0
0.0,0.0
0.0,0.0
0.0,0.0
-8.876768112182617,11.111105918884277
0.0,0.0
-9.700718879699707,2.9929027557373047
0.0,0.0
0.0,0.0
0.0,0.0
-10.119123458862305,-6.616628646850586
0.0,0.0
0.0,0.0
0.0,0.0
11.111105918884277,-8.541829109191895
0.0,0.0
0.0,0.0
0.0,0.0
0.0,0.0
0.0,0.0
11.111105918884277,1.5798847675323486
0.0,0.0
11.111105918884277,3.746657609939575
0.0,0.0
0.0,0.0
0.0,0.0
8.411020278930664,1.0273809432983398
0.0,0.0
0.0,0.0
0.0,0.0
-8.921234130859375,11.111104965209961
0.0,0.0
0.0,0.0
0.0,0.0
0.0,0.0
0.0,0.0
-7.654819488525391,11.110855102539062
0.0,0.0
-9.580108642578125,4.564229965209961
0.0,0.0
0.0,0.0
0.0,0.0
-9.742670059204102,-4.821457386016846
0.0,0.0
0.0,0.0
0.0,0.0
0.0,0.0
0.0,0.0
0.0,0.0
0.0,0.0
0.0,0.0
0.0,0.0
0.0,0.0
0.0,0.0
0.0,0.0
0.0,0.0
0.0,0.0
0.0,0.0
0.0,0.0
0.0,0.0
0.0,0.0
0.0,0.0
-9.357331275939941,6.584615230560303
22.222211837768555,-20.279693603515625
0.0,0.0
0.0,0.0
0.0,0.0
0.0,0.0
0.0,0.0
0.0,0.0
-9.091245651245117,9.986228942871094
21.73719024658203,-224.6344757080078
0.0,0.0
0.0,0.0
0.0,0.0
0.0,0.0
0.0,0.0
0.0,0.0
0.0,0.0
0.0,0.0
0.0,0.0
0.0,0.0
0.0,0.0
0.0,0.0
0.0,0.0
0.0,0.0
0.0,0.0
0.0,0.0
0.0,0.0
0.0,0.0
0.0,0.0
0.0,0.0
0.0,0.0
0.0,0.0
-11.111082077026367,-17.73750114440918
22.222211837768555,-19.41046905517578
0.0,0.0
0.0,0.0
-51.74142837524414,-299.7405700683594
0.0,0.0
0.0,0.0
0.0,0.0
-25.318939208984375,11.11109447479248
22.222211837768555,-127.58863830566406
0.0,0.0
0.0,0.0
-465.6568298339844,-628.250732421875
0.0,0.0
0.0,0.0
0.0,0.0
0.0,0.0
0.0,0.0
0.0,0.0
0.0,0.0
0.0,0.0
0.0,0.0
0.0,0.0
0.0,0.0
0.0,0.0
0.0,0.0
0.0,0.0
0.0,0.0
0.0,0.0
0.0,0.0
0.0,0.0
0.0,0.0
0.0,0.0
0.0,0.0
0.0,0.0
0.0,0.0
0.0,0.0
0.0,0.0
0.0,0.0
0.0,0.0
0.0,0.0
0.0,0.0
0.0,0.0
0.0,0.0
0.0,0.0
0.0,0.0
0.0,0.0
0.0,0.0
0.0,0.0
0.0,0.0
0.0,0.0
0.0,0.0
0.0,0.0
0.0,0.0
0.0,0.0
0.0,0.0
0.0,0.0
0.0,0.0
0.0,0.0
0.0,0.0
0.0,0.0
0.0,0.0
0.0,0.0
0.0,0.0
0.0,0.0
0.0,0.0
0.0,0.0
0.0,0.0
0.0,0.0
0.0,0.0
0.0,0.0
0.0,0.0
0.0,0.0
0.0,0.0
0.0,0.0
0.0,0.0
0.0,0.0
0.0,0.0
0.0,0.0
0.0,0.0
0.0,0.0
0.0,0.0
0.0,0.0
0.0,0.0
0.0,0.0
0.0,0.0
0.0,0.0
0.0,0.0
0.0,0.0
0.0,0.0
0.0,0.0
0.0,0.0
0.0,0.0
0.0,0.0
0.0,0.0
0.0,0.0
-8.888885498046875,11.111105918884277
22.222211837768555,-17.59398078918457
0.0,0.0
0.0,0.0
0.0,0.0
0.0,0.0
0.0,0.0
0.0,0.0
-8.888973236083984,11.111105918884277
22.222211837768555,-15.17724323272705
0.0,0.0
0.0,0.0
0.0,0.0
0.0,0.0
0.0,0.0
0.0,0.0
0.0,0.0
0.0,0.0
0.0,0.0
0.0,0.0
0.0,0.0
0.0,0.0
0.0,0.0
0.0,0.0
0.0,0.0
0.0,0.0
0.0,0.0
0.0,0.0
0.0,0.0
0.0,0.0
0.0,0.0
0.0,0.0
-11.111105918884277,2.3299403190612793
22.222211837768555,-16.87272071838379
0.0,0.0
0.0,0.0
0.0,0.0
0.0,0.0
0.0,0.0
0.0,0.0
-8.916215896606445,10.846829414367676
22.220439910888672,-14.698349952697754
0.0,0.0
0.0,0.0
0.0,0.0
0.0,0.0
0.0,0.0
0.0,0.0
0.0,0.0
0.0,0.0
0.0,0.0
0.0,0.0
0.0,0.0
0.0,0.0
0.0,0.0
0.0,0.0
0.0,0.0
0.0,0.0
0.0,0.0
0.0,0.0
0.0,0.0
0.0,0.0
0.0,0.0
0.0,0.0
0.0,0.0
0.0,0.0
0.0,0.0
0.0,0.0
0.0,0.0
0.0,0.0
0.0,0.0
0.0,0.0
0.0,0.0
0.0,0.0
0.0,0.0
0.0,0.0
0.0,0.0
0.0,0.0
0.0,0.0
0.0,0.0
0.0,0.0
0.0,0.0
0.0,0.0
0.0,0.0
0.0,0.0
0.0,0.0
0.0,0.0
0.0,0.0
0.0,0.0
0.0,0.0
0.0,0.0
0.0,0.0
0.0,0.0
0.0,0.0
0.0,0.0
0.0,0.0
0.0,0.0
0.0,0.0
0.0,0.0
0.0,0.0
0.0,0.0
0.0,0.0
0.0,0.0
0.0,0.0
0.0,0.0
0.0,0.0
0.0,0.0
0.0,0.0
0.0,0.0
0.0,0.0
11.111105918884277,-8.320022583007812
39.365543365478516,-10.345582962036133
11.11091423034668,-6.673618793487549
4.0,0.0
0.0,0.0
0.0,0.0
0.0,0.0
0.0,0.0
-169.99526977539062,-9.916117668151855
43.74357223510742,-3.590384006500244
11.054607391357422,-4.765602111816406
0.0,0.0
0.0,0.0
0.0,0.0
0.0,0.0
0.0,0.0
-11.111035346984863,-27.9335880279541
20.11930274963379,-4.941464900970459
-11.111102104187012,-23.126901626586914
22.222211837768555,-17.777719497680664
0.0,0.0
0.0,0.0
0.0,0.0
0.0,0.0
-8.837578773498535,11.111105918884277
21.711196899414062,-10.455469131469727
-54.31999969482422,11.111099243164062
22.222211837768555,-17.77777099609375
0.0,0.0
0.0,0.0
0.0,0.0
0.0,0.0
11.111105918884277,-8.038442611694336
36.30560302734375,-15.785006523132324
11.110373497009277,-6.951415538787842
4.0,0.0
7.850525379180908,-1.7799392938613892
0.0,0.0
0.0,0.0
0.0,0.0
11.111105918884277,-8.840433120727539
42.6446418762207,-10.31395149230957
11.028714179992676,-2.527561902999878
0.0,0.0
9.841385841369629,-3.8262157440185547
0.0,0.0
0.0,0.0
0.0,0.0
-8.641460418701172,11.111096382141113
19.431617736816406,-1.9617999792099
-84.63858032226562,10.931516647338867
22.222211837768555,-17.77692413330078
-1.8429855108261108,7.850525379180908
0.0,0.0
-213.1549072265625,-252.81033325195312
0.0,0.0
-8.888757705688477,11.096246719360352
21.40331268310547,-3.65360164642334
-95.34678649902344,7.0300140380859375
22.222211837768555,-17.77737045288086
-2.544396162033081,10.154282569885254
0.0,0.0
-398.6859130859375,-235.497802734375
0.0,0.0
0.0,0.0
0.0,0.0
0.0,0.0
0.0,0.0
0.0,0.0
0.0,0.0
0.0,0.0
0.0,0.0
0.0,0.0
0.0,0.0
0.0,0.0
0.0,0.0
0.0,0.0
0.0,0.0
0.0,0.0
0.0,0.0
0.0,0.0
0.0,0.0
0.0,0.0
0.0,0.0
0.0,0.0
0.0,0.0
0.0,0.0
0.0,0.0
0.0,0.0
0.0,0.0
0.0,0.0
0.0,0.0
0.0,0.0
0.0,0.0
0.0,0.0
0.0,0.0
0.0,0.0
0.0,0.0
0.0,0.0
0.0,0.0
0.0,0.0
0.0,0.0
0.0,0.0
0.0,0.0
0.0,0.0
0.0,0.0
0.0,0.0
0.0,0.0
0.0,0.0
0.0,0.0
0.0,0.0
0.0,0.0
0.0,0.0
0.0,0.0
0.0,0.0
0.0,0.0
0.0,0.0
0.0,0.0
0.0,0.0
0.0,0.0
0.0,0.0
0.0,0.0
0.0,0.0
0.0,0.0
0.0,0.0
0.0,0.0
0.0,0.0
0.0,0.0
0.0,0.0
0.0,0.0
5.886082649230957,0.0
0.0,0.0
0.0,0.0
0.0,0.0
0.0,0.0
0.0,0.0
11.111105918884277,-8.327367782592773
0.0,0.0
10.3900728225708,-2.77947998046875
0.0,0.0
0.0,0.0
0.0,0.0
0.0,0.0
0.0,0.0
0.0,0.0
0.0,0.0
-8.889021873474121,11.109858512878418
0.0,0.0
0.0,0.0
0.0,0.0
0.0,0.0
0.0,0.0
-171.98443603515625,10.476664543151855
0.0,0.0
-8.933618545532227,10.938399314880371
0.0,0.0
0.0,0.0
0.0,0.0
0.0,0.0
0.0,0.0
0.0,0.0
0.0,0.0
0.0,0.0
0.0,0.0
0.0,0.0
0.0,0.0
0.0,0.0
0.0,0.0
4.80145263671875,0.0
0.0,0.0
0.0,0.0
0.0,0.0
0.0,0.0
0.0,0.0
0.0,0.0
0.0,0.0
0.0,0.0
0.0,0.0
-4.360333442687988,11.049018859863281
0.0,0.0
0.0,0.0
0.0,0.0
0.0,0.0
0.0,0.0
-1.899999976158142,5.369321823120117
0.0,0.0
-8.601360321044922,11.109707832336426
0.0,0.0
0.0,0.0
0.0,0.0
0.0,0.0
0.0,0.0
0.0,0.0
0.0,0.0
0.0,0.0
0.0,0.0
0.0,0.0
0.0,0.0
0.0,0.0
0.0,0.0
0.0,0.0
0.0,0.0
0.0,0.0
0.0,0.0
0.0,0.0
0.0,0.0
0.0,0.0
0.0,0.0
0.0,0.0
0.0,0.0
0.0,0.0
0.0,0.0
0.0,0.0
0.0,0.0
0.0,0.0
0.0,0.0
0.0,0.0
0.0,0.0
0.0,0.0
0.0,0.0
0.0,0.0
0.0,0.0
0.0,0.0
0.0,0.0
0.0,0.0
0.0,0.0
0.0,0.0
0.0,0.0
0.0,0.0
0.0,0.0
0.0,0.0
0.0,0.0
0.0,0.0
0.0,0.0
0.0,0.0
0.0,0.0
0.0,0.0
0.0,0.0
0.0,0.0
0.0,0.0
0.0,0.0
0.0,0.0
0.0,0.0
0.0,0.0
0.0,0.0
0.0,0.0
0.0,0.0
0.0,0.0
0.0,0.0
0.0,0.0
0.0,0.0
0.0,0.0
0.0,0.0
0.0,0.0
0.0,0.0
0.0,0.0
