-7.598702907562256,7.627813816070557
0.0,0.0
0.0,0.0
0.0,0.0
0.0,0.0
0.0,0.0
0.0,0.0
0.0,0.0
0.0,0.0
0.0,0.0
0.0,0.0
0.0,0.0
0.0,0.0
0.0,0.0
0.0,0.0
0.0,0.0
0.0,0.0
0.0,0.0
0.3717336654663086,30.670034408569336
16.822040557861328,-1.9039709568023682
0.0,0.0
0.0,0.0
0.0,0.0
0.0,0.0
0.0,0.0
0.0,0.0
2.331321954727173,27.114957809448242
19.155624389648438,-5.137050151824951
0.0,0.0
0.0,0.0
-3.4026191234588623,7.528049945831299
0.0,0.0
0.0,0.0
0.0,0.0
0.0,0.0
0.0,0.0
0.0,0.0
0.0,0.0
0.0,0.0
0.0,0.0
0.0,0.0
0.0,0.0
0.0,0.0
0.0,0.0
0.0,0.0
0.0,0.0
0.0,0.0
0.0,0.0
0.0,0.0
0.0,0.0
-8.88902473449707,11.111099243164062
0.0,0.0
0.0,0.0
0.0,0.0
-8.888897895812988,11.111105918884277
0.0,0.0
0.0,0.0
0.0,0.0
-8.889288902282715,11.111104965209961
14.347362518310547,0.0
0.0,0.0
0.0,0.0
-8.84105110168457,11.111105918884277
0.0,0.0
0.0,0.0
0.0,0.0
0.0,0.0
0.0,0.0
0.0,0.0
0.0,0.0
0.0,0.0
0.0,0.0
0.0,0.0
0.0,0.0
0.0,0.0
0.0,0.0
0.0,0.0
0.0,0.0
0.0,0.0
0.0,0.0
0.0,0.0
0.0,0.0
-8.96207046508789,10.947563171386719
22.222211837768555,-17.776926040649414
0.0,0.0
0.0,0.0
-8.735247611999512,11.111105918884277
21.32232093811035,-6.1819987297058105
0.0,0.0
0.0,0.0
-8.890708923339844,11.111099243164062
-32.839908599853516,-21.72407341003418
0.0,0.0
0.0,0.0
-8.897104263305664,10.280609130859375
3.9510653018951416,-22.21173667907715
0.0,0.0
0.0,0.0
0.0,0.0
0.0,0.0
0.0,0.0
0.0,0.0
0.0,0.0
0.0,0.0
0.0,0.0
0.0,0.0
0.0,0.0
0.0,0.0
0.0,0.0
0.0,0.0
0.0,0.0
0.0,0.0
0.0,0.0
0.0,0.0
-8.889936447143555,11.111105918884277
22.222211837768555,-17.742786407470703
0.0,0.0
0.0,0.0
-8.896808624267578,11.111048698425293
22.222211837768555,-17.384977340698242
0.0,0.0
0.0,0.0
-8.891752243041992,11.111104965209961
-74.29978942871094,-21.970327377319336
0.0,0.0
0.0,0.0
-8.888907432556152,11.111105918884277
22.222211837768555,-17.771406173706055
0.0,0.0
0.0,0.0
0.0,0.0
0.0,0.0
0.0,0.0
0.0,0.0
0.0,0.0
0.0,0.0
0.0,0.0
0.0,0.0
0.0,0.0
0.0,0.0
0.0,0.0
0.0,0.0
0.0,0.0
0.0,0.0
0.0,0.0
0.0,0.0
0.5746315121650696,19.65741729736328
21.5792179107666,-17.954753875732422
0.0,0.0
0.0,0.0
0.0,0.0
0.0,0.0
0.0,0.0
0.0,0.0
14.524860382080078,22.63896369934082
22.221210479736328,-15.177845001220703
0.0,0.0
0.0,0.0
-7.901206016540527,11.11085033416748
0.0,0.0
0.0,0.0
0.0,0.0
0.0,0.0
0.0,0.0
0.0,0.0
0.0,0.0
0.0,0.0
0.0,0.0
0.0,0.0
0.0,0.0
0.0,0.0
0.0,0.0
0.0,0.0
0.0,0.0
0.0,0.0
0.0,0.0
0.0,0.0
0.0,0.0
0.0,0.0
0.0,0.0
0.0,0.0
0.0,0.0
0.0,0.0
0.0,0.0
0.0,0.0
0.0,0.0
0.0,0.0
0.0,0.0
0.0,0.0
0.0,0.0
0.0,0.0
0.0,0.0
0.0,0.0
0.0,0.0
0.0,0.0
0.0,0.0
0.0,0.0
0.0,0.0
0.0,0.0
0.0,0.0
0.0,0.0
0.0,0.0
0.0,0.0
0.0,0.0
0.0,0.0
0.0,0.0
0.0,0.0
0.0,0.0
0.0,0.0
0.0,0.0
-8.913383483886719,10.86561107635498
0.0,0.0
0.0,0.0
0.0,0.0
0.0,0.0
0.0,0.0
0.0,0.0
0.0,0.0
-8.925264358520508,10.746394157409668
22.222198486328125,-17.777788162231445
0.0,0.0
0.0,0.0
-9.17611026763916,10.585143089294434
0.0,0.0
0.0,0.0
0.0,0.0
0.0,0.0
0.0,0.0
0.0,0.0
0.0,0.0
0.0,0.0
0.0,0.0
0.0,0.0
0.0,0.0
0.0,0.0
0.0,0.0
0.0,0.0
0.0,0.0
0.0,0.0
0.0,0.0
0.0,0.0
0.0,0.0
-8.891427040100098,11.111104965209961
0.0,0.0
0.0,0.0
0.0,0.0
0.0,0.0
0.0,0.0
0.0,0.0
0.0,0.0
-8.894989967346191,11.103601455688477
22.222211837768555,-17.7775936126709
0.0,0.0
0.0,0.0
-9.063638687133789,10.855677604675293
0.0,0.0
0.0,0.0
0.0,0.0
0.0,0.0
0.0,0.0
0.0,0.0
0.0,0.0
0.0,0.0
0.0,0.0
0.0,0.0
0.0,0.0
0.0,0.0
0.0,0.0
0.0,0.0
0.0,0.0
0.0,0.0
0.0,0.0
0.0,0.0
0.0,0.0
0.0,0.0
0.0,0.0
0.0,0.0
0.0,0.0
0.0,0.0
0.0,0.0
0.0,0.0
0.0,0.0
0.0,0.0
0.0,0.0
0.0,0.0
0.0,0.0
0.0,0.0
0.0,0.0
0.0,0.0
0.0,0.0
0.0,0.0
0.0,0.0
0.0,0.0
0.0,0.0
0.0,0.0
0.0,0.0
0.0,0.0
0.0,0.0
0.0,0.0
0.0,0.0
0.0,0.0
0.0,0.0
0.0,0.0
0.0,0.0
0.0,0.0
0.0,0.0
0.0,0.0
0.0,0.0
0.0,0.0
0.0,0.0
0.0,0.0
0.0,0.0
0.0,0.0
0.0,0.0
0.0,0.0
0.0,0.0
0.0,0.0
0.0,0.0
0.0,0.0
0.0,0.0
11.111105918884277,-5.570703983306885
44.44442367553711,-12.949071884155273
11.111105918884277,-8.507019996643066
25.42534065246582,-3.9235999584198
1.909999966621399,-0.9900000095367432
0.0,0.0
4.80145263671875,-0.9726189970970154
0.0,0.0
11.111105918884277,-6.447298526763916
44.44442367553711,-34.885677337646484
11.111105918884277,-7.211192607879639
32.57591247558594,-7.205481052398682
0.0,0.0
0.0,0.0
8.875165939331055,0.0
0.0,0.0
0.0,0.0
0.0,0.0
-8.272994995117188,8.55933666229248
10.738643646240234,-3.799999952316284
0.0,0.0
0.0,0.0
-2.6750831604003906,4.80145263671875
0.0,0.0
0.0,0.0
0.0,0.0
-8.595001220703125,4.429303169250488
17.75033187866211,0.0
0.0,0.0
0.0,0.0
-3.412402391433716,0.9591304063796997
3.819999933242798,0.0
11.111105918884277,-4.688565254211426
44.44442367553711,-13.071630477905273
11.111105918884277,-4.783695697784424
27.137060165405273,0.0
11.111105918884277,-8.69066333770752
0.0,0.0
5.886082649230957,0.9778608083724976
0.0,0.0
11.111105918884277,-7.27242374420166
44.44442367553711,-30.830934524536133
11.111105918884277,-8.55027961730957
37.70466995239258,-3.636944055557251
11.111105918884277,-8.811762809753418
13.966684341430664,-4.0
10.935893058776855,-5.279975414276123
16.70968246459961,-7.460333347320557
0.0,0.0
0.0,0.0
-3.3338489532470703,3.3547163009643555
11.772165298461914,0.0
0.0,0.0
0.0,0.0
-2.6433329582214355,5.3006911277771
0.0,0.0
0.0,0.0
0.0,0.0
-8.328749656677246,7.967827796936035
13.568530082702637,-4.41410493850708
0.0,0.0
0.0,0.0
-6.406630039215088,10.328969955444336
10.738643646240234,-5.242959499359131
0.0,0.0
0.0,0.0
0.0,0.0
0.0,0.0
0.0,0.0
0.0,0.0
0.0,0.0
0.0,0.0
0.0,0.0
0.0,0.0
0.0,0.0
0.0,0.0
0.0,0.0
0.0,0.0
0.0,0.0
0.0,0.0
0.0,0.0
0.0,0.0
0.0,0.0
0.0,0.0
0.0,0.0
0.0,0.0
0.0,0.0
0.0,0.0
0.0,0.0
0.0,0.0
0.0,0.0
0.0,0.0
0.0,0.0
0.0,0.0
0.0,0.0
0.0,0.0
0.0,0.0
0.0,0.0
0.0,0.0
0.0,0.0
0.0,0.0
0.0,0.0
0.0,0.0
0.0,0.0
0.0,0.0
0.0,0.0
0.0,0.0
0.0,0.0
0.0,0.0
0.0,0.0
0.0,0.0
0.0,0.0
0.0,0.0
0.0,0.0
0.0,0.0
0.0,0.0
0.0,0.0
0.0,0.0
0.0,0.0
0.0,0.0
0.0,0.0
0.0,0.0
0.0,0.0
0.0,0.0
0.0,0.0
0.0,0.0
0.0,0.0
0.0,0.0
0.0,0.0
0.0,0.0
11.111105918884277,-7.259836673736572
0.0,0.0
0.0,0.0
0.0,0.0
0.0,0.0
0.0,0.0
11.111105918884277,2.527859926223755
0.0,0.0
11.111105918884277,7.103437900543213
0.0,0.0
0.0,0.0
0.0,0.0
7.173681259155273,3.5890800952911377
0.0,0.0
0.0,0.0
0.0,0.0
-10.100895881652832,-1.0092358589172363
0.0,0.0
0.0,0.0
0.0,0.0
0.0,0.0
0.0,0.0
-8.118867874145508,11.11088752746582
0.0,0.0
-9.734813690185547,2.622791051864624
0.0,0.0
0.0,0.0
0.0,0.0
-9.498517990112305,1.9413255453109741
0.0,0.0
0.0,0.0
0.0,0.0
11.110373497009277,-6.807834625244141
0.0,0.0
0.0,0.0
0.0,0.0
0.0,0.0
0.0,0.0
11.111105918884277,6.166595458984375
0.0,0.0
11.111105918884277,6.926392555236816
0.0,0.0
0.0,0.0
0.0,0.0
2.738100051879883,0.0
0.0,0.0
0.0,0.0
0.0,0.0
-9.045649528503418,8.5778226852417
0.0,0.0
0.0,0.0
0.0,0.0
0.0,0.0
0.0,0.0
-6.301014423370361,10.111550331115723
0.0,0.0
-9.77769660949707,3.761012077331543
0.0,0.0
0.0,0.0
0.0,0.0
-7.694727420806885,-1.50577974319458
0.0,0.0
0.0,0.0
0.0,0.0
0.0,0.0
0.0,0.0
0.0,0.0
0.0,0.0
0.0,0.0
0.0,0.0
0.0,0.0
0.0,0.0
0.0,0.0
0.0,0.0
0.0,0.0
0.0,0.0
0.0,0.0
0.0,0.0
0.0,0.0
0.0,0.0
-8.980329513549805,10.895955085754395
22.222211837768555,-25.634000778198242
0.0,0.0
0.0,0.0
0.0,0.0
0.0,0.0
0.0,0.0
0.0,0.0
-42.01581573486328,3.0424094200134277
-30.134408950805664,-183.4341583251953
0.0,0.0
0.0,0.0
0.0,0.0
0.0,0.0
0.0,0.0
0.0,0.0
0.0,0.0
0.0,0.0
0.0,0.0
0.0,0.0
0.0,0.0
0.0,0.0
0.0,0.0
0.0,0.0
0.0,0.0
0.0,0.0
0.0,0.0
0.0,0.0
0.0,0.0
0.0,0.0
0.0,0.0
0.0,0.0
-57.899269104003906,8.507126808166504
-102.00898742675781,-220.35528564453125
0.0,0.0
0.0,0.0
-305.9490966796875,-268.75860595703125
0.0,0.0
0.0,0.0
0.0,0.0
-137.9148712158203,-15.328481674194336
22.222211837768555,-18.550886154174805
0.0,0.0
0.0,0.0
-201.73809814453125,-378.4548034667969
0.0,0.0
0.0,0.0
0.0,0.0
0.0,0.0
0.0,0.0
0.0,0.0
0.0,0.0
0.0,0.0
0.0,0.0
0.0,0.0
0.0,0.0
0.0,0.0
0.0,0.0
0.0,0.0
0.0,0.0
0.0,0.0
0.0,0.0
0.0,0.0
0.0,0.0
0.0,0.0
0.0,0.0
0.0,0.0
0.0,0.0
0.0,0.0
0.0,0.0
0.0,0.0
0.0,0.0
0.0,0.0
0.0,0.0
0.0,0.0
0.0,0.0
0.0,0.0
0.0,0.0
0.0,0.0
0.0,0.0
0.0,0.0
0.0,0.0
0.0,0.0
0.0,0.0
0.0,0.0
0.0,0.0
0.0,0.0
0.0,0.0
0.0,0.0
0.0,0.0
0.0,0.0
0.0,0.0
0.0,0.0
0.0,0.0
0.0,0.0
0.0,0.0
0.0,0.0
0.0,0.0
0.0,0.0
0.0,0.0
0.0,0.0
0.0,0.0
0.0,0.0
0.0,0.0
0.0,0.0
0.0,0.0
0.0,0.0
0.0,0.0
0.0,0.0
0.0,0.0
0.0,0.0
0.0,0.0
0.0,0.0
0.0,0.0
0.0,0.0
0.0,0.0
0.0,0.0
0.0,0.0
0.0,0.0
0.0,0.0
0.0,0.0
0.0,0.0
0.0,0.0
0.0,0.0
0.0,0.0
0.0,0.0
0.0,0.0
0.0,0.0
-8.888885498046875,11.111105918884277
22.22007179260254,-17.191987991333008
0.0,0.0
0.0,0.0
0.0,0.0
0.0,0.0
0.0,0.0
0.0,0.0
-8.888973236083984,11.111105918884277
22.210472106933594,-10.31911563873291
0.0,0.0
0.0,0.0
0.0,0.0
0.0,0.0
0.0,0.0
0.0,0.0
0.0,0.0
0.0,0.0
0.0,0.0
0.0,0.0
0.0,0.0
0.0,0.0
0.0,0.0
0.0,0.0
0.0,0.0
0.0,0.0
0.0,0.0
0.0,0.0
0.0,0.0
0.0,0.0
0.0,0.0
0.0,0.0
-8.888885498046875,11.111105918884277
22.206628799438477,-14.893585205078125
0.0,0.0
0.0,0.0
0.0,0.0
0.0,0.0
0.0,0.0
0.0,0.0
-8.888885498046875,11.111105918884277
22.158048629760742,-13.97580623626709
0.0,0.0
0.0,0.0
0.0,0.0
0.0,0.0
0.0,0.0
0.0,0.0
0.0,0.0
0.0,0.0
0.0,0.0
0.0,0.0
0.0,0.0
0.0,0.0
0.0,0.0
0.0,0.0
0.0,0.0
0.0,0.0
0.0,0.0
0.0,0.0
0.0,0.0
0.0,0.0
0.0,0.0
0.0,0.0
0.0,0.0
0.0,0.0
0.0,0.0
0.0,0.0
0.0,0.0
0.0,0.0
0.0,0.0
0.0,0.0
0.0,0.0
0.0,0.0
0.0,0.0
0.0,0.0
0.0,0.0
0.0,0.0
0.0,0.0
0.0,0.0
0.0,0.0
0.0,0.0
0.0,0.0
0.0,0.0
0.0,0.0
0.0,0.0
0.0,0.0
0.0,0.0
0.0,0.0
0.0,0.0
0.0,0.0
0.0,0.0
0.0,0.0
0.0,0.0
0.0,0.0
0.0,0.0
0.0,0.0
0.0,0.0
0.0,0.0
0.0,0.0
0.0,0.0
0.0,0.0
0.0,0.0
0.0,0.0
0.0,0.0
0.0,0.0
0.0,0.0
0.0,0.0
0.0,0.0
0.0,0.0
11.11098861694336,-7.420543670654297
30.112199783325195,-10.345582962036133
11.09108829498291,-5.1366753578186035
4.0,0.0
0.0,0.0
0.0,0.0
0.0,0.0
0.0,0.0
11.111105918884277,-8.45056438446045
40.617130279541016,0.0
9.955660820007324,-4.304620265960693
0.0,0.0
0.0,0.0
0.0,0.0
0.0,0.0
0.0,0.0
-10.735651016235352,-152.08790588378906
16.28795623779297,-1.849439024925232
-9.130804061889648,11.110579490661621
22.222211837768555,-17.767385482788086
0.0,0.0
0.0,0.0
0.0,0.0
0.0,0.0
-8.725381851196289,11.111105918884277
19.682771682739258,-7.687128067016602
-10.754373550415039,9.191025733947754
22.222211837768555,-17.7775821685791
0.0,0.0
0.0,0.0
0.0,0.0
0.0,0.0
11.111102104187012,-7.288623809814453
27.137060165405273,-15.785006523132324
11.001769065856934,-5.934337615966797
4.0,0.0
6.356335163116455,-0.9463067650794983
0.0,0.0
0.0,0.0
0.0,0.0
11.111105918884277,-8.734476089477539
38.86323547363281,-10.31395149230957
9.841385841369629,-1.8110731840133667
0.0,0.0
8.143978118896484,-1.8726190328598022
0.0,0.0
0.0,0.0
0.0,0.0
-8.17301082611084,10.817188262939453
16.28795623779297,-1.9617999792099
-10.85782527923584,6.004966735839844
22.222211837768555,-17.76704978942871
-1.8429855108261108,5.886082649230957
0.0,0.0
-221.22055053710938,-136.98939514160156
0.0,0.0
-8.723381042480469,11.111105918884277
19.682771682739258,-3.65360164642334
-98.67752075195312,9.15541934967041
22.222211837768555,-17.769939422607422
-1.8239492177963257,8.65402889251709
0.0,0.0
-232.12925720214844,-261.97125244140625
0.0,0.0
0.0,0.0
0.0,0.0
0.0,0.0
0.0,0.0
0.0,0.0
0.0,0.0
0.0,0.0
0.0,0.0
0.0,0.0
0.0,0.0
0.0,0.0
0.0,0.0
0.0,0.0
0.0,0.0
0.0,0.0
0.0,0.0
0.0,0.0
0.0,0.0
0.0,0.0
0.0,0.0
0.0,0.0
0.0,0.0
0.0,0.0
0.0,0.0
0.0,0.0
0.0,0.0
0.0,0.0
0.0,0.0
0.0,0.0
0.0,0.0
0.0,0.0
0.0,0.0
0.0,0.0
0.0,0.0
0.0,0.0
0.0,0.0
0.0,0.0
0.0,0.0
0.0,0.0
0.0,0.0
0.0,0.0
0.0,0.0
0.0,0.0
0.0,0.0
0.0,0.0
0.0,0.0
0.0,0.0
0.0,0.0
0.0,0.0
0.0,0.0
0.0,0.0
0.0,0.0
0.0,0.0
0.0,0.0
0.0,0.0
0.0,0.0
0.0,0.0
0.0,0.0
0.0,0.0
0.0,0.0
0.0,0.0
0.0,0.0
0.0,0.0
0.0,0.0
0.0,0.0
0.0,0.0
2.738100051879883,0.0
0.0,0.0
0.0,0.0
0.0,0.0
0.0,0.0
0.0,0.0
11.109387397766113,-7.439470291137695
0.0,0.0
8.143978118896484,-2.0865488052368164
0.0,0.0
0.0,0.0
0.0,0.0
0.0,0.0
0.0,0.0
0.0,0.0
0.0,0.0
-8.889147758483887,11.110958099365234
0.0,0.0
0.0,0.0
0.0,0.0
0.0,0.0
0.0,0.0
-11.104588508605957,-38.95591354370117
0.0,0.0
-8.888895988464355,11.111099243164062
0.0,0.0
0.0,0.0
0.0,0.0
0.0,0.0
0.0,0.0
0.0,0.0
0.0,0.0
0.0,0.0
0.0,0.0
0.0,0.0
0.0,0.0
0.0,0.0
0.0,0.0
3.491671085357666,0.0
0.0,0.0
0.0,0.0
0.0,0.0
0.0,0.0
0.0,0.0
0.0,0.0
0.0,0.0
0.0,0.0
0.0,0.0
-4.360333442687988,10.616660118103027
0.0,0.0
0.0,0.0
0.0,0.0
0.0,0.0
0.0,0.0
-1.899999976158142,2.738100051879883
0.0,0.0
-7.625319957733154,11.097284317016602
0.0,0.0
0.0,0.0
0.0,0.0
0.0,0.0
0.0,0.0
0.0,0.0
0.0,0.0
0.0,0.0
0.0,0.0
0.0,0.0
0.0,0.0
0.0,0.0
0.0,0.0
0.0,0.0
0.0,0.0
0.0,0.0
0.0,0.0
0.0,0.0
0.0,0.0
0.0,0.0
0.0,0.0
0.0,0.0
0.0,0.0
0.0,0.0
0.0,0.0
0.0,0.0
0.0,0.0
0.0,0.0
0.0,0.0
0.0,0.0
0.0,0.0
0.0,0.0
0.0,0.0
0.0,0.0
0.0,0.0
0.0,0.0
0.0,0.0
0.0,0.0
0.0,0.0
0.0,0.0
0.0,0.0
0.0,0.0
0.0,0.0
0.0,0.0
0.0,0.0
0.0,0.0
0.0,0.0
0.0,0.0
0.0,0.0
0.0,0.0
0.0,0.0
0.0,0.0
0.0,0.0
0.0,0.0
0.0,0.0
0.0,0.0
0.0,0.0
0.0,0.0
0.0,0.0
0.0,0.0
0.0,0.0
0.0,0.0
0.0,0.0
0.0,0.0
0.0,0.0
0.0,0.0
0.0,0.0
0.0,0.0
0.0,0.0
