-7.205453872680664,6.789640426635742
0.0,0.0
0.0,0.0
0.0,0.0
0.0,0.0
0.0,0.0
0.0,0.0
0.0,0.0
0.0,0.0
0.0,0.0
0.0,0.0
0.0,0.0
0.0,0.0
0.0,0.0
0.0,0.0
0.0,0.0
0.0,0.0
0.0,0.0
9.203912734985352,30.670257568359375
17.75033187866211,-1.9039709568023682
0.0,0.0
0.0,0.0
0.0,0.0
0.0,0.0
0.0,0.0
0.0,0.0
11.797835350036621,27.11583709716797
22.0722599029541,-9.518796920776367
0.0,0.0
0.0,0.0
-3.4026191234588623,7.528049945831299
0.0,0.0
0.0,0.0
0.0,0.0
0.0,0.0
0.0,0.0
0.0,0.0
0.0,0.0
0.0,0.0
0.0,0.0
0.0,0.0
0.0,0.0
0.0,0.0
0.0,0.0
0.0,0.0
0.0,0.0
0.0,0.0
0.0,0.0
0.0,0.0
0.0,0.0
-8.862802505493164,11.111762046813965
0.0,0.0
0.0,0.0
0.0,0.0
-8.889992713928223,11.108396530151367
0.0,0.0
0.0,0.0
0.0,0.0
-8.890868186950684,11.072487831115723
14.347362518310547,0.0
0.0,0.0
0.0,0.0
-8.880024909973145,11.111105918884277
0.0,0.0
0.0,0.0
0.0,0.0
0.0,0.0
0.0,0.0
0.0,0.0
0.0,0.0
0.0,0.0
0.0,0.0
0.0,0.0
0.0,0.0
0.0,0.0
0.0,0.0
0.0,0.0
0.0,0.0
0.0,0.0
0.0,0.0
0.0,0.0
0.0,0.0
-8.921958923339844,10.904133796691895
22.222211837768555,-17.729890823364258
0.0,0.0
0.0,0.0
-8.849836349487305,11.111105918884277
22.185781478881836,-9.328241348266602
0.0,0.0
0.0,0.0
-8.910231590270996,11.016350746154785
22.222164154052734,-17.777795791625977
0.0,0.0
0.0,0.0
-9.060369491577148,9.446203231811523
22.222211837768555,-17.790794372558594
0.0,0.0
0.0,0.0
0.0,0.0
0.0,0.0
0.0,0.0
0.0,0.0
0.0,0.0
0.0,0.0
0.0,0.0
0.0,0.0
0.0,0.0
0.0,0.0
0.0,0.0
0.0,0.0
0.0,0.0
0.0,0.0
0.0,0.0
0.0,0.0
-8.888899803161621,11.111105918884277
22.222211837768555,-17.776132583618164
0.0,0.0
0.0,0.0
-8.894351959228516,11.111105918884277
22.222211837768555,-17.677936553955078
0.0,0.0
0.0,0.0
-8.89181137084961,11.107226371765137
18.41754913330078,-115.56788635253906
0.0,0.0
0.0,0.0
-8.889623641967773,11.111104965209961
22.222211837768555,-17.777273178100586
0.0,0.0
0.0,0.0
0.0,0.0
0.0,0.0
0.0,0.0
0.0,0.0
0.0,0.0
0.0,0.0
0.0,0.0
0.0,0.0
0.0,0.0
0.0,0.0
0.0,0.0
0.0,0.0
0.0,0.0
0.0,0.0
0.0,0.0
0.0,0.0
0.5754357576370239,19.65741729736328
22.18702507019043,-17.783512115478516
0.0,0.0
0.0,0.0
0.0,0.0
0.0,0.0
0.0,0.0
0.0,0.0
7.5829010009765625,22.63897132873535
22.222211837768555,-16.871240615844727
0.0,0.0
0.0,0.0
-8.363995552062988,11.111105918884277
2.0,-1.9800000190734863
0.0,0.0
0.0,0.0
0.0,0.0
0.0,0.0
0.0,0.0
0.0,0.0
0.0,0.0
0.0,0.0
0.0,0.0
0.0,0.0
0.0,0.0
0.0,0.0
0.0,0.0
0.0,0.0
0.0,0.0
0.0,0.0
0.0,0.0
0.0,0.0
0.0,0.0
0.0,0.0
0.0,0.0
0.0,0.0
0.0,0.0
0.0,0.0
0.0,0.0
0.0,0.0
0.0,0.0
0.0,0.0
0.0,0.0
0.0,0.0
0.0,0.0
0.0,0.0
0.0,0.0
0.0,0.0
0.0,0.0
0.0,0.0
0.0,0.0
0.0,0.0
0.0,0.0
0.0,0.0
0.0,0.0
0.0,0.0
0.0,0.0
0.0,0.0
0.0,0.0
0.0,0.0
0.0,0.0
0.0,0.0
0.0,0.0
0.0,0.0
-8.913383483886719,10.86561107635498
0.0,0.0
0.0,0.0
0.0,0.0
0.0,0.0
0.0,0.0
0.0,0.0
0.0,0.0
-8.925010681152344,10.749626159667969
22.222116470336914,-17.777799606323242
0.0,0.0
0.0,0.0
-9.261723518371582,5.667465686798096
0.0,0.0
0.0,0.0
0.0,0.0
0.0,0.0
0.0,0.0
0.0,0.0
0.0,0.0
0.0,0.0
0.0,0.0
0.0,0.0
0.0,0.0
0.0,0.0
0.0,0.0
0.0,0.0
0.0,0.0
0.0,0.0
0.0,0.0
0.0,0.0
0.0,0.0
-8.889177322387695,11.111099243164062
0.0,0.0
0.0,0.0
0.0,0.0
0.0,0.0
0.0,0.0
0.0,0.0
0.0,0.0
-8.951530456542969,10.756237983703613
22.222211837768555,-17.77777099609375
0.0,0.0
0.0,0.0
-9.07583236694336,4.052067756652832
0.0,0.0
0.0,0.0
0.0,0.0
0.0,0.0
0.0,0.0
0.0,0.0
0.0,0.0
0.0,0.0
0.0,0.0
0.0,0.0
0.0,0.0
0.0,0.0
0.0,0.0
0.0,0.0
0.0,0.0
0.0,0.0
0.0,0.0
0.0,0.0
0.0,0.0
0.0,0.0
0.0,0.0
0.0,0.0
0.0,0.0
0.0,0.0
0.0,0.0
0.0,0.0
0.0,0.0
0.0,0.0
0.0,0.0
0.0,0.0
0.0,0.0
0.0,0.0
0.0,0.0
0.0,0.0
0.0,0.0
0.0,0.0
0.0,0.0
0.0,0.0
0.0,0.0
0.0,0.0
0.0,0.0
0.0,0.0
0.0,0.0
0.0,0.0
0.0,0.0
0.0,0.0
0.0,0.0
0.0,0.0
0.0,0.0
0.0,0.0
0.0,0.0
0.0,0.0
0.0,0.0
0.0,0.0
0.0,0.0
0.0,0.0
0.0,0.0
0.0,0.0
0.0,0.0
0.0,0.0
0.0,0.0
0.0,0.0
0.0,0.0
0.0,0.0
0.0,0.0
11.111105918884277,-7.427305221557617
44.44442367553711,-23.976886749267578
11.111105918884277,-8.00984001159668
36.30560302734375,-3.9235999584198
1.909999966621399,-0.9900000095367432
0.0,0.0
6.356335163116455,-0.9726189970970154
0.0,0.0
11.111105918884277,-5.9174065589904785
44.44442367553711,-29.885669708251953
11.111105918884277,-2.6767940521240234
40.23860549926758,2.5160765647888184
0.0,0.0
0.0,0.0
10.059651374816895,-0.905738353729248
0.0,0.0
0.0,0.0
0.0,0.0
-8.831284523010254,2.6045172214508057
15.701050758361816,-2.979680061340332
0.0,0.0
0.0,0.0
-2.6750831604003906,6.895913600921631
0.0,0.0
0.0,0.0
0.0,0.0
-9.293712615966797,8.524773597717285
20.48079490661621,-1.8224966526031494
0.0,0.0
0.0,0.0
-5.203019142150879,-2.1452109813690186
3.819999933242798,0.0
11.111105918884277,-8.512452125549316
44.44442367553711,-31.479928970336914
11.111105918884277,-8.874126434326172
32.57591247558594,-3.698878049850464
11.111105918884277,-8.743389129638672
0.0,0.0
8.875165939331055,-0.05636192113161087
0.0,0.0
11.111105918884277,-6.933534622192383
44.44442367553711,-8.937121391296387
11.111105918884277,-8.462276458740234
42.6446418762207,1.1423532962799072
11.111105918884277,-7.707784652709961
13.966684341430664,-4.0
11.072362899780273,-3.266211748123169
27.137060165405273,-7.460333347320557
0.0,0.0
0.0,0.0
-3.3338489532470703,7.213115215301514
15.056099891662598,2.1505610942840576
0.0,0.0
0.0,0.0
-3.3242547512054443,7.5936737060546875
0.0,0.0
0.0,0.0
0.0,0.0
-8.769438743591309,4.111066818237305
18.152801513671875,-1.8292207717895508
0.0,0.0
0.0,0.0
-7.147008895874023,9.024713516235352
17.75033187866211,-5.242959499359131
0.0,0.0
0.0,0.0
0.0,0.0
0.0,0.0
0.0,0.0
0.0,0.0
0.0,0.0
0.0,0.0
0.0,0.0
0.0,0.0
0.0,0.0
0.0,0.0
0.0,0.0
0.0,0.0
0.0,0.0
0.0,0.0
0.0,0.0
0.0,0.0
0.0,0.0
0.0,0.0
0.0,0.0
0.0,0.0
0.0,0.0
0.0,0.0
0.0,0.0
0.0,0.0
0.0,0.0
0.0,0.0
0.0,0.0
0.0,0.0
0.0,0.0
0.0,0.0
0.0,0.0
0.0,0.0
0.0,0.0
0.0,0.0
0.0,0.0
0.0,0.0
0.0,0.0
0.0,0.0
0.0,0.0
0.0,0.0
0.0,0.0
0.0,0.0
0.0,0.0
0.0,0.0
0.0,0.0
0.0,0.0
0.0,0.0
0.0,0.0
0.0,0.0
0.0,0.0
0.0,0.0
0.0,0.0
0.0,0.0
0.0,0.0
0.0,0.0
0.0,0.0
0.0,0.0
0.0,0.0
0.0,0.0
0.0,0.0
0.0,0.0
0.0,0.0
0.0,0.0
0.0,0.0
11.111105918884277,-6.2533063888549805
0.0,0.0
0.0,0.0
0.0,0.0
0.0,0.0
0.0,0.0
11.099748611450195,3.618191957473755
0.0,0.0
11.111105918884277,5.858704090118408
0.0,0.0
0.0,0.0
0.0,0.0
9.955660820007324,4.975449562072754
0.0,0.0
0.0,0.0
0.0,0.0
-10.100895881652832,-1.0092036724090576
0.0,0.0
0.0,0.0
0.0,0.0
0.0,0.0
0.0,0.0
-8.799153327941895,11.110700607299805
0.0,0.0
-9.700568199157715,2.994540214538574
0.0,0.0
0.0,0.0
0.0,0.0
-10.025134086608887,-5.470634460449219
0.0,0.0
0.0,0.0
0.0,0.0
11.111105918884277,-8.082648277282715
0.0,0.0
0.0,0.0
0.0,0.0
0.0,0.0
0.0,0.0
11.111105918884277,2.8341429233551025
0.0,0.0
11.111105918884277,5.154604434967041
0.0,0.0
0.0,0.0
0.0,0.0
5.369321823120117,1.0273809432983398
0.0,0.0
0.0,0.0
0.0,0.0
-8.907539367675781,11.111105918884277
0.0,0.0
0.0,0.0
0.0,0.0
0.0,0.0
0.0,0.0
-7.36525297164917,11.105525970458984
0.0,0.0
-9.705333709716797,6.199026584625244
0.0,0.0
0.0,0.0
0.0,0.0
-9.312457084655762,-4.741103649139404
0.0,0.0
0.0,0.0
0.0,0.0
0.0,0.0
0.0,0.0
0.0,0.0
0.0,0.0
0.0,0.0
0.0,0.0
0.0,0.0
0.0,0.0
0.0,0.0
0.0,0.0
0.0,0.0
0.0,0.0
0.0,0.0
0.0,0.0
0.0,0.0
0.0,0.0
-9.824345588684082,2.4629769325256348
22.2218074798584,-20.279693603515625
0.0,0.0
0.0,0.0
0.0,0.0
0.0,0.0
0.0,0.0
0.0,0.0
-9.918542861938477,-0.4875054359436035
-180.6036834716797,-99.14483642578125
0.0,0.0
0.0,0.0
0.0,0.0
0.0,0.0
0.0,0.0
0.0,0.0
0.0,0.0
0.0,0.0
0.0,0.0
0.0,0.0
0.0,0.0
0.0,0.0
0.0,0.0
0.0,0.0
0.0,0.0
0.0,0.0
0.0,0.0
0.0,0.0
0.0,0.0
0.0,0.0
0.0,0.0
0.0,0.0
-74.56649780273438,-2.3816723823547363
-78.09844207763672,-28.943878173828125
0.0,0.0
0.0,0.0
-279.0417785644531,-8.846789360046387
0.0,0.0
0.0,0.0
0.0,0.0
-111.33517456054688,11.096745491027832
22.222211837768555,-272.87469482421875
0.0,0.0
0.0,0.0
-319.70391845703125,-472.2818603515625
0.0,0.0
0.0,0.0
0.0,0.0
0.0,0.0
0.0,0.0
0.0,0.0
0.0,0.0
0.0,0.0
0.0,0.0
0.0,0.0
0.0,0.0
0.0,0.0
0.0,0.0
0.0,0.0
0.0,0.0
0.0,0.0
0.0,0.0
0.0,0.0
0.0,0.0
0.0,0.0
0.0,0.0
0.0,0.0
0.0,0.0
0.0,0.0
0.0,0.0
0.0,0.0
0.0,0.0
0.0,0.0
0.0,0.0
0.0,0.0
0.0,0.0
0.0,0.0
0.0,0.0
0.0,0.0
0.0,0.0
0.0,0.0
0.0,0.0
0.0,0.0
0.0,0.0
0.0,0.0
0.0,0.0
0.0,0.0
0.0,0.0
0.0,0.0
0.0,0.0
0.0,0.0
0.0,0.0
0.0,0.0
0.0,0.0
0.0,0.0
0.0,0.0
0.0,0.0
0.0,0.0
0.0,0.0
0.0,0.0
0.0,0.0
0.0,0.0
0.0,0.0
0.0,0.0
0.0,0.0
0.0,0.0
0.0,0.0
0.0,0.0
0.0,0.0
0.0,0.0
0.0,0.0
0.0,0.0
0.0,0.0
0.0,0.0
0.0,0.0
0.0,0.0
0.0,0.0
0.0,0.0
0.0,0.0
0.0,0.0
0.0,0.0
0.0,0.0
0.0,0.0
0.0,0.0
0.0,0.0
0.0,0.0
0.0,0.0
0.0,0.0
-8.888885498046875,11.111105918884277
22.222211837768555,-17.550867080688477
0.0,0.0
0.0,0.0
0.0,0.0
0.0,0.0
0.0,0.0
0.0,0.0
-8.888973236083984,11.111105918884277
22.221302032470703,-12.884410858154297
0.0,0.0
0.0,0.0
0.0,0.0
0.0,0.0
0.0,0.0
0.0,0.0
0.0,0.0
0.0,0.0
0.0,0.0
0.0,0.0
0.0,0.0
0.0,0.0
0.0,0.0
0.0,0.0
0.0,0.0
0.0,0.0
0.0,0.0
0.0,0.0
0.0,0.0
0.0,0.0
0.0,0.0
0.0,0.0
-11.10809326171875,-64.72787475585938
22.22197723388672,-16.536272048950195
0.0,0.0
0.0,0.0
0.0,0.0
0.0,0.0
0.0,0.0
0.0,0.0
-8.920655250549316,10.79827880859375
22.192045211791992,-13.97580623626709
0.0,0.0
0.0,0.0
0.0,0.0
0.0,0.0
0.0,0.0
0.0,0.0
0.0,0.0
0.0,0.0
0.0,0.0
0.0,0.0
0.0,0.0
0.0,0.0
0.0,0.0
0.0,0.0
0.0,0.0
0.0,0.0
0.0,0.0
0.0,0.0
0.0,0.0
0.0,0.0
0.0,0.0
0.0,0.0
0.0,0.0
0.0,0.0
0.0,0.0
0.0,0.0
0.0,0.0
0.0,0.0
0.0,0.0
0.0,0.0
0.0,0.0
0.0,0.0
0.0,0.0
0.0,0.0
0.0,0.0
0.0,0.0
0.0,0.0
0.0,0.0
0.0,0.0
0.0,0.0
0.0,0.0
0.0,0.0
0.0,0.0
0.0,0.0
0.0,0.0
0.0,0.0
0.0,0.0
0.0,0.0
0.0,0.0
0.0,0.0
0.0,0.0
0.0,0.0
0.0,0.0
0.0,0.0
0.0,0.0
0.0,0.0
0.0,0.0
0.0,0.0
0.0,0.0
0.0,0.0
0.0,0.0
0.0,0.0
0.0,0.0
0.0,0.0
0.0,0.0
0.0,0.0
0.0,0.0
0.0,0.0
11.111105918884277,-8.256814956665039
37.70466995239258,-10.345582962036133
11.109216690063477,-6.1539764404296875
4.0,0.0
0.0,0.0
0.0,0.0
0.0,0.0
0.0,0.0
11.111105918884277,-8.777473449707031
42.80662536621094,-3.590384006500244
10.855598449707031,-4.765602111816406
0.0,0.0
0.0,0.0
0.0,0.0
0.0,0.0
0.0,0.0
-11.10920238494873,-47.234413146972656
19.682771682739258,-3.4869918823242188
-10.056004524230957,10.759455680847168
22.222211837768555,-17.777591705322266
0.0,0.0
0.0,0.0
0.0,0.0
0.0,0.0
-8.81850528717041,11.111105918884277
21.135517120361328,-8.713607788085938
-205.92930603027344,-0.3862418532371521
22.222211837768555,-17.777759552001953
0.0,0.0
0.0,0.0
0.0,0.0
0.0,0.0
11.111105918884277,-7.838954925537109
32.57591247558594,-15.785006523132324
11.104016304016113,-6.736106872558594
4.0,0.0
7.173681259155273,-1.7799392938613892
0.0,0.0
0.0,0.0
0.0,0.0
11.111105918884277,-8.822419166564941
41.81986618041992,-10.31395149230957
10.567758560180664,-2.527561902999878
0.0,0.0
9.577812194824219,-3.2481932640075684
0.0,0.0
0.0,0.0
0.0,0.0
-8.613966941833496,11.110406875610352
18.152801513671875,-1.9617999792099
-48.55546569824219,11.111102104187012
22.222211837768555,-17.775793075561523
-1.8429855108261108,7.173681259155273
0.0,0.0
-292.5795593261719,-313.26251220703125
0.0,0.0
-8.873312950134277,10.253388404846191
21.028039932250977,-3.65360164642334
-11.87088680267334,-76.08924865722656
22.222211837768555,-17.777084350585938
-2.544396162033081,9.955660820007324
0.0,0.0
-337.26708984375,-381.30853271484375
0.0,0.0
0.0,0.0
0.0,0.0
0.0,0.0
0.0,0.0
0.0,0.0
0.0,0.0
0.0,0.0
0.0,0.0
0.0,0.0
0.0,0.0
0.0,0.0
0.0,0.0
0.0,0.0
0.0,0.0
0.0,0.0
0.0,0.0
0.0,0.0
0.0,0.0
0.0,0.0
0.0,0.0
0.0,0.0
0.0,0.0
0.0,0.0
0.0,0.0
0.0,0.0
0.0,0.0
0.0,0.0
0.0,0.0
0.0,0.0
0.0,0.0
0.0,0.0
0.0,0.0
0.0,0.0
0.0,0.0
0.0,0.0
0.0,0.0
0.0,0.0
0.0,0.0
0.0,0.0
0.0,0.0
0.0,0.0
0.0,0.0
0.0,0.0
0.0,0.0
0.0,0.0
0.0,0.0
0.0,0.0
0.0,0.0
0.0,0.0
0.0,0.0
0.0,0.0
0.0,0.0
0.0,0.0
0.0,0.0
0.0,0.0
0.0,0.0
0.0,0.0
0.0,0.0
0.0,0.0
0.0,0.0
0.0,0.0
0.0,0.0
0.0,0.0
0.0,0.0
0.0,0.0
0.0,0.0
4.80145263671875,0.0
0.0,0.0
0.0,0.0
0.0,0.0
0.0,0.0
0.0,0.0
11.111096382141113,-8.033041954040527
0.0,0.0
9.955660820007324,-2.77947998046875
0.0,0.0
0.0,0.0
0.0,0.0
0.0,0.0
0.0,0.0
0.0,0.0
0.0,0.0
-8.906383514404297,11.003922462463379
0.0,0.0
0.0,0.0
0.0,0.0
0.0,0.0
0.0,0.0
-190.08627319335938,6.51357364654541
0.0,0.0
-8.959542274475098,11.105164527893066
0.0,0.0
0.0,0.0
0.0,0.0
0.0,0.0
0.0,0.0
0.0,0.0
0.0,0.0
0.0,0.0
0.0,0.0
0.0,0.0
0.0,0.0
0.0,0.0
0.0,0.0
4.80145263671875,0.0
0.0,0.0
0.0,0.0
0.0,0.0
0.0,0.0
0.0,0.0
0.0,0.0
0.0,0.0
0.0,0.0
0.0,0.0
-4.360333442687988,10.772041320800781
0.0,0.0
0.0,0.0
0.0,0.0
0.0,0.0
0.0,0.0
-1.899999976158142,5.369321823120117
0.0,0.0
-8.399388313293457,11.111054420471191
0.0,0.0
0.0,0.0
0.0,0.0
0.0,0.0
0.0,0.0
0.0,0.0
0.0,0.0
0.0,0.0
0.0,0.0
0.0,0.0
0.0,0.0
0.0,0.0
0.0,0.0
0.0,0.0
0.0,0.0
0.0,0.0
0.0,0.0
0.0,0.0
0.0,0.0
0.0,0.0
0.0,0.0
0.0,0.0
0.0,0.0
0.0,0.0
0.0,0.0
0.0,0.0
0.0,0.0
0.0,0.0
0.0,0.0
0.0,0.0
0.0,0.0
0.0,0.0
0.0,0.0
0.0,0.0
0.0,0.0
0.0,0.0
0.0,0.0
0.0,0.0
0.0,0.0
0.0,0.0
0.0,0.0
0.0,0.0
0.0,0.0
0.0,0.0
0.0,0.0
0.0,0.0
0.0,0.0
0.0,0.0
0.0,0.0
0.0,0.0
0.0,0.0
0.0,0.0
0.0,0.0
0.0,0.0
0.0,0.0
0.0,0.0
0.0,0.0
0.0,0.0
0.0,0.0
0.0,0.0
0.0,0.0
0.0,0.0
0.0,0.0
0.0,0.0
0.0,0.0
0.0,0.0
0.0,0.0
0.0,0.0
0.0,0.0
