-8.767552375793457,8.521920204162598
0.0,0.0
0.0,0.0
0.0,0.0
0.0,0.0
0.0,0.0
0.0,0.0
0.0,0.0
0.0,0.0
0.0,0.0
0.0,0.0
0.0,0.0
0.0,0.0
0.0,0.0
0.0,0.0
0.0,0.0
0.0,0.0
0.0,0.0
11.724493980407715,30.670257568359375
22.04113006591797,-6.303229331970215
0.0,0.0
0.0,0.0
0.0,0.0
0.0,0.0
0.0,0.0
0.0,0.0
13.695162773132324,27.11583709716797
22.199481964111328,-11.089521408081055
0.0,0.0
0.0,0.0
-3.4026191234588623,7.528049945831299
0.0,0.0
0.0,0.0
0.0,0.0
0.0,0.0
0.0,0.0
0.0,0.0
0.0,0.0
0.0,0.0
0.0,0.0
0.0,0.0
0.0,0.0
0.0,0.0
0.0,0.0
0.0,0.0
0.0,0.0
0.0,0.0
0.0,0.0
0.0,0.0
0.0,0.0
-8.889890670776367,11.107646942138672
0.0,0.0
0.0,0.0
0.0,0.0
-8.890073776245117,11.107260704040527
5.476200103759766,0.0
0.0,0.0
0.0,0.0
-8.890027046203613,11.098770141601562
14.347362518310547,0.0
0.0,0.0
0.0,0.0
-8.883074760437012,11.111105918884277
0.0,0.0
0.0,0.0
0.0,0.0
0.0,0.0
0.0,0.0
0.0,0.0
0.0,0.0
0.0,0.0
0.0,0.0
0.0,0.0
0.0,0.0
0.0,0.0
0.0,0.0
0.0,0.0
0.0,0.0
0.0,0.0
0.0,0.0
0.0,0.0
0.0,0.0
-8.921697616577148,10.863160133361816
22.222211837768555,-17.10350227355957
0.0,0.0
0.0,0.0
-8.865829467773438,11.111105918884277
22.20339012145996,-9.328241348266602
0.0,0.0
0.0,0.0
-8.913063049316406,11.025203704833984
22.222164154052734,-17.777795791625977
0.0,0.0
0.0,0.0
-9.040027618408203,11.05820369720459
22.222211837768555,-17.778276443481445
0.0,0.0
0.0,0.0
0.0,0.0
0.0,0.0
0.0,0.0
0.0,0.0
0.0,0.0
0.0,0.0
0.0,0.0
0.0,0.0
0.0,0.0
0.0,0.0
0.0,0.0
0.0,0.0
0.0,0.0
0.0,0.0
0.0,0.0
0.0,0.0
-8.912673950195312,11.10675048828125
22.222211837768555,-17.777313232421875
0.0,0.0
0.0,0.0
-8.890276908874512,11.111105918884277
22.222211837768555,-17.72471809387207
0.0,0.0
0.0,0.0
-8.88890266418457,10.547348022460938
22.222204208374023,-19.76193618774414
0.0,0.0
0.0,0.0
-8.986456871032715,11.094620704650879
22.222211837768555,-17.77766227722168
0.0,0.0
0.0,0.0
0.0,0.0
0.0,0.0
0.0,0.0
0.0,0.0
0.0,0.0
0.0,0.0
0.0,0.0
0.0,0.0
0.0,0.0
0.0,0.0
0.0,0.0
0.0,0.0
0.0,0.0
0.0,0.0
0.0,0.0
0.0,0.0
0.5754464268684387,19.65741729736328
18.465360641479492,-18.051469802856445
0.0,0.0
0.0,0.0
0.0,0.0
0.0,0.0
0.0,0.0
0.0,0.0
4.293506622314453,22.63897132873535
22.222211837768555,-17.29600715637207
0.0,0.0
0.0,0.0
-8.544507026672363,11.111105918884277
2.0,-1.9800000190734863
0.0,0.0
0.0,0.0
0.0,0.0
0.0,0.0
0.0,0.0
0.0,0.0
0.0,0.0
0.0,0.0
0.0,0.0
0.0,0.0
0.0,0.0
0.0,0.0
0.0,0.0
0.0,0.0
0.0,0.0
0.0,0.0
0.0,0.0
0.0,0.0
0.0,0.0
0.0,0.0
0.0,0.0
0.0,0.0
0.0,0.0
0.0,0.0
0.0,0.0
0.0,0.0
0.0,0.0
0.0,0.0
0.0,0.0
0.0,0.0
0.0,0.0
0.0,0.0
0.0,0.0
0.0,0.0
0.0,0.0
0.0,0.0
0.0,0.0
0.0,0.0
0.0,0.0
0.0,0.0
0.0,0.0
0.0,0.0
0.0,0.0
0.0,0.0
0.0,0.0
0.0,0.0
0.0,0.0
0.0,0.0
0.0,0.0
0.0,0.0
-8.913383483886719,10.86561107635498
0.0,0.0
0.0,0.0
0.0,0.0
0.0,0.0
0.0,0.0
0.0,0.0
0.0,0.0
-8.925058364868164,10.749130249023438
22.222116470336914,-17.777799606323242
0.0,0.0
0.0,0.0
-9.235221862792969,1.5459885597229004
0.0,0.0
0.0,0.0
0.0,0.0
0.0,0.0
0.0,0.0
0.0,0.0
0.0,0.0
0.0,0.0
0.0,0.0
0.0,0.0
0.0,0.0
0.0,0.0
0.0,0.0
0.0,0.0
0.0,0.0
0.0,0.0
0.0,0.0
0.0,0.0
0.0,0.0
-8.890650749206543,10.943564414978027
0.0,0.0
0.0,0.0
0.0,0.0
0.0,0.0
0.0,0.0
0.0,0.0
0.0,0.0
-8.956974029541016,10.138134956359863
22.222211837768555,-17.77777099609375
0.0,0.0
0.0,0.0
-9.206381797790527,7.5661540031433105
0.0,0.0
0.0,0.0
0.0,0.0
0.0,0.0
0.0,0.0
0.0,0.0
0.0,0.0
0.0,0.0
0.0,0.0
0.0,0.0
0.0,0.0
0.0,0.0
0.0,0.0
0.0,0.0
0.0,0.0
0.0,0.0
0.0,0.0
0.0,0.0
0.0,0.0
0.0,0.0
0.0,0.0
0.0,0.0
0.0,0.0
0.0,0.0
0.0,0.0
0.0,0.0
0.0,0.0
0.0,0.0
0.0,0.0
0.0,0.0
0.0,0.0
0.0,0.0
0.0,0.0
0.0,0.0
0.0,0.0
0.0,0.0
0.0,0.0
0.0,0.0
0.0,0.0
0.0,0.0
0.0,0.0
0.0,0.0
0.0,0.0
0.0,0.0
0.0,0.0
0.0,0.0
0.0,0.0
0.0,0.0
0.0,0.0
0.0,0.0
0.0,0.0
0.0,0.0
0.0,0.0
0.0,0.0
0.0,0.0
0.0,0.0
0.0,0.0
0.0,0.0
0.0,0.0
0.0,0.0
0.0,0.0
0.0,0.0
0.0,0.0
0.0,0.0
0.0,0.0
11.111105918884277,-6.42653751373291
44.44442367553711,-31.879302978515625
11.111105918884277,-7.036711692810059
41.275047302246094,-3.9235999584198
1.909999966621399,-0.9900000095367432
0.0,0.0
6.784265041351318,-0.9726189970970154
0.0,0.0
11.111105918884277,-6.999963283538818
44.44442367553711,-33.76968002319336
11.111105918884277,-6.618277549743652
43.8066520690918,2.5160765647888184
0.0,0.0
0.0,0.0
10.3900728225708,-0.905738353729248
0.0,0.0
0.0,0.0
0.0,0.0
-9.040306091308594,3.9637644290924072
18.85233497619629,-2.2846877574920654
0.0,0.0
0.0,0.0
-2.6750831604003906,7.620506286621094
0.0,0.0
0.0,0.0
0.0,0.0
-9.340774536132812,4.78399658203125
21.837127685546875,-3.4254767894744873
0.0,0.0
0.0,0.0
-5.203019142150879,1.2497665882110596
3.819999933242798,0.0
11.111105918884277,-8.23629379272461
44.44442367553711,-24.025081634521484
11.111105918884277,-7.829086780548096
36.30560302734375,0.9967688918113708
11.111105918884277,-8.37756633758545
0.0,0.0
9.715808868408203,-0.05636192113161087
0.0,0.0
11.111105918884277,-7.341729164123535
44.44442367553711,-16.234262466430664
11.111105918884277,-6.290475845336914
43.864051818847656,1.1423532962799072
11.111105918884277,-7.307326316833496
13.966684341430664,-4.0
11.102542877197266,-4.335111141204834
28.694725036621094,-7.460333347320557
0.0,0.0
0.0,0.0
-3.9387271404266357,1.8557987213134766
17.75033187866211,2.1505610942840576
0.0,0.0
0.0,0.0
-3.3242547512054443,8.699029922485352
0.0,0.0
0.0,0.0
0.0,0.0
-8.886486053466797,8.894075393676758
20.308565139770508,-1.8292207717895508
0.0,0.0
0.0,0.0
-7.5214056968688965,1.0383003950119019
19.682771682739258,-6.521835803985596
0.0,0.0
0.0,0.0
0.0,0.0
0.0,0.0
0.0,0.0
0.0,0.0
0.0,0.0
0.0,0.0
0.0,0.0
0.0,0.0
0.0,0.0
0.0,0.0
0.0,0.0
0.0,0.0
0.0,0.0
0.0,0.0
0.0,0.0
0.0,0.0
0.0,0.0
0.0,0.0
0.0,0.0
0.0,0.0
0.0,0.0
0.0,0.0
0.0,0.0
0.0,0.0
0.0,0.0
0.0,0.0
0.0,0.0
0.0,0.0
0.0,0.0
0.0,0.0
0.0,0.0
0.0,0.0
0.0,0.0
0.0,0.0
0.0,0.0
0.0,0.0
0.0,0.0
0.0,0.0
0.0,0.0
0.0,0.0
0.0,0.0
0.0,0.0
0.0,0.0
0.0,0.0
0.0,0.0
0.0,0.0
0.0,0.0
0.0,0.0
0.0,0.0
0.0,0.0
0.0,0.0
0.0,0.0
0.0,0.0
0.0,0.0
0.0,0.0
0.0,0.0
0.0,0.0
0.0,0.0
0.0,0.0
0.0,0.0
0.0,0.0
0.0,0.0
0.0,0.0
0.0,0.0
11.111105918884277,-8.53286075592041
0.0,0.0
0.0,0.0
0.0,0.0
0.0,0.0
0.0,0.0
11.099748611450195,2.3558907508850098
0.0,0.0
11.111105918884277,5.1650800704956055
0.0,0.0
0.0,0.0
0.0,0.0
10.661160469055176,6.1212477684021
0.0,0.0
0.0,0.0
0.0,0.0
-10.100895881652832,-1.0092036724090576
0.0,0.0
0.0,0.0
0.0,0.0
0.0,0.0
0.0,0.0
-8.866080284118652,11.111105918884277
0.0,0.0
-9.700718879699707,2.9930498600006104
0.0,0.0
0.0,0.0
0.0,0.0
-10.03302001953125,-2.151998519897461
0.0,0.0
0.0,0.0
0.0,0.0
11.111105918884277,-8.460419654846191
0.0,0.0
0.0,0.0
0.0,0.0
0.0,0.0
0.0,0.0
11.111105918884277,4.11573600769043
0.0,0.0
11.111105918884277,3.186706304550171
0.0,0.0
0.0,0.0
0.0,0.0
7.528049945831299,1.0273809432983398
0.0,0.0
0.0,0.0
0.0,0.0
-8.913634300231934,11.109225273132324
0.0,0.0
0.0,0.0
0.0,0.0
0.0,0.0
0.0,0.0
-7.517622947692871,10.968477249145508
0.0,0.0
-9.792311668395996,4.5593791007995605
0.0,0.0
0.0,0.0
0.0,0.0
-9.587594985961914,-2.178178310394287
0.0,0.0
0.0,0.0
0.0,0.0
0.0,0.0
0.0,0.0
0.0,0.0
0.0,0.0
0.0,0.0
0.0,0.0
0.0,0.0
0.0,0.0
0.0,0.0
0.0,0.0
0.0,0.0
0.0,0.0
0.0,0.0
0.0,0.0
0.0,0.0
0.0,0.0
-9.422682762145996,6.046909809112549
22.222211837768555,-20.279693603515625
0.0,0.0
0.0,0.0
0.0,0.0
0.0,0.0
0.0,0.0
0.0,0.0
-9.183149337768555,8.759464263916016
11.322720527648926,-247.6114044189453
0.0,0.0
0.0,0.0
0.0,0.0
0.0,0.0
0.0,0.0
0.0,0.0
0.0,0.0
0.0,0.0
0.0,0.0
0.0,0.0
0.0,0.0
0.0,0.0
0.0,0.0
0.0,0.0
0.0,0.0
0.0,0.0
0.0,0.0
0.0,0.0
0.0,0.0
0.0,0.0
0.0,0.0
0.0,0.0
-11.111089706420898,-15.325901985168457
22.222003936767578,-19.793445587158203
0.0,0.0
0.0,0.0
-149.56724548339844,-333.5812683105469
0.0,0.0
0.0,0.0
0.0,0.0
-53.11606216430664,1.0526819229125977
22.222211837768555,-127.58863830566406
0.0,0.0
0.0,0.0
-319.70391845703125,-628.250732421875
0.0,0.0
0.0,0.0
0.0,0.0
0.0,0.0
0.0,0.0
0.0,0.0
0.0,0.0
0.0,0.0
0.0,0.0
0.0,0.0
0.0,0.0
0.0,0.0
0.0,0.0
0.0,0.0
0.0,0.0
0.0,0.0
0.0,0.0
0.0,0.0
0.0,0.0
0.0,0.0
0.0,0.0
0.0,0.0
0.0,0.0
0.0,0.0
0.0,0.0
0.0,0.0
0.0,0.0
0.0,0.0
0.0,0.0
0.0,0.0
0.0,0.0
0.0,0.0
0.0,0.0
0.0,0.0
0.0,0.0
0.0,0.0
0.0,0.0
0.0,0.0
0.0,0.0
0.0,0.0
0.0,0.0
0.0,0.0
0.0,0.0
0.0,0.0
0.0,0.0
0.0,0.0
0.0,0.0
0.0,0.0
0.0,0.0
0.0,0.0
0.0,0.0
0.0,0.0
0.0,0.0
0.0,0.0
0.0,0.0
0.0,0.0
0.0,0.0
0.0,0.0
0.0,0.0
0.0,0.0
0.0,0.0
0.0,0.0
0.0,0.0
0.0,0.0
0.0,0.0
0.0,0.0
0.0,0.0
0.0,0.0
0.0,0.0
0.0,0.0
0.0,0.0
0.0,0.0
0.0,0.0
0.0,0.0
0.0,0.0
0.0,0.0
0.0,0.0
0.0,0.0
0.0,0.0
0.0,0.0
0.0,0.0
0.0,0.0
0.0,0.0
-8.888885498046875,11.111105918884277
22.222211837768555,-17.59398078918457
0.0,0.0
0.0,0.0
0.0,0.0
0.0,0.0
0.0,0.0
0.0,0.0
-8.888973236083984,11.111105918884277
22.222211837768555,-14.210515022277832
0.0,0.0
0.0,0.0
0.0,0.0
0.0,0.0
0.0,0.0
0.0,0.0
0.0,0.0
0.0,0.0
0.0,0.0
0.0,0.0
0.0,0.0
0.0,0.0
0.0,0.0
0.0,0.0
0.0,0.0
0.0,0.0
0.0,0.0
0.0,0.0
0.0,0.0
0.0,0.0
0.0,0.0
0.0,0.0
-11.111105918884277,-22.33848762512207
22.222211837768555,-16.87272071838379
0.0,0.0
0.0,0.0
0.0,0.0
0.0,0.0
0.0,0.0
0.0,0.0
-14.747345924377441,10.845538139343262
22.21416473388672,-14.356144905090332
0.0,0.0
0.0,0.0
0.0,0.0
0.0,0.0
0.0,0.0
0.0,0.0
0.0,0.0
0.0,0.0
0.0,0.0
0.0,0.0
0.0,0.0
0.0,0.0
0.0,0.0
0.0,0.0
0.0,0.0
0.0,0.0
0.0,0.0
0.0,0.0
0.0,0.0
0.0,0.0
0.0,0.0
0.0,0.0
0.0,0.0
0.0,0.0
0.0,0.0
0.0,0.0
0.0,0.0
0.0,0.0
0.0,0.0
0.0,0.0
0.0,0.0
0.0,0.0
0.0,0.0
0.0,0.0
0.0,0.0
0.0,0.0
0.0,0.0
0.0,0.0
0.0,0.0
0.0,0.0
0.0,0.0
0.0,0.0
0.0,0.0
0.0,0.0
0.0,0.0
0.0,0.0
0.0,0.0
0.0,0.0
0.0,0.0
0.0,0.0
0.0,0.0
0.0,0.0
0.0,0.0
0.0,0.0
0.0,0.0
0.0,0.0
0.0,0.0
0.0,0.0
0.0,0.0
0.0,0.0
0.0,0.0
0.0,0.0
0.0,0.0
0.0,0.0
0.0,0.0
0.0,0.0
0.0,0.0
0.0,0.0
11.111105918884277,-8.320022583007812
39.365543365478516,-10.345582962036133
11.110764503479004,-6.427474498748779
4.0,0.0
0.0,0.0
0.0,0.0
0.0,0.0
0.0,0.0
11.111105918884277,-8.798643112182617
43.51437759399414,-3.590384006500244
11.01161003112793,-4.765602111816406
0.0,0.0
0.0,0.0
0.0,0.0
0.0,0.0
0.0,0.0
-11.111019134521484,-32.02497482299805
20.11930274963379,-4.941464900970459
-11.111102104187012,-29.151260375976562
22.222211837768555,-17.777706146240234
0.0,0.0
0.0,0.0
0.0,0.0
0.0,0.0
-8.837578773498535,11.111105918884277
21.477014541625977,-10.455469131469727
-62.93723678588867,11.109940528869629
22.222211837768555,-17.77777099609375
0.0,0.0
0.0,0.0
0.0,0.0
0.0,0.0
11.111105918884277,-7.943948268890381
35.50066375732422,-15.785006523132324
11.109387397766113,-6.951415538787842
4.0,0.0
7.850525379180908,-1.7799392938613892
0.0,0.0
0.0,0.0
0.0,0.0
11.111105918884277,-8.840433120727539
42.46664047241211,-10.31395149230957
10.855598449707031,-2.527561902999878
0.0,0.0
9.715808868408203,-3.8262157440185547
0.0,0.0
0.0,0.0
0.0,0.0
-8.641460418701172,11.111082077026367
19.155624389648438,-1.9617999792099
-11.153270721435547,-58.48752975463867
22.222211837768555,-17.776330947875977
-1.8429855108261108,7.850525379180908
0.0,0.0
-213.1549072265625,-252.81033325195312
0.0,0.0
-8.888392448425293,11.079503059387207
21.32232093811035,-3.65360164642334
-130.9862823486328,-6.433851718902588
22.222211837768555,-17.77737045288086
-2.544396162033081,10.059651374816895
0.0,0.0
-398.6859130859375,-140.4560089111328
0.0,0.0
0.0,0.0
0.0,0.0
0.0,0.0
0.0,0.0
0.0,0.0
0.0,0.0
0.0,0.0
0.0,0.0
0.0,0.0
0.0,0.0
0.0,0.0
0.0,0.0
0.0,0.0
0.0,0.0
0.0,0.0
0.0,0.0
0.0,0.0
0.0,0.0
0.0,0.0
0.0,0.0
0.0,0.0
0.0,0.0
0.0,0.0
0.0,0.0
0.0,0.0
0.0,0.0
0.0,0.0
0.0,0.0
0.0,0.0
0.0,0.0
0.0,0.0
0.0,0.0
0.0,0.0
0.0,0.0
0.0,0.0
0.0,0.0
0.0,0.0
0.0,0.0
0.0,0.0
0.0,0.0
0.0,0.0
0.0,0.0
0.0,0.0
0.0,0.0
0.0,0.0
0.0,0.0
0.0,0.0
0.0,0.0
0.0,0.0
0.0,0.0
0.0,0.0
0.0,0.0
0.0,0.0
0.0,0.0
0.0,0.0
0.0,0.0
0.0,0.0
0.0,0.0
0.0,0.0
0.0,0.0
0.0,0.0
0.0,0.0
0.0,0.0
0.0,0.0
0.0,0.0
0.0,0.0
4.80145263671875,0.0
0.0,0.0
0.0,0.0
0.0,0.0
0.0,0.0
0.0,0.0
11.111105918884277,-8.327367782592773
0.0,0.0
10.318761825561523,-2.77947998046875
0.0,0.0
0.0,0.0
0.0,0.0
0.0,0.0
0.0,0.0
0.0,0.0
0.0,0.0
-8.889067649841309,11.109796524047852
0.0,0.0
0.0,0.0
0.0,0.0
0.0,0.0
0.0,0.0
-171.98443603515625,10.094423294067383
0.0,0.0
-8.891617774963379,11.109624862670898
0.0,0.0
0.0,0.0
0.0,0.0
0.0,0.0
0.0,0.0
0.0,0.0
0.0,0.0
0.0,0.0
0.0,0.0
0.0,0.0
0.0,0.0
0.0,0.0
0.0,0.0
4.80145263671875,0.0
0.0,0.0
0.0,0.0
0.0,0.0
0.0,0.0
0.0,0.0
0.0,0.0
0.0,0.0
0.0,0.0
0.0,0.0
-4.360333442687988,11.049018859863281
0.0,0.0
0.0,0.0
0.0,0.0
0.0,0.0
0.0,0.0
-1.899999976158142,5.369321823120117
0.0,0.0
-8.4939603805542,11.060569763183594
0.0,0.0
0.0,0.0
0.0,0.0
0.0,0.0
0.0,0.0
0.0,0.0
0.0,0.0
0.0,0.0
0.0,0.0
0.0,0.0
0.0,0.0
0.0,0.0
0.0,0.0
0.0,0.0
0.0,0.0
0.0,0.0
0.0,0.0
0.0,0.0
0.0,0.0
0.0,0.0
0.0,0.0
0.0,0.0
0.0,0.0
0.0,0.0
0.0,0.0
0.0,0.0
0.0,0.0
0.0,0.0
0.0,0.0
0.0,0.0
0.0,0.0
0.0,0.0
0.0,0.0
0.0,0.0
0.0,0.0
0.0,0.0
0.0,0.0
0.0,0.0
0.0,0.0
0.0,0.0
0.0,0.0
0.0,0.0
0.0,0.0
0.0,0.0
0.0,0.0
0.0,0.0
0.0,0.0
0.0,0.0
0.0,0.0
0.0,0.0
0.0,0.0
0.0,0.0
0.0,0.0
0.0,0.0
0.0,0.0
0.0,0.0
0.0,0.0
0.0,0.0
0.0,0.0
0.0,0.0
0.0,0.0
0.0,0.0
0.0,0.0
0.0,0.0
0.0,0.0
0.0,0.0
0.0,0.0
0.0,0.0
0.0,0.0
