-6.277745723724365,4.858351707458496
0.0,0.0
0.0,0.0
0.0,0.0
0.0,0.0
0.0,0.0
0.0,0.0
0.0,0.0
0.0,0.0
0.0,0.0
0.0,0.0
0.0,0.0
0.0,0.0
0.0,0.0
0.0,0.0
0.0,0.0
0.0,0.0
0.0,0.0
12.761821746826172,30.670167922973633
16.822040557861328,-1.9039709568023682
0.0,0.0
0.0,0.0
0.0,0.0
0.0,0.0
0.0,0.0
0.0,0.0
20.517499923706055,27.115558624267578
19.155624389648438,-5.137050151824951
0.0,0.0
0.0,0.0
-3.4026191234588623,7.528049945831299
0.0,0.0
0.0,0.0
0.0,0.0
0.0,0.0
0.0,0.0
0.0,0.0
0.0,0.0
0.0,0.0
0.0,0.0
0.0,0.0
0.0,0.0
0.0,0.0
0.0,0.0
0.0,0.0
0.0,0.0
0.0,0.0
0.0,0.0
0.0,0.0
0.0,0.0
-8.88910961151123,11.11096477508545
0.0,0.0
0.0,0.0
0.0,0.0
-8.888894081115723,11.111105918884277
0.0,0.0
0.0,0.0
0.0,0.0
-8.888906478881836,11.111104965209961
14.347362518310547,0.0
0.0,0.0
0.0,0.0
-8.850140571594238,11.111105918884277
0.0,0.0
0.0,0.0
0.0,0.0
0.0,0.0
0.0,0.0
0.0,0.0
0.0,0.0
0.0,0.0
0.0,0.0
0.0,0.0
0.0,0.0
0.0,0.0
0.0,0.0
0.0,0.0
0.0,0.0
0.0,0.0
0.0,0.0
0.0,0.0
0.0,0.0
-8.904661178588867,11.11007022857666
22.222211837768555,-17.777509689331055
0.0,0.0
0.0,0.0
-8.7880859375,11.111105918884277
21.544082641601562,-6.1819987297058105
0.0,0.0
0.0,0.0
-8.897953987121582,11.105316162109375
22.21932601928711,-28.69974136352539
0.0,0.0
0.0,0.0
-8.91591739654541,10.985170364379883
21.83987045288086,-20.299043655395508
0.0,0.0
0.0,0.0
0.0,0.0
0.0,0.0
0.0,0.0
0.0,0.0
0.0,0.0
0.0,0.0
0.0,0.0
0.0,0.0
0.0,0.0
0.0,0.0
0.0,0.0
0.0,0.0
0.0,0.0
0.0,0.0
0.0,0.0
0.0,0.0
-8.88929557800293,11.111105918884277
22.222211837768555,-17.749435424804688
0.0,0.0
0.0,0.0
-8.894085884094238,11.111105918884277
22.222211837768555,-17.459609985351562
0.0,0.0
0.0,0.0
-8.889366149902344,11.111104965209961
-5.997905731201172,-153.1128692626953
0.0,0.0
0.0,0.0
-8.888899803161621,11.111105918884277
22.222211837768555,-17.77261734008789
0.0,0.0
0.0,0.0
0.0,0.0
0.0,0.0
0.0,0.0
0.0,0.0
0.0,0.0
0.0,0.0
0.0,0.0
0.0,0.0
0.0,0.0
0.0,0.0
0.0,0.0
0.0,0.0
0.0,0.0
0.0,0.0
0.0,0.0
0.0,0.0
0.5742728114128113,19.65741729736328
20.719520568847656,-18.099624633789062
0.0,0.0
0.0,0.0
0.0,0.0
0.0,0.0
0.0,0.0
0.0,0.0
14.516091346740723,22.63897132873535
22.221529006958008,-15.177845001220703
0.0,0.0
0.0,0.0
-7.999974727630615,11.111099243164062
0.0,0.0
0.0,0.0
0.0,0.0
0.0,0.0
0.0,0.0
0.0,0.0
0.0,0.0
0.0,0.0
0.0,0.0
0.0,0.0
0.0,0.0
0.0,0.0
0.0,0.0
0.0,0.0
0.0,0.0
0.0,0.0
0.0,0.0
0.0,0.0
0.0,0.0
0.0,0.0
0.0,0.0
0.0,0.0
0.0,0.0
0.0,0.0
0.0,0.0
0.0,0.0
0.0,0.0
0.0,0.0
0.0,0.0
0.0,0.0
0.0,0.0
0.0,0.0
0.0,0.0
0.0,0.0
0.0,0.0
0.0,0.0
0.0,0.0
0.0,0.0
0.0,0.0
0.0,0.0
0.0,0.0
0.0,0.0
0.0,0.0
0.0,0.0
0.0,0.0
0.0,0.0
0.0,0.0
0.0,0.0
0.0,0.0
0.0,0.0
0.0,0.0
-8.913383483886719,10.86561107635498
0.0,0.0
0.0,0.0
0.0,0.0
0.0,0.0
0.0,0.0
0.0,0.0
0.0,0.0
-8.925125122070312,10.750547409057617
22.222198486328125,-17.777788162231445
0.0,0.0
0.0,0.0
-9.137304306030273,9.00647258758545
0.0,0.0
0.0,0.0
0.0,0.0
0.0,0.0
0.0,0.0
0.0,0.0
0.0,0.0
0.0,0.0
0.0,0.0
0.0,0.0
0.0,0.0
0.0,0.0
0.0,0.0
0.0,0.0
0.0,0.0
0.0,0.0
0.0,0.0
0.0,0.0
0.0,0.0
-8.889022827148438,11.111104965209961
0.0,0.0
0.0,0.0
0.0,0.0
0.0,0.0
0.0,0.0
0.0,0.0
0.0,0.0
-8.915383338928223,11.041786193847656
22.222211837768555,-17.777658462524414
0.0,0.0
0.0,0.0
-9.04050064086914,10.65607738494873
0.0,0.0
0.0,0.0
0.0,0.0
0.0,0.0
0.0,0.0
0.0,0.0
0.0,0.0
0.0,0.0
0.0,0.0
0.0,0.0
0.0,0.0
0.0,0.0
0.0,0.0
0.0,0.0
0.0,0.0
0.0,0.0
0.0,0.0
0.0,0.0
0.0,0.0
0.0,0.0
0.0,0.0
0.0,0.0
0.0,0.0
0.0,0.0
0.0,0.0
0.0,0.0
0.0,0.0
0.0,0.0
0.0,0.0
0.0,0.0
0.0,0.0
0.0,0.0
0.0,0.0
0.0,0.0
0.0,0.0
0.0,0.0
0.0,0.0
0.0,0.0
0.0,0.0
0.0,0.0
0.0,0.0
0.0,0.0
0.0,0.0
0.0,0.0
0.0,0.0
0.0,0.0
0.0,0.0
0.0,0.0
0.0,0.0
0.0,0.0
0.0,0.0
0.0,0.0
0.0,0.0
0.0,0.0
0.0,0.0
0.0,0.0
0.0,0.0
0.0,0.0
0.0,0.0
0.0,0.0
0.0,0.0
0.0,0.0
0.0,0.0
0.0,0.0
0.0,0.0
11.111105918884277,-5.677868843078613
44.44442367553711,-24.742944717407227
11.111105918884277,-6.93855619430542
25.42534065246582,-3.9235999584198
1.909999966621399,-0.9900000095367432
0.0,0.0
4.80145263671875,-0.9726189970970154
0.0,0.0
11.111105918884277,-6.907354354858398
44.44442367553711,-35.29602813720703
11.111105918884277,-1.0567265748977661
33.644081115722656,-7.205481052398682
0.0,0.0
0.0,0.0
8.875165939331055,0.0
0.0,0.0
0.0,0.0
0.0,0.0
-8.369400024414062,7.942887306213379
10.738643646240234,-3.799999952316284
0.0,0.0
0.0,0.0
-2.6750831604003906,5.886082649230957
0.0,0.0
0.0,0.0
0.0,0.0
-8.776796340942383,2.2207179069519043
17.75033187866211,-1.8224966526031494
0.0,0.0
0.0,0.0
-3.412402391433716,0.9591304063796997
3.819999933242798,0.0
11.111105918884277,-4.683797359466553
44.44442367553711,-10.143576622009277
11.111105918884277,-8.047465324401855
27.137060165405273,0.0
11.111105918884277,-8.744382858276367
0.0,0.0
6.356335163116455,-0.05636192113161087
0.0,0.0
11.111105918884277,-3.42352032661438
44.44442367553711,-34.221187591552734
11.111105918884277,-6.995865345001221
38.86323547363281,-3.636944055557251
11.111105918884277,-8.826416969299316
13.966684341430664,-4.0
10.95166301727295,-5.279975414276123
16.70968246459961,-7.460333347320557
0.0,0.0
0.0,0.0
-3.3338489532470703,4.688040256500244
11.772165298461914,0.0
0.0,0.0
0.0,0.0
-2.6433329582214355,5.823628902435303
0.0,0.0
0.0,0.0
0.0,0.0
-8.328749656677246,7.3213701248168945
14.347362518310547,-1.8292207717895508
0.0,0.0
0.0,0.0
-6.661973476409912,10.463419914245605
10.738643646240234,-5.242959499359131
0.0,0.0
0.0,0.0
0.0,0.0
0.0,0.0
0.0,0.0
0.0,0.0
0.0,0.0
0.0,0.0
0.0,0.0
0.0,0.0
0.0,0.0
0.0,0.0
0.0,0.0
0.0,0.0
0.0,0.0
0.0,0.0
0.0,0.0
0.0,0.0
0.0,0.0
0.0,0.0
0.0,0.0
0.0,0.0
0.0,0.0
0.0,0.0
0.0,0.0
0.0,0.0
0.0,0.0
0.0,0.0
0.0,0.0
0.0,0.0
0.0,0.0
0.0,0.0
0.0,0.0
0.0,0.0
0.0,0.0
0.0,0.0
0.0,0.0
0.0,0.0
0.0,0.0
0.0,0.0
0.0,0.0
0.0,0.0
0.0,0.0
0.0,0.0
0.0,0.0
0.0,0.0
0.0,0.0
0.0,0.0
0.0,0.0
0.0,0.0
0.0,0.0
0.0,0.0
0.0,0.0
0.0,0.0
0.0,0.0
0.0,0.0
0.0,0.0
0.0,0.0
0.0,0.0
0.0,0.0
0.0,0.0
0.0,0.0
0.0,0.0
0.0,0.0
0.0,0.0
0.0,0.0
11.111105918884277,-7.820067882537842
0.0,0.0
0.0,0.0
0.0,0.0
0.0,0.0
0.0,0.0
11.111105918884277,1.2438066005706787
0.0,0.0
11.111105918884277,4.408851146697998
0.0,0.0
0.0,0.0
0.0,0.0
7.173681259155273,3.5890800952911377
0.0,0.0
0.0,0.0
0.0,0.0
-10.100895881652832,-1.0092113018035889
0.0,0.0
0.0,0.0
0.0,0.0
0.0,0.0
0.0,0.0
-8.118867874145508,11.111015319824219
0.0,0.0
-9.719953536987305,2.7551767826080322
0.0,0.0
0.0,0.0
0.0,0.0
-9.538505554199219,2.971151828765869
0.0,0.0
0.0,0.0
0.0,0.0
11.110795974731445,-7.015944480895996
0.0,0.0
0.0,0.0
0.0,0.0
0.0,0.0
0.0,0.0
11.111105918884277,0.04578043520450592
0.0,0.0
11.111105918884277,-0.0326254703104496
0.0,0.0
0.0,0.0
0.0,0.0
2.738100051879883,0.0
0.0,0.0
0.0,0.0
0.0,0.0
-9.0261812210083,10.974976539611816
0.0,0.0
0.0,0.0
0.0,0.0
0.0,0.0
0.0,0.0
-6.301014423370361,10.487353324890137
0.0,0.0
-9.59320068359375,5.291666030883789
0.0,0.0
0.0,0.0
0.0,0.0
-8.110971450805664,1.1451668739318848
0.0,0.0
0.0,0.0
0.0,0.0
0.0,0.0
0.0,0.0
0.0,0.0
0.0,0.0
0.0,0.0
0.0,0.0
0.0,0.0
0.0,0.0
0.0,0.0
0.0,0.0
0.0,0.0
0.0,0.0
0.0,0.0
0.0,0.0
0.0,0.0
0.0,0.0
-9.86593246459961,-2.472140073776245
22.222211837768555,-20.517074584960938
0.0,0.0
0.0,0.0
0.0,0.0
0.0,0.0
0.0,0.0
0.0,0.0
-13.257872581481934,6.1930975914001465
21.53850555419922,-106.55374145507812
0.0,0.0
0.0,0.0
0.0,0.0
0.0,0.0
0.0,0.0
0.0,0.0
0.0,0.0
0.0,0.0
0.0,0.0
0.0,0.0
0.0,0.0
0.0,0.0
0.0,0.0
0.0,0.0
0.0,0.0
0.0,0.0
0.0,0.0
0.0,0.0
0.0,0.0
0.0,0.0
0.0,0.0
0.0,0.0
-91.57718658447266,-120.70763397216797
22.20625877380371,-116.1889419555664
0.0,0.0
0.0,0.0
-279.0417785644531,-243.57032775878906
0.0,0.0
0.0,0.0
0.0,0.0
-116.77327728271484,-3.5574452877044678
22.222211837768555,-17.853910446166992
0.0,0.0
0.0,0.0
-201.73809814453125,-378.4548034667969
0.0,0.0
0.0,0.0
0.0,0.0
0.0,0.0
0.0,0.0
0.0,0.0
0.0,0.0
0.0,0.0
0.0,0.0
0.0,0.0
0.0,0.0
0.0,0.0
0.0,0.0
0.0,0.0
0.0,0.0
0.0,0.0
0.0,0.0
0.0,0.0
0.0,0.0
0.0,0.0
0.0,0.0
0.0,0.0
0.0,0.0
0.0,0.0
0.0,0.0
0.0,0.0
0.0,0.0
0.0,0.0
0.0,0.0
0.0,0.0
0.0,0.0
0.0,0.0
0.0,0.0
0.0,0.0
0.0,0.0
0.0,0.0
0.0,0.0
0.0,0.0
0.0,0.0
0.0,0.0
0.0,0.0
0.0,0.0
0.0,0.0
0.0,0.0
0.0,0.0
0.0,0.0
0.0,0.0
0.0,0.0
0.0,0.0
0.0,0.0
0.0,0.0
0.0,0.0
0.0,0.0
0.0,0.0
0.0,0.0
0.0,0.0
0.0,0.0
0.0,0.0
0.0,0.0
0.0,0.0
0.0,0.0
0.0,0.0
0.0,0.0
0.0,0.0
0.0,0.0
0.0,0.0
0.0,0.0
0.0,0.0
0.0,0.0
0.0,0.0
0.0,0.0
0.0,0.0
0.0,0.0
0.0,0.0
0.0,0.0
0.0,0.0
0.0,0.0
0.0,0.0
0.0,0.0
0.0,0.0
0.0,0.0
0.0,0.0
0.0,0.0
-8.888885498046875,11.111105918884277
22.22007179260254,-17.191987991333008
0.0,0.0
0.0,0.0
0.0,0.0
0.0,0.0
0.0,0.0
0.0,0.0
-8.888973236083984,11.111105918884277
22.210472106933594,-10.31911563873291
0.0,0.0
0.0,0.0
0.0,0.0
0.0,0.0
0.0,0.0
0.0,0.0
0.0,0.0
0.0,0.0
0.0,0.0
0.0,0.0
0.0,0.0
0.0,0.0
0.0,0.0
0.0,0.0
0.0,0.0
0.0,0.0
0.0,0.0
0.0,0.0
0.0,0.0
0.0,0.0
0.0,0.0
0.0,0.0
-8.888885498046875,11.111105918884277
22.210472106933594,-14.893585205078125
0.0,0.0
0.0,0.0
0.0,0.0
0.0,0.0
0.0,0.0
0.0,0.0
-8.888885498046875,11.111105918884277
22.158048629760742,-13.97580623626709
0.0,0.0
0.0,0.0
0.0,0.0
0.0,0.0
0.0,0.0
0.0,0.0
0.0,0.0
0.0,0.0
0.0,0.0
0.0,0.0
0.0,0.0
0.0,0.0
0.0,0.0
0.0,0.0
0.0,0.0
0.0,0.0
0.0,0.0
0.0,0.0
0.0,0.0
0.0,0.0
0.0,0.0
0.0,0.0
0.0,0.0
0.0,0.0
0.0,0.0
0.0,0.0
0.0,0.0
0.0,0.0
0.0,0.0
0.0,0.0
0.0,0.0
0.0,0.0
0.0,0.0
0.0,0.0
0.0,0.0
0.0,0.0
0.0,0.0
0.0,0.0
0.0,0.0
0.0,0.0
0.0,0.0
0.0,0.0
0.0,0.0
0.0,0.0
0.0,0.0
0.0,0.0
0.0,0.0
0.0,0.0
0.0,0.0
0.0,0.0
0.0,0.0
0.0,0.0
0.0,0.0
0.0,0.0
0.0,0.0
0.0,0.0
0.0,0.0
0.0,0.0
0.0,0.0
0.0,0.0
0.0,0.0
0.0,0.0
0.0,0.0
0.0,0.0
0.0,0.0
0.0,0.0
0.0,0.0
0.0,0.0
11.111048698425293,-7.420543670654297
31.402101516723633,-10.345582962036133
11.092890739440918,-5.512096881866455
4.0,0.0
0.0,0.0
0.0,0.0
0.0,0.0
0.0,0.0
11.111105918884277,-8.494397163391113
40.617130279541016,0.0
10.154282569885254,-4.304620265960693
0.0,0.0
0.0,0.0
0.0,0.0
0.0,0.0
0.0,0.0
-10.89789867401123,-135.98809814453125
16.822040557861328,-1.849439024925232
-8.933719635009766,-139.63890075683594
22.222211837768555,-17.773305892944336
0.0,0.0
0.0,0.0
0.0,0.0
0.0,0.0
-8.725381851196289,11.111105918884277
19.682771682739258,-7.687128067016602
-11.110512733459473,-45.0158805847168
22.222211837768555,-17.7775821685791
0.0,0.0
0.0,0.0
0.0,0.0
0.0,0.0
11.111105918884277,-7.448650360107422
27.137060165405273,-15.785006523132324
11.049018859863281,-6.230698108673096
4.0,0.0
6.784265041351318,-0.9463067650794983
0.0,0.0
0.0,0.0
0.0,0.0
11.111105918884277,-8.734476089477539
40.23860549926758,-10.31395149230957
10.059651374816895,-1.8110731840133667
0.0,0.0
8.411020278930664,-1.8726190328598022
0.0,0.0
0.0,0.0
0.0,0.0
-8.247273445129395,10.99665355682373
16.28795623779297,-1.9617999792099
-97.12267303466797,10.379616737365723
22.222211837768555,-17.769088745117188
-1.8429855108261108,6.356335163116455
0.0,0.0
-221.22055053710938,-123.66034698486328
0.0,0.0
-8.723381042480469,11.111105918884277
20.308565139770508,-3.65360164642334
-32.75727462768555,11.111066818237305
22.222211837768555,-17.773151397705078
-1.8239492177963257,8.875165939331055
0.0,0.0
-263.8203125,-359.7229309082031
0.0,0.0
0.0,0.0
0.0,0.0
0.0,0.0
0.0,0.0
0.0,0.0
0.0,0.0
0.0,0.0
0.0,0.0
0.0,0.0
0.0,0.0
0.0,0.0
0.0,0.0
0.0,0.0
0.0,0.0
0.0,0.0
0.0,0.0
0.0,0.0
0.0,0.0
0.0,0.0
0.0,0.0
0.0,0.0
0.0,0.0
0.0,0.0
0.0,0.0
0.0,0.0
0.0,0.0
0.0,0.0
0.0,0.0
0.0,0.0
0.0,0.0
0.0,0.0
0.0,0.0
0.0,0.0
0.0,0.0
0.0,0.0
0.0,0.0
0.0,0.0
0.0,0.0
0.0,0.0
0.0,0.0
0.0,0.0
0.0,0.0
0.0,0.0
0.0,0.0
0.0,0.0
0.0,0.0
0.0,0.0
0.0,0.0
0.0,0.0
0.0,0.0
0.0,0.0
0.0,0.0
0.0,0.0
0.0,0.0
0.0,0.0
0.0,0.0
0.0,0.0
0.0,0.0
0.0,0.0
0.0,0.0
0.0,0.0
0.0,0.0
0.0,0.0
0.0,0.0
0.0,0.0
0.0,0.0
2.738100051879883,0.0
0.0,0.0
0.0,0.0
0.0,0.0
0.0,0.0
0.0,0.0
11.110132217407227,-7.584424018859863
0.0,0.0
8.143978118896484,-2.0865488052368164
0.0,0.0
0.0,0.0
0.0,0.0
0.0,0.0
0.0,0.0
0.0,0.0
0.0,0.0
-8.955130577087402,10.80155086517334
0.0,0.0
0.0,0.0
0.0,0.0
0.0,0.0
0.0,0.0
-11.107407569885254,-34.1713752746582
0.0,0.0
-8.888895988464355,11.111099243164062
0.0,0.0
0.0,0.0
0.0,0.0
0.0,0.0
0.0,0.0
0.0,0.0
0.0,0.0
0.0,0.0
0.0,0.0
0.0,0.0
0.0,0.0
0.0,0.0
0.0,0.0
3.491671085357666,0.0
0.0,0.0
0.0,0.0
0.0,0.0
0.0,0.0
0.0,0.0
0.0,0.0
0.0,0.0
0.0,0.0
0.0,0.0
-4.360333442687988,10.616660118103027
0.0,0.0
0.0,0.0
0.0,0.0
0.0,0.0
0.0,0.0
-1.899999976158142,2.738100051879883
0.0,0.0
-7.625319957733154,11.104608535766602
0.0,0.0
0.0,0.0
0.0,0.0
0.0,0.0
0.0,0.0
0.0,0.0
0.0,0.0
0.0,0.0
0.0,0.0
0.0,0.0
0.0,0.0
0.0,0.0
0.0,0.0
0.0,0.0
0.0,0.0
0.0,0.0
0.0,0.0
0.0,0.0
0.0,0.0
0.0,0.0
0.0,0.0
0.0,0.0
0.0,0.0
0.0,0.0
0.0,0.0
0.0,0.0
0.0,0.0
0.0,0.0
0.0,0.0
0.0,0.0
0.0,0.0
0.0,0.0
0.0,0.0
0.0,0.0
0.0,0.0
0.0,0.0
0.0,0.0
0.0,0.0
0.0,0.0
0.0,0.0
0.0,0.0
0.0,0.0
0.0,0.0
0.0,0.0
0.0,0.0
0.0,0.0
0.0,0.0
0.0,0.0
0.0,0.0
0.0,0.0
0.0,0.0
0.0,0.0
0.0,0.0
0.0,0.0
0.0,0.0
0.0,0.0
0.0,0.0
0.0,0.0
0.0,0.0
0.0,0.0
0.0,0.0
0.0,0.0
0.0,0.0
0.0,0.0
0.0,0.0
0.0,0.0
0.0,0.0
0.0,0.0
0.0,0.0
