-4.9623894691467285,6.861634254455566
0.0,0.0
0.0,0.0
0.0,0.0
0.0,0.0
0.0,0.0
0.0,0.0
0.0,0.0
0.0,0.0
0.0,0.0
0.0,0.0
0.0,0.0
0.0,0.0
0.0,0.0
0.0,0.0
0.0,0.0
0.0,0.0
0.0,0.0
10.925827980041504,30.670257568359375
22.05742835998535,-7.452332019805908
0.0,0.0
0.0,0.0
0.0,0.0
0.0,0.0
0.0,0.0
0.0,0.0
10.506054878234863,27.11583709716797
22.221302032470703,-11.089521408081055
0.0,0.0
0.0,0.0
-3.4026191234588623,7.528049945831299
0.0,0.0
0.0,0.0
0.0,0.0
0.0,0.0
0.0,0.0
0.0,0.0
0.0,0.0
0.0,0.0
0.0,0.0
0.0,0.0
0.0,0.0
0.0,0.0
0.0,0.0
0.0,0.0
0.0,0.0
0.0,0.0
0.0,0.0
0.0,0.0
0.0,0.0
-8.889484405517578,11.11081600189209
2.0,0.0
0.0,0.0
0.0,0.0
-8.889684677124023,11.111028671264648
5.476200103759766,0.0
0.0,0.0
0.0,0.0
-8.889102935791016,11.111082077026367
20.11930274963379,-1.7988070249557495
0.0,0.0
0.0,0.0
-8.88365650177002,11.111105918884277
0.0,0.0
0.0,0.0
0.0,0.0
0.0,0.0
0.0,0.0
0.0,0.0
0.0,0.0
0.0,0.0
0.0,0.0
0.0,0.0
0.0,0.0
0.0,0.0
0.0,0.0
0.0,0.0
0.0,0.0
0.0,0.0
0.0,0.0
0.0,0.0
0.0,0.0
-8.95002269744873,10.821874618530273
22.222211837768555,-17.286231994628906
0.0,0.0
0.0,0.0
-8.870210647583008,11.111105918884277
22.218774795532227,-10.17329216003418
0.0,0.0
0.0,0.0
-8.915753364562988,10.59343433380127
22.222164154052734,-16.441518783569336
0.0,0.0
0.0,0.0
-9.02497386932373,8.46505355834961
22.222211837768555,-17.778276443481445
0.0,0.0
0.0,0.0
0.0,0.0
0.0,0.0
0.0,0.0
0.0,0.0
0.0,0.0
0.0,0.0
0.0,0.0
0.0,0.0
0.0,0.0
0.0,0.0
0.0,0.0
0.0,0.0
0.0,0.0
0.0,0.0
0.0,0.0
0.0,0.0
-8.917579650878906,11.10991096496582
22.222211837768555,-17.777400970458984
0.0,0.0
0.0,0.0
-8.889901161193848,11.111105918884277
22.222211837768555,-17.739097595214844
0.0,0.0
0.0,0.0
-8.906510353088379,11.106512069702148
22.222204208374023,-13.68503189086914
0.0,0.0
0.0,0.0
-8.946504592895508,10.44194507598877
22.222211837768555,-17.77770233154297
0.0,0.0
0.0,0.0
0.0,0.0
0.0,0.0
0.0,0.0
0.0,0.0
0.0,0.0
0.0,0.0
0.0,0.0
0.0,0.0
0.0,0.0
0.0,0.0
0.0,0.0
0.0,0.0
0.0,0.0
0.0,0.0
0.0,0.0
0.0,0.0
0.5754467844963074,19.65741729736328
19.485246658325195,-18.097660064697266
0.0,0.0
0.0,0.0
0.0,0.0
0.0,0.0
0.0,0.0
0.0,0.0
3.6860361099243164,22.63897132873535
22.222211837768555,-17.42656898498535
0.0,0.0
0.0,0.0
-8.544507026672363,11.111105918884277
2.0,-1.9800000190734863
0.0,0.0
0.0,0.0
0.0,0.0
0.0,0.0
0.0,0.0
0.0,0.0
0.0,0.0
0.0,0.0
0.0,0.0
0.0,0.0
0.0,0.0
0.0,0.0
0.0,0.0
0.0,0.0
0.0,0.0
0.0,0.0
0.0,0.0
0.0,0.0
0.0,0.0
0.0,0.0
0.0,0.0
0.0,0.0
0.0,0.0
0.0,0.0
0.0,0.0
0.0,0.0
0.0,0.0
0.0,0.0
0.0,0.0
0.0,0.0
0.0,0.0
0.0,0.0
0.0,0.0
0.0,0.0
0.0,0.0
0.0,0.0
0.0,0.0
0.0,0.0
0.0,0.0
0.0,0.0
0.0,0.0
0.0,0.0
0.0,0.0
0.0,0.0
0.0,0.0
0.0,0.0
0.0,0.0
0.0,0.0
0.0,0.0
0.0,0.0
-8.913383483886719,10.86561107635498
0.0,0.0
0.0,0.0
0.0,0.0
0.0,0.0
0.0,0.0
0.0,0.0
0.0,0.0
-8.925058364868164,10.749130249023438
22.222116470336914,-17.777799606323242
0.0,0.0
0.0,0.0
-9.261893272399902,7.552966594696045
0.0,0.0
0.0,0.0
0.0,0.0
0.0,0.0
0.0,0.0
0.0,0.0
0.0,0.0
0.0,0.0
0.0,0.0
0.0,0.0
0.0,0.0
0.0,0.0
0.0,0.0
0.0,0.0
0.0,0.0
0.0,0.0
0.0,0.0
0.0,0.0
0.0,0.0
-8.9044771194458,10.887251853942871
0.0,0.0
0.0,0.0
0.0,0.0
0.0,0.0
0.0,0.0
0.0,0.0
0.0,0.0
-8.970170021057129,10.432291030883789
22.222211837768555,-17.77777099609375
0.0,0.0
0.0,0.0
-9.206381797790527,5.9747633934021
0.0,0.0
0.0,0.0
0.0,0.0
0.0,0.0
0.0,0.0
0.0,0.0
0.0,0.0
0.0,0.0
0.0,0.0
0.0,0.0
0.0,0.0
0.0,0.0
0.0,0.0
0.0,0.0
0.0,0.0
0.0,0.0
0.0,0.0
0.0,0.0
0.0,0.0
0.0,0.0
0.0,0.0
0.0,0.0
0.0,0.0
0.0,0.0
0.0,0.0
0.0,0.0
0.0,0.0
0.0,0.0
0.0,0.0
0.0,0.0
0.0,0.0
0.0,0.0
0.0,0.0
0.0,0.0
0.0,0.0
0.0,0.0
0.0,0.0
0.0,0.0
0.0,0.0
0.0,0.0
0.0,0.0
0.0,0.0
0.0,0.0
0.0,0.0
0.0,0.0
0.0,0.0
0.0,0.0
0.0,0.0
0.0,0.0
0.0,0.0
0.0,0.0
0.0,0.0
0.0,0.0
0.0,0.0
0.0,0.0
0.0,0.0
0.0,0.0
0.0,0.0
0.0,0.0
0.0,0.0
0.0,0.0
0.0,0.0
0.0,0.0
0.0,0.0
0.0,0.0
11.111105918884277,-6.2121686935424805
44.44442367553711,-34.27372741699219
11.111105918884277,-7.075500011444092
41.5602912902832,-3.9235999584198
1.909999966621399,-0.9900000095367432
0.0,0.0
6.784265041351318,-0.9726189970970154
0.0,0.0
11.111105918884277,-6.346918106079102
44.44442367553711,-25.285005569458008
11.111105918884277,-2.7771003246307373
44.1445198059082,2.5160765647888184
0.0,0.0
0.0,0.0
10.567758560180664,-0.905738353729248
0.0,0.0
0.0,0.0
0.0,0.0
-9.040306091308594,2.1353611946105957
18.85233497619629,-2.2846877574920654
0.0,0.0
0.0,0.0
-2.6750831604003906,7.620506286621094
0.0,0.0
0.0,0.0
0.0,0.0
-9.347980499267578,2.333667039871216
21.95814323425293,-0.863895833492279
0.0,0.0
0.0,0.0
-5.203019142150879,2.004014730453491
3.819999933242798,0.0
11.111105918884277,-8.259754180908203
44.44442367553711,-24.1313533782959
11.111105918884277,-6.2762017250061035
38.311248779296875,0.9967688918113708
11.111105918884277,-8.031073570251465
0.0,0.0
9.955660820007324,-0.05636192113161087
0.0,0.0
11.111105918884277,-7.748844146728516
44.44442367553711,-8.677700996398926
11.111105918884277,-8.721003532409668
44.04644012451172,1.1423532962799072
11.111105918884277,-8.527078628540039
13.966684341430664,-4.0
11.104655265808105,-4.335111141204834
28.694725036621094,-7.460333347320557
0.0,0.0
0.0,0.0
-4.567045211791992,-0.5903177261352539
19.155624389648438,2.1505610942840576
0.0,0.0
0.0,0.0
-3.3242547512054443,9.113667488098145
0.0,0.0
0.0,0.0
0.0,0.0
-8.886486053466797,8.829694747924805
20.637523651123047,-0.8958060145378113
0.0,0.0
0.0,0.0
-7.749816417694092,3.1691534519195557
19.91132164001465,-7.672824382781982
0.0,0.0
0.0,0.0
0.0,0.0
0.0,0.0
0.0,0.0
0.0,0.0
0.0,0.0
0.0,0.0
0.0,0.0
0.0,0.0
0.0,0.0
0.0,0.0
0.0,0.0
0.0,0.0
0.0,0.0
0.0,0.0
0.0,0.0
0.0,0.0
0.0,0.0
0.0,0.0
0.0,0.0
0.0,0.0
0.0,0.0
0.0,0.0
0.0,0.0
0.0,0.0
0.0,0.0
0.0,0.0
0.0,0.0
0.0,0.0
0.0,0.0
0.0,0.0
0.0,0.0
0.0,0.0
0.0,0.0
0.0,0.0
0.0,0.0
0.0,0.0
0.0,0.0
0.0,0.0
0.0,0.0
0.0,0.0
0.0,0.0
0.0,0.0
0.0,0.0
0.0,0.0
0.0,0.0
0.0,0.0
0.0,0.0
0.0,0.0
0.0,0.0
0.0,0.0
0.0,0.0
0.0,0.0
0.0,0.0
0.0,0.0
0.0,0.0
0.0,0.0
0.0,0.0
0.0,0.0
0.0,0.0
0.0,0.0
0.0,0.0
0.0,0.0
0.0,0.0
0.0,0.0
11.111105918884277,-7.24168062210083
0.0,0.0
0.0,0.0
0.0,0.0
0.0,0.0
0.0,0.0
11.099748611450195,1.7745280265808105
0.0,0.0
11.111105918884277,5.773946285247803
0.0,0.0
0.0,0.0
0.0,0.0
10.738507270812988,6.1212477684021
0.0,0.0
0.0,0.0
0.0,0.0
-10.100895881652832,-1.0092036724090576
0.0,0.0
0.0,0.0
0.0,0.0
0.0,0.0
0.0,0.0
-8.87392520904541,11.111105918884277
0.0,0.0
-9.700718879699707,2.9929027557373047
0.0,0.0
0.0,0.0
0.0,0.0
-10.03302001953125,-1.4992071390151978
0.0,0.0
0.0,0.0
0.0,0.0
11.111105918884277,-8.460419654846191
0.0,0.0
0.0,0.0
0.0,0.0
0.0,0.0
0.0,0.0
11.111105918884277,-0.008837692439556122
0.0,0.0
11.111105918884277,3.6342692375183105
0.0,0.0
0.0,0.0
0.0,0.0
7.528049945831299,1.0273809432983398
0.0,0.0
0.0,0.0
0.0,0.0
-8.974886894226074,8.556463241577148
0.0,0.0
0.0,0.0
0.0,0.0
0.0,0.0
0.0,0.0
-7.517622947692871,11.10268783569336
0.0,0.0
-9.695450782775879,3.8195412158966064
0.0,0.0
0.0,0.0
0.0,0.0
-9.587594985961914,2.226667881011963
0.0,0.0
0.0,0.0
0.0,0.0
0.0,0.0
0.0,0.0
0.0,0.0
0.0,0.0
0.0,0.0
0.0,0.0
0.0,0.0
0.0,0.0
0.0,0.0
0.0,0.0
0.0,0.0
0.0,0.0
0.0,0.0
0.0,0.0
0.0,0.0
0.0,0.0
-9.393731117248535,6.291829586029053
22.222211837768555,-20.279693603515625
0.0,0.0
0.0,0.0
0.0,0.0
0.0,0.0
0.0,0.0
0.0,0.0
-9.218687057495117,8.115287780761719
17.096704483032227,-247.6114044189453
0.0,0.0
0.0,0.0
0.0,0.0
0.0,0.0
0.0,0.0
0.0,0.0
0.0,0.0
0.0,0.0
0.0,0.0
0.0,0.0
0.0,0.0
0.0,0.0
0.0,0.0
0.0,0.0
0.0,0.0
0.0,0.0
0.0,0.0
0.0,0.0
0.0,0.0
0.0,0.0
0.0,0.0
0.0,0.0
-10.85617446899414,-52.53949737548828
22.2221622467041,-19.793445587158203
0.0,0.0
0.0,0.0
-76.22045135498047,-333.5812683105469
0.0,0.0
0.0,0.0
0.0,0.0
-36.448238372802734,11.094624519348145
22.222211837768555,-127.58863830566406
0.0,0.0
0.0,0.0
-319.70391845703125,-628.250732421875
0.0,0.0
0.0,0.0
0.0,0.0
0.0,0.0
0.0,0.0
0.0,0.0
0.0,0.0
0.0,0.0
0.0,0.0
0.0,0.0
0.0,0.0
0.0,0.0
0.0,0.0
0.0,0.0
0.0,0.0
0.0,0.0
0.0,0.0
0.0,0.0
0.0,0.0
0.0,0.0
0.0,0.0
0.0,0.0
0.0,0.0
0.0,0.0
0.0,0.0
0.0,0.0
0.0,0.0
0.0,0.0
0.0,0.0
0.0,0.0
0.0,0.0
0.0,0.0
0.0,0.0
0.0,0.0
0.0,0.0
0.0,0.0
0.0,0.0
0.0,0.0
0.0,0.0
0.0,0.0
0.0,0.0
0.0,0.0
0.0,0.0
0.0,0.0
0.0,0.0
0.0,0.0
0.0,0.0
0.0,0.0
0.0,0.0
0.0,0.0
0.0,0.0
0.0,0.0
0.0,0.0
0.0,0.0
0.0,0.0
0.0,0.0
0.0,0.0
0.0,0.0
0.0,0.0
0.0,0.0
0.0,0.0
0.0,0.0
0.0,0.0
0.0,0.0
0.0,0.0
0.0,0.0
0.0,0.0
0.0,0.0
0.0,0.0
0.0,0.0
0.0,0.0
0.0,0.0
0.0,0.0
0.0,0.0
0.0,0.0
0.0,0.0
0.0,0.0
0.0,0.0
0.0,0.0
0.0,0.0
0.0,0.0
0.0,0.0
0.0,0.0
-8.888885498046875,11.111105918884277
22.222211837768555,-17.59398078918457
0.0,0.0
0.0,0.0
0.0,0.0
0.0,0.0
0.0,0.0
0.0,0.0
-8.888973236083984,11.111105918884277
22.222211837768555,-15.17724323272705
0.0,0.0
0.0,0.0
0.0,0.0
0.0,0.0
0.0,0.0
0.0,0.0
0.0,0.0
0.0,0.0
0.0,0.0
0.0,0.0
0.0,0.0
0.0,0.0
0.0,0.0
0.0,0.0
0.0,0.0
0.0,0.0
0.0,0.0
0.0,0.0
0.0,0.0
0.0,0.0
0.0,0.0
0.0,0.0
-11.111105918884277,-19.996435165405273
22.222211837768555,-16.87272071838379
0.0,0.0
0.0,0.0
0.0,0.0
0.0,0.0
0.0,0.0
0.0,0.0
-9.001738548278809,10.846829414367676
22.220439910888672,-14.698349952697754
0.0,0.0
0.0,0.0
0.0,0.0
0.0,0.0
0.0,0.0
0.0,0.0
0.0,0.0
0.0,0.0
0.0,0.0
0.0,0.0
0.0,0.0
0.0,0.0
0.0,0.0
0.0,0.0
0.0,0.0
0.0,0.0
0.0,0.0
0.0,0.0
0.0,0.0
0.0,0.0
0.0,0.0
0.0,0.0
0.0,0.0
0.0,0.0
0.0,0.0
0.0,0.0
0.0,0.0
0.0,0.0
0.0,0.0
0.0,0.0
0.0,0.0
0.0,0.0
0.0,0.0
0.0,0.0
0.0,0.0
0.0,0.0
0.0,0.0
0.0,0.0
0.0,0.0
0.0,0.0
0.0,0.0
0.0,0.0
0.0,0.0
0.0,0.0
0.0,0.0
0.0,0.0
0.0,0.0
0.0,0.0
0.0,0.0
0.0,0.0
0.0,0.0
0.0,0.0
0.0,0.0
0.0,0.0
0.0,0.0
0.0,0.0
0.0,0.0
0.0,0.0
0.0,0.0
0.0,0.0
0.0,0.0
0.0,0.0
0.0,0.0
0.0,0.0
0.0,0.0
0.0,0.0
0.0,0.0
0.0,0.0
11.111105918884277,-8.320022583007812
39.365543365478516,-10.345582962036133
11.110824584960938,-6.427474498748779
4.0,0.0
0.0,0.0
0.0,0.0
0.0,0.0
0.0,0.0
-189.88890075683594,-9.006765365600586
43.74357223510742,-3.590384006500244
11.020565032958984,-4.765602111816406
0.0,0.0
0.0,0.0
0.0,0.0
0.0,0.0
0.0,0.0
-11.111035346984863,-27.9335880279541
20.11930274963379,-4.941464900970459
-11.111102104187012,-29.151260375976562
22.222211837768555,-17.777719497680664
0.0,0.0
0.0,0.0
0.0,0.0
0.0,0.0
-8.837578773498535,11.111105918884277
21.660655975341797,-10.455469131469727
-57.02781295776367,11.11097240447998
22.222211837768555,-17.77777099609375
0.0,0.0
0.0,0.0
0.0,0.0
0.0,0.0
11.111105918884277,-7.943948268890381
35.50066375732422,-15.785006523132324
11.109930038452148,-6.951415538787842
4.0,0.0
7.850525379180908,-1.7799392938613892
0.0,0.0
0.0,0.0
0.0,0.0
11.111105918884277,-8.840433120727539
42.6446418762207,-10.31395149230957
10.95166301727295,-2.527561902999878
0.0,0.0
9.715808868408203,-3.8262157440185547
0.0,0.0
0.0,0.0
0.0,0.0
-8.641460418701172,11.11109447479248
19.155624389648438,-1.9617999792099
-95.06424713134766,-26.750892639160156
22.222211837768555,-17.77692413330078
-1.8429855108261108,7.850525379180908
0.0,0.0
-213.1549072265625,-252.81033325195312
0.0,0.0
-8.888757705688477,11.087291717529297
21.40331268310547,-3.65360164642334
-111.57730102539062,10.292678833007812
22.222211837768555,-17.77737045288086
-2.544396162033081,10.059651374816895
0.0,0.0
-398.6859130859375,-268.2128601074219
0.0,0.0
0.0,0.0
0.0,0.0
0.0,0.0
0.0,0.0
0.0,0.0
0.0,0.0
0.0,0.0
0.0,0.0
0.0,0.0
0.0,0.0
0.0,0.0
0.0,0.0
0.0,0.0
0.0,0.0
0.0,0.0
0.0,0.0
0.0,0.0
0.0,0.0
0.0,0.0
0.0,0.0
0.0,0.0
0.0,0.0
0.0,0.0
0.0,0.0
0.0,0.0
0.0,0.0
0.0,0.0
0.0,0.0
0.0,0.0
0.0,0.0
0.0,0.0
0.0,0.0
0.0,0.0
0.0,0.0
0.0,0.0
0.0,0.0
0.0,0.0
0.0,0.0
0.0,0.0
0.0,0.0
0.0,0.0
0.0,0.0
0.0,0.0
0.0,0.0
0.0,0.0
0.0,0.0
0.0,0.0
0.0,0.0
0.0,0.0
0.0,0.0
0.0,0.0
0.0,0.0
0.0,0.0
0.0,0.0
0.0,0.0
0.0,0.0
0.0,0.0
0.0,0.0
0.0,0.0
0.0,0.0
0.0,0.0
0.0,0.0
0.0,0.0
0.0,0.0
0.0,0.0
0.0,0.0
4.80145263671875,0.0
0.0,0.0
0.0,0.0
0.0,0.0
0.0,0.0
0.0,0.0
11.111105918884277,-8.327367782592773
0.0,0.0
10.3900728225708,-2.77947998046875
0.0,0.0
0.0,0.0
0.0,0.0
0.0,0.0
0.0,0.0
0.0,0.0
0.0,0.0
-8.889021873474121,11.109858512878418
0.0,0.0
0.0,0.0
0.0,0.0
0.0,0.0
0.0,0.0
-171.98443603515625,10.413917541503906
0.0,0.0
-8.889190673828125,6.982527732849121
0.0,0.0
0.0,0.0
0.0,0.0
0.0,0.0
0.0,0.0
0.0,0.0
0.0,0.0
0.0,0.0
0.0,0.0
0.0,0.0
0.0,0.0
0.0,0.0
0.0,0.0
4.80145263671875,0.0
0.0,0.0
0.0,0.0
0.0,0.0
0.0,0.0
0.0,0.0
0.0,0.0
0.0,0.0
0.0,0.0
0.0,0.0
-4.360333442687988,11.049018859863281
0.0,0.0
0.0,0.0
0.0,0.0
0.0,0.0
0.0,0.0
-1.899999976158142,5.369321823120117
0.0,0.0
-8.56937313079834,11.100940704345703
0.0,0.0
0.0,0.0
0.0,0.0
0.0,0.0
0.0,0.0
0.0,0.0
0.0,0.0
0.0,0.0
0.0,0.0
0.0,0.0
0.0,0.0
0.0,0.0
0.0,0.0
0.0,0.0
0.0,0.0
0.0,0.0
0.0,0.0
0.0,0.0
0.0,0.0
0.0,0.0
0.0,0.0
0.0,0.0
0.0,0.0
0.0,0.0
0.0,0.0
0.0,0.0
0.0,0.0
0.0,0.0
0.0,0.0
0.0,0.0
0.0,0.0
0.0,0.0
0.0,0.0
0.0,0.0
0.0,0.0
0.0,0.0
0.0,0.0
0.0,0.0
0.0,0.0
0.0,0.0
0.0,0.0
0.0,0.0
0.0,0.0
0.0,0.0
0.0,0.0
0.0,0.0
0.0,0.0
0.0,0.0
0.0,0.0
0.0,0.0
0.0,0.0
0.0,0.0
0.0,0.0
0.0,0.0
0.0,0.0
0.0,0.0
0.0,0.0
0.0,0.0
0.0,0.0
0.0,0.0
0.0,0.0
0.0,0.0
0.0,0.0
0.0,0.0
0.0,0.0
0.0,0.0
0.0,0.0
0.0,0.0
0.0,0.0
