-9.744340896606445,6.638458251953125
0.0,0.0
0.0,0.0
0.0,0.0
0.0,0.0
0.0,0.0
0.0,0.0
0.0,0.0
0.0,0.0
0.0,0.0
0.0,0.0
0.0,0.0
0.0,0.0
0.0,0.0
0.0,0.0
0.0,0.0
0.0,0.0
0.0,0.0
10.81794548034668,30.670257568359375
17.75033187866211,-1.9039709568023682
0.0,0.0
0.0,0.0
0.0,0.0
0.0,0.0
0.0,0.0
0.0,0.0
7.688448429107666,27.11583709716797
22.0722599029541,-9.518796920776367
0.0,0.0
0.0,0.0
-3.4026191234588623,7.528049945831299
0.0,0.0
0.0,0.0
0.0,0.0
0.0,0.0
0.0,0.0
0.0,0.0
0.0,0.0
0.0,0.0
0.0,0.0
0.0,0.0
0.0,0.0
0.0,0.0
0.0,0.0
0.0,0.0
0.0,0.0
0.0,0.0
0.0,0.0
0.0,0.0
0.0,0.0
-8.861406326293945,11.103326797485352
0.0,0.0
0.0,0.0
0.0,0.0
-8.890997886657715,11.110809326171875
0.0,0.0
0.0,0.0
0.0,0.0
-8.891383171081543,11.108551025390625
14.347362518310547,0.0
0.0,0.0
0.0,0.0
-8.876729011535645,11.111105918884277
0.0,0.0
0.0,0.0
0.0,0.0
0.0,0.0
0.0,0.0
0.0,0.0
0.0,0.0
0.0,0.0
0.0,0.0
0.0,0.0
0.0,0.0
0.0,0.0
0.0,0.0
0.0,0.0
0.0,0.0
0.0,0.0
0.0,0.0
0.0,0.0
0.0,0.0
-8.90784740447998,11.047301292419434
22.222211837768555,-17.45871353149414
0.0,0.0
0.0,0.0
-8.849836349487305,11.111105918884277
22.185781478881836,-9.328241348266602
0.0,0.0
0.0,0.0
-8.895901679992676,10.872904777526855
22.222164154052734,-17.783628463745117
0.0,0.0
0.0,0.0
-9.006052017211914,5.029635429382324
22.222211837768555,-17.8238582611084
0.0,0.0
0.0,0.0
0.0,0.0
0.0,0.0
0.0,0.0
0.0,0.0
0.0,0.0
0.0,0.0
0.0,0.0
0.0,0.0
0.0,0.0
0.0,0.0
0.0,0.0
0.0,0.0
0.0,0.0
0.0,0.0
0.0,0.0
0.0,0.0
-8.88890266418457,11.111105918884277
22.222211837768555,-17.775745391845703
0.0,0.0
0.0,0.0
-8.902990341186523,11.110986709594727
22.222211837768555,-17.654516220092773
0.0,0.0
0.0,0.0
-8.892215728759766,11.111102104187012
22.222209930419922,-22.460174560546875
0.0,0.0
0.0,0.0
-8.897167205810547,11.111104965209961
22.222211837768555,-17.775779724121094
0.0,0.0
0.0,0.0
0.0,0.0
0.0,0.0
0.0,0.0
0.0,0.0
0.0,0.0
0.0,0.0
0.0,0.0
0.0,0.0
0.0,0.0
0.0,0.0
0.0,0.0
0.0,0.0
0.0,0.0
0.0,0.0
0.0,0.0
0.0,0.0
0.5754030346870422,19.65741729736328
21.383026123046875,-17.912031173706055
0.0,0.0
0.0,0.0
0.0,0.0
0.0,0.0
0.0,0.0
0.0,0.0
5.771791458129883,22.63897132873535
22.222211837768555,-16.658594131469727
0.0,0.0
0.0,0.0
-8.168869018554688,11.111105918884277
0.0,0.0
0.0,0.0
0.0,0.0
0.0,0.0
0.0,0.0
0.0,0.0
0.0,0.0
0.0,0.0
0.0,0.0
0.0,0.0
0.0,0.0
0.0,0.0
0.0,0.0
0.0,0.0
0.0,0.0
0.0,0.0
0.0,0.0
0.0,0.0
0.0,0.0
0.0,0.0
0.0,0.0
0.0,0.0
0.0,0.0
0.0,0.0
0.0,0.0
0.0,0.0
0.0,0.0
0.0,0.0
0.0,0.0
0.0,0.0
0.0,0.0
0.0,0.0
0.0,0.0
0.0,0.0
0.0,0.0
0.0,0.0
0.0,0.0
0.0,0.0
0.0,0.0
0.0,0.0
0.0,0.0
0.0,0.0
0.0,0.0
0.0,0.0
0.0,0.0
0.0,0.0
0.0,0.0
0.0,0.0
0.0,0.0
0.0,0.0
0.0,0.0
-8.913383483886719,10.86561107635498
0.0,0.0
0.0,0.0
0.0,0.0
0.0,0.0
0.0,0.0
0.0,0.0
0.0,0.0
-8.924931526184082,10.750421524047852
22.222116470336914,-17.777799606323242
0.0,0.0
0.0,0.0
-9.077325820922852,10.559286117553711
0.0,0.0
0.0,0.0
0.0,0.0
0.0,0.0
0.0,0.0
0.0,0.0
0.0,0.0
0.0,0.0
0.0,0.0
0.0,0.0
0.0,0.0
0.0,0.0
0.0,0.0
0.0,0.0
0.0,0.0
0.0,0.0
0.0,0.0
0.0,0.0
0.0,0.0
-8.908313751220703,11.109006881713867
0.0,0.0
0.0,0.0
0.0,0.0
0.0,0.0
0.0,0.0
0.0,0.0
0.0,0.0
-8.924656867980957,10.85079574584961
22.222211837768555,-17.777759552001953
0.0,0.0
0.0,0.0
-9.08469295501709,7.482099533081055
0.0,0.0
0.0,0.0
0.0,0.0
0.0,0.0
0.0,0.0
0.0,0.0
0.0,0.0
0.0,0.0
0.0,0.0
0.0,0.0
0.0,0.0
0.0,0.0
0.0,0.0
0.0,0.0
0.0,0.0
0.0,0.0
0.0,0.0
0.0,0.0
0.0,0.0
0.0,0.0
0.0,0.0
0.0,0.0
0.0,0.0
0.0,0.0
0.0,0.0
0.0,0.0
0.0,0.0
0.0,0.0
0.0,0.0
0.0,0.0
0.0,0.0
0.0,0.0
0.0,0.0
0.0,0.0
0.0,0.0
0.0,0.0
0.0,0.0
0.0,0.0
0.0,0.0
0.0,0.0
0.0,0.0
0.0,0.0
0.0,0.0
0.0,0.0
0.0,0.0
0.0,0.0
0.0,0.0
0.0,0.0
0.0,0.0
0.0,0.0
0.0,0.0
0.0,0.0
0.0,0.0
0.0,0.0
0.0,0.0
0.0,0.0
0.0,0.0
0.0,0.0
0.0,0.0
0.0,0.0
0.0,0.0
0.0,0.0
0.0,0.0
0.0,0.0
0.0,0.0
11.111105918884277,-3.795823812484741
44.44442367553711,-13.543864250183105
11.111105918884277,-3.4733047485351562
33.644081115722656,-3.9235999584198
1.909999966621399,-0.9900000095367432
0.0,0.0
6.356335163116455,-0.9726189970970154
0.0,0.0
11.111105918884277,-5.502254009246826
44.44442367553711,-32.04554748535156
11.111105918884277,-6.584618091583252
39.365543365478516,-2.091277599334717
0.0,0.0
0.0,0.0
9.841385841369629,-0.905738353729248
0.0,0.0
0.0,0.0
0.0,0.0
-8.641448974609375,6.165431499481201
15.056099891662598,-3.799999952316284
0.0,0.0
0.0,0.0
-2.6750831604003906,6.020907402038574
0.0,0.0
0.0,0.0
0.0,0.0
-9.285244941711426,6.644174575805664
20.11930274963379,-1.8224966526031494
0.0,0.0
0.0,0.0
-4.061570644378662,-0.6919668316841125
3.819999933242798,0.0
11.111105918884277,-7.598077297210693
44.44442367553711,-34.67301559448242
11.111105918884277,-5.500203609466553
30.112199783325195,-3.698878049850464
11.111105918884277,-8.31646728515625
0.0,0.0
8.411020278930664,-0.05636192113161087
0.0,0.0
11.111105918884277,-6.96591329574585
44.44442367553711,-17.494932174682617
11.111105918884277,-6.019644737243652
41.275047302246094,-3.636944055557251
11.111105918884277,-8.888654708862305
13.966684341430664,-4.0
11.042878150939941,-4.1680097579956055
23.544330596923828,-7.460333347320557
0.0,0.0
0.0,0.0
-3.3338489532470703,6.827599048614502
14.347362518310547,0.0
0.0,0.0
0.0,0.0
-3.3242547512054443,6.443418979644775
0.0,0.0
0.0,0.0
0.0,0.0
-8.769438743591309,5.881657123565674
15.701050758361816,-1.8292207717895508
0.0,0.0
0.0,0.0
-6.92799186706543,7.846132278442383
16.28795623779297,-5.242959499359131
0.0,0.0
0.0,0.0
0.0,0.0
0.0,0.0
0.0,0.0
0.0,0.0
0.0,0.0
0.0,0.0
0.0,0.0
0.0,0.0
0.0,0.0
0.0,0.0
0.0,0.0
0.0,0.0
0.0,0.0
0.0,0.0
0.0,0.0
0.0,0.0
0.0,0.0
0.0,0.0
0.0,0.0
0.0,0.0
0.0,0.0
0.0,0.0
0.0,0.0
0.0,0.0
0.0,0.0
0.0,0.0
0.0,0.0
0.0,0.0
0.0,0.0
0.0,0.0
0.0,0.0
0.0,0.0
0.0,0.0
0.0,0.0
0.0,0.0
0.0,0.0
0.0,0.0
0.0,0.0
0.0,0.0
0.0,0.0
0.0,0.0
0.0,0.0
0.0,0.0
0.0,0.0
0.0,0.0
0.0,0.0
0.0,0.0
0.0,0.0
0.0,0.0
0.0,0.0
0.0,0.0
0.0,0.0
0.0,0.0
0.0,0.0
0.0,0.0
0.0,0.0
0.0,0.0
0.0,0.0
0.0,0.0
0.0,0.0
0.0,0.0
0.0,0.0
0.0,0.0
0.0,0.0
11.111105918884277,-4.671750545501709
0.0,0.0
0.0,0.0
0.0,0.0
0.0,0.0
0.0,0.0
11.099748611450195,4.718237400054932
0.0,0.0
11.111105918884277,5.632894039154053
0.0,0.0
0.0,0.0
0.0,0.0
8.875165939331055,4.314282417297363
0.0,0.0
0.0,0.0
0.0,0.0
-10.100895881652832,-1.0092036724090576
0.0,0.0
0.0,0.0
0.0,0.0
0.0,0.0
0.0,0.0
-8.751444816589355,11.082409858703613
0.0,0.0
-9.701356887817383,2.9849750995635986
0.0,0.0
0.0,0.0
0.0,0.0
-9.967446327209473,0.9308928847312927
0.0,0.0
0.0,0.0
0.0,0.0
11.111105918884277,-7.782934665679932
0.0,0.0
0.0,0.0
0.0,0.0
0.0,0.0
0.0,0.0
11.111105918884277,4.135761737823486
0.0,0.0
11.111105918884277,7.24790620803833
0.0,0.0
0.0,0.0
0.0,0.0
4.80145263671875,1.0273809432983398
0.0,0.0
0.0,0.0
0.0,0.0
-8.947951316833496,11.069201469421387
0.0,0.0
0.0,0.0
0.0,0.0
0.0,0.0
0.0,0.0
-7.007571220397949,11.085851669311523
0.0,0.0
-9.612504005432129,3.9787847995758057
0.0,0.0
0.0,0.0
0.0,0.0
-9.198077201843262,2.8773045539855957
0.0,0.0
0.0,0.0
0.0,0.0
0.0,0.0
0.0,0.0
0.0,0.0
0.0,0.0
0.0,0.0
0.0,0.0
0.0,0.0
0.0,0.0
0.0,0.0
0.0,0.0
0.0,0.0
0.0,0.0
0.0,0.0
0.0,0.0
0.0,0.0
0.0,0.0
-24.02452850341797,4.575018405914307
21.185087203979492,-21.58562660217285
0.0,0.0
0.0,0.0
0.0,0.0
0.0,0.0
0.0,0.0
0.0,0.0
-9.850625991821289,-5.137322902679443
-173.90016174316406,-222.80165100097656
0.0,0.0
0.0,0.0
0.0,0.0
0.0,0.0
0.0,0.0
0.0,0.0
0.0,0.0
0.0,0.0
0.0,0.0
0.0,0.0
0.0,0.0
0.0,0.0
0.0,0.0
0.0,0.0
0.0,0.0
0.0,0.0
0.0,0.0
0.0,0.0
0.0,0.0
0.0,0.0
0.0,0.0
0.0,0.0
-55.83673095703125,10.944506645202637
-78.09844207763672,-28.943878173828125
0.0,0.0
0.0,0.0
-279.0417785644531,-40.13972091674805
0.0,0.0
0.0,0.0
0.0,0.0
-14.715717315673828,-50.99627685546875
22.222211837768555,-147.70492553710938
0.0,0.0
0.0,0.0
-319.70391845703125,-472.2818603515625
0.0,0.0
0.0,0.0
0.0,0.0
0.0,0.0
0.0,0.0
0.0,0.0
0.0,0.0
0.0,0.0
0.0,0.0
0.0,0.0
0.0,0.0
0.0,0.0
0.0,0.0
0.0,0.0
0.0,0.0
0.0,0.0
0.0,0.0
0.0,0.0
0.0,0.0
0.0,0.0
0.0,0.0
0.0,0.0
0.0,0.0
0.0,0.0
0.0,0.0
0.0,0.0
0.0,0.0
0.0,0.0
0.0,0.0
0.0,0.0
0.0,0.0
0.0,0.0
0.0,0.0
0.0,0.0
0.0,0.0
0.0,0.0
0.0,0.0
0.0,0.0
0.0,0.0
0.0,0.0
0.0,0.0
0.0,0.0
0.0,0.0
0.0,0.0
0.0,0.0
0.0,0.0
0.0,0.0
0.0,0.0
0.0,0.0
0.0,0.0
0.0,0.0
0.0,0.0
0.0,0.0
0.0,0.0
0.0,0.0
0.0,0.0
0.0,0.0
0.0,0.0
0.0,0.0
0.0,0.0
0.0,0.0
0.0,0.0
0.0,0.0
0.0,0.0
0.0,0.0
0.0,0.0
0.0,0.0
0.0,0.0
0.0,0.0
0.0,0.0
0.0,0.0
0.0,0.0
0.0,0.0
0.0,0.0
0.0,0.0
0.0,0.0
0.0,0.0
0.0,0.0
0.0,0.0
0.0,0.0
0.0,0.0
0.0,0.0
0.0,0.0
-8.888885498046875,11.111105918884277
22.222211837768555,-17.466514587402344
0.0,0.0
0.0,0.0
0.0,0.0
0.0,0.0
0.0,0.0
0.0,0.0
-8.888973236083984,11.111105918884277
22.219860076904297,-12.884410858154297
0.0,0.0
0.0,0.0
0.0,0.0
0.0,0.0
0.0,0.0
0.0,0.0
0.0,0.0
0.0,0.0
0.0,0.0
0.0,0.0
0.0,0.0
0.0,0.0
0.0,0.0
0.0,0.0
0.0,0.0
0.0,0.0
0.0,0.0
0.0,0.0
0.0,0.0
0.0,0.0
0.0,0.0
0.0,0.0
-8.888885498046875,11.111105918884277
22.22197723388672,-16.536272048950195
0.0,0.0
0.0,0.0
0.0,0.0
0.0,0.0
0.0,0.0
0.0,0.0
-8.931097984313965,10.700332641601562
22.192045211791992,-13.97580623626709
0.0,0.0
0.0,0.0
0.0,0.0
0.0,0.0
0.0,0.0
0.0,0.0
0.0,0.0
0.0,0.0
0.0,0.0
0.0,0.0
0.0,0.0
0.0,0.0
0.0,0.0
0.0,0.0
0.0,0.0
0.0,0.0
0.0,0.0
0.0,0.0
0.0,0.0
0.0,0.0
0.0,0.0
0.0,0.0
0.0,0.0
0.0,0.0
0.0,0.0
0.0,0.0
0.0,0.0
0.0,0.0
0.0,0.0
0.0,0.0
0.0,0.0
0.0,0.0
0.0,0.0
0.0,0.0
0.0,0.0
0.0,0.0
0.0,0.0
0.0,0.0
0.0,0.0
0.0,0.0
0.0,0.0
0.0,0.0
0.0,0.0
0.0,0.0
0.0,0.0
0.0,0.0
0.0,0.0
0.0,0.0
0.0,0.0
0.0,0.0
0.0,0.0
0.0,0.0
0.0,0.0
0.0,0.0
0.0,0.0
0.0,0.0
0.0,0.0
0.0,0.0
0.0,0.0
0.0,0.0
0.0,0.0
0.0,0.0
0.0,0.0
0.0,0.0
0.0,0.0
0.0,0.0
0.0,0.0
0.0,0.0
11.111105918884277,-8.18658447265625
36.30560302734375,-10.345582962036133
11.10777473449707,-6.1539764404296875
4.0,0.0
0.0,0.0
0.0,0.0
0.0,0.0
0.0,0.0
11.111105918884277,-8.765093803405762
41.81986618041992,-3.590384006500244
10.855598449707031,-4.304620265960693
0.0,0.0
0.0,0.0
0.0,0.0
0.0,0.0
0.0,0.0
-11.103254318237305,-53.470420837402344
19.155624389648438,-3.4869918823242188
-11.11039924621582,-53.23493194580078
22.222211837768555,-17.777339935302734
0.0,0.0
0.0,0.0
0.0,0.0
0.0,0.0
-8.810685157775879,11.111105918884277
20.48079490661621,-8.713607788085938
-48.91101837158203,-96.19284057617188
22.222211837768555,-17.777738571166992
0.0,0.0
0.0,0.0
0.0,0.0
0.0,0.0
11.111105918884277,-7.838954925537109
32.57591247558594,-15.785006523132324
11.086932182312012,-6.4967827796936035
4.0,0.0
7.173681259155273,-0.9463067650794983
0.0,0.0
0.0,0.0
0.0,0.0
11.111105918884277,-8.806827545166016
41.81986618041992,-10.31395149230957
10.45496654510498,-2.527561902999878
0.0,0.0
9.25952434539795,-3.2481932640075684
0.0,0.0
0.0,0.0
0.0,0.0
-8.46981143951416,11.109127044677734
18.152801513671875,-1.9617999792099
-8.992210388183594,11.111102104187012
22.222211837768555,-17.775793075561523
-1.8429855108261108,6.784265041351318
0.0,0.0
-292.1391296386719,-313.26251220703125
0.0,0.0
-8.867321014404297,11.094812393188477
21.028039932250977,-3.65360164642334
-107.37728118896484,-52.175575256347656
22.222211837768555,-17.77692222595215
-2.544396162033081,9.715808868408203
0.0,0.0
-71.9188003540039,-334.8355712890625
0.0,0.0
0.0,0.0
0.0,0.0
0.0,0.0
0.0,0.0
0.0,0.0
0.0,0.0
0.0,0.0
0.0,0.0
0.0,0.0
0.0,0.0
0.0,0.0
0.0,0.0
0.0,0.0
0.0,0.0
0.0,0.0
0.0,0.0
0.0,0.0
0.0,0.0
0.0,0.0
0.0,0.0
0.0,0.0
0.0,0.0
0.0,0.0
0.0,0.0
0.0,0.0
0.0,0.0
0.0,0.0
0.0,0.0
0.0,0.0
0.0,0.0
0.0,0.0
0.0,0.0
0.0,0.0
0.0,0.0
0.0,0.0
0.0,0.0
0.0,0.0
0.0,0.0
0.0,0.0
0.0,0.0
0.0,0.0
0.0,0.0
0.0,0.0
0.0,0.0
0.0,0.0
0.0,0.0
0.0,0.0
0.0,0.0
0.0,0.0
0.0,0.0
0.0,0.0
0.0,0.0
0.0,0.0
0.0,0.0
0.0,0.0
0.0,0.0
0.0,0.0
0.0,0.0
0.0,0.0
0.0,0.0
0.0,0.0
0.0,0.0
0.0,0.0
0.0,0.0
0.0,0.0
0.0,0.0
4.177420616149902,0.0
0.0,0.0
0.0,0.0
0.0,0.0
0.0,0.0
0.0,0.0
11.111075401306152,-7.9379472732543945
0.0,0.0
9.715808868408203,-2.0865488052368164
0.0,0.0
0.0,0.0
0.0,0.0
0.0,0.0
0.0,0.0
0.0,0.0
0.0,0.0
-9.21117115020752,8.595282554626465
0.0,0.0
0.0,0.0
0.0,0.0
0.0,0.0
0.0,0.0
-210.11068725585938,0.3674394190311432
0.0,0.0
-8.888896942138672,11.111089706420898
0.0,0.0
0.0,0.0
0.0,0.0
0.0,0.0
0.0,0.0
0.0,0.0
0.0,0.0
0.0,0.0
0.0,0.0
0.0,0.0
0.0,0.0
0.0,0.0
0.0,0.0
4.80145263671875,0.0
0.0,0.0
0.0,0.0
0.0,0.0
0.0,0.0
0.0,0.0
0.0,0.0
0.0,0.0
0.0,0.0
0.0,0.0
-4.360333442687988,10.738507270812988
0.0,0.0
0.0,0.0
0.0,0.0
0.0,0.0
0.0,0.0
-1.899999976158142,4.80145263671875
0.0,0.0
-8.284564971923828,11.110931396484375
0.0,0.0
0.0,0.0
0.0,0.0
0.0,0.0
0.0,0.0
0.0,0.0
0.0,0.0
0.0,0.0
0.0,0.0
0.0,0.0
0.0,0.0
0.0,0.0
0.0,0.0
0.0,0.0
0.0,0.0
0.0,0.0
0.0,0.0
0.0,0.0
0.0,0.0
0.0,0.0
0.0,0.0
0.0,0.0
0.0,0.0
0.0,0.0
0.0,0.0
0.0,0.0
0.0,0.0
0.0,0.0
0.0,0.0
0.0,0.0
0.0,0.0
0.0,0.0
0.0,0.0
0.0,0.0
0.0,0.0
0.0,0.0
0.0,0.0
0.0,0.0
0.0,0.0
0.0,0.0
0.0,0.0
0.0,0.0
0.0,0.0
0.0,0.0
0.0,0.0
0.0,0.0
0.0,0.0
0.0,0.0
0.0,0.0
0.0,0.0
0.0,0.0
0.0,0.0
0.0,0.0
0.0,0.0
0.0,0.0
0.0,0.0
0.0,0.0
0.0,0.0
0.0,0.0
0.0,0.0
0.0,0.0
0.0,0.0
0.0,0.0
0.0,0.0
0.0,0.0
0.0,0.0
0.0,0.0
0.0,0.0
0.0,0.0
