-4.615627288818359,6.3032612800598145
0.0,0.0
0.0,0.0
0.0,0.0
0.0,0.0
0.0,0.0
0.0,0.0
0.0,0.0
0.0,0.0
0.0,0.0
0.0,0.0
0.0,0.0
0.0,0.0
0.0,0.0
0.0,0.0
0.0,0.0
0.0,0.0
0.0,0.0
1.5998725891113281,28.91571044921875
0.0,0.0
0.0,0.0
0.0,0.0
0.0,0.0
0.0,0.0
0.0,0.0
0.0,0.0
16.19453239440918,30.887516021728516
14.347362518310547,-1.882278323173523
0.0,0.0
0.0,0.0
-2.700000047683716,1.909999966621399
0.0,0.0
0.0,0.0
0.0,0.0
0.0,0.0
0.0,0.0
0.0,0.0
0.0,0.0
0.0,0.0
0.0,0.0
0.0,0.0
0.0,0.0
0.0,0.0
0.0,0.0
0.0,0.0
0.0,0.0
0.0,0.0
0.0,0.0
0.0,0.0
0.0,0.0
-8.888822555541992,11.107748031616211
0.0,0.0
0.0,0.0
0.0,0.0
-6.2363505363464355,11.104094505310059
0.0,0.0
0.0,0.0
0.0,0.0
-7.516294956207275,12.556041717529297
0.0,0.0
0.0,0.0
0.0,0.0
-2.643658399581909,8.143978118896484
0.0,0.0
0.0,0.0
0.0,0.0
0.0,0.0
0.0,0.0
0.0,0.0
0.0,0.0
0.0,0.0
0.0,0.0
0.0,0.0
0.0,0.0
0.0,0.0
0.0,0.0
0.0,0.0
0.0,0.0
0.0,0.0
0.0,0.0
0.0,0.0
0.0,0.0
-8.766536712646484,9.896652221679688
22.194761276245117,-7.587927341461182
0.0,0.0
0.0,0.0
-5.655331134796143,10.616660118103027
6.983342170715332,-3.7272379398345947
0.0,0.0
0.0,0.0
-8.89957332611084,11.099479675292969
22.222209930419922,-17.74648666381836
0.0,0.0
0.0,0.0
-4.8727216720581055,9.841385841369629
22.151700973510742,-13.009621620178223
0.0,0.0
0.0,0.0
0.0,0.0
0.0,0.0
0.0,0.0
0.0,0.0
0.0,0.0
0.0,0.0
0.0,0.0
0.0,0.0
0.0,0.0
0.0,0.0
0.0,0.0
0.0,0.0
0.0,0.0
0.0,0.0
0.0,0.0
0.0,0.0
-4.311282634735107,11.049018859863281
22.05742835998535,-10.464320182800293
0.0,0.0
0.0,0.0
-7.5199666023254395,11.090209007263184
21.660655975341797,-9.72663688659668
0.0,0.0
0.0,0.0
-8.875861167907715,9.455641746520996
-82.12718200683594,-17.912246704101562
0.0,0.0
0.0,0.0
-8.186559677124023,11.111104965209961
22.21936798095703,-13.327885627746582
0.0,0.0
0.0,0.0
0.0,0.0
0.0,0.0
0.0,0.0
0.0,0.0
0.0,0.0
0.0,0.0
0.0,0.0
0.0,0.0
0.0,0.0
0.0,0.0
0.0,0.0
0.0,0.0
0.0,0.0
0.0,0.0
0.0,0.0
0.0,0.0
5.307419776916504,22.73921775817871
22.22188949584961,-17.780195236206055
0.0,0.0
0.0,0.0
0.0,0.0
0.0,0.0
0.0,0.0
0.0,0.0
2.4285364151000977,22.805923461914062
16.822040557861328,-6.508382797241211
0.0,0.0
0.0,0.0
-1.8809000253677368,7.173681259155273
0.0,0.0
0.0,0.0
0.0,0.0
0.0,0.0
0.0,0.0
0.0,0.0
0.0,0.0
0.0,0.0
0.0,0.0
0.0,0.0
0.0,0.0
0.0,0.0
0.0,0.0
0.0,0.0
0.0,0.0
0.0,0.0
0.0,0.0
0.0,0.0
0.0,0.0
0.0,0.0
0.0,0.0
0.0,0.0
0.0,0.0
0.0,0.0
0.0,0.0
0.0,0.0
0.0,0.0
0.0,0.0
0.0,0.0
0.0,0.0
0.0,0.0
0.0,0.0
0.0,0.0
0.0,0.0
0.0,0.0
0.0,0.0
0.0,0.0
0.0,0.0
0.0,0.0
0.0,0.0
0.0,0.0
0.0,0.0
0.0,0.0
0.0,0.0
0.0,0.0
0.0,0.0
0.0,0.0
0.0,0.0
0.0,0.0
0.0,0.0
0.0,0.0
-8.920022964477539,10.800042152404785
0.0,0.0
0.0,0.0
0.0,0.0
0.0,0.0
0.0,0.0
0.0,0.0
0.0,0.0
-8.93571949005127,10.642964363098145
22.222209930419922,-17.777767181396484
0.0,0.0
0.0,0.0
-5.51343297958374,6.511759281158447
0.0,0.0
0.0,0.0
0.0,0.0
0.0,0.0
0.0,0.0
0.0,0.0
0.0,0.0
0.0,0.0
0.0,0.0
0.0,0.0
0.0,0.0
0.0,0.0
0.0,0.0
0.0,0.0
0.0,0.0
0.0,0.0
0.0,0.0
0.0,0.0
0.0,0.0
-8.833841323852539,11.111104965209961
0.0,0.0
0.0,0.0
0.0,0.0
0.0,0.0
0.0,0.0
0.0,0.0
0.0,0.0
-8.927257537841797,10.819511413574219
22.221450805664062,-15.491226196289062
0.0,0.0
0.0,0.0
-6.1956682205200195,9.32797622680664
0.0,0.0
0.0,0.0
0.0,0.0
0.0,0.0
0.0,0.0
0.0,0.0
0.0,0.0
0.0,0.0
0.0,0.0
0.0,0.0
0.0,0.0
0.0,0.0
0.0,0.0
0.0,0.0
0.0,0.0
0.0,0.0
0.0,0.0
0.0,0.0
0.0,0.0
0.0,0.0
0.0,0.0
0.0,0.0
0.0,0.0
0.0,0.0
0.0,0.0
0.0,0.0
0.0,0.0
0.0,0.0
0.0,0.0
0.0,0.0
0.0,0.0
0.0,0.0
0.0,0.0
0.0,0.0
0.0,0.0
0.0,0.0
0.0,0.0
0.0,0.0
0.0,0.0
0.0,0.0
0.0,0.0
0.0,0.0
0.0,0.0
0.0,0.0
0.0,0.0
0.0,0.0
0.0,0.0
0.0,0.0
0.0,0.0
0.0,0.0
0.0,0.0
0.0,0.0
0.0,0.0
0.0,0.0
0.0,0.0
0.0,0.0
0.0,0.0
0.0,0.0
0.0,0.0
0.0,0.0
0.0,0.0
0.0,0.0
0.0,0.0
0.0,0.0
0.0,0.0
11.111104965209961,-4.665850639343262
44.443275451660156,-30.473188400268555
11.111104965209961,-5.673768520355225
0.0,0.0
0.0,0.0
0.0,0.0
0.0,0.0
0.0,0.0
11.111104965209961,-5.167646408081055
44.444419860839844,-23.9254093170166
11.111104965209961,-7.5826873779296875
13.966684341430664,-7.391572952270508
0.0,0.0
0.0,0.0
1.909999966621399,0.0
0.0,0.0
0.0,0.0
0.0,0.0
-4.466435432434082,5.2752814292907715
0.0,0.0
0.0,0.0
0.0,0.0
-1.0,1.0
0.0,0.0
0.0,0.0
0.0,0.0
-2.6557605266571045,5.215985298156738
9.6029052734375,0.0
0.0,0.0
0.0,0.0
-1.8899999856948853,1.0
0.0,0.0
11.111104965209961,-8.555416107177734
44.316097259521484,-10.657458305358887
11.111104965209961,-7.918696403503418
7.639999866485596,-4.0
11.104655265808105,-3.7346625328063965
0.0,0.0
1.0,-0.08090000599622726
0.0,0.0
11.111104965209961,-6.361110210418701
44.444419860839844,-17.27326011657715
11.111104965209961,-7.78410530090332
10.952400207519531,0.0
11.110437393188477,-5.592127323150635
4.0,0.0
4.177420616149902,0.0
0.0,-7.599999904632568
0.0,0.0
0.0,0.0
-1.8899999856948853,1.909999966621399
0.0,-2.0
0.0,0.0
0.0,0.0
-1.909999966621399,-1.909999966621399
0.0,0.0
0.0,0.0
0.0,0.0
-1.0,3.886082887649536
3.820199966430664,2.0199999809265137
0.0,0.0
0.0,0.0
-2.673619031906128,5.369321823120117
3.819999933242798,0.0
0.0,0.0
0.0,0.0
0.0,0.0
0.0,0.0
0.0,0.0
0.0,0.0
0.0,0.0
0.0,0.0
0.0,0.0
0.0,0.0
0.0,0.0
0.0,0.0
0.0,0.0
0.0,0.0
0.0,0.0
0.0,0.0
0.0,0.0
0.0,0.0
0.0,0.0
0.0,0.0
0.0,0.0
0.0,0.0
0.0,0.0
0.0,0.0
0.0,0.0
0.0,0.0
0.0,0.0
0.0,0.0
0.0,0.0
0.0,0.0
0.0,0.0
0.0,0.0
0.0,0.0
0.0,0.0
0.0,0.0
0.0,0.0
0.0,0.0
0.0,0.0
0.0,0.0
0.0,0.0
0.0,0.0
0.0,0.0
0.0,0.0
0.0,0.0
0.0,0.0
0.0,0.0
0.0,0.0
0.0,0.0
0.0,0.0
0.0,0.0
0.0,0.0
0.0,0.0
0.0,0.0
0.0,0.0
0.0,0.0
0.0,0.0
0.0,0.0
0.0,0.0
0.0,0.0
0.0,0.0
0.0,0.0
0.0,0.0
0.0,0.0
0.0,0.0
0.0,0.0
0.0,0.0
11.042878150939941,-2.2841410636901855
0.0,0.0
0.0,0.0
0.0,0.0
0.0,0.0
0.0,0.0
11.111104965209961,0.7721325755119324
0.0,0.0
11.111104965209961,6.261625289916992
0.0,0.0
0.0,0.0
0.0,0.0
1.909999966621399,0.0
0.0,0.0
0.0,0.0
0.0,0.0
-10.080986976623535,-0.8096904754638672
0.0,0.0
0.0,0.0
0.0,0.0
0.0,0.0
0.0,0.0
-2.548581123352051,9.577812194824219
0.0,0.0
-9.808435440063477,1.9168941974639893
0.0,0.0
0.0,0.0
0.0,0.0
-2.697537899017334,0.19669941067695618
0.0,0.0
0.0,0.0
0.0,0.0
9.577812194824219,-1.7984048128128052
0.0,0.0
0.0,0.0
0.0,0.0
0.0,0.0
0.0,0.0
11.111104965209961,1.1243796348571777
0.0,0.0
11.111104965209961,1.7693791389465332
0.0,0.0
0.0,0.0
0.0,0.0
0.0,0.0
0.0,0.0
0.0,0.0
0.0,0.0
-6.478835105895996,11.092890739440918
0.0,0.0
0.0,0.0
0.0,0.0
0.0,0.0
0.0,0.0
-1.0,4.177420616149902
0.0,0.0
-9.845746994018555,4.310937881469727
0.0,0.0
0.0,0.0
0.0,0.0
-3.4338269233703613,-2.848393440246582
0.0,0.0
0.0,0.0
0.0,0.0
0.0,0.0
0.0,0.0
0.0,0.0
0.0,0.0
0.0,0.0
0.0,0.0
0.0,0.0
0.0,0.0
0.0,0.0
0.0,0.0
0.0,0.0
0.0,0.0
0.0,0.0
0.0,0.0
0.0,0.0
0.0,0.0
-12.186094284057617,11.042033195495605
21.799041748046875,-6.302925109863281
0.0,0.0
0.0,0.0
0.0,0.0
0.0,0.0
0.0,0.0
0.0,0.0
-20.171199798583984,9.092597961425781
22.221677780151367,-15.897561073303223
0.0,0.0
0.0,0.0
0.0,0.0
0.0,0.0
0.0,0.0
0.0,0.0
0.0,0.0
0.0,0.0
0.0,0.0
0.0,0.0
0.0,0.0
0.0,0.0
0.0,0.0
0.0,0.0
0.0,0.0
0.0,0.0
0.0,0.0
0.0,0.0
0.0,0.0
0.0,0.0
0.0,0.0
0.0,0.0
-95.06424713134766,-22.117279052734375
22.201528549194336,-12.357931137084961
0.0,0.0
0.0,0.0
-1.8809000253677368,2.738100051879883
0.0,0.0
0.0,0.0
0.0,0.0
-11.764327049255371,-74.21142578125
-27.48304557800293,-220.20281982421875
0.0,0.0
0.0,0.0
-200.0,1.909999966621399
0.0,0.0
0.0,0.0
0.0,0.0
0.0,0.0
0.0,0.0
0.0,0.0
0.0,0.0
0.0,0.0
0.0,0.0
0.0,0.0
0.0,0.0
0.0,0.0
0.0,0.0
0.0,0.0
0.0,0.0
0.0,0.0
0.0,0.0
0.0,0.0
0.0,0.0
0.0,0.0
0.0,0.0
0.0,0.0
0.0,0.0
0.0,0.0
0.0,0.0
0.0,0.0
0.0,0.0
0.0,0.0
0.0,0.0
0.0,0.0
0.0,0.0
0.0,0.0
0.0,0.0
0.0,0.0
0.0,0.0
0.0,0.0
0.0,0.0
0.0,0.0
0.0,0.0
0.0,0.0
0.0,0.0
0.0,0.0
0.0,0.0
0.0,0.0
0.0,0.0
0.0,0.0
0.0,0.0
0.0,0.0
0.0,0.0
0.0,0.0
0.0,0.0
0.0,0.0
0.0,0.0
0.0,0.0
0.0,0.0
0.0,0.0
0.0,0.0
0.0,0.0
0.0,0.0
0.0,0.0
0.0,0.0
0.0,0.0
0.0,0.0
0.0,0.0
0.0,0.0
0.0,0.0
0.0,0.0
0.0,0.0
0.0,0.0
0.0,0.0
0.0,0.0
0.0,0.0
0.0,0.0
0.0,0.0
0.0,0.0
0.0,0.0
0.0,0.0
0.0,0.0
0.0,0.0
0.0,0.0
0.0,0.0
0.0,0.0
0.0,0.0
-8.888883590698242,11.111104965209961
15.056099891662598,-3.7272379398345947
0.0,0.0
0.0,0.0
0.0,0.0
0.0,0.0
0.0,0.0
0.0,0.0
-8.888883590698242,11.111104965209961
18.5190486907959,-8.825584411621094
0.0,0.0
0.0,0.0
0.0,0.0
0.0,0.0
0.0,0.0
0.0,0.0
0.0,0.0
0.0,0.0
0.0,0.0
0.0,0.0
0.0,0.0
0.0,0.0
0.0,0.0
0.0,0.0
0.0,0.0
0.0,0.0
0.0,0.0
0.0,0.0
0.0,0.0
0.0,0.0
0.0,0.0
0.0,0.0
-8.11661434173584,11.110751152038574
3.819999933242798,-1.9617999792099
0.0,0.0
0.0,0.0
0.0,0.0
0.0,0.0
0.0,0.0
0.0,0.0
-8.888883590698242,11.111104965209961
18.5190486907959,-7.886070251464844
0.0,0.0
0.0,0.0
0.0,0.0
0.0,0.0
0.0,0.0
0.0,0.0
0.0,0.0
0.0,0.0
0.0,0.0
0.0,0.0
0.0,0.0
0.0,0.0
0.0,0.0
0.0,0.0
0.0,0.0
0.0,0.0
0.0,0.0
0.0,0.0
0.0,0.0
0.0,0.0
0.0,0.0
0.0,0.0
0.0,0.0
0.0,0.0
0.0,0.0
0.0,0.0
0.0,0.0
0.0,0.0
0.0,0.0
0.0,0.0
0.0,0.0
0.0,0.0
0.0,0.0
0.0,0.0
0.0,0.0
0.0,0.0
0.0,0.0
0.0,0.0
0.0,0.0
0.0,0.0
0.0,0.0
0.0,0.0
0.0,0.0
0.0,0.0
0.0,0.0
0.0,0.0
0.0,0.0
0.0,0.0
0.0,0.0
0.0,0.0
0.0,0.0
0.0,0.0
0.0,0.0
0.0,0.0
0.0,0.0
0.0,0.0
0.0,0.0
0.0,0.0
0.0,0.0
0.0,0.0
0.0,0.0
0.0,0.0
0.0,0.0
0.0,0.0
0.0,0.0
0.0,0.0
0.0,0.0
0.0,0.0
9.577812194824219,0.0
7.639999866485596,-3.9235999584198
5.369321823120117,-2.6579761505126953
0.0,0.0
0.0,0.0
0.0,0.0
0.0,0.0
0.0,0.0
10.240397453308105,-2.520975351333618
7.639999866485596,0.0
1.909999966621399,0.0
0.0,0.0
0.0,0.0
0.0,0.0
0.0,0.0
0.0,0.0
-3.9284675121307373,8.411020278930664
5.476200103759766,0.0
-9.000137329101562,8.104376792907715
20.48079490661621,-5.066607475280762
0.0,0.0
0.0,0.0
0.0,0.0
0.0,0.0
-3.844365358352661,8.154282569885254
3.819999933242798,0.0
-9.607983589172363,9.327394485473633
18.152801513671875,-1.9617999792099
0.0,0.0
0.0,0.0
0.0,0.0
0.0,0.0
8.875165939331055,-2.5852599143981934
4.0,0.0
5.369321823120117,0.0
4.0,0.0
1.909999966621399,0.0
0.0,0.0
0.0,0.0
0.0,0.0
10.567758560180664,-3.133039712905884
10.952400207519531,-3.9235999584198
1.0,0.0
0.0,0.0
0.0,0.0
0.0,0.0
0.0,0.0
0.0,0.0
-2.550593614578247,8.875165939331055
2.0,0.0
-9.476899147033691,11.110636711120605
8.354841232299805,-1.9800000190734863
-1.0,1.0
0.0,0.0
-32.397945404052734,-248.51071166992188
0.0,0.0
-3.3138527870178223,10.359776496887207
6.983342170715332,0.0
-19.995664596557617,-90.06624603271484
22.22174835205078,-16.699447631835938
0.0,0.0
0.0,0.0
-207.648681640625,-178.2444610595703
0.0,0.0
0.0,0.0
0.0,0.0
0.0,0.0
0.0,0.0
0.0,0.0
0.0,0.0
0.0,0.0
0.0,0.0
0.0,0.0
0.0,0.0
0.0,0.0
0.0,0.0
0.0,0.0
0.0,0.0
0.0,0.0
0.0,0.0
0.0,0.0
0.0,0.0
0.0,0.0
0.0,0.0
0.0,0.0
0.0,0.0
0.0,0.0
0.0,0.0
0.0,0.0
0.0,0.0
0.0,0.0
0.0,0.0
0.0,0.0
0.0,0.0
0.0,0.0
0.0,0.0
0.0,0.0
0.0,0.0
0.0,0.0
0.0,0.0
0.0,0.0
0.0,0.0
0.0,0.0
0.0,0.0
0.0,0.0
0.0,0.0
0.0,0.0
0.0,0.0
0.0,0.0
0.0,0.0
0.0,0.0
0.0,0.0
0.0,0.0
0.0,0.0
0.0,0.0
0.0,0.0
0.0,0.0
0.0,0.0
0.0,0.0
0.0,0.0
0.0,0.0
0.0,0.0
0.0,0.0
0.0,0.0
0.0,0.0
0.0,0.0
0.0,0.0
0.0,0.0
0.0,0.0
0.0,0.0
0.0,0.0
0.0,0.0
0.0,0.0
0.0,0.0
0.0,0.0
0.0,0.0
7.850525379180908,-2.5975356101989746
0.0,0.0
3.491671085357666,0.0
0.0,0.0
0.0,0.0
0.0,0.0
0.0,0.0
0.0,0.0
0.0,0.0
0.0,0.0
-9.468412399291992,7.018096923828125
0.0,0.0
0.0,0.0
0.0,0.0
0.0,0.0
0.0,0.0
-2.637342691421509,7.528049945831299
0.0,0.0
-8.888829231262207,11.111104965209961
0.0,0.0
0.0,0.0
0.0,0.0
0.0,0.0
0.0,0.0
0.0,0.0
0.0,0.0
0.0,0.0
0.0,0.0
0.0,0.0
0.0,0.0
0.0,0.0
0.0,0.0
0.0,0.0
0.0,0.0
1.0,0.0
0.0,0.0
0.0,0.0
0.0,0.0
0.0,0.0
0.0,0.0
0.0,0.0
0.0,0.0
0.0,0.0
0.0,0.0
0.0,0.0
0.0,0.0
0.0,0.0
0.0,0.0
0.0,0.0
0.0,0.0
-3.9211020469665527,9.841385841369629
0.0,0.0
0.0,0.0
0.0,0.0
0.0,0.0
0.0,0.0
0.0,0.0
0.0,0.0
0.0,0.0
0.0,0.0
0.0,0.0
0.0,0.0
0.0,0.0
0.0,0.0
0.0,0.0
0.0,0.0
0.0,0.0
0.0,0.0
0.0,0.0
0.0,0.0
0.0,0.0
0.0,0.0
0.0,0.0
0.0,0.0
0.0,0.0
0.0,0.0
0.0,0.0
0.0,0.0
0.0,0.0
0.0,0.0
0.0,0.0
0.0,0.0
0.0,0.0
0.0,0.0
0.0,0.0
0.0,0.0
0.0,0.0
0.0,0.0
0.0,0.0
0.0,0.0
0.0,0.0
0.0,0.0
0.0,0.0
0.0,0.0
0.0,0.0
0.0,0.0
0.0,0.0
0.0,0.0
0.0,0.0
0.0,0.0
0.0,0.0
0.0,0.0
0.0,0.0
0.0,0.0
0.0,0.0
0.0,0.0
0.0,0.0
0.0,0.0
0.0,0.0
0.0,0.0
0.0,0.0
0.0,0.0
0.0,0.0
0.0,0.0
0.0,0.0
0.0,0.0
0.0,0.0
0.0,0.0
0.0,0.0
0.0,0.0
