-6.074792385101318,8.12067985534668
0.0,0.0
0.0,0.0
0.0,0.0
0.0,0.0
0.0,0.0
0.0,0.0
0.0,0.0
0.0,0.0
0.0,0.0
0.0,0.0
0.0,0.0
0.0,0.0
0.0,0.0
0.0,0.0
0.0,0.0
0.0,0.0
0.0,0.0
1.9027347564697266,28.91571044921875
0.0,0.0
0.0,0.0
0.0,0.0
0.0,0.0
0.0,0.0
0.0,0.0
0.0,0.0
13.862210273742676,30.887516021728516
14.347362518310547,-1.882278323173523
0.0,0.0
0.0,0.0
-2.700000047683716,1.909999966621399
0.0,0.0
0.0,0.0
0.0,0.0
0.0,0.0
0.0,0.0
0.0,0.0
0.0,0.0
0.0,0.0
0.0,0.0
0.0,0.0
0.0,0.0
0.0,0.0
0.0,0.0
0.0,0.0
0.0,0.0
0.0,0.0
0.0,0.0
0.0,0.0
0.0,0.0
-8.888947486877441,11.11042308807373
0.0,0.0
0.0,0.0
0.0,0.0
-6.501644134521484,11.108847618103027
0.0,0.0
0.0,0.0
0.0,0.0
-7.873470783233643,11.57187557220459
0.0,0.0
0.0,0.0
0.0,0.0
-3.872713088989258,9.577812194824219
0.0,0.0
0.0,0.0
0.0,0.0
0.0,0.0
0.0,0.0
0.0,0.0
0.0,0.0
0.0,0.0
0.0,0.0
0.0,0.0
0.0,0.0
0.0,0.0
0.0,0.0
0.0,0.0
0.0,0.0
0.0,0.0
0.0,0.0
0.0,0.0
0.0,0.0
-8.825858116149902,11.001490592956543
22.219085693359375,-7.587927341461182
0.0,0.0
0.0,0.0
-5.655331134796143,10.830327987670898
6.983342170715332,-3.7272379398345947
0.0,0.0
0.0,0.0
-8.893430709838867,10.751543998718262
22.222209930419922,-17.749616622924805
0.0,0.0
0.0,0.0
-5.28390645980835,10.616660118103027
22.151700973510742,-13.009621620178223
0.0,0.0
0.0,0.0
0.0,0.0
0.0,0.0
0.0,0.0
0.0,0.0
0.0,0.0
0.0,0.0
0.0,0.0
0.0,0.0
0.0,0.0
0.0,0.0
0.0,0.0
0.0,0.0
0.0,0.0
0.0,0.0
0.0,0.0
0.0,0.0
-4.769608497619629,11.064319610595703
22.109214782714844,-11.197165489196777
0.0,0.0
0.0,0.0
-7.5199666023254395,11.103254318237305
22.04113006591797,-11.263593673706055
0.0,0.0
0.0,0.0
-8.894145011901855,10.889924049377441
-61.233036041259766,-20.788314819335938
0.0,0.0
0.0,0.0
-8.186559677124023,11.111104965209961
22.219860076904297,-13.327885627746582
0.0,0.0
0.0,0.0
0.0,0.0
0.0,0.0
0.0,0.0
0.0,0.0
0.0,0.0
0.0,0.0
0.0,0.0
0.0,0.0
0.0,0.0
0.0,0.0
0.0,0.0
0.0,0.0
0.0,0.0
0.0,0.0
0.0,0.0
0.0,0.0
5.307430267333984,22.73921775817871
16.246479034423828,-18.151132583618164
0.0,0.0
0.0,0.0
0.0,0.0
0.0,0.0
0.0,0.0
0.0,0.0
2.896038770675659,22.805923461914062
18.5190486907959,-6.508382797241211
0.0,0.0
0.0,0.0
-1.8809000253677368,7.173681259155273
0.0,0.0
0.0,0.0
0.0,0.0
0.0,0.0
0.0,0.0
0.0,0.0
0.0,0.0
0.0,0.0
0.0,0.0
0.0,0.0
0.0,0.0
0.0,0.0
0.0,0.0
0.0,0.0
0.0,0.0
0.0,0.0
0.0,0.0
0.0,0.0
0.0,0.0
0.0,0.0
0.0,0.0
0.0,0.0
0.0,0.0
0.0,0.0
0.0,0.0
0.0,0.0
0.0,0.0
0.0,0.0
0.0,0.0
0.0,0.0
0.0,0.0
0.0,0.0
0.0,0.0
0.0,0.0
0.0,0.0
0.0,0.0
0.0,0.0
0.0,0.0
0.0,0.0
0.0,0.0
0.0,0.0
0.0,0.0
0.0,0.0
0.0,0.0
0.0,0.0
0.0,0.0
0.0,0.0
0.0,0.0
0.0,0.0
0.0,0.0
0.0,0.0
-8.920022964477539,10.800042152404785
0.0,0.0
0.0,0.0
0.0,0.0
0.0,0.0
0.0,0.0
0.0,0.0
0.0,0.0
-8.935713768005371,10.642816543579102
22.222209930419922,-17.777767181396484
0.0,0.0
0.0,0.0
-5.51343297958374,7.576755523681641
0.0,0.0
0.0,0.0
0.0,0.0
0.0,0.0
0.0,0.0
0.0,0.0
0.0,0.0
0.0,0.0
0.0,0.0
0.0,0.0
0.0,0.0
0.0,0.0
0.0,0.0
0.0,0.0
0.0,0.0
0.0,0.0
0.0,0.0
0.0,0.0
0.0,0.0
-8.848759651184082,11.111104965209961
0.0,0.0
0.0,0.0
0.0,0.0
0.0,0.0
0.0,0.0
0.0,0.0
0.0,0.0
-8.919614791870117,10.859885215759277
22.22178077697754,-15.92568302154541
0.0,0.0
0.0,0.0
-6.487090587615967,9.280990600585938
0.0,0.0
0.0,0.0
0.0,0.0
0.0,0.0
0.0,0.0
0.0,0.0
0.0,0.0
0.0,0.0
0.0,0.0
0.0,0.0
0.0,0.0
0.0,0.0
0.0,0.0
0.0,0.0
0.0,0.0
0.0,0.0
0.0,0.0
0.0,0.0
0.0,0.0
0.0,0.0
0.0,0.0
0.0,0.0
0.0,0.0
0.0,0.0
0.0,0.0
0.0,0.0
0.0,0.0
0.0,0.0
0.0,0.0
0.0,0.0
0.0,0.0
0.0,0.0
0.0,0.0
0.0,0.0
0.0,0.0
0.0,0.0
0.0,0.0
0.0,0.0
0.0,0.0
0.0,0.0
0.0,0.0
0.0,0.0
0.0,0.0
0.0,0.0
0.0,0.0
0.0,0.0
0.0,0.0
0.0,0.0
0.0,0.0
0.0,0.0
0.0,0.0
0.0,0.0
0.0,0.0
0.0,0.0
0.0,0.0
0.0,0.0
0.0,0.0
0.0,0.0
0.0,0.0
0.0,0.0
0.0,0.0
0.0,0.0
0.0,0.0
0.0,0.0
0.0,0.0
11.111104965209961,-5.586103916168213
44.44419479370117,-30.981428146362305
11.111104965209961,-7.510727882385254
0.0,0.0
0.0,0.0
0.0,0.0
0.0,0.0
0.0,0.0
11.111104965209961,-6.821791648864746
44.444419860839844,-28.68807029724121
11.111104965209961,-1.5516986846923828
13.966684341430664,-7.391572952270508
0.0,0.0
0.0,0.0
1.909999966621399,0.0
0.0,0.0
0.0,0.0
0.0,0.0
-4.466435432434082,5.2752814292907715
0.0,0.0
0.0,0.0
0.0,0.0
-1.0,1.909999966621399
0.0,0.0
0.0,0.0
0.0,0.0
-2.6557605266571045,4.229357719421387
9.6029052734375,0.0
0.0,0.0
0.0,0.0
-1.8899999856948853,-0.09000000357627869
0.0,0.0
11.111104965209961,-7.773406028747559
44.41325759887695,-13.147768020629883
11.111104965209961,-8.610196113586426
10.952400207519531,-4.0
11.11087417602539,-5.507241249084473
0.0,0.0
1.909999966621399,-0.08090000599622726
0.0,0.0
11.111104965209961,-6.073374271392822
44.444419860839844,-13.679244041442871
11.111104965209961,-7.306478977203369
16.70968246459961,0.0
11.111102104187012,-6.725890159606934
4.0,0.0
4.177420616149902,1.0417741537094116
0.0,-7.599999904632568
0.0,0.0
0.0,0.0
-1.8899999856948853,2.738100051879883
2.0,-2.0
0.0,0.0
0.0,0.0
-2.738100051879883,-1.909999966621399
0.0,0.0
0.0,0.0
0.0,0.0
-1.0,4.536335468292236
5.476381778717041,2.0199999809265137
0.0,0.0
0.0,0.0
-2.673619031906128,5.369321823120117
5.476200103759766,0.0
0.0,0.0
0.0,0.0
0.0,0.0
0.0,0.0
0.0,0.0
0.0,0.0
0.0,0.0
0.0,0.0
0.0,0.0
0.0,0.0
0.0,0.0
0.0,0.0
0.0,0.0
0.0,0.0
0.0,0.0
0.0,0.0
0.0,0.0
0.0,0.0
0.0,0.0
0.0,0.0
0.0,0.0
0.0,0.0
0.0,0.0
0.0,0.0
0.0,0.0
0.0,0.0
0.0,0.0
0.0,0.0
0.0,0.0
0.0,0.0
0.0,0.0
0.0,0.0
0.0,0.0
0.0,0.0
0.0,0.0
0.0,0.0
0.0,0.0
0.0,0.0
0.0,0.0
0.0,0.0
0.0,0.0
0.0,0.0
0.0,0.0
0.0,0.0
0.0,0.0
0.0,0.0
0.0,0.0
0.0,0.0
0.0,0.0
0.0,0.0
0.0,0.0
0.0,0.0
0.0,0.0
0.0,0.0
0.0,0.0
0.0,0.0
0.0,0.0
0.0,0.0
0.0,0.0
0.0,0.0
0.0,0.0
0.0,0.0
0.0,0.0
0.0,0.0
0.0,0.0
0.0,0.0
11.09453010559082,-2.945180892944336
0.0,0.0
0.0,0.0
0.0,0.0
0.0,0.0
0.0,0.0
11.111104965209961,4.195798873901367
0.0,0.0
11.111104965209961,6.1877827644348145
0.0,0.0
0.0,0.0
0.0,0.0
1.909999966621399,0.0
0.0,0.0
0.0,0.0
0.0,0.0
-10.080986976623535,-0.8096904754638672
0.0,0.0
0.0,0.0
0.0,0.0
0.0,0.0
0.0,0.0
-2.548581123352051,10.567758560180664
0.0,0.0
-9.808249473571777,1.9185006618499756
0.0,0.0
0.0,0.0
0.0,0.0
-3.4013445377349854,2.643967390060425
0.0,0.0
0.0,0.0
0.0,0.0
10.059651374816895,-1.7984048128128052
0.0,0.0
0.0,0.0
0.0,0.0
0.0,0.0
0.0,0.0
11.111104965209961,2.746051073074341
0.0,0.0
11.111104965209961,4.982000350952148
0.0,0.0
0.0,0.0
0.0,0.0
0.0,0.0
0.0,0.0
0.0,0.0
0.0,0.0
-6.9368743896484375,5.631875038146973
0.0,0.0
0.0,0.0
0.0,0.0
0.0,0.0
0.0,0.0
-1.8519854545593262,6.356335163116455
0.0,0.0
-9.871784210205078,3.6743760108947754
0.0,0.0
0.0,0.0
0.0,0.0
-5.302247524261475,-3.624955654144287
0.0,0.0
0.0,0.0
0.0,0.0
0.0,0.0
0.0,0.0
0.0,0.0
0.0,0.0
0.0,0.0
0.0,0.0
0.0,0.0
0.0,0.0
0.0,0.0
0.0,0.0
0.0,0.0
0.0,0.0
0.0,0.0
0.0,0.0
0.0,0.0
0.0,0.0
-10.927068710327148,11.045352935791016
21.799041748046875,-6.302925109863281
0.0,0.0
0.0,0.0
0.0,0.0
0.0,0.0
0.0,0.0
0.0,0.0
-45.03351974487305,9.453529357910156
22.221677780151367,-15.897561073303223
0.0,0.0
0.0,0.0
0.0,0.0
0.0,0.0
0.0,0.0
0.0,0.0
0.0,0.0
0.0,0.0
0.0,0.0
0.0,0.0
0.0,0.0
0.0,0.0
0.0,0.0
0.0,0.0
0.0,0.0
0.0,0.0
0.0,0.0
0.0,0.0
0.0,0.0
0.0,0.0
0.0,0.0
0.0,0.0
-56.97776412963867,-6.143805980682373
-129.2779998779297,-14.221842765808105
0.0,0.0
0.0,0.0
-1.8809000253677368,3.491671085357666
0.0,0.0
0.0,0.0
0.0,0.0
-11.315629959106445,-69.03749084472656
21.657800674438477,-165.73660278320312
0.0,0.0
0.0,0.0
-200.0,1.909999966621399
0.0,0.0
0.0,0.0
0.0,0.0
0.0,0.0
0.0,0.0
0.0,0.0
0.0,0.0
0.0,0.0
0.0,0.0
0.0,0.0
0.0,0.0
0.0,0.0
0.0,0.0
0.0,0.0
0.0,0.0
0.0,0.0
0.0,0.0
0.0,0.0
0.0,0.0
0.0,0.0
0.0,0.0
0.0,0.0
0.0,0.0
0.0,0.0
0.0,0.0
0.0,0.0
0.0,0.0
0.0,0.0
0.0,0.0
0.0,0.0
0.0,0.0
0.0,0.0
0.0,0.0
0.0,0.0
0.0,0.0
0.0,0.0
0.0,0.0
0.0,0.0
0.0,0.0
0.0,0.0
0.0,0.0
0.0,0.0
0.0,0.0
0.0,0.0
0.0,0.0
0.0,0.0
0.0,0.0
0.0,0.0
0.0,0.0
0.0,0.0
0.0,0.0
0.0,0.0
0.0,0.0
0.0,0.0
0.0,0.0
0.0,0.0
0.0,0.0
0.0,0.0
0.0,0.0
0.0,0.0
0.0,0.0
0.0,0.0
0.0,0.0
0.0,0.0
0.0,0.0
0.0,0.0
0.0,0.0
0.0,0.0
0.0,0.0
0.0,0.0
0.0,0.0
0.0,0.0
0.0,0.0
0.0,0.0
0.0,0.0
0.0,0.0
0.0,0.0
0.0,0.0
0.0,0.0
0.0,0.0
0.0,0.0
0.0,0.0
0.0,0.0
-8.888883590698242,11.111104965209961
15.056099891662598,-3.7272379398345947
0.0,0.0
0.0,0.0
0.0,0.0
0.0,0.0
0.0,0.0
0.0,0.0
-8.888883590698242,11.111104965209961
18.5190486907959,-8.825584411621094
0.0,0.0
0.0,0.0
0.0,0.0
0.0,0.0
0.0,0.0
0.0,0.0
0.0,0.0
0.0,0.0
0.0,0.0
0.0,0.0
0.0,0.0
0.0,0.0
0.0,0.0
0.0,0.0
0.0,0.0
0.0,0.0
0.0,0.0
0.0,0.0
0.0,0.0
0.0,0.0
0.0,0.0
0.0,0.0
-8.19384479522705,11.110905647277832
8.354841232299805,-3.695786476135254
0.0,0.0
0.0,0.0
0.0,0.0
0.0,0.0
0.0,0.0
0.0,0.0
-8.888883590698242,11.111104965209961
18.5190486907959,-7.886070251464844
0.0,0.0
0.0,0.0
0.0,0.0
0.0,0.0
0.0,0.0
0.0,0.0
0.0,0.0
0.0,0.0
0.0,0.0
0.0,0.0
0.0,0.0
0.0,0.0
0.0,0.0
0.0,0.0
0.0,0.0
0.0,0.0
0.0,0.0
0.0,0.0
0.0,0.0
0.0,0.0
0.0,0.0
0.0,0.0
0.0,0.0
0.0,0.0
0.0,0.0
0.0,0.0
0.0,0.0
0.0,0.0
0.0,0.0
0.0,0.0
0.0,0.0
0.0,0.0
0.0,0.0
0.0,0.0
0.0,0.0
0.0,0.0
0.0,0.0
0.0,0.0
0.0,0.0
0.0,0.0
0.0,0.0
0.0,0.0
0.0,0.0
0.0,0.0
0.0,0.0
0.0,0.0
0.0,0.0
0.0,0.0
0.0,0.0
0.0,0.0
0.0,0.0
0.0,0.0
0.0,0.0
0.0,0.0
0.0,0.0
0.0,0.0
0.0,0.0
0.0,0.0
0.0,0.0
0.0,0.0
0.0,0.0
0.0,0.0
0.0,0.0
0.0,0.0
0.0,0.0
0.0,0.0
0.0,0.0
0.0,0.0
9.577812194824219,0.0
7.639999866485596,-3.9235999584198
5.369321823120117,-2.6579761505126953
0.0,0.0
0.0,0.0
0.0,0.0
0.0,0.0
0.0,0.0
10.3900728225708,-2.520975351333618
7.639999866485596,0.0
1.909999966621399,0.0
0.0,0.0
0.0,0.0
0.0,0.0
0.0,0.0
0.0,0.0
-3.9284675121307373,8.411020278930664
5.476200103759766,0.0
-9.000137329101562,8.434022903442383
20.48079490661621,-5.066607475280762
0.0,0.0
0.0,0.0
0.0,0.0
0.0,0.0
-3.844365358352661,8.662561416625977
3.819999933242798,0.0
-10.854657173156738,-98.23339080810547
18.152801513671875,-1.9617999792099
0.0,0.0
0.0,0.0
0.0,0.0
0.0,0.0
9.577812194824219,-2.5852599143981934
4.0,0.0
5.369321823120117,0.0
4.0,0.0
1.909999966621399,0.0
0.0,0.0
0.0,0.0
0.0,0.0
10.661160469055176,-3.133039712905884
10.952400207519531,-3.9235999584198
1.909999966621399,0.0
0.0,0.0
1.0,0.0
0.0,0.0
0.0,0.0
0.0,0.0
-3.202939033508301,9.426167488098145
2.0,0.0
-9.204049110412598,11.111090660095215
8.354841232299805,-1.9800000190734863
-1.0,1.0
0.0,0.0
-32.397945404052734,-248.51071166992188
0.0,0.0
-3.3138527870178223,10.488930702209473
6.983342170715332,0.0
-11.238774299621582,-70.6310806274414
22.221935272216797,-16.80728530883789
-1.0,0.0
0.0,0.0
-207.648681640625,-118.73938751220703
0.0,0.0
0.0,0.0
0.0,0.0
0.0,0.0
0.0,0.0
0.0,0.0
0.0,0.0
0.0,0.0
0.0,0.0
0.0,0.0
0.0,0.0
0.0,0.0
0.0,0.0
0.0,0.0
0.0,0.0
0.0,0.0
0.0,0.0
0.0,0.0
0.0,0.0
0.0,0.0
0.0,0.0
0.0,0.0
0.0,0.0
0.0,0.0
0.0,0.0
0.0,0.0
0.0,0.0
0.0,0.0
0.0,0.0
0.0,0.0
0.0,0.0
0.0,0.0
0.0,0.0
0.0,0.0
0.0,0.0
0.0,0.0
0.0,0.0
0.0,0.0
0.0,0.0
0.0,0.0
0.0,0.0
0.0,0.0
0.0,0.0
0.0,0.0
0.0,0.0
0.0,0.0
0.0,0.0
0.0,0.0
0.0,0.0
0.0,0.0
0.0,0.0
0.0,0.0
0.0,0.0
0.0,0.0
0.0,0.0
0.0,0.0
0.0,0.0
0.0,0.0
0.0,0.0
0.0,0.0
0.0,0.0
0.0,0.0
0.0,0.0
0.0,0.0
0.0,0.0
0.0,0.0
0.0,0.0
0.0,0.0
0.0,0.0
0.0,0.0
0.0,0.0
0.0,0.0
0.0,0.0
8.411020278930664,-2.5975356101989746
0.0,0.0
3.491671085357666,0.0
0.0,0.0
0.0,0.0
0.0,0.0
0.0,0.0
0.0,0.0
0.0,0.0
0.0,0.0
-9.191393852233887,8.994665145874023
0.0,0.0
0.0,0.0
0.0,0.0
0.0,0.0
0.0,0.0
-2.637342691421509,6.323977947235107
0.0,0.0
-8.928725242614746,10.750219345092773
0.0,0.0
0.0,0.0
0.0,0.0
0.0,0.0
0.0,0.0
0.0,0.0
0.0,0.0
0.0,0.0
0.0,0.0
0.0,0.0
0.0,0.0
0.0,0.0
0.0,0.0
0.0,0.0
0.0,0.0
1.0,0.0
0.0,0.0
0.0,0.0
0.0,0.0
0.0,0.0
0.0,0.0
0.0,0.0
0.0,0.0
0.0,0.0
0.0,0.0
0.0,0.0
0.0,0.0
0.0,0.0
0.0,0.0
0.0,0.0
0.0,0.0
-3.9211020469665527,10.154282569885254
0.0,0.0
0.0,0.0
0.0,0.0
0.0,0.0
0.0,0.0
0.0,0.0
0.0,0.0
0.0,0.0
0.0,0.0
0.0,0.0
0.0,0.0
0.0,0.0
0.0,0.0
0.0,0.0
0.0,0.0
0.0,0.0
0.0,0.0
0.0,0.0
0.0,0.0
0.0,0.0
0.0,0.0
0.0,0.0
0.0,0.0
0.0,0.0
0.0,0.0
0.0,0.0
0.0,0.0
0.0,0.0
0.0,0.0
0.0,0.0
0.0,0.0
0.0,0.0
0.0,0.0
0.0,0.0
0.0,0.0
0.0,0.0
0.0,0.0
0.0,0.0
0.0,0.0
0.0,0.0
0.0,0.0
0.0,0.0
0.0,0.0
0.0,0.0
0.0,0.0
0.0,0.0
0.0,0.0
0.0,0.0
0.0,0.0
0.0,0.0
0.0,0.0
0.0,0.0
0.0,0.0
0.0,0.0
0.0,0.0
0.0,0.0
0.0,0.0
0.0,0.0
0.0,0.0
0.0,0.0
0.0,0.0
0.0,0.0
0.0,0.0
0.0,0.0
0.0,0.0
0.0,0.0
0.0,0.0
0.0,0.0
0.0,0.0
