-5.462555408477783,8.17789363861084
0.0,0.0
0.0,0.0
0.0,0.0
0.0,0.0
0.0,0.0
0.0,0.0
0.0,0.0
0.0,0.0
0.0,0.0
0.0,0.0
0.0,0.0
0.0,0.0
0.0,0.0
0.0,0.0
0.0,0.0
0.0,0.0
0.0,0.0
18.175861358642578,30.670257568359375
16.822040557861328,-1.9039709568023682
0.0,0.0
0.0,0.0
0.0,0.0
0.0,0.0
0.0,0.0
0.0,0.0
9.516972541809082,27.11583709716797
21.981910705566406,-8.5993013381958
0.0,0.0
0.0,0.0
-3.4026191234588623,7.528049945831299
0.0,0.0
0.0,0.0
0.0,0.0
0.0,0.0
0.0,0.0
0.0,0.0
0.0,0.0
0.0,0.0
0.0,0.0
0.0,0.0
0.0,0.0
0.0,0.0
0.0,0.0
0.0,0.0
0.0,0.0
0.0,0.0
0.0,0.0
0.0,0.0
0.0,0.0
-8.89336109161377,11.110905647277832
0.0,0.0
0.0,0.0
0.0,0.0
-8.891340255737305,11.053666114807129
0.0,0.0
0.0,0.0
0.0,0.0
-9.035754203796387,11.111098289489746
14.347362518310547,0.0
0.0,0.0
0.0,0.0
-8.873876571655273,11.111105918884277
0.0,0.0
0.0,0.0
0.0,0.0
0.0,0.0
0.0,0.0
0.0,0.0
0.0,0.0
0.0,0.0
0.0,0.0
0.0,0.0
0.0,0.0
0.0,0.0
0.0,0.0
0.0,0.0
0.0,0.0
0.0,0.0
0.0,0.0
0.0,0.0
0.0,0.0
-8.902183532714844,11.109335899353027
22.222211837768555,-17.38387107849121
0.0,0.0
0.0,0.0
-8.849836349487305,11.111105918884277
22.04113006591797,-7.34376335144043
0.0,0.0
0.0,0.0
-8.914149284362793,11.056818962097168
22.213626861572266,-22.937347412109375
0.0,0.0
0.0,0.0
-8.946552276611328,7.224754333496094
22.222211837768555,-17.896717071533203
0.0,0.0
0.0,0.0
0.0,0.0
0.0,0.0
0.0,0.0
0.0,0.0
0.0,0.0
0.0,0.0
0.0,0.0
0.0,0.0
0.0,0.0
0.0,0.0
0.0,0.0
0.0,0.0
0.0,0.0
0.0,0.0
0.0,0.0
0.0,0.0
-8.88892936706543,11.111105918884277
22.222211837768555,-17.773527145385742
0.0,0.0
0.0,0.0
-8.915063858032227,10.949600219726562
22.222211837768555,-17.545833587646484
0.0,0.0
0.0,0.0
-8.888894081115723,11.111104965209961
22.027149200439453,-82.99639129638672
0.0,0.0
0.0,0.0
-8.913771629333496,10.849481582641602
22.222211837768555,-17.775779724121094
0.0,0.0
0.0,0.0
0.0,0.0
0.0,0.0
0.0,0.0
0.0,0.0
0.0,0.0
0.0,0.0
0.0,0.0
0.0,0.0
0.0,0.0
0.0,0.0
0.0,0.0
0.0,0.0
0.0,0.0
0.0,0.0
0.0,0.0
0.0,0.0
0.5753554701805115,19.65741729736328
15.81836223602295,-18.581146240234375
0.0,0.0
0.0,0.0
0.0,0.0
0.0,0.0
0.0,0.0
0.0,0.0
6.801239967346191,22.63897132873535
22.222196578979492,-15.882431030273438
0.0,0.0
0.0,0.0
-8.088866233825684,11.111105918884277
0.0,0.0
0.0,0.0
0.0,0.0
0.0,0.0
0.0,0.0
0.0,0.0
0.0,0.0
0.0,0.0
0.0,0.0
0.0,0.0
0.0,0.0
0.0,0.0
0.0,0.0
0.0,0.0
0.0,0.0
0.0,0.0
0.0,0.0
0.0,0.0
0.0,0.0
0.0,0.0
0.0,0.0
0.0,0.0
0.0,0.0
0.0,0.0
0.0,0.0
0.0,0.0
0.0,0.0
0.0,0.0
0.0,0.0
0.0,0.0
0.0,0.0
0.0,0.0
0.0,0.0
0.0,0.0
0.0,0.0
0.0,0.0
0.0,0.0
0.0,0.0
0.0,0.0
0.0,0.0
0.0,0.0
0.0,0.0
0.0,0.0
0.0,0.0
0.0,0.0
0.0,0.0
0.0,0.0
0.0,0.0
0.0,0.0
0.0,0.0
0.0,0.0
-8.913383483886719,10.86561107635498
0.0,0.0
0.0,0.0
0.0,0.0
0.0,0.0
0.0,0.0
0.0,0.0
0.0,0.0
-8.9248685836792,10.751241683959961
22.222116470336914,-17.778011322021484
0.0,0.0
0.0,0.0
-9.07683277130127,6.384410381317139
0.0,0.0
0.0,0.0
0.0,0.0
0.0,0.0
0.0,0.0
0.0,0.0
0.0,0.0
0.0,0.0
0.0,0.0
0.0,0.0
0.0,0.0
0.0,0.0
0.0,0.0
0.0,0.0
0.0,0.0
0.0,0.0
0.0,0.0
0.0,0.0
0.0,0.0
-8.915996551513672,11.05583381652832
0.0,0.0
0.0,0.0
0.0,0.0
0.0,0.0
0.0,0.0
0.0,0.0
0.0,0.0
-8.960604667663574,9.907511711120605
22.222211837768555,-17.777727127075195
0.0,0.0
0.0,0.0
-9.041722297668457,7.581025123596191
0.0,0.0
0.0,0.0
0.0,0.0
0.0,0.0
0.0,0.0
0.0,0.0
0.0,0.0
0.0,0.0
0.0,0.0
0.0,0.0
0.0,0.0
0.0,0.0
0.0,0.0
0.0,0.0
0.0,0.0
0.0,0.0
0.0,0.0
0.0,0.0
0.0,0.0
0.0,0.0
0.0,0.0
0.0,0.0
0.0,0.0
0.0,0.0
0.0,0.0
0.0,0.0
0.0,0.0
0.0,0.0
0.0,0.0
0.0,0.0
0.0,0.0
0.0,0.0
0.0,0.0
0.0,0.0
0.0,0.0
0.0,0.0
0.0,0.0
0.0,0.0
0.0,0.0
0.0,0.0
0.0,0.0
0.0,0.0
0.0,0.0
0.0,0.0
0.0,0.0
0.0,0.0
0.0,0.0
0.0,0.0
0.0,0.0
0.0,0.0
0.0,0.0
0.0,0.0
0.0,0.0
0.0,0.0
0.0,0.0
0.0,0.0
0.0,0.0
0.0,0.0
0.0,0.0
0.0,0.0
0.0,0.0
0.0,0.0
0.0,0.0
0.0,0.0
0.0,0.0
11.111105918884277,-3.903479814529419
44.44442367553711,10.465425491333008
11.111105918884277,-6.251836776733398
28.694725036621094,-3.9235999584198
1.909999966621399,-0.9900000095367432
0.0,0.0
6.356335163116455,-0.9726189970970154
0.0,0.0
11.111105918884277,-4.485165119171143
44.44442367553711,-34.47209167480469
11.111105918884277,-3.148671865463257
38.311248779296875,-7.205481052398682
0.0,0.0
0.0,0.0
9.426167488098145,-0.905738353729248
0.0,0.0
0.0,0.0
0.0,0.0
-8.581595420837402,8.64188003540039
12.71267032623291,-3.799999952316284
0.0,0.0
0.0,0.0
-2.6750831604003906,6.020907402038574
0.0,0.0
0.0,0.0
0.0,0.0
-9.224747657775879,7.7994208335876465
19.431617736816406,-1.8224966526031494
0.0,0.0
0.0,0.0
-4.061570644378662,-1.4206697940826416
3.819999933242798,0.0
11.111105918884277,-7.49157190322876
44.44442367553711,-29.675642013549805
11.111105918884277,-8.649832725524902
30.112199783325195,-3.698878049850464
11.111105918884277,-8.859136581420898
0.0,0.0
8.143978118896484,-0.05636192113161087
0.0,0.0
11.111105918884277,-7.717626571655273
44.44442367553711,-32.1804313659668
11.111105918884277,-8.850740432739258
39.8226432800293,-3.636944055557251
11.111105918884277,-8.887152671813965
13.966684341430664,-4.0
11.03612995147705,-4.1680097579956055
21.47728729248047,-7.460333347320557
0.0,0.0
0.0,0.0
-3.3338489532470703,5.426826477050781
14.347362518310547,0.0
0.0,0.0
0.0,0.0
-3.3242547512054443,5.474482536315918
0.0,0.0
0.0,0.0
0.0,0.0
-8.468681335449219,10.190174102783203
15.056099891662598,-1.8292207717895508
0.0,0.0
0.0,0.0
-6.92799186706543,7.168376445770264
13.568530082702637,-5.242959499359131
0.0,0.0
0.0,0.0
0.0,0.0
0.0,0.0
0.0,0.0
0.0,0.0
0.0,0.0
0.0,0.0
0.0,0.0
0.0,0.0
0.0,0.0
0.0,0.0
0.0,0.0
0.0,0.0
0.0,0.0
0.0,0.0
0.0,0.0
0.0,0.0
0.0,0.0
0.0,0.0
0.0,0.0
0.0,0.0
0.0,0.0
0.0,0.0
0.0,0.0
0.0,0.0
0.0,0.0
0.0,0.0
0.0,0.0
0.0,0.0
0.0,0.0
0.0,0.0
0.0,0.0
0.0,0.0
0.0,0.0
0.0,0.0
0.0,0.0
0.0,0.0
0.0,0.0
0.0,0.0
0.0,0.0
0.0,0.0
0.0,0.0
0.0,0.0
0.0,0.0
0.0,0.0
0.0,0.0
0.0,0.0
0.0,0.0
0.0,0.0
0.0,0.0
0.0,0.0
0.0,0.0
0.0,0.0
0.0,0.0
0.0,0.0
0.0,0.0
0.0,0.0
0.0,0.0
0.0,0.0
0.0,0.0
0.0,0.0
0.0,0.0
0.0,0.0
0.0,0.0
0.0,0.0
11.111105918884277,-8.253104209899902
0.0,0.0
0.0,0.0
0.0,0.0
0.0,0.0
0.0,0.0
11.111105918884277,1.1564337015151978
0.0,0.0
11.111105918884277,9.525622367858887
0.0,0.0
0.0,0.0
0.0,0.0
8.411020278930664,4.314282417297363
0.0,0.0
0.0,0.0
0.0,0.0
-10.100895881652832,-1.0092036724090576
0.0,0.0
0.0,0.0
0.0,0.0
0.0,0.0
0.0,0.0
-8.71273422241211,9.739607810974121
0.0,0.0
-9.703475952148438,2.966595411300659
0.0,0.0
0.0,0.0
0.0,0.0
-9.967446327209473,-0.8314810991287231
0.0,0.0
0.0,0.0
0.0,0.0
11.111105918884277,-7.660050868988037
0.0,0.0
0.0,0.0
0.0,0.0
0.0,0.0
0.0,0.0
11.111105918884277,5.164325714111328
0.0,0.0
11.111105918884277,4.95353364944458
0.0,0.0
0.0,0.0
0.0,0.0
3.491671085357666,1.0273809432983398
0.0,0.0
0.0,0.0
0.0,0.0
-8.926000595092773,11.09627914428711
0.0,0.0
0.0,0.0
0.0,0.0
0.0,0.0
0.0,0.0
-6.797815322875977,10.996886253356934
0.0,0.0
-9.678512573242188,3.413723945617676
0.0,0.0
0.0,0.0
0.0,0.0
-9.115423202514648,1.517626404762268
0.0,0.0
0.0,0.0
0.0,0.0
0.0,0.0
0.0,0.0
0.0,0.0
0.0,0.0
0.0,0.0
0.0,0.0
0.0,0.0
0.0,0.0
0.0,0.0
0.0,0.0
0.0,0.0
0.0,0.0
0.0,0.0
0.0,0.0
0.0,0.0
0.0,0.0
-9.621050834655762,4.550918102264404
-3.3888425827026367,-21.9395694732666
0.0,0.0
0.0,0.0
0.0,0.0
0.0,0.0
0.0,0.0
0.0,0.0
-13.16588306427002,2.9998085498809814
-160.0405731201172,-220.59144592285156
0.0,0.0
0.0,0.0
0.0,0.0
0.0,0.0
0.0,0.0
0.0,0.0
0.0,0.0
0.0,0.0
0.0,0.0
0.0,0.0
0.0,0.0
0.0,0.0
0.0,0.0
0.0,0.0
0.0,0.0
0.0,0.0
0.0,0.0
0.0,0.0
0.0,0.0
0.0,0.0
0.0,0.0
0.0,0.0
-22.02696418762207,-74.70089721679688
-126.49496459960938,-221.9483642578125
0.0,0.0
0.0,0.0
-279.0417785644531,-71.01740264892578
0.0,0.0
0.0,0.0
0.0,0.0
-10.582072257995605,11.053153991699219
22.222211837768555,-215.80728149414062
0.0,0.0
0.0,0.0
-319.70391845703125,-472.2818603515625
0.0,0.0
0.0,0.0
0.0,0.0
0.0,0.0
0.0,0.0
0.0,0.0
0.0,0.0
0.0,0.0
0.0,0.0
0.0,0.0
0.0,0.0
0.0,0.0
0.0,0.0
0.0,0.0
0.0,0.0
0.0,0.0
0.0,0.0
0.0,0.0
0.0,0.0
0.0,0.0
0.0,0.0
0.0,0.0
0.0,0.0
0.0,0.0
0.0,0.0
0.0,0.0
0.0,0.0
0.0,0.0
0.0,0.0
0.0,0.0
0.0,0.0
0.0,0.0
0.0,0.0
0.0,0.0
0.0,0.0
0.0,0.0
0.0,0.0
0.0,0.0
0.0,0.0
0.0,0.0
0.0,0.0
0.0,0.0
0.0,0.0
0.0,0.0
0.0,0.0
0.0,0.0
0.0,0.0
0.0,0.0
0.0,0.0
0.0,0.0
0.0,0.0
0.0,0.0
0.0,0.0
0.0,0.0
0.0,0.0
0.0,0.0
0.0,0.0
0.0,0.0
0.0,0.0
0.0,0.0
0.0,0.0
0.0,0.0
0.0,0.0
0.0,0.0
0.0,0.0
0.0,0.0
0.0,0.0
0.0,0.0
0.0,0.0
0.0,0.0
0.0,0.0
0.0,0.0
0.0,0.0
0.0,0.0
0.0,0.0
0.0,0.0
0.0,0.0
0.0,0.0
0.0,0.0
0.0,0.0
0.0,0.0
0.0,0.0
0.0,0.0
-8.888885498046875,11.111105918884277
22.22220802307129,-17.466514587402344
0.0,0.0
0.0,0.0
0.0,0.0
0.0,0.0
0.0,0.0
0.0,0.0
-8.888973236083984,11.111105918884277
22.213367462158203,-11.736446380615234
0.0,0.0
0.0,0.0
0.0,0.0
0.0,0.0
0.0,0.0
0.0,0.0
0.0,0.0
0.0,0.0
0.0,0.0
0.0,0.0
0.0,0.0
0.0,0.0
0.0,0.0
0.0,0.0
0.0,0.0
0.0,0.0
0.0,0.0
0.0,0.0
0.0,0.0
0.0,0.0
0.0,0.0
0.0,0.0
-8.888885498046875,11.111105918884277
22.217647552490234,-14.893585205078125
0.0,0.0
0.0,0.0
0.0,0.0
0.0,0.0
0.0,0.0
0.0,0.0
-8.893723487854004,11.065848350524902
22.173864364624023,-13.97580623626709
0.0,0.0
0.0,0.0
0.0,0.0
0.0,0.0
0.0,0.0
0.0,0.0
0.0,0.0
0.0,0.0
0.0,0.0
0.0,0.0
0.0,0.0
0.0,0.0
0.0,0.0
0.0,0.0
0.0,0.0
0.0,0.0
0.0,0.0
0.0,0.0
0.0,0.0
0.0,0.0
0.0,0.0
0.0,0.0
0.0,0.0
0.0,0.0
0.0,0.0
0.0,0.0
0.0,0.0
0.0,0.0
0.0,0.0
0.0,0.0
0.0,0.0
0.0,0.0
0.0,0.0
0.0,0.0
0.0,0.0
0.0,0.0
0.0,0.0
0.0,0.0
0.0,0.0
0.0,0.0
0.0,0.0
0.0,0.0
0.0,0.0
0.0,0.0
0.0,0.0
0.0,0.0
0.0,0.0
0.0,0.0
0.0,0.0
0.0,0.0
0.0,0.0
0.0,0.0
0.0,0.0
0.0,0.0
0.0,0.0
0.0,0.0
0.0,0.0
0.0,0.0
0.0,0.0
0.0,0.0
0.0,0.0
0.0,0.0
0.0,0.0
0.0,0.0
0.0,0.0
0.0,0.0
0.0,0.0
0.0,0.0
11.111105918884277,-8.021845817565918
36.30560302734375,-10.345582962036133
11.103314399719238,-6.1539764404296875
4.0,0.0
0.0,0.0
0.0,0.0
0.0,0.0
0.0,0.0
11.111105918884277,-8.736055374145508
41.275047302246094,-3.590384006500244
10.738507270812988,-4.304620265960693
0.0,0.0
0.0,0.0
0.0,0.0
0.0,0.0
0.0,0.0
-11.088939666748047,-60.399436950683594
18.85233497619629,-3.4869918823242188
-8.973126411437988,11.111102104187012
22.222211837768555,-17.777034759521484
0.0,0.0
0.0,0.0
0.0,0.0
0.0,0.0
-8.810685157775879,11.111105918884277
20.308565139770508,-7.687128067016602
-11.037381172180176,-84.30035400390625
22.222211837768555,-17.77766227722168
0.0,0.0
0.0,0.0
0.0,0.0
0.0,0.0
11.111105918884277,-7.722295761108398
28.694725036621094,-15.785006523132324
11.084540367126465,-6.230698108673096
4.0,0.0
7.173681259155273,-0.9463067650794983
0.0,0.0
0.0,0.0
0.0,0.0
11.111105918884277,-8.787578582763672
41.81986618041992,-10.31395149230957
10.318761825561523,-2.527561902999878
0.0,0.0
8.875165939331055,-3.2481932640075684
0.0,0.0
0.0,0.0
0.0,0.0
-8.46981143951416,11.103682518005371
16.822040557861328,-1.9617999792099
-9.463065147399902,11.1102876663208
22.222211837768555,-17.772647857666016
-1.8429855108261108,6.784265041351318
0.0,0.0
-320.95867919921875,-305.705810546875
0.0,0.0
-8.853616714477539,10.981325149536133
21.028039932250977,-3.65360164642334
-18.591556549072266,-102.0191421508789
22.222211837768555,-17.776721954345703
-1.8239492177963257,9.577812194824219
0.0,0.0
-24.274860382080078,-370.9320068359375
0.0,0.0
0.0,0.0
0.0,0.0
0.0,0.0
0.0,0.0
0.0,0.0
0.0,0.0
0.0,0.0
0.0,0.0
0.0,0.0
0.0,0.0
0.0,0.0
0.0,0.0
0.0,0.0
0.0,0.0
0.0,0.0
0.0,0.0
0.0,0.0
0.0,0.0
0.0,0.0
0.0,0.0
0.0,0.0
0.0,0.0
0.0,0.0
0.0,0.0
0.0,0.0
0.0,0.0
0.0,0.0
0.0,0.0
0.0,0.0
0.0,0.0
0.0,0.0
0.0,0.0
0.0,0.0
0.0,0.0
0.0,0.0
0.0,0.0
0.0,0.0
0.0,0.0
0.0,0.0
0.0,0.0
0.0,0.0
0.0,0.0
0.0,0.0
0.0,0.0
0.0,0.0
0.0,0.0
0.0,0.0
0.0,0.0
0.0,0.0
0.0,0.0
0.0,0.0
0.0,0.0
0.0,0.0
0.0,0.0
0.0,0.0
0.0,0.0
0.0,0.0
0.0,0.0
0.0,0.0
0.0,0.0
0.0,0.0
0.0,0.0
0.0,0.0
0.0,0.0
0.0,0.0
0.0,0.0
4.177420616149902,0.0
0.0,0.0
0.0,0.0
0.0,0.0
0.0,0.0
0.0,0.0
11.111027717590332,-7.832286357879639
0.0,0.0
9.577812194824219,-2.0865488052368164
0.0,0.0
0.0,0.0
0.0,0.0
0.0,0.0
0.0,0.0
0.0,0.0
0.0,0.0
-8.907426834106445,11.031698226928711
0.0,0.0
0.0,0.0
0.0,0.0
0.0,0.0
0.0,0.0
-11.110493659973145,-13.995043754577637
0.0,0.0
-8.888896942138672,11.111089706420898
0.0,0.0
0.0,0.0
0.0,0.0
0.0,0.0
0.0,0.0
0.0,0.0
0.0,0.0
0.0,0.0
0.0,0.0
0.0,0.0
0.0,0.0
0.0,0.0
0.0,0.0
4.177420616149902,0.0
0.0,0.0
0.0,0.0
0.0,0.0
0.0,0.0
0.0,0.0
0.0,0.0
0.0,0.0
0.0,0.0
0.0,0.0
-4.360333442687988,10.738507270812988
0.0,0.0
0.0,0.0
0.0,0.0
0.0,0.0
0.0,0.0
-1.899999976158142,4.80145263671875
0.0,0.0
-8.059903144836426,11.110647201538086
0.0,0.0
0.0,0.0
0.0,0.0
0.0,0.0
0.0,0.0
0.0,0.0
0.0,0.0
0.0,0.0
0.0,0.0
0.0,0.0
0.0,0.0
0.0,0.0
0.0,0.0
0.0,0.0
0.0,0.0
0.0,0.0
0.0,0.0
0.0,0.0
0.0,0.0
0.0,0.0
0.0,0.0
0.0,0.0
0.0,0.0
0.0,0.0
0.0,0.0
0.0,0.0
0.0,0.0
0.0,0.0
0.0,0.0
0.0,0.0
0.0,0.0
0.0,0.0
0.0,0.0
0.0,0.0
0.0,0.0
0.0,0.0
0.0,0.0
0.0,0.0
0.0,0.0
0.0,0.0
0.0,0.0
0.0,0.0
0.0,0.0
0.0,0.0
0.0,0.0
0.0,0.0
0.0,0.0
0.0,0.0
0.0,0.0
0.0,0.0
0.0,0.0
0.0,0.0
0.0,0.0
0.0,0.0
0.0,0.0
0.0,0.0
0.0,0.0
0.0,0.0
0.0,0.0
0.0,0.0
0.0,0.0
0.0,0.0
0.0,0.0
0.0,0.0
0.0,0.0
0.0,0.0
0.0,0.0
0.0,0.0
0.0,0.0
