-8.94422721862793,5.220808029174805
0.0,0.0
0.0,0.0
0.0,0.0
0.0,0.0
0.0,0.0
0.0,0.0
0.0,0.0
0.0,0.0
0.0,0.0
0.0,0.0
0.0,0.0
0.0,0.0
0.0,0.0
0.0,0.0
0.0,0.0
0.0,0.0
0.0,0.0
11.292839050292969,30.670257568359375
16.822040557861328,-1.9039709568023682
0.0,0.0
0.0,0.0
0.0,0.0
0.0,0.0
0.0,0.0
0.0,0.0
29.843029022216797,27.11583709716797
21.544082641601562,-7.573792934417725
0.0,0.0
0.0,0.0
-3.4026191234588623,7.528049945831299
0.0,0.0
0.0,0.0
0.0,0.0
0.0,0.0
0.0,0.0
0.0,0.0
0.0,0.0
0.0,0.0
0.0,0.0
0.0,0.0
0.0,0.0
0.0,0.0
0.0,0.0
0.0,0.0
0.0,0.0
0.0,0.0
0.0,0.0
0.0,0.0
0.0,0.0
-8.889558792114258,11.107377052307129
0.0,0.0
0.0,0.0
0.0,0.0
-8.888894081115723,11.111105918884277
0.0,0.0
0.0,0.0
0.0,0.0
-8.89002799987793,11.110638618469238
14.347362518310547,0.0
0.0,0.0
0.0,0.0
-8.854015350341797,11.111105918884277
0.0,0.0
0.0,0.0
0.0,0.0
0.0,0.0
0.0,0.0
0.0,0.0
0.0,0.0
0.0,0.0
0.0,0.0
0.0,0.0
0.0,0.0
0.0,0.0
0.0,0.0
0.0,0.0
0.0,0.0
0.0,0.0
0.0,0.0
0.0,0.0
0.0,0.0
-8.890999794006348,11.111083984375
22.222211837768555,-17.777759552001953
0.0,0.0
0.0,0.0
-8.840675354003906,11.111105918884277
21.711196899414062,-6.1819987297058105
0.0,0.0
0.0,0.0
-8.957932472229004,10.71233081817627
22.22218894958496,-17.785295486450195
0.0,0.0
0.0,0.0
-8.909846305847168,11.100266456604004
22.222211837768555,-18.15679359436035
0.0,0.0
0.0,0.0
0.0,0.0
0.0,0.0
0.0,0.0
0.0,0.0
0.0,0.0
0.0,0.0
0.0,0.0
0.0,0.0
0.0,0.0
0.0,0.0
0.0,0.0
0.0,0.0
0.0,0.0
0.0,0.0
0.0,0.0
0.0,0.0
-8.889017105102539,11.111105918884277
22.222211837768555,-17.765579223632812
0.0,0.0
0.0,0.0
-8.907882690429688,9.050078392028809
22.222211837768555,-17.491426467895508
0.0,0.0
0.0,0.0
-8.888898849487305,11.111104965209961
22.221981048583984,-52.312461853027344
0.0,0.0
0.0,0.0
-8.908881187438965,11.012845993041992
22.222211837768555,-17.775312423706055
0.0,0.0
0.0,0.0
0.0,0.0
0.0,0.0
0.0,0.0
0.0,0.0
0.0,0.0
0.0,0.0
0.0,0.0
0.0,0.0
0.0,0.0
0.0,0.0
0.0,0.0
0.0,0.0
0.0,0.0
0.0,0.0
0.0,0.0
0.0,0.0
0.5750969648361206,19.65741729736328
21.293474197387695,-17.957494735717773
0.0,0.0
0.0,0.0
0.0,0.0
0.0,0.0
0.0,0.0
0.0,0.0
22.213470458984375,22.63897132873535
22.221952438354492,-15.43784236907959
0.0,0.0
0.0,0.0
-8.088866233825684,11.111105918884277
0.0,0.0
0.0,0.0
0.0,0.0
0.0,0.0
0.0,0.0
0.0,0.0
0.0,0.0
0.0,0.0
0.0,0.0
0.0,0.0
0.0,0.0
0.0,0.0
0.0,0.0
0.0,0.0
0.0,0.0
0.0,0.0
0.0,0.0
0.0,0.0
0.0,0.0
0.0,0.0
0.0,0.0
0.0,0.0
0.0,0.0
0.0,0.0
0.0,0.0
0.0,0.0
0.0,0.0
0.0,0.0
0.0,0.0
0.0,0.0
0.0,0.0
0.0,0.0
0.0,0.0
0.0,0.0
0.0,0.0
0.0,0.0
0.0,0.0
0.0,0.0
0.0,0.0
0.0,0.0
0.0,0.0
0.0,0.0
0.0,0.0
0.0,0.0
0.0,0.0
0.0,0.0
0.0,0.0
0.0,0.0
0.0,0.0
0.0,0.0
0.0,0.0
-8.913383483886719,10.86561107635498
0.0,0.0
0.0,0.0
0.0,0.0
0.0,0.0
0.0,0.0
0.0,0.0
0.0,0.0
-8.924614906311035,10.754822731018066
14.912728309631348,-18.664880752563477
0.0,0.0
0.0,0.0
-9.071943283081055,7.196141719818115
0.0,0.0
0.0,0.0
0.0,0.0
0.0,0.0
0.0,0.0
0.0,0.0
0.0,0.0
0.0,0.0
0.0,0.0
0.0,0.0
0.0,0.0
0.0,0.0
0.0,0.0
0.0,0.0
0.0,0.0
0.0,0.0
0.0,0.0
0.0,0.0
0.0,0.0
-8.899945259094238,11.100067138671875
0.0,0.0
0.0,0.0
0.0,0.0
0.0,0.0
0.0,0.0
0.0,0.0
0.0,0.0
-8.939375877380371,10.521897315979004
22.222211837768555,-17.777721405029297
0.0,0.0
0.0,0.0
-9.037566184997559,4.985844135284424
0.0,0.0
0.0,0.0
0.0,0.0
0.0,0.0
0.0,0.0
0.0,0.0
0.0,0.0
0.0,0.0
0.0,0.0
0.0,0.0
0.0,0.0
0.0,0.0
0.0,0.0
0.0,0.0
0.0,0.0
0.0,0.0
0.0,0.0
0.0,0.0
0.0,0.0
0.0,0.0
0.0,0.0
0.0,0.0
0.0,0.0
0.0,0.0
0.0,0.0
0.0,0.0
0.0,0.0
0.0,0.0
0.0,0.0
0.0,0.0
0.0,0.0
0.0,0.0
0.0,0.0
0.0,0.0
0.0,0.0
0.0,0.0
0.0,0.0
0.0,0.0
0.0,0.0
0.0,0.0
0.0,0.0
0.0,0.0
0.0,0.0
0.0,0.0
0.0,0.0
0.0,0.0
0.0,0.0
0.0,0.0
0.0,0.0
0.0,0.0
0.0,0.0
0.0,0.0
0.0,0.0
0.0,0.0
0.0,0.0
0.0,0.0
0.0,0.0
0.0,0.0
0.0,0.0
0.0,0.0
0.0,0.0
0.0,0.0
0.0,0.0
0.0,0.0
0.0,0.0
11.111105918884277,-7.01782751083374
44.44442367553711,-29.170818328857422
11.111105918884277,-5.254744529724121
25.42534065246582,-3.9235999584198
1.909999966621399,-0.9900000095367432
0.0,0.0
6.356335163116455,-0.9726189970970154
0.0,0.0
11.111105918884277,-6.00795841217041
44.44442367553711,-16.045705795288086
11.111105918884277,-7.389371395111084
36.30560302734375,-7.205481052398682
0.0,0.0
0.0,0.0
9.076400756835938,0.0
0.0,0.0
0.0,0.0
0.0,0.0
-8.581595420837402,5.607867240905762
10.738643646240234,-3.799999952316284
0.0,0.0
0.0,0.0
-2.6750831604003906,6.020907402038574
0.0,0.0
0.0,0.0
0.0,0.0
-9.119722366333008,2.7728888988494873
18.5190486907959,-1.8224966526031494
0.0,0.0
0.0,0.0
-4.061570644378662,-0.12719133496284485
3.819999933242798,0.0
11.111105918884277,-4.801356792449951
44.44442367553711,-24.616531372070312
11.111105918884277,-5.872306823730469
27.137060165405273,0.0
11.111105918884277,-8.794078826904297
0.0,0.0
7.528049945831299,-0.05636192113161087
0.0,0.0
11.111105918884277,-7.351870536804199
44.44442367553711,-26.72569465637207
11.111105918884277,-8.826654434204102
39.365543365478516,-3.636944055557251
11.111105918884277,-8.87300968170166
13.966684341430664,-4.0
11.028714179992676,-4.1680097579956055
19.205810546875,-7.460333347320557
0.0,0.0
0.0,0.0
-3.3338489532470703,4.656179904937744
11.772165298461914,0.0
0.0,0.0
0.0,0.0
-2.6433329582214355,4.304410457611084
0.0,0.0
0.0,0.0
0.0,0.0
-8.40841293334961,9.152721405029297
15.056099891662598,-1.8292207717895508
0.0,0.0
0.0,0.0
-6.661973476409912,6.686367034912109
11.772165298461914,-5.242959499359131
0.0,0.0
0.0,0.0
0.0,0.0
0.0,0.0
0.0,0.0
0.0,0.0
0.0,0.0
0.0,0.0
0.0,0.0
0.0,0.0
0.0,0.0
0.0,0.0
0.0,0.0
0.0,0.0
0.0,0.0
0.0,0.0
0.0,0.0
0.0,0.0
0.0,0.0
0.0,0.0
0.0,0.0
0.0,0.0
0.0,0.0
0.0,0.0
0.0,0.0
0.0,0.0
0.0,0.0
0.0,0.0
0.0,0.0
0.0,0.0
0.0,0.0
0.0,0.0
0.0,0.0
0.0,0.0
0.0,0.0
0.0,0.0
0.0,0.0
0.0,0.0
0.0,0.0
0.0,0.0
0.0,0.0
0.0,0.0
0.0,0.0
0.0,0.0
0.0,0.0
0.0,0.0
0.0,0.0
0.0,0.0
0.0,0.0
0.0,0.0
0.0,0.0
0.0,0.0
0.0,0.0
0.0,0.0
0.0,0.0
0.0,0.0
0.0,0.0
0.0,0.0
0.0,0.0
0.0,0.0
0.0,0.0
0.0,0.0
0.0,0.0
0.0,0.0
0.0,0.0
0.0,0.0
11.111105918884277,-7.065474987030029
0.0,0.0
0.0,0.0
0.0,0.0
0.0,0.0
0.0,0.0
11.111105918884277,3.993479013442993
0.0,0.0
11.111105918884277,8.994738578796387
0.0,0.0
0.0,0.0
0.0,0.0
8.143978118896484,3.5890800952911377
0.0,0.0
0.0,0.0
0.0,0.0
-10.100895881652832,-1.0092036724090576
0.0,0.0
0.0,0.0
0.0,0.0
0.0,0.0
0.0,0.0
-8.479669570922852,11.111105918884277
0.0,0.0
-9.70789623260498,2.9419565200805664
0.0,0.0
0.0,0.0
0.0,0.0
-9.702932357788086,2.6567471027374268
0.0,0.0
0.0,0.0
0.0,0.0
11.111071586608887,-7.203239440917969
0.0,0.0
0.0,0.0
0.0,0.0
0.0,0.0
0.0,0.0
11.111105918884277,7.51133394241333
0.0,0.0
11.111105918884277,2.7252719402313232
0.0,0.0
0.0,0.0
0.0,0.0
2.738100051879883,1.0273809432983398
0.0,0.0
0.0,0.0
0.0,0.0
-8.957688331604004,11.089314460754395
0.0,0.0
0.0,0.0
0.0,0.0
0.0,0.0
0.0,0.0
-6.564079284667969,10.756897926330566
0.0,0.0
-9.611432075500488,3.3148276805877686
0.0,0.0
0.0,0.0
0.0,0.0
-8.624920845031738,-1.6781058311462402
0.0,0.0
0.0,0.0
0.0,0.0
0.0,0.0
0.0,0.0
0.0,0.0
0.0,0.0
0.0,0.0
0.0,0.0
0.0,0.0
0.0,0.0
0.0,0.0
0.0,0.0
0.0,0.0
0.0,0.0
0.0,0.0
0.0,0.0
0.0,0.0
0.0,0.0
-9.930224418640137,9.394701957702637
-76.68722534179688,-22.10062599182129
0.0,0.0
0.0,0.0
0.0,0.0
0.0,0.0
0.0,0.0
0.0,0.0
-10.203279495239258,-2.239622116088867
22.222211837768555,-29.772411346435547
0.0,0.0
0.0,0.0
0.0,0.0
0.0,0.0
0.0,0.0
0.0,0.0
0.0,0.0
0.0,0.0
0.0,0.0
0.0,0.0
0.0,0.0
0.0,0.0
0.0,0.0
0.0,0.0
0.0,0.0
0.0,0.0
0.0,0.0
0.0,0.0
0.0,0.0
0.0,0.0
0.0,0.0
0.0,0.0
-11.111056327819824,-17.384601593017578
22.22216033935547,-64.84760284423828
0.0,0.0
0.0,0.0
-279.0417785644531,-163.53659057617188
0.0,0.0
0.0,0.0
0.0,0.0
-11.514395713806152,-39.819061279296875
22.222211837768555,-17.818239212036133
0.0,0.0
0.0,0.0
-505.6253967285156,-373.0832214355469
0.0,0.0
0.0,0.0
0.0,0.0
0.0,0.0
0.0,0.0
0.0,0.0
0.0,0.0
0.0,0.0
0.0,0.0
0.0,0.0
0.0,0.0
0.0,0.0
0.0,0.0
0.0,0.0
0.0,0.0
0.0,0.0
0.0,0.0
0.0,0.0
0.0,0.0
0.0,0.0
0.0,0.0
0.0,0.0
0.0,0.0
0.0,0.0
0.0,0.0
0.0,0.0
0.0,0.0
0.0,0.0
0.0,0.0
0.0,0.0
0.0,0.0
0.0,0.0
0.0,0.0
0.0,0.0
0.0,0.0
0.0,0.0
0.0,0.0
0.0,0.0
0.0,0.0
0.0,0.0
0.0,0.0
0.0,0.0
0.0,0.0
0.0,0.0
0.0,0.0
0.0,0.0
0.0,0.0
0.0,0.0
0.0,0.0
0.0,0.0
0.0,0.0
0.0,0.0
0.0,0.0
0.0,0.0
0.0,0.0
0.0,0.0
0.0,0.0
0.0,0.0
0.0,0.0
0.0,0.0
0.0,0.0
0.0,0.0
0.0,0.0
0.0,0.0
0.0,0.0
0.0,0.0
0.0,0.0
0.0,0.0
0.0,0.0
0.0,0.0
0.0,0.0
0.0,0.0
0.0,0.0
0.0,0.0
0.0,0.0
0.0,0.0
0.0,0.0
0.0,0.0
0.0,0.0
0.0,0.0
0.0,0.0
0.0,0.0
0.0,0.0
-8.888885498046875,11.111105918884277
22.221210479736328,-17.393491744995117
0.0,0.0
0.0,0.0
0.0,0.0
0.0,0.0
0.0,0.0
0.0,0.0
-8.888973236083984,11.111105918884277
22.210472106933594,-10.31911563873291
0.0,0.0
0.0,0.0
0.0,0.0
0.0,0.0
0.0,0.0
0.0,0.0
0.0,0.0
0.0,0.0
0.0,0.0
0.0,0.0
0.0,0.0
0.0,0.0
0.0,0.0
0.0,0.0
0.0,0.0
0.0,0.0
0.0,0.0
0.0,0.0
0.0,0.0
0.0,0.0
0.0,0.0
0.0,0.0
-8.888885498046875,11.111105918884277
22.21416473388672,-14.893585205078125
0.0,0.0
0.0,0.0
0.0,0.0
0.0,0.0
0.0,0.0
0.0,0.0
-8.912052154541016,10.905778884887695
22.158048629760742,-13.97580623626709
0.0,0.0
0.0,0.0
0.0,0.0
0.0,0.0
0.0,0.0
0.0,0.0
0.0,0.0
0.0,0.0
0.0,0.0
0.0,0.0
0.0,0.0
0.0,0.0
0.0,0.0
0.0,0.0
0.0,0.0
0.0,0.0
0.0,0.0
0.0,0.0
0.0,0.0
0.0,0.0
0.0,0.0
0.0,0.0
0.0,0.0
0.0,0.0
0.0,0.0
0.0,0.0
0.0,0.0
0.0,0.0
0.0,0.0
0.0,0.0
0.0,0.0
0.0,0.0
0.0,0.0
0.0,0.0
0.0,0.0
0.0,0.0
0.0,0.0
0.0,0.0
0.0,0.0
0.0,0.0
0.0,0.0
0.0,0.0
0.0,0.0
0.0,0.0
0.0,0.0
0.0,0.0
0.0,0.0
0.0,0.0
0.0,0.0
0.0,0.0
0.0,0.0
0.0,0.0
0.0,0.0
0.0,0.0
0.0,0.0
0.0,0.0
0.0,0.0
0.0,0.0
0.0,0.0
0.0,0.0
0.0,0.0
0.0,0.0
0.0,0.0
0.0,0.0
0.0,0.0
0.0,0.0
0.0,0.0
0.0,0.0
11.11109447479248,-8.021845817565918
33.644081115722656,-10.345582962036133
11.098616600036621,-5.849958419799805
4.0,0.0
0.0,0.0
0.0,0.0
0.0,0.0
0.0,0.0
11.111105918884277,-8.655945777893066
40.96158981323242,-3.590384006500244
10.567758560180664,-4.304620265960693
0.0,0.0
0.0,0.0
0.0,0.0
0.0,0.0
0.0,0.0
-11.048542976379395,-76.65313720703125
17.75033187866211,-3.4869918823242188
-9.3126220703125,10.65079116821289
22.222211837768555,-17.776220321655273
0.0,0.0
0.0,0.0
0.0,0.0
0.0,0.0
-8.781612396240234,11.111105918884277
20.11930274963379,-7.687128067016602
-11.111117362976074,-17.83306884765625
22.222211837768555,-17.77764892578125
0.0,0.0
0.0,0.0
0.0,0.0
0.0,0.0
11.111105918884277,-7.592674255371094
27.137060165405273,-15.785006523132324
11.068531036376953,-6.230698108673096
4.0,0.0
7.173681259155273,-0.9463067650794983
0.0,0.0
0.0,0.0
0.0,0.0
11.111105918884277,-8.763813972473145
40.617130279541016,-10.31395149230957
10.154282569885254,-1.8110731840133667
0.0,0.0
8.875165939331055,-2.5966055393218994
0.0,0.0
0.0,0.0
0.0,0.0
-8.422752380371094,11.06653881072998
16.28795623779297,-1.9617999792099
-11.177433013916016,-20.5040225982666
22.222211837768555,-17.769088745117188
-1.8429855108261108,6.784265041351318
0.0,0.0
-353.36700439453125,-259.5335388183594
0.0,0.0
-8.7399320602417,11.111105918884277
20.48079490661621,-3.65360164642334
-149.59825134277344,-27.172700881958008
22.222211837768555,-17.776472091674805
-1.8239492177963257,9.426167488098145
0.0,0.0
-137.69723510742188,-262.35443115234375
0.0,0.0
0.0,0.0
0.0,0.0
0.0,0.0
0.0,0.0
0.0,0.0
0.0,0.0
0.0,0.0
0.0,0.0
0.0,0.0
0.0,0.0
0.0,0.0
0.0,0.0
0.0,0.0
0.0,0.0
0.0,0.0
0.0,0.0
0.0,0.0
0.0,0.0
0.0,0.0
0.0,0.0
0.0,0.0
0.0,0.0
0.0,0.0
0.0,0.0
0.0,0.0
0.0,0.0
0.0,0.0
0.0,0.0
0.0,0.0
0.0,0.0
0.0,0.0
0.0,0.0
0.0,0.0
0.0,0.0
0.0,0.0
0.0,0.0
0.0,0.0
0.0,0.0
0.0,0.0
0.0,0.0
0.0,0.0
0.0,0.0
0.0,0.0
0.0,0.0
0.0,0.0
0.0,0.0
0.0,0.0
0.0,0.0
0.0,0.0
0.0,0.0
0.0,0.0
0.0,0.0
0.0,0.0
0.0,0.0
0.0,0.0
0.0,0.0
0.0,0.0
0.0,0.0
0.0,0.0
0.0,0.0
0.0,0.0
0.0,0.0
0.0,0.0
0.0,0.0
0.0,0.0
0.0,0.0
3.491671085357666,0.0
0.0,0.0
0.0,0.0
0.0,0.0
0.0,0.0
0.0,0.0
11.110824584960938,-7.832286357879639
0.0,0.0
9.076400756835938,-2.0865488052368164
0.0,0.0
0.0,0.0
0.0,0.0
0.0,0.0
0.0,0.0
0.0,0.0
0.0,0.0
-9.046521186828613,10.380105972290039
0.0,0.0
0.0,0.0
0.0,0.0
0.0,0.0
0.0,0.0
-11.109916687011719,-29.865314483642578
0.0,0.0
-8.959622383117676,11.108850479125977
0.0,0.0
0.0,0.0
0.0,0.0
0.0,0.0
0.0,0.0
0.0,0.0
0.0,0.0
0.0,0.0
0.0,0.0
0.0,0.0
0.0,0.0
0.0,0.0
0.0,0.0
4.177420616149902,0.0
0.0,0.0
0.0,0.0
0.0,0.0
0.0,0.0
0.0,0.0
0.0,0.0
0.0,0.0
0.0,0.0
0.0,0.0
-4.360333442687988,10.661160469055176
0.0,0.0
0.0,0.0
0.0,0.0
0.0,0.0
0.0,0.0
-1.899999976158142,4.177420616149902
0.0,0.0
-7.751694202423096,11.109375
0.0,0.0
0.0,0.0
0.0,0.0
0.0,0.0
0.0,0.0
0.0,0.0
0.0,0.0
0.0,0.0
0.0,0.0
0.0,0.0
0.0,0.0
0.0,0.0
0.0,0.0
0.0,0.0
0.0,0.0
0.0,0.0
0.0,0.0
0.0,0.0
0.0,0.0
0.0,0.0
0.0,0.0
0.0,0.0
0.0,0.0
0.0,0.0
0.0,0.0
0.0,0.0
0.0,0.0
0.0,0.0
0.0,0.0
0.0,0.0
0.0,0.0
0.0,0.0
0.0,0.0
0.0,0.0
0.0,0.0
0.0,0.0
0.0,0.0
0.0,0.0
0.0,0.0
0.0,0.0
0.0,0.0
0.0,0.0
0.0,0.0
0.0,0.0
0.0,0.0
0.0,0.0
0.0,0.0
0.0,0.0
0.0,0.0
0.0,0.0
0.0,0.0
0.0,0.0
0.0,0.0
0.0,0.0
0.0,0.0
0.0,0.0
0.0,0.0
0.0,0.0
0.0,0.0
0.0,0.0
0.0,0.0
0.0,0.0
0.0,0.0
0.0,0.0
0.0,0.0
0.0,0.0
0.0,0.0
0.0,0.0
0.0,0.0
