-5.427028656005859,7.796821117401123
0.0,0.0
0.0,0.0
0.0,0.0
0.0,0.0
0.0,0.0
0.0,0.0
0.0,0.0
0.0,0.0
0.0,0.0
0.0,0.0
0.0,0.0
0.0,0.0
0.0,0.0
0.0,0.0
0.0,0.0
0.0,0.0
0.0,0.0
24.478561401367188,30.66897201538086
16.822040557861328,-1.9039709568023682
0.0,0.0
0.0,0.0
0.0,0.0
0.0,0.0
0.0,0.0
0.0,0.0
12.294851303100586,27.11247444152832
19.155624389648438,-5.137050151824951
0.0,0.0
0.0,0.0
-3.4026191234588623,7.528049945831299
0.0,0.0
0.0,0.0
0.0,0.0
0.0,0.0
0.0,0.0
0.0,0.0
0.0,0.0
0.0,0.0
0.0,0.0
0.0,0.0
0.0,0.0
0.0,0.0
0.0,0.0
0.0,0.0
0.0,0.0
0.0,0.0
0.0,0.0
0.0,0.0
0.0,0.0
-8.891451835632324,11.111099243164062
0.0,0.0
0.0,0.0
0.0,0.0
-8.888904571533203,11.111105918884277
0.0,0.0
0.0,0.0
0.0,0.0
-8.891854286193848,11.111075401306152
14.347362518310547,0.0
0.0,0.0
0.0,0.0
-8.829829216003418,11.111105918884277
0.0,0.0
0.0,0.0
0.0,0.0
0.0,0.0
0.0,0.0
0.0,0.0
0.0,0.0
0.0,0.0
0.0,0.0
0.0,0.0
0.0,0.0
0.0,0.0
0.0,0.0
0.0,0.0
0.0,0.0
0.0,0.0
0.0,0.0
0.0,0.0
0.0,0.0
-8.915640830993652,11.089985847473145
22.222211837768555,-17.776479721069336
0.0,0.0
0.0,0.0
-8.56766128540039,11.111102104187012
19.682771682739258,-3.4332833290100098
0.0,0.0
0.0,0.0
-8.896405220031738,11.107773780822754
15.12416934967041,-116.37782287597656
0.0,0.0
0.0,0.0
-8.897104263305664,5.634487628936768
-20.47439956665039,-22.21173667907715
0.0,0.0
0.0,0.0
0.0,0.0
0.0,0.0
0.0,0.0
0.0,0.0
0.0,0.0
0.0,0.0
0.0,0.0
0.0,0.0
0.0,0.0
0.0,0.0
0.0,0.0
0.0,0.0
0.0,0.0
0.0,0.0
0.0,0.0
0.0,0.0
-8.891077041625977,11.111104965209961
22.222211837768555,-17.718517303466797
0.0,0.0
0.0,0.0
-8.896808624267578,11.110898971557617
22.222211837768555,-17.341333389282227
0.0,0.0
0.0,0.0
-8.922849655151367,11.002511978149414
-118.2245101928711,-20.017929077148438
0.0,0.0
0.0,0.0
-8.88934326171875,11.111105918884277
22.222211837768555,-17.76698875427246
0.0,0.0
0.0,0.0
0.0,0.0
0.0,0.0
0.0,0.0
0.0,0.0
0.0,0.0
0.0,0.0
0.0,0.0
0.0,0.0
0.0,0.0
0.0,0.0
0.0,0.0
0.0,0.0
0.0,0.0
0.0,0.0
0.0,0.0
0.0,0.0
0.5718628764152527,19.65741729736328
22.221887588500977,-17.83506965637207
0.0,0.0
0.0,0.0
0.0,0.0
0.0,0.0
0.0,0.0
0.0,0.0
-2.0386288166046143,22.638877868652344
22.219860076904297,-15.177845001220703
0.0,0.0
0.0,0.0
-7.669519901275635,11.110605239868164
0.0,0.0
0.0,0.0
0.0,0.0
0.0,0.0
0.0,0.0
0.0,0.0
0.0,0.0
0.0,0.0
0.0,0.0
0.0,0.0
0.0,0.0
0.0,0.0
0.0,0.0
0.0,0.0
0.0,0.0
0.0,0.0
0.0,0.0
0.0,0.0
0.0,0.0
0.0,0.0
0.0,0.0
0.0,0.0
0.0,0.0
0.0,0.0
0.0,0.0
0.0,0.0
0.0,0.0
0.0,0.0
0.0,0.0
0.0,0.0
0.0,0.0
0.0,0.0
0.0,0.0
0.0,0.0
0.0,0.0
0.0,0.0
0.0,0.0
0.0,0.0
0.0,0.0
0.0,0.0
0.0,0.0
0.0,0.0
0.0,0.0
0.0,0.0
0.0,0.0
0.0,0.0
0.0,0.0
0.0,0.0
0.0,0.0
0.0,0.0
0.0,0.0
-8.913383483886719,10.86561107635498
0.0,0.0
0.0,0.0
0.0,0.0
0.0,0.0
0.0,0.0
0.0,0.0
0.0,0.0
-8.926194190979004,10.739603042602539
22.222198486328125,-17.777788162231445
0.0,0.0
0.0,0.0
-9.074447631835938,7.784090042114258
0.0,0.0
0.0,0.0
0.0,0.0
0.0,0.0
0.0,0.0
0.0,0.0
0.0,0.0
0.0,0.0
0.0,0.0
0.0,0.0
0.0,0.0
0.0,0.0
0.0,0.0
0.0,0.0
0.0,0.0
0.0,0.0
0.0,0.0
0.0,0.0
0.0,0.0
-8.95833683013916,10.66202163696289
0.0,0.0
0.0,0.0
0.0,0.0
0.0,0.0
0.0,0.0
0.0,0.0
0.0,0.0
-8.915950775146484,11.02434253692627
22.222211837768555,-17.7775936126709
0.0,0.0
0.0,0.0
-9.088521957397461,10.319005966186523
0.0,0.0
0.0,0.0
0.0,0.0
0.0,0.0
0.0,0.0
0.0,0.0
0.0,0.0
0.0,0.0
0.0,0.0
0.0,0.0
0.0,0.0
0.0,0.0
0.0,0.0
0.0,0.0
0.0,0.0
0.0,0.0
0.0,0.0
0.0,0.0
0.0,0.0
0.0,0.0
0.0,0.0
0.0,0.0
0.0,0.0
0.0,0.0
0.0,0.0
0.0,0.0
0.0,0.0
0.0,0.0
0.0,0.0
0.0,0.0
0.0,0.0
0.0,0.0
0.0,0.0
0.0,0.0
0.0,0.0
0.0,0.0
0.0,0.0
0.0,0.0
0.0,0.0
0.0,0.0
0.0,0.0
0.0,0.0
0.0,0.0
0.0,0.0
0.0,0.0
0.0,0.0
0.0,0.0
0.0,0.0
0.0,0.0
0.0,0.0
0.0,0.0
0.0,0.0
0.0,0.0
0.0,0.0
0.0,0.0
0.0,0.0
0.0,0.0
0.0,0.0
0.0,0.0
0.0,0.0
0.0,0.0
0.0,0.0
0.0,0.0
0.0,0.0
0.0,0.0
11.111105918884277,-7.045809745788574
44.44442367553711,-7.646317005157471
11.111105918884277,-6.437165260314941
25.42534065246582,-3.9235999584198
1.0,-0.9900000095367432
0.0,0.0
4.80145263671875,-0.9726189970970154
0.0,0.0
11.111105918884277,-5.155478477478027
44.44442367553711,-27.15750503540039
11.111105918884277,-0.8264557123184204
32.57591247558594,-3.9235999584198
0.0,0.0
0.0,0.0
8.143978118896484,0.0
0.0,0.0
0.0,0.0
0.0,0.0
-7.641210079193115,7.021939277648926
10.738643646240234,-3.799999952316284
0.0,0.0
0.0,0.0
-2.6750831604003906,4.80145263671875
0.0,0.0
0.0,0.0
0.0,0.0
-8.595001220703125,4.184046745300293
17.30805778503418,0.0
0.0,0.0
0.0,0.0
-3.412402391433716,0.17443303763866425
3.819999933242798,0.0
11.111105918884277,-7.330890655517578
44.44442367553711,-33.4804801940918
11.111105918884277,-7.779998302459717
25.42534065246582,0.0
11.111105918884277,-8.10904598236084
0.0,0.0
5.886082649230957,-0.09000000357627869
0.0,0.0
11.111105918884277,-7.223278045654297
44.44442367553711,-35.54840850830078
11.111105918884277,-4.172195911407471
37.0380973815918,-3.636944055557251
11.111105918884277,-8.615806579589844
13.966684341430664,-4.0
10.772041320800781,-4.876634120941162
13.966684341430664,-7.460333347320557
0.0,0.0
0.0,0.0
-2.636970043182373,3.942417860031128
11.772165298461914,0.0
0.0,0.0
0.0,0.0
-2.6433329582214355,4.726034164428711
0.0,0.0
0.0,0.0
0.0,0.0
-8.328749656677246,7.656953811645508
12.71267032623291,-4.41410493850708
0.0,0.0
0.0,0.0
-6.406630039215088,8.685683250427246
9.6029052734375,-5.242959499359131
0.0,0.0
0.0,0.0
0.0,0.0
0.0,0.0
0.0,0.0
0.0,0.0
0.0,0.0
0.0,0.0
0.0,0.0
0.0,0.0
0.0,0.0
0.0,0.0
0.0,0.0
0.0,0.0
0.0,0.0
0.0,0.0
0.0,0.0
0.0,0.0
0.0,0.0
0.0,0.0
0.0,0.0
0.0,0.0
0.0,0.0
0.0,0.0
0.0,0.0
0.0,0.0
0.0,0.0
0.0,0.0
0.0,0.0
0.0,0.0
0.0,0.0
0.0,0.0
0.0,0.0
0.0,0.0
0.0,0.0
0.0,0.0
0.0,0.0
0.0,0.0
0.0,0.0
0.0,0.0
0.0,0.0
0.0,0.0
0.0,0.0
0.0,0.0
0.0,0.0
0.0,0.0
0.0,0.0
0.0,0.0
0.0,0.0
0.0,0.0
0.0,0.0
0.0,0.0
0.0,0.0
0.0,0.0
0.0,0.0
0.0,0.0
0.0,0.0
0.0,0.0
0.0,0.0
0.0,0.0
0.0,0.0
0.0,0.0
0.0,0.0
0.0,0.0
0.0,0.0
0.0,0.0
11.111105918884277,-5.823539733886719
0.0,0.0
0.0,0.0
0.0,0.0
0.0,0.0
0.0,0.0
11.111105918884277,3.826923131942749
0.0,0.0
11.111105918884277,7.536800384521484
0.0,0.0
0.0,0.0
0.0,0.0
7.173681259155273,3.5890800952911377
0.0,0.0
0.0,0.0
0.0,0.0
-10.100895881652832,-1.0092703104019165
0.0,0.0
0.0,0.0
0.0,0.0
0.0,0.0
0.0,0.0
-7.715228080749512,11.109890937805176
0.0,0.0
-9.703956604003906,3.1037395000457764
0.0,0.0
0.0,0.0
0.0,0.0
-9.392603874206543,0.8032524585723877
0.0,0.0
0.0,0.0
0.0,0.0
11.109216690063477,-6.807834625244141
0.0,0.0
0.0,0.0
0.0,0.0
0.0,0.0
0.0,0.0
11.111105918884277,0.18886330723762512
0.0,0.0
11.111105918884277,5.134542465209961
0.0,0.0
0.0,0.0
0.0,0.0
2.738100051879883,0.0
0.0,0.0
0.0,0.0
0.0,0.0
-8.953293800354004,11.05578327178955
0.0,0.0
0.0,0.0
0.0,0.0
0.0,0.0
0.0,0.0
-5.668216705322266,9.78467845916748
0.0,0.0
-9.919326782226562,-0.9211384654045105
0.0,0.0
0.0,0.0
0.0,0.0
-7.478650093078613,3.6057748794555664
0.0,0.0
0.0,0.0
0.0,0.0
0.0,0.0
0.0,0.0
0.0,0.0
0.0,0.0
0.0,0.0
0.0,0.0
0.0,0.0
0.0,0.0
0.0,0.0
0.0,0.0
0.0,0.0
0.0,0.0
0.0,0.0
0.0,0.0
0.0,0.0
0.0,0.0
-9.241287231445312,10.392400741577148
22.222211837768555,-26.506914138793945
0.0,0.0
0.0,0.0
0.0,0.0
0.0,0.0
0.0,0.0
0.0,0.0
-11.30551528930664,-19.18921661376953
-159.13800048828125,-22.221933364868164
0.0,0.0
0.0,0.0
0.0,0.0
0.0,0.0
0.0,0.0
0.0,0.0
0.0,0.0
0.0,0.0
0.0,0.0
0.0,0.0
0.0,0.0
0.0,0.0
0.0,0.0
0.0,0.0
0.0,0.0
0.0,0.0
0.0,0.0
0.0,0.0
0.0,0.0
0.0,0.0
0.0,0.0
0.0,0.0
-11.184854507446289,-39.5705451965332
-142.63446044921875,-220.35528564453125
0.0,0.0
0.0,0.0
-305.9490966796875,-268.75860595703125
0.0,0.0
0.0,0.0
0.0,0.0
-79.55940246582031,8.715469360351562
22.222211837768555,-19.23251724243164
0.0,0.0
0.0,0.0
-1.909999966621399,-378.4548034667969
0.0,0.0
0.0,0.0
0.0,0.0
0.0,0.0
0.0,0.0
0.0,0.0
0.0,0.0
0.0,0.0
0.0,0.0
0.0,0.0
0.0,0.0
0.0,0.0
0.0,0.0
0.0,0.0
0.0,0.0
0.0,0.0
0.0,0.0
0.0,0.0
0.0,0.0
0.0,0.0
0.0,0.0
0.0,0.0
0.0,0.0
0.0,0.0
0.0,0.0
0.0,0.0
0.0,0.0
0.0,0.0
0.0,0.0
0.0,0.0
0.0,0.0
0.0,0.0
0.0,0.0
0.0,0.0
0.0,0.0
0.0,0.0
0.0,0.0
0.0,0.0
0.0,0.0
0.0,0.0
0.0,0.0
0.0,0.0
0.0,0.0
0.0,0.0
0.0,0.0
0.0,0.0
0.0,0.0
0.0,0.0
0.0,0.0
0.0,0.0
0.0,0.0
0.0,0.0
0.0,0.0
0.0,0.0
0.0,0.0
0.0,0.0
0.0,0.0
0.0,0.0
0.0,0.0
0.0,0.0
0.0,0.0
0.0,0.0
0.0,0.0
0.0,0.0
0.0,0.0
0.0,0.0
0.0,0.0
0.0,0.0
0.0,0.0
0.0,0.0
0.0,0.0
0.0,0.0
0.0,0.0
0.0,0.0
0.0,0.0
0.0,0.0
0.0,0.0
0.0,0.0
0.0,0.0
0.0,0.0
0.0,0.0
0.0,0.0
0.0,0.0
-8.888885498046875,11.111105918884277
22.22007179260254,-17.191987991333008
0.0,0.0
0.0,0.0
0.0,0.0
0.0,0.0
0.0,0.0
0.0,0.0
-8.888973236083984,11.111105918884277
22.210472106933594,-10.31911563873291
0.0,0.0
0.0,0.0
0.0,0.0
0.0,0.0
0.0,0.0
0.0,0.0
0.0,0.0
0.0,0.0
0.0,0.0
0.0,0.0
0.0,0.0
0.0,0.0
0.0,0.0
0.0,0.0
0.0,0.0
0.0,0.0
0.0,0.0
0.0,0.0
0.0,0.0
0.0,0.0
0.0,0.0
0.0,0.0
-8.888885498046875,11.111105918884277
22.206628799438477,-14.893585205078125
0.0,0.0
0.0,0.0
0.0,0.0
0.0,0.0
0.0,0.0
0.0,0.0
-8.888885498046875,11.111105918884277
22.158048629760742,-13.97580623626709
0.0,0.0
0.0,0.0
0.0,0.0
0.0,0.0
0.0,0.0
0.0,0.0
0.0,0.0
0.0,0.0
0.0,0.0
0.0,0.0
0.0,0.0
0.0,0.0
0.0,0.0
0.0,0.0
0.0,0.0
0.0,0.0
0.0,0.0
0.0,0.0
0.0,0.0
0.0,0.0
0.0,0.0
0.0,0.0
0.0,0.0
0.0,0.0
0.0,0.0
0.0,0.0
0.0,0.0
0.0,0.0
0.0,0.0
0.0,0.0
0.0,0.0
0.0,0.0
0.0,0.0
0.0,0.0
0.0,0.0
0.0,0.0
0.0,0.0
0.0,0.0
0.0,0.0
0.0,0.0
0.0,0.0
0.0,0.0
0.0,0.0
0.0,0.0
0.0,0.0
0.0,0.0
0.0,0.0
0.0,0.0
0.0,0.0
0.0,0.0
0.0,0.0
0.0,0.0
0.0,0.0
0.0,0.0
0.0,0.0
0.0,0.0
0.0,0.0
0.0,0.0
0.0,0.0
0.0,0.0
0.0,0.0
0.0,0.0
0.0,0.0
0.0,0.0
0.0,0.0
0.0,0.0
0.0,0.0
0.0,0.0
11.11087417602539,-7.420543670654297
30.112199783325195,-7.385227203369141
11.0596923828125,-5.1366753578186035
4.0,0.0
0.0,0.0
0.0,0.0
0.0,0.0
0.0,0.0
11.111105918884277,-8.401861190795898
39.8226432800293,0.0
9.25952434539795,-3.7782201766967773
0.0,0.0
0.0,0.0
0.0,0.0
0.0,0.0
0.0,0.0
-10.449938774108887,-152.08790588378906
15.701050758361816,-1.849439024925232
-11.111105918884277,-45.01619338989258
22.222211837768555,-17.76494789123535
0.0,0.0
0.0,0.0
0.0,0.0
0.0,0.0
-8.725381851196289,11.111103057861328
18.85233497619629,-7.687128067016602
-11.111266136169434,-27.6971435546875
22.222211837768555,-17.77691078186035
0.0,0.0
0.0,0.0
0.0,0.0
0.0,0.0
11.11108112335205,-7.288623809814453
25.42534065246582,-15.785006523132324
10.935893058776855,-5.934337615966797
4.0,0.0
5.886082649230957,-0.9463067650794983
0.0,0.0
0.0,0.0
0.0,0.0
11.111105918884277,-8.69825553894043
37.70466995239258,-10.31395149230957
9.715808868408203,-1.8110731840133667
0.0,0.0
7.850525379180908,-1.8726190328598022
0.0,0.0
0.0,0.0
0.0,0.0
-8.087148666381836,10.199653625488281
15.701050758361816,-1.9617999792099
-160.36109924316406,-22.424245834350586
22.222211837768555,-17.76704978942871
-1.8429855108261108,5.369321823120117
0.0,0.0
-221.22055053710938,-185.4204864501953
0.0,0.0
-8.704991340637207,11.111105918884277
19.155624389648438,-3.65360164642334
-22.355310440063477,-155.14964294433594
22.222211837768555,-17.763023376464844
-1.8239492177963257,8.65402889251709
0.0,0.0
-93.5631332397461,-291.30816650390625
0.0,0.0
0.0,0.0
0.0,0.0
0.0,0.0
0.0,0.0
0.0,0.0
0.0,0.0
0.0,0.0
0.0,0.0
0.0,0.0
0.0,0.0
0.0,0.0
0.0,0.0
0.0,0.0
0.0,0.0
0.0,0.0
0.0,0.0
0.0,0.0
0.0,0.0
0.0,0.0
0.0,0.0
0.0,0.0
0.0,0.0
0.0,0.0
0.0,0.0
0.0,0.0
0.0,0.0
0.0,0.0
0.0,0.0
0.0,0.0
0.0,0.0
0.0,0.0
0.0,0.0
0.0,0.0
0.0,0.0
0.0,0.0
0.0,0.0
0.0,0.0
0.0,0.0
0.0,0.0
0.0,0.0
0.0,0.0
0.0,0.0
0.0,0.0
0.0,0.0
0.0,0.0
0.0,0.0
0.0,0.0
0.0,0.0
0.0,0.0
0.0,0.0
0.0,0.0
0.0,0.0
0.0,0.0
0.0,0.0
0.0,0.0
0.0,0.0
0.0,0.0
0.0,0.0
0.0,0.0
0.0,0.0
0.0,0.0
0.0,0.0
0.0,0.0
0.0,0.0
0.0,0.0
0.0,0.0
2.738100051879883,0.0
0.0,0.0
0.0,0.0
0.0,0.0
0.0,0.0
0.0,0.0
11.10777473449707,-7.439470291137695
0.0,0.0
7.850525379180908,-2.0865488052368164
0.0,0.0
0.0,0.0
0.0,0.0
0.0,0.0
0.0,0.0
0.0,0.0
0.0,0.0
-9.020356178283691,10.137804985046387
0.0,0.0
0.0,0.0
0.0,0.0
0.0,0.0
0.0,0.0
-11.098489761352539,-38.95591354370117
0.0,0.0
-8.888895988464355,11.111099243164062
0.0,0.0
0.0,0.0
0.0,0.0
0.0,0.0
0.0,0.0
0.0,0.0
0.0,0.0
0.0,0.0
0.0,0.0
0.0,0.0
0.0,0.0
0.0,0.0
0.0,0.0
3.491671085357666,0.0
0.0,0.0
0.0,0.0
0.0,0.0
0.0,0.0
0.0,0.0
0.0,0.0
0.0,0.0
0.0,0.0
0.0,0.0
-4.360333442687988,10.3900728225708
0.0,0.0
0.0,0.0
0.0,0.0
0.0,0.0
0.0,0.0
-1.899999976158142,2.738100051879883
0.0,0.0
-6.747940540313721,11.090947151184082
0.0,0.0
0.0,0.0
0.0,0.0
0.0,0.0
0.0,0.0
0.0,0.0
0.0,0.0
0.0,0.0
0.0,0.0
0.0,0.0
0.0,0.0
0.0,0.0
0.0,0.0
0.0,0.0
0.0,0.0
0.0,0.0
0.0,0.0
0.0,0.0
0.0,0.0
0.0,0.0
0.0,0.0
0.0,0.0
0.0,0.0
0.0,0.0
0.0,0.0
0.0,0.0
0.0,0.0
0.0,0.0
0.0,0.0
0.0,0.0
0.0,0.0
0.0,0.0
0.0,0.0
0.0,0.0
0.0,0.0
0.0,0.0
0.0,0.0
0.0,0.0
0.0,0.0
0.0,0.0
0.0,0.0
0.0,0.0
0.0,0.0
0.0,0.0
0.0,0.0
0.0,0.0
0.0,0.0
0.0,0.0
0.0,0.0
0.0,0.0
0.0,0.0
0.0,0.0
0.0,0.0
0.0,0.0
0.0,0.0
0.0,0.0
0.0,0.0
0.0,0.0
0.0,0.0
0.0,0.0
0.0,0.0
0.0,0.0
0.0,0.0
0.0,0.0
0.0,0.0
0.0,0.0
0.0,0.0
0.0,0.0
0.0,0.0
