-5.5969014167785645,6.42892599105835
0.0,0.0
0.0,0.0
0.0,0.0
0.0,0.0
0.0,0.0
0.0,0.0
0.0,0.0
0.0,0.0
0.0,0.0
0.0,0.0
0.0,0.0
0.0,0.0
0.0,0.0
0.0,0.0
0.0,0.0
0.0,0.0
0.0,0.0
19.104795455932617,30.658353805541992
16.822040557861328,-1.9039709568023682
0.0,0.0
0.0,0.0
0.0,0.0
0.0,0.0
0.0,0.0
0.0,0.0
21.122941970825195,27.1243896484375
15.056099891662598,-3.698451519012451
0.0,0.0
0.0,0.0
-3.4026191234588623,7.528049945831299
0.0,0.0
0.0,0.0
0.0,0.0
0.0,0.0
0.0,0.0
0.0,0.0
0.0,0.0
0.0,0.0
0.0,0.0
0.0,0.0
0.0,0.0
0.0,0.0
0.0,0.0
0.0,0.0
0.0,0.0
0.0,0.0
0.0,0.0
0.0,0.0
0.0,0.0
-8.885708808898926,11.111120223999023
0.0,0.0
0.0,0.0
0.0,0.0
-8.88901424407959,11.111105918884277
0.0,0.0
0.0,0.0
0.0,0.0
-8.888894081115723,11.111105918884277
14.347362518310547,0.0
0.0,0.0
0.0,0.0
-8.751688003540039,11.11109447479248
0.0,0.0
0.0,0.0
0.0,0.0
0.0,0.0
0.0,0.0
0.0,0.0
0.0,0.0
0.0,0.0
0.0,0.0
0.0,0.0
0.0,0.0
0.0,0.0
0.0,0.0
0.0,0.0
0.0,0.0
0.0,0.0
0.0,0.0
0.0,0.0
0.0,0.0
-8.88999080657959,11.111104965209961
22.222211837768555,-17.772655487060547
0.0,0.0
0.0,0.0
-8.344884872436523,11.111035346984863
16.28795623779297,0.0
0.0,0.0
0.0,0.0
-8.888899803161621,11.111102104187012
22.1109561920166,-43.70893478393555
0.0,0.0
0.0,0.0
-8.931269645690918,10.897359848022461
-116.92683410644531,-56.56035232543945
0.0,0.0
0.0,0.0
0.0,0.0
0.0,0.0
0.0,0.0
0.0,0.0
0.0,0.0
0.0,0.0
0.0,0.0
0.0,0.0
0.0,0.0
0.0,0.0
0.0,0.0
0.0,0.0
0.0,0.0
0.0,0.0
0.0,0.0
0.0,0.0
-8.911447525024414,10.919984817504883
22.222211837768555,-17.567949295043945
0.0,0.0
0.0,0.0
-8.88165283203125,11.111102104187012
22.222211837768555,-17.112565994262695
0.0,0.0
0.0,0.0
-8.901113510131836,11.110844612121582
15.894296646118164,-98.22985076904297
0.0,0.0
0.0,0.0
-8.89133358001709,11.111105918884277
22.222211837768555,-17.705886840820312
0.0,0.0
0.0,0.0
0.0,0.0
0.0,0.0
0.0,0.0
0.0,0.0
0.0,0.0
0.0,0.0
0.0,0.0
0.0,0.0
0.0,0.0
0.0,0.0
0.0,0.0
0.0,0.0
0.0,0.0
0.0,0.0
0.0,0.0
0.0,0.0
0.5371466875076294,19.65741729736328
22.222164154052734,-17.797534942626953
0.0,0.0
0.0,0.0
0.0,0.0
0.0,0.0
0.0,0.0
0.0,0.0
-0.37763315439224243,22.637178421020508
22.216697692871094,-13.374524116516113
0.0,0.0
0.0,0.0
-7.030338764190674,11.109542846679688
0.0,0.0
0.0,0.0
0.0,0.0
0.0,0.0
0.0,0.0
0.0,0.0
0.0,0.0
0.0,0.0
0.0,0.0
0.0,0.0
0.0,0.0
0.0,0.0
0.0,0.0
0.0,0.0
0.0,0.0
0.0,0.0
0.0,0.0
0.0,0.0
0.0,0.0
0.0,0.0
0.0,0.0
0.0,0.0
0.0,0.0
0.0,0.0
0.0,0.0
0.0,0.0
0.0,0.0
0.0,0.0
0.0,0.0
0.0,0.0
0.0,0.0
0.0,0.0
0.0,0.0
0.0,0.0
0.0,0.0
0.0,0.0
0.0,0.0
0.0,0.0
0.0,0.0
0.0,0.0
0.0,0.0
0.0,0.0
0.0,0.0
0.0,0.0
0.0,0.0
0.0,0.0
0.0,0.0
0.0,0.0
0.0,0.0
0.0,0.0
0.0,0.0
-8.913383483886719,10.86561107635498
0.0,0.0
0.0,0.0
0.0,0.0
0.0,0.0
0.0,0.0
0.0,0.0
0.0,0.0
-8.92895793914795,10.711504936218262
22.222198486328125,-17.777788162231445
0.0,0.0
0.0,0.0
-9.075246810913086,8.384639739990234
0.0,0.0
0.0,0.0
0.0,0.0
0.0,0.0
0.0,0.0
0.0,0.0
0.0,0.0
0.0,0.0
0.0,0.0
0.0,0.0
0.0,0.0
0.0,0.0
0.0,0.0
0.0,0.0
0.0,0.0
0.0,0.0
0.0,0.0
0.0,0.0
0.0,0.0
-8.890789985656738,11.11109733581543
0.0,0.0
0.0,0.0
0.0,0.0
0.0,0.0
0.0,0.0
0.0,0.0
0.0,0.0
-8.891901969909668,11.110213279724121
22.222211837768555,-17.777050018310547
0.0,0.0
0.0,0.0
-9.076416015625,8.10254955291748
0.0,0.0
0.0,0.0
0.0,0.0
0.0,0.0
0.0,0.0
0.0,0.0
0.0,0.0
0.0,0.0
0.0,0.0
0.0,0.0
0.0,0.0
0.0,0.0
0.0,0.0
0.0,0.0
0.0,0.0
0.0,0.0
0.0,0.0
0.0,0.0
0.0,0.0
0.0,0.0
0.0,0.0
0.0,0.0
0.0,0.0
0.0,0.0
0.0,0.0
0.0,0.0
0.0,0.0
0.0,0.0
0.0,0.0
0.0,0.0
0.0,0.0
0.0,0.0
0.0,0.0
0.0,0.0
0.0,0.0
0.0,0.0
0.0,0.0
0.0,0.0
0.0,0.0
0.0,0.0
0.0,0.0
0.0,0.0
0.0,0.0
0.0,0.0
0.0,0.0
0.0,0.0
0.0,0.0
0.0,0.0
0.0,0.0
0.0,0.0
0.0,0.0
0.0,0.0
0.0,0.0
0.0,0.0
0.0,0.0
0.0,0.0
0.0,0.0
0.0,0.0
0.0,0.0
0.0,0.0
0.0,0.0
0.0,0.0
0.0,0.0
0.0,0.0
0.0,0.0
11.111105918884277,-5.508103847503662
44.44442367553711,-32.488502502441406
11.111105918884277,-8.260290145874023
16.70968246459961,-3.9235999584198
1.0,0.0
0.0,0.0
3.491671085357666,-0.9726189970970154
0.0,0.0
11.111105918884277,-6.306147575378418
44.44442367553711,-35.372711181640625
11.111105918884277,-6.372984886169434
27.137060165405273,-3.9235999584198
0.0,0.0
0.0,0.0
6.784265041351318,0.0
0.0,0.0
0.0,0.0
0.0,0.0
-7.281014442443848,8.567109107971191
5.476200103759766,-3.799999952316284
0.0,0.0
0.0,0.0
-2.6750831604003906,3.491671085357666
0.0,0.0
0.0,0.0
0.0,0.0
-7.648329734802246,5.754360675811768
15.056099891662598,0.0
0.0,0.0
0.0,0.0
-2.6909408569335938,0.9444469213485718
2.0,0.0
11.111105918884277,-8.22104263305664
44.44442367553711,0.12956343591213226
11.111105918884277,-8.88529109954834
23.544330596923828,0.0
11.111105918884277,-8.743212699890137
0.0,0.0
3.491671085357666,-0.09000000357627869
0.0,0.0
11.111105918884277,-6.182629585266113
44.44442367553711,-32.945919036865234
11.111105918884277,-3.651823043823242
35.50066375732422,0.0
11.111105918884277,-8.794587135314941
13.966684341430664,-4.0
10.514019966125488,-3.9246673583984375
10.952400207519531,-4.0
0.0,0.0
0.0,0.0
-1.8366127014160156,2.0385797023773193
10.738643646240234,0.0
0.0,0.0
0.0,0.0
-1.8637100458145142,3.9978227615356445
0.0,0.0
0.0,0.0
0.0,0.0
-7.716990947723389,2.256880283355713
10.738643646240234,-4.41410493850708
0.0,0.0
0.0,0.0
-6.406630039215088,9.696327209472656
6.983342170715332,-5.242959499359131
0.0,0.0
0.0,0.0
0.0,0.0
0.0,0.0
0.0,0.0
0.0,0.0
0.0,0.0
0.0,0.0
0.0,0.0
0.0,0.0
0.0,0.0
0.0,0.0
0.0,0.0
0.0,0.0
0.0,0.0
0.0,0.0
0.0,0.0
0.0,0.0
0.0,0.0
0.0,0.0
0.0,0.0
0.0,0.0
0.0,0.0
0.0,0.0
0.0,0.0
0.0,0.0
0.0,0.0
0.0,0.0
0.0,0.0
0.0,0.0
0.0,0.0
0.0,0.0
0.0,0.0
0.0,0.0
0.0,0.0
0.0,0.0
0.0,0.0
0.0,0.0
0.0,0.0
0.0,0.0
0.0,0.0
0.0,0.0
0.0,0.0
0.0,0.0
0.0,0.0
0.0,0.0
0.0,0.0
0.0,0.0
0.0,0.0
0.0,0.0
0.0,0.0
0.0,0.0
0.0,0.0
0.0,0.0
0.0,0.0
0.0,0.0
0.0,0.0
0.0,0.0
0.0,0.0
0.0,0.0
0.0,0.0
0.0,0.0
0.0,0.0
0.0,0.0
0.0,0.0
0.0,0.0
11.111105918884277,-7.427504062652588
0.0,0.0
0.0,0.0
0.0,0.0
0.0,0.0
0.0,0.0
11.111105918884277,3.6949350833892822
0.0,0.0
11.111105918884277,3.4095993041992188
0.0,0.0
0.0,0.0
0.0,0.0
4.80145263671875,3.5890800952911377
0.0,0.0
0.0,0.0
0.0,0.0
-10.101017951965332,-1.0095489025115967
0.0,0.0
0.0,0.0
0.0,0.0
0.0,0.0
0.0,0.0
-6.679965972900391,11.090437889099121
0.0,0.0
-9.713736534118652,2.899042844772339
0.0,0.0
0.0,0.0
0.0,0.0
-8.927834510803223,2.8630666732788086
0.0,0.0
0.0,0.0
0.0,0.0
11.084540367126465,-5.364121913909912
0.0,0.0
0.0,0.0
0.0,0.0
0.0,0.0
0.0,0.0
11.111105918884277,8.384778022766113
0.0,0.0
11.111105918884277,3.5070903301239014
0.0,0.0
0.0,0.0
0.0,0.0
2.738100051879883,0.0
0.0,0.0
0.0,0.0
0.0,0.0
-8.946072578430176,10.853686332702637
0.0,0.0
0.0,0.0
0.0,0.0
0.0,0.0
0.0,0.0
-5.668216705322266,9.17682933807373
0.0,0.0
-9.632004737854004,4.870323657989502
0.0,0.0
0.0,0.0
0.0,0.0
-6.3117241859436035,3.246990203857422
0.0,0.0
0.0,0.0
0.0,0.0
0.0,0.0
0.0,0.0
0.0,0.0
0.0,0.0
0.0,0.0
0.0,0.0
0.0,0.0
0.0,0.0
0.0,0.0
0.0,0.0
0.0,0.0
0.0,0.0
0.0,0.0
0.0,0.0
0.0,0.0
0.0,0.0
-50.670166015625,8.977987289428711
-109.28275299072266,-220.22271728515625
0.0,0.0
0.0,0.0
0.0,0.0
0.0,0.0
0.0,0.0
0.0,0.0
-70.39395904541016,-41.22940444946289
-22.883779525756836,-22.219770431518555
0.0,0.0
0.0,0.0
0.0,0.0
0.0,0.0
0.0,0.0
0.0,0.0
0.0,0.0
0.0,0.0
0.0,0.0
0.0,0.0
0.0,0.0
0.0,0.0
0.0,0.0
0.0,0.0
0.0,0.0
0.0,0.0
0.0,0.0
0.0,0.0
0.0,0.0
0.0,0.0
0.0,0.0
0.0,0.0
-85.48258972167969,11.106499671936035
-142.63446044921875,-22.883474349975586
0.0,0.0
0.0,0.0
-305.9490966796875,-141.51210021972656
0.0,0.0
0.0,0.0
0.0,0.0
-91.01728057861328,11.001240730285645
22.222211837768555,-21.53271484375
0.0,0.0
0.0,0.0
-1.909999966621399,-378.4548034667969
0.0,0.0
0.0,0.0
0.0,0.0
0.0,0.0
0.0,0.0
0.0,0.0
0.0,0.0
0.0,0.0
0.0,0.0
0.0,0.0
0.0,0.0
0.0,0.0
0.0,0.0
0.0,0.0
0.0,0.0
0.0,0.0
0.0,0.0
0.0,0.0
0.0,0.0
0.0,0.0
0.0,0.0
0.0,0.0
0.0,0.0
0.0,0.0
0.0,0.0
0.0,0.0
0.0,0.0
0.0,0.0
0.0,0.0
0.0,0.0
0.0,0.0
0.0,0.0
0.0,0.0
0.0,0.0
0.0,0.0
0.0,0.0
0.0,0.0
0.0,0.0
0.0,0.0
0.0,0.0
0.0,0.0
0.0,0.0
0.0,0.0
0.0,0.0
0.0,0.0
0.0,0.0
0.0,0.0
0.0,0.0
0.0,0.0
0.0,0.0
0.0,0.0
0.0,0.0
0.0,0.0
0.0,0.0
0.0,0.0
0.0,0.0
0.0,0.0
0.0,0.0
0.0,0.0
0.0,0.0
0.0,0.0
0.0,0.0
0.0,0.0
0.0,0.0
0.0,0.0
0.0,0.0
0.0,0.0
0.0,0.0
0.0,0.0
0.0,0.0
0.0,0.0
0.0,0.0
0.0,0.0
0.0,0.0
0.0,0.0
0.0,0.0
0.0,0.0
0.0,0.0
0.0,0.0
0.0,0.0
0.0,0.0
0.0,0.0
0.0,0.0
-8.888885498046875,11.111105918884277
22.218774795532227,-17.126876831054688
0.0,0.0
0.0,0.0
0.0,0.0
0.0,0.0
0.0,0.0
0.0,0.0
-15.215785026550293,11.111105918884277
20.308565139770508,-6.387620449066162
0.0,0.0
0.0,0.0
0.0,0.0
0.0,0.0
0.0,0.0
0.0,0.0
0.0,0.0
0.0,0.0
0.0,0.0
0.0,0.0
0.0,0.0
0.0,0.0
0.0,0.0
0.0,0.0
0.0,0.0
0.0,0.0
0.0,0.0
0.0,0.0
0.0,0.0
0.0,0.0
0.0,0.0
0.0,0.0
-8.888885498046875,11.111105918884277
22.206628799438477,-14.893585205078125
0.0,0.0
0.0,0.0
0.0,0.0
0.0,0.0
0.0,0.0
0.0,0.0
-8.888885498046875,11.111105918884277
22.119384765625,-13.552651405334473
0.0,0.0
0.0,0.0
0.0,0.0
0.0,0.0
0.0,0.0
0.0,0.0
0.0,0.0
0.0,0.0
0.0,0.0
0.0,0.0
0.0,0.0
0.0,0.0
0.0,0.0
0.0,0.0
0.0,0.0
0.0,0.0
0.0,0.0
0.0,0.0
0.0,0.0
0.0,0.0
0.0,0.0
0.0,0.0
0.0,0.0
0.0,0.0
0.0,0.0
0.0,0.0
0.0,0.0
0.0,0.0
0.0,0.0
0.0,0.0
0.0,0.0
0.0,0.0
0.0,0.0
0.0,0.0
0.0,0.0
0.0,0.0
0.0,0.0
0.0,0.0
0.0,0.0
0.0,0.0
0.0,0.0
0.0,0.0
0.0,0.0
0.0,0.0
0.0,0.0
0.0,0.0
0.0,0.0
0.0,0.0
0.0,0.0
0.0,0.0
0.0,0.0
0.0,0.0
0.0,0.0
0.0,0.0
0.0,0.0
0.0,0.0
0.0,0.0
0.0,0.0
0.0,0.0
0.0,0.0
0.0,0.0
0.0,0.0
0.0,0.0
0.0,0.0
0.0,0.0
0.0,0.0
0.0,0.0
0.0,0.0
11.108823776245117,-6.125878810882568
28.694725036621094,-7.385227203369141
10.878594398498535,-4.718847274780273
4.0,0.0
0.0,0.0
0.0,0.0
0.0,0.0
0.0,0.0
11.11109447479248,-8.064102172851562
38.311248779296875,0.0
8.875165939331055,-3.1877601146698
0.0,0.0
0.0,0.0
0.0,0.0
0.0,0.0
0.0,0.0
-7.346317291259766,11.106683731079102
15.056099891662598,-1.849439024925232
-9.422612190246582,11.108641624450684
22.222211837768555,-17.72730255126953
0.0,0.0
0.0,0.0
0.0,0.0
0.0,0.0
-8.581218719482422,11.11082935333252
18.152801513671875,-6.528501510620117
-10.128876686096191,10.74316692352295
22.222211837768555,-17.774364471435547
0.0,0.0
0.0,0.0
0.0,0.0
0.0,0.0
11.110795974731445,-6.449826717376709
21.47728729248047,-13.37695598602295
10.661160469055176,-5.60293436050415
4.0,0.0
4.177420616149902,0.0
0.0,0.0
0.0,0.0
0.0,0.0
11.111090660095215,-8.446035385131836
33.644081115722656,-10.31395149230957
8.143978118896484,-1.8110731840133667
0.0,0.0
5.886082649230957,-1.8726190328598022
0.0,0.0
0.0,0.0
0.0,0.0
-7.7743048667907715,10.401636123657227
13.568530082702637,-1.9617999792099
-11.231602668762207,-77.26289367675781
22.222211837768555,-17.750080108642578
-0.9900000095367432,3.491671085357666
0.0,0.0
-99.57821655273438,-354.8388671875
0.0,0.0
-8.608598709106445,11.111067771911621
17.30805778503418,-3.65360164642334
-60.48743438720703,-139.65480041503906
22.222211837768555,-17.7197265625
-1.8239492177963257,6.784265041351318
0.0,0.0
-388.5110168457031,-117.54299926757812
0.0,0.0
0.0,0.0
0.0,0.0
0.0,0.0
0.0,0.0
0.0,0.0
0.0,0.0
0.0,0.0
0.0,0.0
0.0,0.0
0.0,0.0
0.0,0.0
0.0,0.0
0.0,0.0
0.0,0.0
0.0,0.0
0.0,0.0
0.0,0.0
0.0,0.0
0.0,0.0
0.0,0.0
0.0,0.0
0.0,0.0
0.0,0.0
0.0,0.0
0.0,0.0
0.0,0.0
0.0,0.0
0.0,0.0
0.0,0.0
0.0,0.0
0.0,0.0
0.0,0.0
0.0,0.0
0.0,0.0
0.0,0.0
0.0,0.0
0.0,0.0
0.0,0.0
0.0,0.0
0.0,0.0
0.0,0.0
0.0,0.0
0.0,0.0
0.0,0.0
0.0,0.0
0.0,0.0
0.0,0.0
0.0,0.0
0.0,0.0
0.0,0.0
0.0,0.0
0.0,0.0
0.0,0.0
0.0,0.0
0.0,0.0
0.0,0.0
0.0,0.0
0.0,0.0
0.0,0.0
0.0,0.0
0.0,0.0
0.0,0.0
0.0,0.0
0.0,0.0
0.0,0.0
0.0,0.0
1.909999966621399,0.0
0.0,0.0
0.0,0.0
0.0,0.0
0.0,0.0
0.0,0.0
11.096022605895996,-6.160891056060791
0.0,0.0
7.528049945831299,-2.0865488052368164
0.0,0.0
0.0,0.0
0.0,0.0
0.0,0.0
0.0,0.0
0.0,0.0
0.0,0.0
-8.888895034790039,11.11109447479248
0.0,0.0
0.0,0.0
0.0,0.0
0.0,0.0
0.0,0.0
-11.000656127929688,-56.74443817138672
0.0,0.0
-11.111105918884277,-24.02390480041504
0.0,0.0
0.0,0.0
0.0,0.0
0.0,0.0
0.0,0.0
0.0,0.0
0.0,0.0
0.0,0.0
0.0,0.0
0.0,0.0
0.0,0.0
0.0,0.0
0.0,0.0
3.491671085357666,0.0
0.0,0.0
0.0,0.0
0.0,0.0
0.0,0.0
0.0,0.0
0.0,0.0
0.0,0.0
0.0,0.0
0.0,0.0
-3.843052625656128,9.577812194824219
0.0,0.0
0.0,0.0
0.0,0.0
0.0,0.0
0.0,0.0
-1.899999976158142,2.738100051879883
0.0,0.0
-5.947195053100586,10.769659042358398
0.0,0.0
0.0,0.0
0.0,0.0
0.0,0.0
0.0,0.0
0.0,0.0
0.0,0.0
0.0,0.0
0.0,0.0
0.0,0.0
0.0,0.0
0.0,0.0
0.0,0.0
0.0,0.0
0.0,0.0
0.0,0.0
0.0,0.0
0.0,0.0
0.0,0.0
0.0,0.0
0.0,0.0
0.0,0.0
0.0,0.0
0.0,0.0
0.0,0.0
0.0,0.0
0.0,0.0
0.0,0.0
0.0,0.0
0.0,0.0
0.0,0.0
0.0,0.0
0.0,0.0
0.0,0.0
0.0,0.0
0.0,0.0
0.0,0.0
0.0,0.0
0.0,0.0
0.0,0.0
0.0,0.0
0.0,0.0
0.0,0.0
0.0,0.0
0.0,0.0
0.0,0.0
0.0,0.0
0.0,0.0
0.0,0.0
0.0,0.0
0.0,0.0
0.0,0.0
0.0,0.0
0.0,0.0
0.0,0.0
0.0,0.0
0.0,0.0
0.0,0.0
0.0,0.0
0.0,0.0
0.0,0.0
0.0,0.0
0.0,0.0
0.0,0.0
0.0,0.0
0.0,0.0
0.0,0.0
0.0,0.0
0.0,0.0
