-6.6890435218811035,6.0070977210998535
0.0,0.0
0.0,0.0
0.0,0.0
0.0,0.0
0.0,0.0
0.0,0.0
0.0,0.0
0.0,0.0
0.0,0.0
0.0,0.0
0.0,0.0
0.0,0.0
0.0,0.0
0.0,0.0
0.0,0.0
0.0,0.0
0.0,0.0
23.860971450805664,30.671857833862305
16.822040557861328,-1.9039709568023682
0.0,0.0
0.0,0.0
0.0,0.0
0.0,0.0
0.0,0.0
0.0,0.0
4.444033145904541,27.102718353271484
15.056099891662598,-3.698451519012451
0.0,0.0
0.0,0.0
-3.4026191234588623,7.528049945831299
0.0,0.0
0.0,0.0
0.0,0.0
0.0,0.0
0.0,0.0
0.0,0.0
0.0,0.0
0.0,0.0
0.0,0.0
0.0,0.0
0.0,0.0
0.0,0.0
0.0,0.0
0.0,0.0
0.0,0.0
0.0,0.0
0.0,0.0
0.0,0.0
0.0,0.0
-8.874994277954102,11.111120223999023
0.0,0.0
0.0,0.0
0.0,0.0
-8.889028549194336,11.111105918884277
0.0,0.0
0.0,0.0
0.0,0.0
-8.888894081115723,11.111105918884277
14.347362518310547,0.0
0.0,0.0
0.0,0.0
-8.751688003540039,11.11109447479248
0.0,0.0
0.0,0.0
0.0,0.0
0.0,0.0
0.0,0.0
0.0,0.0
0.0,0.0
0.0,0.0
0.0,0.0
0.0,0.0
0.0,0.0
0.0,0.0
0.0,0.0
0.0,0.0
0.0,0.0
0.0,0.0
0.0,0.0
0.0,0.0
0.0,0.0
-8.894821166992188,11.110928535461426
22.222211837768555,-17.770750045776367
0.0,0.0
0.0,0.0
-8.344884872436523,11.111035346984863
16.28795623779297,0.0
0.0,0.0
0.0,0.0
-8.888928413391113,11.111102104187012
20.886425018310547,-125.63998413085938
0.0,0.0
0.0,0.0
-8.931269645690918,10.897359848022461
-116.92683410644531,-56.56035232543945
0.0,0.0
0.0,0.0
0.0,0.0
0.0,0.0
0.0,0.0
0.0,0.0
0.0,0.0
0.0,0.0
0.0,0.0
0.0,0.0
0.0,0.0
0.0,0.0
0.0,0.0
0.0,0.0
0.0,0.0
0.0,0.0
0.0,0.0
0.0,0.0
-8.912654876708984,11.043991088867188
22.222211837768555,-17.489946365356445
0.0,0.0
0.0,0.0
-8.873748779296875,11.110774040222168
22.222204208374023,-16.95652961730957
0.0,0.0
0.0,0.0
-8.917140007019043,11.087777137756348
-260.6073303222656,-20.884611129760742
0.0,0.0
0.0,0.0
-8.89133358001709,11.111105918884277
22.222211837768555,-17.627473831176758
0.0,0.0
0.0,0.0
0.0,0.0
0.0,0.0
0.0,0.0
0.0,0.0
0.0,0.0
0.0,0.0
0.0,0.0
0.0,0.0
0.0,0.0
0.0,0.0
0.0,0.0
0.0,0.0
0.0,0.0
0.0,0.0
0.0,0.0
0.0,0.0
0.5355646014213562,19.65741729736328
22.197690963745117,-20.069753646850586
0.0,0.0
0.0,0.0
0.0,0.0
0.0,0.0
0.0,0.0
0.0,0.0
-5.281668186187744,22.639148712158203
22.173864364624023,-13.374524116516113
0.0,0.0
0.0,0.0
-6.594263076782227,11.10169506072998
0.0,0.0
0.0,0.0
0.0,0.0
0.0,0.0
0.0,0.0
0.0,0.0
0.0,0.0
0.0,0.0
0.0,0.0
0.0,0.0
0.0,0.0
0.0,0.0
0.0,0.0
0.0,0.0
0.0,0.0
0.0,0.0
0.0,0.0
0.0,0.0
0.0,0.0
0.0,0.0
0.0,0.0
0.0,0.0
0.0,0.0
0.0,0.0
0.0,0.0
0.0,0.0
0.0,0.0
0.0,0.0
0.0,0.0
0.0,0.0
0.0,0.0
0.0,0.0
0.0,0.0
0.0,0.0
0.0,0.0
0.0,0.0
0.0,0.0
0.0,0.0
0.0,0.0
0.0,0.0
0.0,0.0
0.0,0.0
0.0,0.0
0.0,0.0
0.0,0.0
0.0,0.0
0.0,0.0
0.0,0.0
0.0,0.0
0.0,0.0
0.0,0.0
-8.913383483886719,10.865626335144043
0.0,0.0
0.0,0.0
0.0,0.0
0.0,0.0
0.0,0.0
0.0,0.0
0.0,0.0
-8.93057918548584,10.67975902557373
22.222198486328125,-17.777904510498047
0.0,0.0
0.0,0.0
-9.075840950012207,9.301034927368164
0.0,0.0
0.0,0.0
0.0,0.0
0.0,0.0
0.0,0.0
0.0,0.0
0.0,0.0
0.0,0.0
0.0,0.0
0.0,0.0
0.0,0.0
0.0,0.0
0.0,0.0
0.0,0.0
0.0,0.0
0.0,0.0
0.0,0.0
0.0,0.0
0.0,0.0
-8.89901351928711,11.109821319580078
0.0,0.0
0.0,0.0
0.0,0.0
0.0,0.0
0.0,0.0
0.0,0.0
0.0,0.0
-8.937955856323242,10.781312942504883
22.222211837768555,-17.775686264038086
0.0,0.0
0.0,0.0
-9.029828071594238,6.491452693939209
0.0,0.0
0.0,0.0
0.0,0.0
0.0,0.0
0.0,0.0
0.0,0.0
0.0,0.0
0.0,0.0
0.0,0.0
0.0,0.0
0.0,0.0
0.0,0.0
0.0,0.0
0.0,0.0
0.0,0.0
0.0,0.0
0.0,0.0
0.0,0.0
0.0,0.0
0.0,0.0
0.0,0.0
0.0,0.0
0.0,0.0
0.0,0.0
0.0,0.0
0.0,0.0
0.0,0.0
0.0,0.0
0.0,0.0
0.0,0.0
0.0,0.0
0.0,0.0
0.0,0.0
0.0,0.0
0.0,0.0
0.0,0.0
0.0,0.0
0.0,0.0
0.0,0.0
0.0,0.0
0.0,0.0
0.0,0.0
0.0,0.0
0.0,0.0
0.0,0.0
0.0,0.0
0.0,0.0
0.0,0.0
0.0,0.0
0.0,0.0
0.0,0.0
0.0,0.0
0.0,0.0
0.0,0.0
0.0,0.0
0.0,0.0
0.0,0.0
0.0,0.0
0.0,0.0
0.0,0.0
0.0,0.0
0.0,0.0
0.0,0.0
0.0,0.0
0.0,0.0
11.111105918884277,-2.9705185890197754
44.44442367553711,-27.63895606994629
11.111105918884277,-8.555079460144043
10.952400207519531,-3.9235999584198
1.0,0.0
0.0,0.0
3.491671085357666,-0.9726189970970154
0.0,0.0
11.111105918884277,-3.474174976348877
44.44442367553711,-35.130794525146484
11.111105918884277,-2.378042221069336
27.137060165405273,-3.9235999584198
0.0,0.0
0.0,0.0
6.784265041351318,0.0
0.0,0.0
0.0,0.0
0.0,0.0
-7.281014442443848,7.401298999786377
2.0,-3.799999952316284
0.0,0.0
0.0,0.0
-2.6750831604003906,3.491671085357666
0.0,0.0
0.0,0.0
0.0,0.0
-7.648329734802246,6.840188980102539
15.056099891662598,0.0
0.0,0.0
0.0,0.0
-2.6909408569335938,0.9444469213485718
2.0,0.0
11.111105918884277,-7.883420944213867
44.44442367553711,-27.168689727783203
11.111105918884277,-8.113116264343262
21.47728729248047,0.0
11.111105918884277,-8.471092224121094
0.0,0.0
2.738100051879883,-0.09000000357627869
0.0,0.0
11.111105918884277,-5.962297439575195
44.44442367553711,-27.23959732055664
11.111105918884277,-3.072826862335205
34.61611557006836,0.0
11.111105918884277,-8.745158195495605
13.966684341430664,-4.0
10.514019966125488,-3.9246673583984375
10.952400207519531,-4.0
0.0,0.0
0.0,0.0
-1.8366127014160156,3.3390984535217285
9.6029052734375,0.0
0.0,0.0
0.0,0.0
-1.8637100458145142,3.2943108081817627
0.0,0.0
0.0,0.0
0.0,0.0
-7.716990947723389,2.711439371109009
10.738643646240234,-4.41410493850708
0.0,0.0
0.0,0.0
-6.406630039215088,9.696327209472656
6.983342170715332,-3.6808807849884033
0.0,0.0
0.0,0.0
0.0,0.0
0.0,0.0
0.0,0.0
0.0,0.0
0.0,0.0
0.0,0.0
0.0,0.0
0.0,0.0
0.0,0.0
0.0,0.0
0.0,0.0
0.0,0.0
0.0,0.0
0.0,0.0
0.0,0.0
0.0,0.0
0.0,0.0
0.0,0.0
0.0,0.0
0.0,0.0
0.0,0.0
0.0,0.0
0.0,0.0
0.0,0.0
0.0,0.0
0.0,0.0
0.0,0.0
0.0,0.0
0.0,0.0
0.0,0.0
0.0,0.0
0.0,0.0
0.0,0.0
0.0,0.0
0.0,0.0
0.0,0.0
0.0,0.0
0.0,0.0
0.0,0.0
0.0,0.0
0.0,0.0
0.0,0.0
0.0,0.0
0.0,0.0
0.0,0.0
0.0,0.0
0.0,0.0
0.0,0.0
0.0,0.0
0.0,0.0
0.0,0.0
0.0,0.0
0.0,0.0
0.0,0.0
0.0,0.0
0.0,0.0
0.0,0.0
0.0,0.0
0.0,0.0
0.0,0.0
0.0,0.0
0.0,0.0
0.0,0.0
0.0,0.0
11.111105918884277,-6.661507606506348
0.0,0.0
0.0,0.0
0.0,0.0
0.0,0.0
0.0,0.0
11.111105918884277,-1.4855538606643677
0.0,0.0
11.111105918884277,5.012970924377441
0.0,0.0
0.0,0.0
0.0,0.0
4.80145263671875,2.823406219482422
0.0,0.0
0.0,0.0
0.0,0.0
-10.100958824157715,-1.0095300674438477
0.0,0.0
0.0,0.0
0.0,0.0
0.0,0.0
0.0,0.0
-6.679965972900391,11.083677291870117
0.0,0.0
-9.841997146606445,2.1285669803619385
0.0,0.0
0.0,0.0
0.0,0.0
-8.927834510803223,2.4962072372436523
0.0,0.0
0.0,0.0
0.0,0.0
11.075850486755371,-4.972186088562012
0.0,0.0
0.0,0.0
0.0,0.0
0.0,0.0
0.0,0.0
11.111105918884277,6.958103656768799
0.0,0.0
11.111105918884277,9.88158893585205
0.0,0.0
0.0,0.0
0.0,0.0
2.738100051879883,0.0
0.0,0.0
0.0,0.0
0.0,0.0
-8.952438354492188,10.384679794311523
0.0,0.0
0.0,0.0
0.0,0.0
0.0,0.0
0.0,0.0
-5.668216705322266,9.17682933807373
0.0,0.0
-9.738917350769043,3.0326242446899414
0.0,0.0
0.0,0.0
0.0,0.0
-6.3117241859436035,2.058359384536743
0.0,0.0
0.0,0.0
0.0,0.0
0.0,0.0
0.0,0.0
0.0,0.0
0.0,0.0
0.0,0.0
0.0,0.0
0.0,0.0
0.0,0.0
0.0,0.0
0.0,0.0
0.0,0.0
0.0,0.0
0.0,0.0
0.0,0.0
0.0,0.0
0.0,0.0
-41.27583694458008,-18.98769760131836
-109.28275299072266,-220.22271728515625
0.0,0.0
0.0,0.0
0.0,0.0
0.0,0.0
0.0,0.0
0.0,0.0
-11.111099243164062,-31.907028198242188
-22.883779525756836,-22.219770431518555
0.0,0.0
0.0,0.0
0.0,0.0
0.0,0.0
0.0,0.0
0.0,0.0
0.0,0.0
0.0,0.0
0.0,0.0
0.0,0.0
0.0,0.0
0.0,0.0
0.0,0.0
0.0,0.0
0.0,0.0
0.0,0.0
0.0,0.0
0.0,0.0
0.0,0.0
0.0,0.0
0.0,0.0
0.0,0.0
-254.961669921875,-26.824235916137695
-179.77783203125,-48.38909149169922
0.0,0.0
0.0,0.0
-305.9490966796875,-141.51210021972656
0.0,0.0
0.0,0.0
0.0,0.0
-202.37271118164062,7.737581729888916
22.222211837768555,-21.53271484375
0.0,0.0
0.0,0.0
-1.909999966621399,-378.4548034667969
0.0,0.0
0.0,0.0
0.0,0.0
0.0,0.0
0.0,0.0
0.0,0.0
0.0,0.0
0.0,0.0
0.0,0.0
0.0,0.0
0.0,0.0
0.0,0.0
0.0,0.0
0.0,0.0
0.0,0.0
0.0,0.0
0.0,0.0
0.0,0.0
0.0,0.0
0.0,0.0
0.0,0.0
0.0,0.0
0.0,0.0
0.0,0.0
0.0,0.0
0.0,0.0
0.0,0.0
0.0,0.0
0.0,0.0
0.0,0.0
0.0,0.0
0.0,0.0
0.0,0.0
0.0,0.0
0.0,0.0
0.0,0.0
0.0,0.0
0.0,0.0
0.0,0.0
0.0,0.0
0.0,0.0
0.0,0.0
0.0,0.0
0.0,0.0
0.0,0.0
0.0,0.0
0.0,0.0
0.0,0.0
0.0,0.0
0.0,0.0
0.0,0.0
0.0,0.0
0.0,0.0
0.0,0.0
0.0,0.0
0.0,0.0
0.0,0.0
0.0,0.0
0.0,0.0
0.0,0.0
0.0,0.0
0.0,0.0
0.0,0.0
0.0,0.0
0.0,0.0
0.0,0.0
0.0,0.0
0.0,0.0
0.0,0.0
0.0,0.0
0.0,0.0
0.0,0.0
0.0,0.0
0.0,0.0
0.0,0.0
0.0,0.0
0.0,0.0
0.0,0.0
0.0,0.0
0.0,0.0
0.0,0.0
0.0,0.0
0.0,0.0
-8.888885498046875,11.111105918884277
22.218774795532227,-17.126876831054688
0.0,0.0
0.0,0.0
0.0,0.0
0.0,0.0
0.0,0.0
0.0,0.0
-8.888885498046875,11.111105918884277
20.308565139770508,-6.387620449066162
0.0,0.0
0.0,0.0
0.0,0.0
0.0,0.0
0.0,0.0
0.0,0.0
0.0,0.0
0.0,0.0
0.0,0.0
0.0,0.0
0.0,0.0
0.0,0.0
0.0,0.0
0.0,0.0
0.0,0.0
0.0,0.0
0.0,0.0
0.0,0.0
0.0,0.0
0.0,0.0
0.0,0.0
0.0,0.0
-8.888885498046875,11.111105918884277
22.206628799438477,-14.893585205078125
0.0,0.0
0.0,0.0
0.0,0.0
0.0,0.0
0.0,0.0
0.0,0.0
-8.888885498046875,11.111105918884277
22.119384765625,-13.552651405334473
0.0,0.0
0.0,0.0
0.0,0.0
0.0,0.0
0.0,0.0
0.0,0.0
0.0,0.0
0.0,0.0
0.0,0.0
0.0,0.0
0.0,0.0
0.0,0.0
0.0,0.0
0.0,0.0
0.0,0.0
0.0,0.0
0.0,0.0
0.0,0.0
0.0,0.0
0.0,0.0
0.0,0.0
0.0,0.0
0.0,0.0
0.0,0.0
0.0,0.0
0.0,0.0
0.0,0.0
0.0,0.0
0.0,0.0
0.0,0.0
0.0,0.0
0.0,0.0
0.0,0.0
0.0,0.0
0.0,0.0
0.0,0.0
0.0,0.0
0.0,0.0
0.0,0.0
0.0,0.0
0.0,0.0
0.0,0.0
0.0,0.0
0.0,0.0
0.0,0.0
0.0,0.0
0.0,0.0
0.0,0.0
0.0,0.0
0.0,0.0
0.0,0.0
0.0,0.0
0.0,0.0
0.0,0.0
0.0,0.0
0.0,0.0
0.0,0.0
0.0,0.0
0.0,0.0
0.0,0.0
0.0,0.0
0.0,0.0
0.0,0.0
0.0,0.0
0.0,0.0
0.0,0.0
0.0,0.0
0.0,0.0
11.108597755432129,-6.125878810882568
28.694725036621094,-7.385227203369141
10.772041320800781,-4.718847274780273
4.0,0.0
0.0,0.0
0.0,0.0
0.0,0.0
0.0,0.0
11.111083984375,-8.064102172851562
37.70466995239258,0.0
8.875165939331055,-3.1877601146698
0.0,0.0
0.0,0.0
0.0,0.0
0.0,0.0
0.0,0.0
-7.346317291259766,11.105764389038086
15.056099891662598,-1.849439024925232
-9.891654968261719,11.02977466583252
22.222211837768555,-17.72730255126953
0.0,0.0
0.0,0.0
0.0,0.0
0.0,0.0
-8.547028541564941,11.1106595993042
17.75033187866211,-6.528501510620117
-11.111048698425293,-15.078022003173828
22.222211837768555,-17.773984909057617
0.0,0.0
0.0,0.0
0.0,0.0
0.0,0.0
11.110692024230957,-6.449826717376709
21.47728729248047,-13.37695598602295
10.616660118103027,-4.821600437164307
4.0,0.0
4.177420616149902,0.0
0.0,0.0
0.0,0.0
0.0,0.0
11.11108112335205,-8.396829605102539
33.644081115722656,-10.31395149230957
7.528049945831299,-1.8110731840133667
0.0,0.0
5.886082649230957,-1.8726190328598022
0.0,0.0
0.0,0.0
0.0,0.0
-7.7743048667907715,10.254361152648926
13.568530082702637,-1.9617999792099
-55.06721115112305,11.065271377563477
22.222211837768555,-17.73086929321289
-0.9900000095367432,3.491671085357666
0.0,0.0
-99.57821655273438,-354.8388671875
0.0,0.0
-8.542850494384766,11.111059188842773
17.30805778503418,-3.65360164642334
-87.53004455566406,10.74160099029541
22.222211837768555,-17.7197265625
-1.8239492177963257,6.784265041351318
0.0,0.0
-388.5110168457031,-117.54299926757812
0.0,0.0
0.0,0.0
0.0,0.0
0.0,0.0
0.0,0.0
0.0,0.0
0.0,0.0
0.0,0.0
0.0,0.0
0.0,0.0
0.0,0.0
0.0,0.0
0.0,0.0
0.0,0.0
0.0,0.0
0.0,0.0
0.0,0.0
0.0,0.0
0.0,0.0
0.0,0.0
0.0,0.0
0.0,0.0
0.0,0.0
0.0,0.0
0.0,0.0
0.0,0.0
0.0,0.0
0.0,0.0
0.0,0.0
0.0,0.0
0.0,0.0
0.0,0.0
0.0,0.0
0.0,0.0
0.0,0.0
0.0,0.0
0.0,0.0
0.0,0.0
0.0,0.0
0.0,0.0
0.0,0.0
0.0,0.0
0.0,0.0
0.0,0.0
0.0,0.0
0.0,0.0
0.0,0.0
0.0,0.0
0.0,0.0
0.0,0.0
0.0,0.0
0.0,0.0
0.0,0.0
0.0,0.0
0.0,0.0
0.0,0.0
0.0,0.0
0.0,0.0
0.0,0.0
0.0,0.0
0.0,0.0
0.0,0.0
0.0,0.0
0.0,0.0
0.0,0.0
0.0,0.0
0.0,0.0
1.909999966621399,0.0
0.0,0.0
0.0,0.0
0.0,0.0
0.0,0.0
0.0,0.0
11.09453010559082,-6.160891056060791
0.0,0.0
7.528049945831299,-2.0865488052368164
0.0,0.0
0.0,0.0
0.0,0.0
0.0,0.0
0.0,0.0
0.0,0.0
0.0,0.0
-8.888895034790039,11.11109447479248
0.0,0.0
0.0,0.0
0.0,0.0
0.0,0.0
0.0,0.0
-10.989731788635254,-56.74443817138672
0.0,0.0
-11.088231086730957,-79.1749496459961
0.0,0.0
0.0,0.0
0.0,0.0
0.0,0.0
0.0,0.0
0.0,0.0
0.0,0.0
0.0,0.0
0.0,0.0
0.0,0.0
0.0,0.0
0.0,0.0
0.0,0.0
3.491671085357666,0.0
0.0,0.0
0.0,0.0
0.0,0.0
0.0,0.0
0.0,0.0
0.0,0.0
0.0,0.0
0.0,0.0
0.0,0.0
-3.843052625656128,9.577812194824219
0.0,0.0
0.0,0.0
0.0,0.0
0.0,0.0
0.0,0.0
-1.899999976158142,2.738100051879883
0.0,0.0
-5.947195053100586,10.698779106140137
0.0,0.0
0.0,0.0
0.0,0.0
0.0,0.0
0.0,0.0
0.0,0.0
0.0,0.0
0.0,0.0
0.0,0.0
0.0,0.0
0.0,0.0
0.0,0.0
0.0,0.0
0.0,0.0
0.0,0.0
0.0,0.0
0.0,0.0
0.0,0.0
0.0,0.0
0.0,0.0
0.0,0.0
0.0,0.0
0.0,0.0
0.0,0.0
0.0,0.0
0.0,0.0
0.0,0.0
0.0,0.0
0.0,0.0
0.0,0.0
0.0,0.0
0.0,0.0
0.0,0.0
0.0,0.0
0.0,0.0
0.0,0.0
0.0,0.0
0.0,0.0
0.0,0.0
0.0,0.0
0.0,0.0
0.0,0.0
0.0,0.0
0.0,0.0
0.0,0.0
0.0,0.0
0.0,0.0
0.0,0.0
0.0,0.0
0.0,0.0
0.0,0.0
0.0,0.0
0.0,0.0
0.0,0.0
0.0,0.0
0.0,0.0
0.0,0.0
0.0,0.0
0.0,0.0
0.0,0.0
0.0,0.0
0.0,0.0
0.0,0.0
0.0,0.0
0.0,0.0
0.0,0.0
0.0,0.0
0.0,0.0
0.0,0.0
