-9.300518035888672,9.68464183807373
0.0,0.0
0.0,0.0
0.0,0.0
0.0,0.0
0.0,0.0
0.0,0.0
0.0,0.0
0.0,0.0
0.0,0.0
0.0,0.0
0.0,0.0
0.0,0.0
0.0,0.0
0.0,0.0
0.0,0.0
0.0,0.0
0.0,0.0
9.617103576660156,30.670257568359375
16.822040557861328,-1.9039709568023682
0.0,0.0
0.0,0.0
0.0,0.0
0.0,0.0
0.0,0.0
0.0,0.0
10.933647155761719,27.11583709716797
21.544082641601562,-7.573792934417725
0.0,0.0
0.0,0.0
-3.4026191234588623,7.528049945831299
0.0,0.0
0.0,0.0
0.0,0.0
0.0,0.0
0.0,0.0
0.0,0.0
0.0,0.0
0.0,0.0
0.0,0.0
0.0,0.0
0.0,0.0
0.0,0.0
0.0,0.0
0.0,0.0
0.0,0.0
0.0,0.0
0.0,0.0
0.0,0.0
0.0,0.0
-8.89067268371582,11.088603973388672
0.0,0.0
0.0,0.0
0.0,0.0
-8.888894081115723,11.111105918884277
0.0,0.0
0.0,0.0
0.0,0.0
-8.890303611755371,11.108701705932617
14.347362518310547,0.0
0.0,0.0
0.0,0.0
-8.863466262817383,11.111105918884277
0.0,0.0
0.0,0.0
0.0,0.0
0.0,0.0
0.0,0.0
0.0,0.0
0.0,0.0
0.0,0.0
0.0,0.0
0.0,0.0
0.0,0.0
0.0,0.0
0.0,0.0
0.0,0.0
0.0,0.0
0.0,0.0
0.0,0.0
0.0,0.0
0.0,0.0
-8.89013671875,11.111102104187012
22.222211837768555,-17.777769088745117
0.0,0.0
0.0,0.0
-8.840675354003906,11.111105918884277
21.711196899414062,-6.1819987297058105
0.0,0.0
0.0,0.0
-8.925055503845215,11.040940284729004
22.22218894958496,-17.779132843017578
0.0,0.0
0.0,0.0
-8.907858848571777,11.105506896972656
22.222211837768555,-18.118892669677734
0.0,0.0
0.0,0.0
0.0,0.0
0.0,0.0
0.0,0.0
0.0,0.0
0.0,0.0
0.0,0.0
0.0,0.0
0.0,0.0
0.0,0.0
0.0,0.0
0.0,0.0
0.0,0.0
0.0,0.0
0.0,0.0
0.0,0.0
0.0,0.0
-8.889017105102539,11.111105918884277
22.222211837768555,-17.766799926757812
0.0,0.0
0.0,0.0
-8.907882690429688,9.050078392028809
22.222211837768555,-17.491426467895508
0.0,0.0
0.0,0.0
-8.888894081115723,11.111104965209961
-129.2777862548828,-28.615131378173828
0.0,0.0
0.0,0.0
-8.903775215148926,11.101320266723633
22.222211837768555,-17.775312423706055
0.0,0.0
0.0,0.0
0.0,0.0
0.0,0.0
0.0,0.0
0.0,0.0
0.0,0.0
0.0,0.0
0.0,0.0
0.0,0.0
0.0,0.0
0.0,0.0
0.0,0.0
0.0,0.0
0.0,0.0
0.0,0.0
0.0,0.0
0.0,0.0
0.5753052234649658,19.65741729736328
12.257865905761719,-18.22688102722168
0.0,0.0
0.0,0.0
0.0,0.0
0.0,0.0
0.0,0.0
0.0,0.0
7.877062797546387,22.63897132873535
22.222108840942383,-15.671836853027344
0.0,0.0
0.0,0.0
-8.088866233825684,11.111105918884277
0.0,0.0
0.0,0.0
0.0,0.0
0.0,0.0
0.0,0.0
0.0,0.0
0.0,0.0
0.0,0.0
0.0,0.0
0.0,0.0
0.0,0.0
0.0,0.0
0.0,0.0
0.0,0.0
0.0,0.0
0.0,0.0
0.0,0.0
0.0,0.0
0.0,0.0
0.0,0.0
0.0,0.0
0.0,0.0
0.0,0.0
0.0,0.0
0.0,0.0
0.0,0.0
0.0,0.0
0.0,0.0
0.0,0.0
0.0,0.0
0.0,0.0
0.0,0.0
0.0,0.0
0.0,0.0
0.0,0.0
0.0,0.0
0.0,0.0
0.0,0.0
0.0,0.0
0.0,0.0
0.0,0.0
0.0,0.0
0.0,0.0
0.0,0.0
0.0,0.0
0.0,0.0
0.0,0.0
0.0,0.0
0.0,0.0
0.0,0.0
0.0,0.0
-8.913383483886719,10.86561107635498
0.0,0.0
0.0,0.0
0.0,0.0
0.0,0.0
0.0,0.0
0.0,0.0
0.0,0.0
-8.92469310760498,10.75252628326416
21.44091796875,-18.21248435974121
0.0,0.0
0.0,0.0
-9.061714172363281,7.080728054046631
0.0,0.0
0.0,0.0
0.0,0.0
0.0,0.0
0.0,0.0
0.0,0.0
0.0,0.0
0.0,0.0
0.0,0.0
0.0,0.0
0.0,0.0
0.0,0.0
0.0,0.0
0.0,0.0
0.0,0.0
0.0,0.0
0.0,0.0
0.0,0.0
0.0,0.0
-8.893312454223633,11.11101245880127
0.0,0.0
0.0,0.0
0.0,0.0
0.0,0.0
0.0,0.0
0.0,0.0
0.0,0.0
-8.921294212341309,11.057080268859863
22.222211837768555,-17.777721405029297
0.0,0.0
0.0,0.0
-9.037566184997559,4.66992712020874
0.0,0.0
0.0,0.0
0.0,0.0
0.0,0.0
0.0,0.0
0.0,0.0
0.0,0.0
0.0,0.0
0.0,0.0
0.0,0.0
0.0,0.0
0.0,0.0
0.0,0.0
0.0,0.0
0.0,0.0
0.0,0.0
0.0,0.0
0.0,0.0
0.0,0.0
0.0,0.0
0.0,0.0
0.0,0.0
0.0,0.0
0.0,0.0
0.0,0.0
0.0,0.0
0.0,0.0
0.0,0.0
0.0,0.0
0.0,0.0
0.0,0.0
0.0,0.0
0.0,0.0
0.0,0.0
0.0,0.0
0.0,0.0
0.0,0.0
0.0,0.0
0.0,0.0
0.0,0.0
0.0,0.0
0.0,0.0
0.0,0.0
0.0,0.0
0.0,0.0
0.0,0.0
0.0,0.0
0.0,0.0
0.0,0.0
0.0,0.0
0.0,0.0
0.0,0.0
0.0,0.0
0.0,0.0
0.0,0.0
0.0,0.0
0.0,0.0
0.0,0.0
0.0,0.0
0.0,0.0
0.0,0.0
0.0,0.0
0.0,0.0
0.0,0.0
0.0,0.0
11.111105918884277,-8.540576934814453
44.44442367553711,-32.50175857543945
11.111105918884277,-7.950962066650391
25.42534065246582,-3.9235999584198
1.909999966621399,-0.9900000095367432
0.0,0.0
6.356335163116455,-0.9726189970970154
0.0,0.0
11.111105918884277,-5.700929641723633
44.44442367553711,-18.78638458251953
11.111105918884277,-1.1097439527511597
37.70466995239258,-7.205481052398682
0.0,0.0
0.0,0.0
9.25952434539795,0.0
0.0,0.0
0.0,0.0
0.0,0.0
-8.581595420837402,7.337263584136963
10.738643646240234,-3.799999952316284
0.0,0.0
0.0,0.0
-2.6750831604003906,6.020907402038574
0.0,0.0
0.0,0.0
0.0,0.0
-9.165923118591309,4.182679176330566
19.155624389648438,-1.8224966526031494
0.0,0.0
0.0,0.0
-4.061570644378662,0.8842558860778809
3.819999933242798,0.0
11.111105918884277,-8.41395378112793
44.44442367553711,-20.378461837768555
11.111105918884277,-6.725581645965576
28.694725036621094,0.0
11.111105918884277,-8.803560256958008
0.0,0.0
7.528049945831299,-0.05636192113161087
0.0,0.0
11.111105918884277,-7.04740047454834
44.44442367553711,-30.863006591796875
11.111105918884277,-7.239994525909424
39.8226432800293,-3.636944055557251
11.111105918884277,-8.881294250488281
13.966684341430664,-4.0
11.028714179992676,-4.1680097579956055
19.205810546875,-7.460333347320557
0.0,0.0
0.0,0.0
-3.3338489532470703,5.237123489379883
12.71267032623291,0.0
0.0,0.0
0.0,0.0
-2.6433329582214355,4.304410457611084
0.0,0.0
0.0,0.0
0.0,0.0
-8.40841293334961,9.63532543182373
15.056099891662598,-1.8292207717895508
0.0,0.0
0.0,0.0
-6.661973476409912,7.4469804763793945
12.71267032623291,-5.242959499359131
0.0,0.0
0.0,0.0
0.0,0.0
0.0,0.0
0.0,0.0
0.0,0.0
0.0,0.0
0.0,0.0
0.0,0.0
0.0,0.0
0.0,0.0
0.0,0.0
0.0,0.0
0.0,0.0
0.0,0.0
0.0,0.0
0.0,0.0
0.0,0.0
0.0,0.0
0.0,0.0
0.0,0.0
0.0,0.0
0.0,0.0
0.0,0.0
0.0,0.0
0.0,0.0
0.0,0.0
0.0,0.0
0.0,0.0
0.0,0.0
0.0,0.0
0.0,0.0
0.0,0.0
0.0,0.0
0.0,0.0
0.0,0.0
0.0,0.0
0.0,0.0
0.0,0.0
0.0,0.0
0.0,0.0
0.0,0.0
0.0,0.0
0.0,0.0
0.0,0.0
0.0,0.0
0.0,0.0
0.0,0.0
0.0,0.0
0.0,0.0
0.0,0.0
0.0,0.0
0.0,0.0
0.0,0.0
0.0,0.0
0.0,0.0
0.0,0.0
0.0,0.0
0.0,0.0
0.0,0.0
0.0,0.0
0.0,0.0
0.0,0.0
0.0,0.0
0.0,0.0
0.0,0.0
11.111105918884277,-7.81218147277832
0.0,0.0
0.0,0.0
0.0,0.0
0.0,0.0
0.0,0.0
11.111105918884277,2.312298536300659
0.0,0.0
11.111105918884277,7.927748680114746
0.0,0.0
0.0,0.0
0.0,0.0
8.143978118896484,3.5890800952911377
0.0,0.0
0.0,0.0
0.0,0.0
-10.100895881652832,-1.0092036724090576
0.0,0.0
0.0,0.0
0.0,0.0
0.0,0.0
0.0,0.0
-8.620400428771973,11.111105918884277
0.0,0.0
-9.70473575592041,2.9567718505859375
0.0,0.0
0.0,0.0
0.0,0.0
-9.818402290344238,-2.191735029220581
0.0,0.0
0.0,0.0
0.0,0.0
11.11109447479248,-7.371804714202881
0.0,0.0
0.0,0.0
0.0,0.0
0.0,0.0
0.0,0.0
11.111105918884277,4.090447425842285
0.0,0.0
11.111105918884277,6.684010982513428
0.0,0.0
0.0,0.0
0.0,0.0
3.491671085357666,1.0273809432983398
0.0,0.0
0.0,0.0
0.0,0.0
-8.939228057861328,11.109234809875488
0.0,0.0
0.0,0.0
0.0,0.0
0.0,0.0
0.0,0.0
-6.564079284667969,10.868209838867188
0.0,0.0
-9.532161712646484,5.483487129211426
0.0,0.0
0.0,0.0
0.0,0.0
-8.624920845031738,-0.5264718532562256
0.0,0.0
0.0,0.0
0.0,0.0
0.0,0.0
0.0,0.0
0.0,0.0
0.0,0.0
0.0,0.0
0.0,0.0
0.0,0.0
0.0,0.0
0.0,0.0
0.0,0.0
0.0,0.0
0.0,0.0
0.0,0.0
0.0,0.0
0.0,0.0
0.0,0.0
-9.612554550170898,0.1988803595304489
-27.403480529785156,-22.21990394592285
0.0,0.0
0.0,0.0
0.0,0.0
0.0,0.0
0.0,0.0
0.0,0.0
-9.787487030029297,0.9381555318832397
-160.0405731201172,-220.59144592285156
0.0,0.0
0.0,0.0
0.0,0.0
0.0,0.0
0.0,0.0
0.0,0.0
0.0,0.0
0.0,0.0
0.0,0.0
0.0,0.0
0.0,0.0
0.0,0.0
0.0,0.0
0.0,0.0
0.0,0.0
0.0,0.0
0.0,0.0
0.0,0.0
0.0,0.0
0.0,0.0
0.0,0.0
0.0,0.0
-84.96692657470703,-107.19236755371094
22.22216033935547,-64.84760284423828
0.0,0.0
0.0,0.0
-279.0417785644531,-163.53659057617188
0.0,0.0
0.0,0.0
0.0,0.0
-10.705153465270996,9.740482330322266
22.222211837768555,-17.8105525970459
0.0,0.0
0.0,0.0
-505.6253967285156,-373.0832214355469
0.0,0.0
0.0,0.0
0.0,0.0
0.0,0.0
0.0,0.0
0.0,0.0
0.0,0.0
0.0,0.0
0.0,0.0
0.0,0.0
0.0,0.0
0.0,0.0
0.0,0.0
0.0,0.0
0.0,0.0
0.0,0.0
0.0,0.0
0.0,0.0
0.0,0.0
0.0,0.0
0.0,0.0
0.0,0.0
0.0,0.0
0.0,0.0
0.0,0.0
0.0,0.0
0.0,0.0
0.0,0.0
0.0,0.0
0.0,0.0
0.0,0.0
0.0,0.0
0.0,0.0
0.0,0.0
0.0,0.0
0.0,0.0
0.0,0.0
0.0,0.0
0.0,0.0
0.0,0.0
0.0,0.0
0.0,0.0
0.0,0.0
0.0,0.0
0.0,0.0
0.0,0.0
0.0,0.0
0.0,0.0
0.0,0.0
0.0,0.0
0.0,0.0
0.0,0.0
0.0,0.0
0.0,0.0
0.0,0.0
0.0,0.0
0.0,0.0
0.0,0.0
0.0,0.0
0.0,0.0
0.0,0.0
0.0,0.0
0.0,0.0
0.0,0.0
0.0,0.0
0.0,0.0
0.0,0.0
0.0,0.0
0.0,0.0
0.0,0.0
0.0,0.0
0.0,0.0
0.0,0.0
0.0,0.0
0.0,0.0
0.0,0.0
0.0,0.0
0.0,0.0
0.0,0.0
0.0,0.0
0.0,0.0
0.0,0.0
0.0,0.0
-8.888885498046875,11.111105918884277
22.22201919555664,-17.431928634643555
0.0,0.0
0.0,0.0
0.0,0.0
0.0,0.0
0.0,0.0
0.0,0.0
-8.888973236083984,11.111105918884277
22.213367462158203,-11.736446380615234
0.0,0.0
0.0,0.0
0.0,0.0
0.0,0.0
0.0,0.0
0.0,0.0
0.0,0.0
0.0,0.0
0.0,0.0
0.0,0.0
0.0,0.0
0.0,0.0
0.0,0.0
0.0,0.0
0.0,0.0
0.0,0.0
0.0,0.0
0.0,0.0
0.0,0.0
0.0,0.0
0.0,0.0
0.0,0.0
-8.888885498046875,11.111105918884277
22.21416473388672,-14.893585205078125
0.0,0.0
0.0,0.0
0.0,0.0
0.0,0.0
0.0,0.0
0.0,0.0
-8.899577140808105,11.012073516845703
22.173864364624023,-13.97580623626709
0.0,0.0
0.0,0.0
0.0,0.0
0.0,0.0
0.0,0.0
0.0,0.0
0.0,0.0
0.0,0.0
0.0,0.0
0.0,0.0
0.0,0.0
0.0,0.0
0.0,0.0
0.0,0.0
0.0,0.0
0.0,0.0
0.0,0.0
0.0,0.0
0.0,0.0
0.0,0.0
0.0,0.0
0.0,0.0
0.0,0.0
0.0,0.0
0.0,0.0
0.0,0.0
0.0,0.0
0.0,0.0
0.0,0.0
0.0,0.0
0.0,0.0
0.0,0.0
0.0,0.0
0.0,0.0
0.0,0.0
0.0,0.0
0.0,0.0
0.0,0.0
0.0,0.0
0.0,0.0
0.0,0.0
0.0,0.0
0.0,0.0
0.0,0.0
0.0,0.0
0.0,0.0
0.0,0.0
0.0,0.0
0.0,0.0
0.0,0.0
0.0,0.0
0.0,0.0
0.0,0.0
0.0,0.0
0.0,0.0
0.0,0.0
0.0,0.0
0.0,0.0
0.0,0.0
0.0,0.0
0.0,0.0
0.0,0.0
0.0,0.0
0.0,0.0
0.0,0.0
0.0,0.0
0.0,0.0
0.0,0.0
11.111098289489746,-8.021845817565918
34.61611557006836,-10.345582962036133
11.098616600036621,-6.1539764404296875
4.0,0.0
0.0,0.0
0.0,0.0
0.0,0.0
0.0,0.0
11.111105918884277,-8.655945777893066
40.96158981323242,-3.590384006500244
10.616660118103027,-4.304620265960693
0.0,0.0
0.0,0.0
0.0,0.0
0.0,0.0
0.0,0.0
-11.06396198272705,-76.65313720703125
18.152801513671875,-3.4869918823242188
-9.103557586669922,11.10351276397705
22.222211837768555,-17.776376724243164
0.0,0.0
0.0,0.0
0.0,0.0
0.0,0.0
-8.792340278625488,11.111105918884277
20.11930274963379,-7.687128067016602
-10.975555419921875,-79.43221282958984
22.222211837768555,-17.77766227722168
0.0,0.0
0.0,0.0
0.0,0.0
0.0,0.0
11.111105918884277,-7.722295761108398
27.137060165405273,-15.785006523132324
11.072362899780273,-6.230698108673096
4.0,0.0
7.173681259155273,-0.9463067650794983
0.0,0.0
0.0,0.0
0.0,0.0
11.111105918884277,-8.763813972473145
41.275047302246094,-10.31395149230957
10.240397453308105,-1.8110731840133667
0.0,0.0
8.875165939331055,-2.5966055393218994
0.0,0.0
0.0,0.0
0.0,0.0
-8.46981143951416,11.085800170898438
16.28795623779297,-1.9617999792099
-11.108098030090332,-55.43546676635742
22.222211837768555,-17.769088745117188
-1.8429855108261108,6.784265041351318
0.0,0.0
-353.36700439453125,-259.5335388183594
0.0,0.0
-8.800298690795898,9.111105918884277
20.7801456451416,-3.65360164642334
-11.118101119995117,-51.99637985229492
22.222211837768555,-17.77660369873047
-1.8239492177963257,9.426167488098145
0.0,0.0
-137.69723510742188,-262.35443115234375
0.0,0.0
0.0,0.0
0.0,0.0
0.0,0.0
0.0,0.0
0.0,0.0
0.0,0.0
0.0,0.0
0.0,0.0
0.0,0.0
0.0,0.0
0.0,0.0
0.0,0.0
0.0,0.0
0.0,0.0
0.0,0.0
0.0,0.0
0.0,0.0
0.0,0.0
0.0,0.0
0.0,0.0
0.0,0.0
0.0,0.0
0.0,0.0
0.0,0.0
0.0,0.0
0.0,0.0
0.0,0.0
0.0,0.0
0.0,0.0
0.0,0.0
0.0,0.0
0.0,0.0
0.0,0.0
0.0,0.0
0.0,0.0
0.0,0.0
0.0,0.0
0.0,0.0
0.0,0.0
0.0,0.0
0.0,0.0
0.0,0.0
0.0,0.0
0.0,0.0
0.0,0.0
0.0,0.0
0.0,0.0
0.0,0.0
0.0,0.0
0.0,0.0
0.0,0.0
0.0,0.0
0.0,0.0
0.0,0.0
0.0,0.0
0.0,0.0
0.0,0.0
0.0,0.0
0.0,0.0
0.0,0.0
0.0,0.0
0.0,0.0
0.0,0.0
0.0,0.0
0.0,0.0
0.0,0.0
3.491671085357666,0.0
0.0,0.0
0.0,0.0
0.0,0.0
0.0,0.0
0.0,0.0
11.11091423034668,-7.832286357879639
0.0,0.0
9.426167488098145,-2.0865488052368164
0.0,0.0
0.0,0.0
0.0,0.0
0.0,0.0
0.0,0.0
0.0,0.0
0.0,0.0
-8.90096378326416,11.055359840393066
0.0,0.0
0.0,0.0
0.0,0.0
0.0,0.0
0.0,0.0
-11.110122680664062,-22.50199317932129
0.0,0.0
-8.889501571655273,11.111089706420898
0.0,0.0
0.0,0.0
0.0,0.0
0.0,0.0
0.0,0.0
0.0,0.0
0.0,0.0
0.0,0.0
0.0,0.0
0.0,0.0
0.0,0.0
0.0,0.0
0.0,0.0
4.177420616149902,0.0
0.0,0.0
0.0,0.0
0.0,0.0
0.0,0.0
0.0,0.0
0.0,0.0
0.0,0.0
0.0,0.0
0.0,0.0
-4.360333442687988,10.661160469055176
0.0,0.0
0.0,0.0
0.0,0.0
0.0,0.0
0.0,0.0
-1.899999976158142,4.177420616149902
0.0,0.0
-7.865426540374756,11.109803199768066
0.0,0.0
0.0,0.0
0.0,0.0
0.0,0.0
0.0,0.0
0.0,0.0
0.0,0.0
0.0,0.0
0.0,0.0
0.0,0.0
0.0,0.0
0.0,0.0
0.0,0.0
0.0,0.0
0.0,0.0
0.0,0.0
0.0,0.0
0.0,0.0
0.0,0.0
0.0,0.0
0.0,0.0
0.0,0.0
0.0,0.0
0.0,0.0
0.0,0.0
0.0,0.0
0.0,0.0
0.0,0.0
0.0,0.0
0.0,0.0
0.0,0.0
0.0,0.0
0.0,0.0
0.0,0.0
0.0,0.0
0.0,0.0
0.0,0.0
0.0,0.0
0.0,0.0
0.0,0.0
0.0,0.0
0.0,0.0
0.0,0.0
0.0,0.0
0.0,0.0
0.0,0.0
0.0,0.0
0.0,0.0
0.0,0.0
0.0,0.0
0.0,0.0
0.0,0.0
0.0,0.0
0.0,0.0
0.0,0.0
0.0,0.0
0.0,0.0
0.0,0.0
0.0,0.0
0.0,0.0
0.0,0.0
0.0,0.0
0.0,0.0
0.0,0.0
0.0,0.0
0.0,0.0
0.0,0.0
0.0,0.0
0.0,0.0
