-9.272252082824707,7.096612930297852
0.0,0.0
0.0,0.0
0.0,0.0
0.0,0.0
0.0,0.0
0.0,0.0
0.0,0.0
0.0,0.0
0.0,0.0
0.0,0.0
0.0,0.0
0.0,0.0
0.0,0.0
0.0,0.0
0.0,0.0
0.0,0.0
0.0,0.0
10.856142044067383,30.670257568359375
22.04113006591797,-6.303229331970215
0.0,0.0
0.0,0.0
0.0,0.0
0.0,0.0
0.0,0.0
0.0,0.0
12.58791446685791,27.11583709716797
22.217195510864258,-11.089521408081055
0.0,0.0
0.0,0.0
-3.4026191234588623,7.528049945831299
0.0,0.0
0.0,0.0
0.0,0.0
0.0,0.0
0.0,0.0
0.0,0.0
0.0,0.0
0.0,0.0
0.0,0.0
0.0,0.0
0.0,0.0
0.0,0.0
0.0,0.0
0.0,0.0
0.0,0.0
0.0,0.0
0.0,0.0
0.0,0.0
0.0,0.0
-8.889832496643066,11.101137161254883
0.0,0.0
0.0,0.0
0.0,0.0
-8.890073776245117,11.107260704040527
5.476200103759766,0.0
0.0,0.0
0.0,0.0
-8.88987922668457,11.081300735473633
14.347362518310547,0.0
0.0,0.0
0.0,0.0
-8.883074760437012,11.111105918884277
0.0,0.0
0.0,0.0
0.0,0.0
0.0,0.0
0.0,0.0
0.0,0.0
0.0,0.0
0.0,0.0
0.0,0.0
0.0,0.0
0.0,0.0
0.0,0.0
0.0,0.0
0.0,0.0
0.0,0.0
0.0,0.0
0.0,0.0
0.0,0.0
0.0,0.0
-8.917600631713867,10.306224822998047
22.222211837768555,-17.170930862426758
0.0,0.0
0.0,0.0
-8.865829467773438,11.111105918884277
22.20339012145996,-9.328241348266602
0.0,0.0
0.0,0.0
-8.904481887817383,10.705015182495117
22.222164154052734,-17.777795791625977
0.0,0.0
0.0,0.0
-9.040027618408203,11.102293014526367
22.222211837768555,-17.778276443481445
0.0,0.0
0.0,0.0
0.0,0.0
0.0,0.0
0.0,0.0
0.0,0.0
0.0,0.0
0.0,0.0
0.0,0.0
0.0,0.0
0.0,0.0
0.0,0.0
0.0,0.0
0.0,0.0
0.0,0.0
0.0,0.0
0.0,0.0
0.0,0.0
-8.912673950195312,10.122543334960938
22.222211837768555,-17.777313232421875
0.0,0.0
0.0,0.0
-8.890013694763184,11.111105918884277
22.222211837768555,-17.72471809387207
0.0,0.0
0.0,0.0
-8.88890266418457,10.343096733093262
22.222204208374023,-15.984230041503906
0.0,0.0
0.0,0.0
-8.986456871032715,11.10952091217041
22.222211837768555,-17.777673721313477
0.0,0.0
0.0,0.0
0.0,0.0
0.0,0.0
0.0,0.0
0.0,0.0
0.0,0.0
0.0,0.0
0.0,0.0
0.0,0.0
0.0,0.0
0.0,0.0
0.0,0.0
0.0,0.0
0.0,0.0
0.0,0.0
0.0,0.0
0.0,0.0
0.5754465460777283,19.65741729736328
18.031200408935547,-18.09734344482422
0.0,0.0
0.0,0.0
0.0,0.0
0.0,0.0
0.0,0.0
0.0,0.0
3.906865358352661,22.63897132873535
22.222211837768555,-17.34418487548828
0.0,0.0
0.0,0.0
-8.544507026672363,11.111105918884277
2.0,-1.9800000190734863
0.0,0.0
0.0,0.0
0.0,0.0
0.0,0.0
0.0,0.0
0.0,0.0
0.0,0.0
0.0,0.0
0.0,0.0
0.0,0.0
0.0,0.0
0.0,0.0
0.0,0.0
0.0,0.0
0.0,0.0
0.0,0.0
0.0,0.0
0.0,0.0
0.0,0.0
0.0,0.0
0.0,0.0
0.0,0.0
0.0,0.0
0.0,0.0
0.0,0.0
0.0,0.0
0.0,0.0
0.0,0.0
0.0,0.0
0.0,0.0
0.0,0.0
0.0,0.0
0.0,0.0
0.0,0.0
0.0,0.0
0.0,0.0
0.0,0.0
0.0,0.0
0.0,0.0
0.0,0.0
0.0,0.0
0.0,0.0
0.0,0.0
0.0,0.0
0.0,0.0
0.0,0.0
0.0,0.0
0.0,0.0
0.0,0.0
0.0,0.0
-8.913383483886719,10.86561107635498
0.0,0.0
0.0,0.0
0.0,0.0
0.0,0.0
0.0,0.0
0.0,0.0
0.0,0.0
-8.925058364868164,10.749130249023438
22.222116470336914,-17.777799606323242
0.0,0.0
0.0,0.0
-9.235221862792969,3.3551242351531982
0.0,0.0
0.0,0.0
0.0,0.0
0.0,0.0
0.0,0.0
0.0,0.0
0.0,0.0
0.0,0.0
0.0,0.0
0.0,0.0
0.0,0.0
0.0,0.0
0.0,0.0
0.0,0.0
0.0,0.0
0.0,0.0
0.0,0.0
0.0,0.0
0.0,0.0
-8.892051696777344,11.094013214111328
0.0,0.0
0.0,0.0
0.0,0.0
0.0,0.0
0.0,0.0
0.0,0.0
0.0,0.0
-8.972713470458984,10.01521110534668
22.222211837768555,-17.77777099609375
0.0,0.0
0.0,0.0
-9.206381797790527,9.730647087097168
0.0,0.0
0.0,0.0
0.0,0.0
0.0,0.0
0.0,0.0
0.0,0.0
0.0,0.0
0.0,0.0
0.0,0.0
0.0,0.0
0.0,0.0
0.0,0.0
0.0,0.0
0.0,0.0
0.0,0.0
0.0,0.0
0.0,0.0
0.0,0.0
0.0,0.0
0.0,0.0
0.0,0.0
0.0,0.0
0.0,0.0
0.0,0.0
0.0,0.0
0.0,0.0
0.0,0.0
0.0,0.0
0.0,0.0
0.0,0.0
0.0,0.0
0.0,0.0
0.0,0.0
0.0,0.0
0.0,0.0
0.0,0.0
0.0,0.0
0.0,0.0
0.0,0.0
0.0,0.0
0.0,0.0
0.0,0.0
0.0,0.0
0.0,0.0
0.0,0.0
0.0,0.0
0.0,0.0
0.0,0.0
0.0,0.0
0.0,0.0
0.0,0.0
0.0,0.0
0.0,0.0
0.0,0.0
0.0,0.0
0.0,0.0
0.0,0.0
0.0,0.0
0.0,0.0
0.0,0.0
0.0,0.0
0.0,0.0
0.0,0.0
0.0,0.0
0.0,0.0
11.111105918884277,-4.990901947021484
44.44442367553711,-33.1435661315918
11.111105918884277,-8.272344589233398
41.275047302246094,-3.9235999584198
1.909999966621399,-0.9900000095367432
0.0,0.0
6.784265041351318,-0.9726189970970154
0.0,0.0
11.111105918884277,-6.930363655090332
44.44442367553711,-33.94826889038086
11.111105918884277,-7.925721168518066
43.91628646850586,2.5160765647888184
0.0,0.0
0.0,0.0
10.45496654510498,-0.905738353729248
0.0,0.0
0.0,0.0
0.0,0.0
-9.040306091308594,2.882678985595703
18.85233497619629,-2.2846877574920654
0.0,0.0
0.0,0.0
-2.6750831604003906,7.620506286621094
0.0,0.0
0.0,0.0
0.0,0.0
-9.347980499267578,5.162788391113281
21.87178611755371,-3.4254767894744873
0.0,0.0
0.0,0.0
-5.203019142150879,2.1372876167297363
3.819999933242798,0.0
11.111105918884277,-7.7404465675354
44.44442367553711,-19.990413665771484
11.111105918884277,-6.5848493576049805
37.0380973815918,0.9967688918113708
11.111105918884277,-6.428698539733887
0.0,0.0
9.841385841369629,-0.05636192113161087
0.0,0.0
11.111105918884277,-7.597050666809082
44.44442367553711,-21.590322494506836
11.111105918884277,-7.646076202392578
43.96382141113281,1.1423532962799072
11.111105918884277,-7.851225852966309
13.966684341430664,-4.0
11.102542877197266,-4.335111141204834
28.694725036621094,-7.460333347320557
0.0,0.0
0.0,0.0
-3.9387271404266357,0.6887768507003784
18.152801513671875,2.1505610942840576
0.0,0.0
0.0,0.0
-3.3242547512054443,8.916117668151855
0.0,0.0
0.0,0.0
0.0,0.0
-8.886486053466797,7.093608379364014
20.308565139770508,-0.8958060145378113
0.0,0.0
0.0,0.0
-7.5214056968688965,1.0383003950119019
19.682771682739258,-7.672824382781982
0.0,0.0
0.0,0.0
0.0,0.0
0.0,0.0
0.0,0.0
0.0,0.0
0.0,0.0
0.0,0.0
0.0,0.0
0.0,0.0
0.0,0.0
0.0,0.0
0.0,0.0
0.0,0.0
0.0,0.0
0.0,0.0
0.0,0.0
0.0,0.0
0.0,0.0
0.0,0.0
0.0,0.0
0.0,0.0
0.0,0.0
0.0,0.0
0.0,0.0
0.0,0.0
0.0,0.0
0.0,0.0
0.0,0.0
0.0,0.0
0.0,0.0
0.0,0.0
0.0,0.0
0.0,0.0
0.0,0.0
0.0,0.0
0.0,0.0
0.0,0.0
0.0,0.0
0.0,0.0
0.0,0.0
0.0,0.0
0.0,0.0
0.0,0.0
0.0,0.0
0.0,0.0
0.0,0.0
0.0,0.0
0.0,0.0
0.0,0.0
0.0,0.0
0.0,0.0
0.0,0.0
0.0,0.0
0.0,0.0
0.0,0.0
0.0,0.0
0.0,0.0
0.0,0.0
0.0,0.0
0.0,0.0
0.0,0.0
0.0,0.0
0.0,0.0
0.0,0.0
0.0,0.0
11.111105918884277,-8.568463325500488
0.0,0.0
0.0,0.0
0.0,0.0
0.0,0.0
0.0,0.0
11.099748611450195,3.96343994140625
0.0,0.0
11.111105918884277,3.196606397628784
0.0,0.0
0.0,0.0
0.0,0.0
10.661160469055176,6.1212477684021
0.0,0.0
0.0,0.0
0.0,0.0
-10.100895881652832,-1.0092036724090576
0.0,0.0
0.0,0.0
0.0,0.0
0.0,0.0
0.0,0.0
-8.866080284118652,11.111105918884277
0.0,0.0
-9.700718879699707,2.992985725402832
0.0,0.0
0.0,0.0
0.0,0.0
-10.03302001953125,-3.6920700073242188
0.0,0.0
0.0,0.0
0.0,0.0
11.111105918884277,-8.460419654846191
0.0,0.0
0.0,0.0
0.0,0.0
0.0,0.0
0.0,0.0
11.111105918884277,1.072621464729309
0.0,0.0
11.111105918884277,3.3342199325561523
0.0,0.0
0.0,0.0
0.0,0.0
7.528049945831299,1.0273809432983398
0.0,0.0
0.0,0.0
0.0,0.0
-8.913634300231934,10.311304092407227
0.0,0.0
0.0,0.0
0.0,0.0
0.0,0.0
0.0,0.0
-7.517622947692871,11.022103309631348
0.0,0.0
-9.768178939819336,4.769983291625977
0.0,0.0
0.0,0.0
0.0,0.0
-9.587594985961914,-2.55951189994812
0.0,0.0
0.0,0.0
0.0,0.0
0.0,0.0
0.0,0.0
0.0,0.0
0.0,0.0
0.0,0.0
0.0,0.0
0.0,0.0
0.0,0.0
0.0,0.0
0.0,0.0
0.0,0.0
0.0,0.0
0.0,0.0
0.0,0.0
0.0,0.0
0.0,0.0
-9.414477348327637,6.105920791625977
22.222211837768555,-20.279693603515625
0.0,0.0
0.0,0.0
0.0,0.0
0.0,0.0
0.0,0.0
0.0,0.0
-9.181661605834961,6.8491530418396
11.322720527648926,-247.6114044189453
0.0,0.0
0.0,0.0
0.0,0.0
0.0,0.0
0.0,0.0
0.0,0.0
0.0,0.0
0.0,0.0
0.0,0.0
0.0,0.0
0.0,0.0
0.0,0.0
0.0,0.0
0.0,0.0
0.0,0.0
0.0,0.0
0.0,0.0
0.0,0.0
0.0,0.0
0.0,0.0
0.0,0.0
0.0,0.0
-11.102630615234375,-1.3396599292755127
22.2221622467041,-19.793445587158203
0.0,0.0
0.0,0.0
-149.56724548339844,-333.5812683105469
0.0,0.0
0.0,0.0
0.0,0.0
-53.11606216430664,5.1312761306762695
22.222211837768555,-127.58863830566406
0.0,0.0
0.0,0.0
-319.70391845703125,-628.250732421875
0.0,0.0
0.0,0.0
0.0,0.0
0.0,0.0
0.0,0.0
0.0,0.0
0.0,0.0
0.0,0.0
0.0,0.0
0.0,0.0
0.0,0.0
0.0,0.0
0.0,0.0
0.0,0.0
0.0,0.0
0.0,0.0
0.0,0.0
0.0,0.0
0.0,0.0
0.0,0.0
0.0,0.0
0.0,0.0
0.0,0.0
0.0,0.0
0.0,0.0
0.0,0.0
0.0,0.0
0.0,0.0
0.0,0.0
0.0,0.0
0.0,0.0
0.0,0.0
0.0,0.0
0.0,0.0
0.0,0.0
0.0,0.0
0.0,0.0
0.0,0.0
0.0,0.0
0.0,0.0
0.0,0.0
0.0,0.0
0.0,0.0
0.0,0.0
0.0,0.0
0.0,0.0
0.0,0.0
0.0,0.0
0.0,0.0
0.0,0.0
0.0,0.0
0.0,0.0
0.0,0.0
0.0,0.0
0.0,0.0
0.0,0.0
0.0,0.0
0.0,0.0
0.0,0.0
0.0,0.0
0.0,0.0
0.0,0.0
0.0,0.0
0.0,0.0
0.0,0.0
0.0,0.0
0.0,0.0
0.0,0.0
0.0,0.0
0.0,0.0
0.0,0.0
0.0,0.0
0.0,0.0
0.0,0.0
0.0,0.0
0.0,0.0
0.0,0.0
0.0,0.0
0.0,0.0
0.0,0.0
0.0,0.0
0.0,0.0
0.0,0.0
-8.888885498046875,11.111105918884277
22.222211837768555,-17.59398078918457
0.0,0.0
0.0,0.0
0.0,0.0
0.0,0.0
0.0,0.0
0.0,0.0
-8.888973236083984,11.111105918884277
22.222211837768555,-14.210515022277832
0.0,0.0
0.0,0.0
0.0,0.0
0.0,0.0
0.0,0.0
0.0,0.0
0.0,0.0
0.0,0.0
0.0,0.0
0.0,0.0
0.0,0.0
0.0,0.0
0.0,0.0
0.0,0.0
0.0,0.0
0.0,0.0
0.0,0.0
0.0,0.0
0.0,0.0
0.0,0.0
0.0,0.0
0.0,0.0
-11.111105918884277,-22.33848762512207
22.222211837768555,-16.87272071838379
0.0,0.0
0.0,0.0
0.0,0.0
0.0,0.0
0.0,0.0
0.0,0.0
-12.081388473510742,10.846013069152832
22.220439910888672,-14.698349952697754
0.0,0.0
0.0,0.0
0.0,0.0
0.0,0.0
0.0,0.0
0.0,0.0
0.0,0.0
0.0,0.0
0.0,0.0
0.0,0.0
0.0,0.0
0.0,0.0
0.0,0.0
0.0,0.0
0.0,0.0
0.0,0.0
0.0,0.0
0.0,0.0
0.0,0.0
0.0,0.0
0.0,0.0
0.0,0.0
0.0,0.0
0.0,0.0
0.0,0.0
0.0,0.0
0.0,0.0
0.0,0.0
0.0,0.0
0.0,0.0
0.0,0.0
0.0,0.0
0.0,0.0
0.0,0.0
0.0,0.0
0.0,0.0
0.0,0.0
0.0,0.0
0.0,0.0
0.0,0.0
0.0,0.0
0.0,0.0
0.0,0.0
0.0,0.0
0.0,0.0
0.0,0.0
0.0,0.0
0.0,0.0
0.0,0.0
0.0,0.0
0.0,0.0
0.0,0.0
0.0,0.0
0.0,0.0
0.0,0.0
0.0,0.0
0.0,0.0
0.0,0.0
0.0,0.0
0.0,0.0
0.0,0.0
0.0,0.0
0.0,0.0
0.0,0.0
0.0,0.0
0.0,0.0
0.0,0.0
0.0,0.0
11.111105918884277,-8.320022583007812
39.365543365478516,-10.345582962036133
11.110764503479004,-6.427474498748779
4.0,0.0
0.0,0.0
0.0,0.0
0.0,0.0
0.0,0.0
11.111105918884277,-8.798643112182617
43.51437759399414,-3.590384006500244
11.01161003112793,-4.765602111816406
0.0,0.0
0.0,0.0
0.0,0.0
0.0,0.0
0.0,0.0
-11.111019134521484,-27.9335880279541
20.11930274963379,-4.941464900970459
-11.111102104187012,-29.151260375976562
22.222211837768555,-17.777706146240234
0.0,0.0
0.0,0.0
0.0,0.0
0.0,0.0
-8.837578773498535,11.111105918884277
21.477014541625977,-10.455469131469727
-62.93723678588867,11.110429763793945
22.222211837768555,-17.77777099609375
0.0,0.0
0.0,0.0
0.0,0.0
0.0,0.0
11.111105918884277,-7.943948268890381
35.50066375732422,-15.785006523132324
11.109542846679688,-6.951415538787842
4.0,0.0
7.850525379180908,-1.7799392938613892
0.0,0.0
0.0,0.0
0.0,0.0
11.111105918884277,-8.840433120727539
42.46664047241211,-10.31395149230957
10.878594398498535,-2.527561902999878
0.0,0.0
9.715808868408203,-3.8262157440185547
0.0,0.0
0.0,0.0
0.0,0.0
-8.641460418701172,11.111084938049316
19.155624389648438,-1.9617999792099
-11.111262321472168,-44.55970001220703
22.222211837768555,-17.7766056060791
-1.8429855108261108,7.850525379180908
0.0,0.0
-213.1549072265625,-252.81033325195312
0.0,0.0
-8.888757705688477,11.082347869873047
21.32232093811035,-3.65360164642334
-124.15911102294922,5.21798038482666
22.222211837768555,-17.77737045288086
-2.544396162033081,10.059651374816895
0.0,0.0
-398.6859130859375,-140.4560089111328
0.0,0.0
0.0,0.0
0.0,0.0
0.0,0.0
0.0,0.0
0.0,0.0
0.0,0.0
0.0,0.0
0.0,0.0
0.0,0.0
0.0,0.0
0.0,0.0
0.0,0.0
0.0,0.0
0.0,0.0
0.0,0.0
0.0,0.0
0.0,0.0
0.0,0.0
0.0,0.0
0.0,0.0
0.0,0.0
0.0,0.0
0.0,0.0
0.0,0.0
0.0,0.0
0.0,0.0
0.0,0.0
0.0,0.0
0.0,0.0
0.0,0.0
0.0,0.0
0.0,0.0
0.0,0.0
0.0,0.0
0.0,0.0
0.0,0.0
0.0,0.0
0.0,0.0
0.0,0.0
0.0,0.0
0.0,0.0
0.0,0.0
0.0,0.0
0.0,0.0
0.0,0.0
0.0,0.0
0.0,0.0
0.0,0.0
0.0,0.0
0.0,0.0
0.0,0.0
0.0,0.0
0.0,0.0
0.0,0.0
0.0,0.0
0.0,0.0
0.0,0.0
0.0,0.0
0.0,0.0
0.0,0.0
0.0,0.0
0.0,0.0
0.0,0.0
0.0,0.0
0.0,0.0
0.0,0.0
4.80145263671875,0.0
0.0,0.0
0.0,0.0
0.0,0.0
0.0,0.0
0.0,0.0
11.111105918884277,-8.327367782592773
0.0,0.0
10.318761825561523,-2.77947998046875
0.0,0.0
0.0,0.0
0.0,0.0
0.0,0.0
0.0,0.0
0.0,0.0
0.0,0.0
-8.889036178588867,11.109858512878418
0.0,0.0
0.0,0.0
0.0,0.0
0.0,0.0
0.0,0.0
-171.98443603515625,10.185925483703613
0.0,0.0
-8.890470504760742,11.110285758972168
0.0,0.0
0.0,0.0
0.0,0.0
0.0,0.0
0.0,0.0
0.0,0.0
0.0,0.0
0.0,0.0
0.0,0.0
0.0,0.0
0.0,0.0
0.0,0.0
0.0,0.0
4.80145263671875,0.0
0.0,0.0
0.0,0.0
0.0,0.0
0.0,0.0
0.0,0.0
0.0,0.0
0.0,0.0
0.0,0.0
0.0,0.0
-4.360333442687988,11.049018859863281
0.0,0.0
0.0,0.0
0.0,0.0
0.0,0.0
0.0,0.0
-1.899999976158142,5.369321823120117
0.0,0.0
-8.4939603805542,11.060569763183594
0.0,0.0
0.0,0.0
0.0,0.0
0.0,0.0
0.0,0.0
0.0,0.0
0.0,0.0
0.0,0.0
0.0,0.0
0.0,0.0
0.0,0.0
0.0,0.0
0.0,0.0
0.0,0.0
0.0,0.0
0.0,0.0
0.0,0.0
0.0,0.0
0.0,0.0
0.0,0.0
0.0,0.0
0.0,0.0
0.0,0.0
0.0,0.0
0.0,0.0
0.0,0.0
0.0,0.0
0.0,0.0
0.0,0.0
0.0,0.0
0.0,0.0
0.0,0.0
0.0,0.0
0.0,0.0
0.0,0.0
0.0,0.0
0.0,0.0
0.0,0.0
0.0,0.0
0.0,0.0
0.0,0.0
0.0,0.0
0.0,0.0
0.0,0.0
0.0,0.0
0.0,0.0
0.0,0.0
0.0,0.0
0.0,0.0
0.0,0.0
0.0,0.0
0.0,0.0
0.0,0.0
0.0,0.0
0.0,0.0
0.0,0.0
0.0,0.0
0.0,0.0
0.0,0.0
0.0,0.0
0.0,0.0
0.0,0.0
0.0,0.0
0.0,0.0
0.0,0.0
0.0,0.0
0.0,0.0
0.0,0.0
0.0,0.0
