-9.099114418029785,6.584880828857422
0.0,0.0
0.0,0.0
0.0,0.0
0.0,0.0
0.0,0.0
0.0,0.0
0.0,0.0
0.0,0.0
0.0,0.0
0.0,0.0
0.0,0.0
0.0,0.0
0.0,0.0
0.0,0.0
0.0,0.0
0.0,0.0
0.0,0.0
-1.9373942613601685,30.670089721679688
16.822040557861328,-1.9039709568023682
0.0,0.0
0.0,0.0
0.0,0.0
0.0,0.0
0.0,0.0
0.0,0.0
7.852555274963379,27.11124610900879
19.155624389648438,-5.137050151824951
0.0,0.0
0.0,0.0
-3.4026191234588623,7.528049945831299
0.0,0.0
0.0,0.0
0.0,0.0
0.0,0.0
0.0,0.0
0.0,0.0
0.0,0.0
0.0,0.0
0.0,0.0
0.0,0.0
0.0,0.0
0.0,0.0
0.0,0.0
0.0,0.0
0.0,0.0
0.0,0.0
0.0,0.0
0.0,0.0
0.0,0.0
-8.891005516052246,11.039702415466309
0.0,0.0
0.0,0.0
0.0,0.0
-8.88894271850586,11.111105918884277
0.0,0.0
0.0,0.0
0.0,0.0
-8.979023933410645,11.111104965209961
14.347362518310547,0.0
0.0,0.0
0.0,0.0
-8.807873725891113,11.111105918884277
0.0,0.0
0.0,0.0
0.0,0.0
0.0,0.0
0.0,0.0
0.0,0.0
0.0,0.0
0.0,0.0
0.0,0.0
0.0,0.0
0.0,0.0
0.0,0.0
0.0,0.0
0.0,0.0
0.0,0.0
0.0,0.0
0.0,0.0
0.0,0.0
0.0,0.0
-8.88901138305664,8.212355613708496
22.222211837768555,-17.7744197845459
0.0,0.0
0.0,0.0
-8.56766128540039,11.111098289489746
19.682771682739258,-3.4332833290100098
0.0,0.0
0.0,0.0
-8.893989562988281,11.11104965209961
-12.185792922973633,-180.5159912109375
0.0,0.0
0.0,0.0
-8.905953407287598,11.10879898071289
-54.19851303100586,-22.670637130737305
0.0,0.0
0.0,0.0
0.0,0.0
0.0,0.0
0.0,0.0
0.0,0.0
0.0,0.0
0.0,0.0
0.0,0.0
0.0,0.0
0.0,0.0
0.0,0.0
0.0,0.0
0.0,0.0
0.0,0.0
0.0,0.0
0.0,0.0
0.0,0.0
-8.904668807983398,11.099824905395508
22.222211837768555,-17.677417755126953
0.0,0.0
0.0,0.0
-8.913679122924805,10.708639144897461
22.222211837768555,-17.29283905029297
0.0,0.0
0.0,0.0
-8.915572166442871,11.064175605773926
22.222206115722656,-24.208147048950195
0.0,0.0
0.0,0.0
-8.890332221984863,11.111105918884277
22.222211837768555,-17.7468318939209
0.0,0.0
0.0,0.0
0.0,0.0
0.0,0.0
0.0,0.0
0.0,0.0
0.0,0.0
0.0,0.0
0.0,0.0
0.0,0.0
0.0,0.0
0.0,0.0
0.0,0.0
0.0,0.0
0.0,0.0
0.0,0.0
0.0,0.0
0.0,0.0
0.5686706304550171,19.65741729736328
6.6945295333862305,-18.86823272705078
0.0,0.0
0.0,0.0
0.0,0.0
0.0,0.0
0.0,0.0
0.0,0.0
9.4931001663208,22.63773536682129
22.218774795532227,-14.567914962768555
0.0,0.0
0.0,0.0
-7.216207981109619,11.11003589630127
0.0,0.0
0.0,0.0
0.0,0.0
0.0,0.0
0.0,0.0
0.0,0.0
0.0,0.0
0.0,0.0
0.0,0.0
0.0,0.0
0.0,0.0
0.0,0.0
0.0,0.0
0.0,0.0
0.0,0.0
0.0,0.0
0.0,0.0
0.0,0.0
0.0,0.0
0.0,0.0
0.0,0.0
0.0,0.0
0.0,0.0
0.0,0.0
0.0,0.0
0.0,0.0
0.0,0.0
0.0,0.0
0.0,0.0
0.0,0.0
0.0,0.0
0.0,0.0
0.0,0.0
0.0,0.0
0.0,0.0
0.0,0.0
0.0,0.0
0.0,0.0
0.0,0.0
0.0,0.0
0.0,0.0
0.0,0.0
0.0,0.0
0.0,0.0
0.0,0.0
0.0,0.0
0.0,0.0
0.0,0.0
0.0,0.0
0.0,0.0
0.0,0.0
-8.913383483886719,10.86561107635498
0.0,0.0
0.0,0.0
0.0,0.0
0.0,0.0
0.0,0.0
0.0,0.0
0.0,0.0
-8.927420616149902,10.722617149353027
22.222198486328125,-17.777788162231445
0.0,0.0
0.0,0.0
-9.164508819580078,9.969231605529785
0.0,0.0
0.0,0.0
0.0,0.0
0.0,0.0
0.0,0.0
0.0,0.0
0.0,0.0
0.0,0.0
0.0,0.0
0.0,0.0
0.0,0.0
0.0,0.0
0.0,0.0
0.0,0.0
0.0,0.0
0.0,0.0
0.0,0.0
0.0,0.0
0.0,0.0
-8.888998985290527,11.111104965209961
0.0,0.0
0.0,0.0
0.0,0.0
0.0,0.0
0.0,0.0
0.0,0.0
0.0,0.0
-8.953960418701172,10.863102912902832
22.222211837768555,-17.777524948120117
0.0,0.0
0.0,0.0
-9.065533638000488,7.818508148193359
0.0,0.0
0.0,0.0
0.0,0.0
0.0,0.0
0.0,0.0
0.0,0.0
0.0,0.0
0.0,0.0
0.0,0.0
0.0,0.0
0.0,0.0
0.0,0.0
0.0,0.0
0.0,0.0
0.0,0.0
0.0,0.0
0.0,0.0
0.0,0.0
0.0,0.0
0.0,0.0
0.0,0.0
0.0,0.0
0.0,0.0
0.0,0.0
0.0,0.0
0.0,0.0
0.0,0.0
0.0,0.0
0.0,0.0
0.0,0.0
0.0,0.0
0.0,0.0
0.0,0.0
0.0,0.0
0.0,0.0
0.0,0.0
0.0,0.0
0.0,0.0
0.0,0.0
0.0,0.0
0.0,0.0
0.0,0.0
0.0,0.0
0.0,0.0
0.0,0.0
0.0,0.0
0.0,0.0
0.0,0.0
0.0,0.0
0.0,0.0
0.0,0.0
0.0,0.0
0.0,0.0
0.0,0.0
0.0,0.0
0.0,0.0
0.0,0.0
0.0,0.0
0.0,0.0
0.0,0.0
0.0,0.0
0.0,0.0
0.0,0.0
0.0,0.0
0.0,0.0
11.111105918884277,-3.359360694885254
44.44442367553711,-16.184667587280273
11.111105918884277,-7.290976524353027
19.205810546875,-3.9235999584198
1.0,-0.9900000095367432
0.0,0.0
4.177420616149902,-0.9726189970970154
0.0,0.0
11.111105918884277,-2.8622186183929443
44.44442367553711,-35.0095329284668
11.111105918884277,-8.495418548583984
31.402101516723633,-3.9235999584198
0.0,0.0
0.0,0.0
7.850525379180908,0.0
0.0,0.0
0.0,0.0
0.0,0.0
-7.641210079193115,6.010250568389893
6.983342170715332,-3.799999952316284
0.0,0.0
0.0,0.0
-2.6750831604003906,4.177420616149902
0.0,0.0
0.0,0.0
0.0,0.0
-8.31319808959961,4.898833751678467
16.822040557861328,0.0
0.0,0.0
0.0,0.0
-3.412402391433716,1.4498077630996704
3.819999933242798,0.0
11.111105918884277,-3.8530521392822266
44.44442367553711,-24.357187271118164
11.111105918884277,-8.059504508972168
23.544330596923828,0.0
11.111105918884277,-8.869211196899414
0.0,0.0
5.886082649230957,-0.09000000357627869
0.0,0.0
11.111105918884277,-6.4378437995910645
44.44442367553711,-35.490234375
11.111105918884277,-4.778223037719727
36.30560302734375,-3.636944055557251
11.111105918884277,-7.069474697113037
13.966684341430664,-4.0
10.661160469055176,-4.427060604095459
10.952400207519531,-4.0
0.0,0.0
0.0,0.0
-1.8366127014160156,1.5981478691101074
10.738643646240234,0.0
0.0,0.0
0.0,0.0
-2.6433329582214355,4.094542980194092
0.0,0.0
0.0,0.0
0.0,0.0
-7.914754390716553,4.426865577697754
11.772165298461914,-4.41410493850708
0.0,0.0
0.0,0.0
-6.406630039215088,10.140923500061035
6.983342170715332,-5.242959499359131
0.0,0.0
0.0,0.0
0.0,0.0
0.0,0.0
0.0,0.0
0.0,0.0
0.0,0.0
0.0,0.0
0.0,0.0
0.0,0.0
0.0,0.0
0.0,0.0
0.0,0.0
0.0,0.0
0.0,0.0
0.0,0.0
0.0,0.0
0.0,0.0
0.0,0.0
0.0,0.0
0.0,0.0
0.0,0.0
0.0,0.0
0.0,0.0
0.0,0.0
0.0,0.0
0.0,0.0
0.0,0.0
0.0,0.0
0.0,0.0
0.0,0.0
0.0,0.0
0.0,0.0
0.0,0.0
0.0,0.0
0.0,0.0
0.0,0.0
0.0,0.0
0.0,0.0
0.0,0.0
0.0,0.0
0.0,0.0
0.0,0.0
0.0,0.0
0.0,0.0
0.0,0.0
0.0,0.0
0.0,0.0
0.0,0.0
0.0,0.0
0.0,0.0
0.0,0.0
0.0,0.0
0.0,0.0
0.0,0.0
0.0,0.0
0.0,0.0
0.0,0.0
0.0,0.0
0.0,0.0
0.0,0.0
0.0,0.0
0.0,0.0
0.0,0.0
0.0,0.0
0.0,0.0
11.111105918884277,-7.705167293548584
0.0,0.0
0.0,0.0
0.0,0.0
0.0,0.0
0.0,0.0
11.111105918884277,4.585301876068115
0.0,0.0
11.111105918884277,1.2808464765548706
0.0,0.0
0.0,0.0
0.0,0.0
4.80145263671875,3.5890800952911377
0.0,0.0
0.0,0.0
0.0,0.0
-10.100883483886719,-1.0089656114578247
0.0,0.0
0.0,0.0
0.0,0.0
0.0,0.0
0.0,0.0
-7.2788591384887695,11.106950759887695
0.0,0.0
-9.709318161010742,3.084496021270752
0.0,0.0
0.0,0.0
0.0,0.0
-9.142718315124512,2.6366798877716064
0.0,0.0
0.0,0.0
0.0,0.0
11.098616600036621,-6.034114360809326
0.0,0.0
0.0,0.0
0.0,0.0
0.0,0.0
0.0,0.0
11.111105918884277,7.1354594230651855
0.0,0.0
11.111105918884277,6.927087306976318
0.0,0.0
0.0,0.0
0.0,0.0
2.738100051879883,0.0
0.0,0.0
0.0,0.0
0.0,0.0
-8.937030792236328,11.06821346282959
0.0,0.0
0.0,0.0
0.0,0.0
0.0,0.0
0.0,0.0
-5.668216705322266,9.509332656860352
0.0,0.0
-9.558796882629395,5.500467300415039
0.0,0.0
0.0,0.0
0.0,0.0
-6.937285423278809,2.867177963256836
0.0,0.0
0.0,0.0
0.0,0.0
0.0,0.0
0.0,0.0
0.0,0.0
0.0,0.0
0.0,0.0
0.0,0.0
0.0,0.0
0.0,0.0
0.0,0.0
0.0,0.0
0.0,0.0
0.0,0.0
0.0,0.0
0.0,0.0
0.0,0.0
0.0,0.0
-24.335826873779297,10.87347412109375
22.215641021728516,-52.118927001953125
0.0,0.0
0.0,0.0
0.0,0.0
0.0,0.0
0.0,0.0
0.0,0.0
-60.59767150878906,9.394670486450195
-1.083041787147522,-22.086599349975586
0.0,0.0
0.0,0.0
0.0,0.0
0.0,0.0
0.0,0.0
0.0,0.0
0.0,0.0
0.0,0.0
0.0,0.0
0.0,0.0
0.0,0.0
0.0,0.0
0.0,0.0
0.0,0.0
0.0,0.0
0.0,0.0
0.0,0.0
0.0,0.0
0.0,0.0
0.0,0.0
0.0,0.0
0.0,0.0
-11.500885009765625,-202.2899932861328
-142.63446044921875,-22.41626739501953
0.0,0.0
0.0,0.0
-305.9490966796875,-84.13067626953125
0.0,0.0
0.0,0.0
0.0,0.0
-41.55488586425781,11.103724479675293
22.222211837768555,-20.819276809692383
0.0,0.0
0.0,0.0
-1.909999966621399,-378.4548034667969
0.0,0.0
0.0,0.0
0.0,0.0
0.0,0.0
0.0,0.0
0.0,0.0
0.0,0.0
0.0,0.0
0.0,0.0
0.0,0.0
0.0,0.0
0.0,0.0
0.0,0.0
0.0,0.0
0.0,0.0
0.0,0.0
0.0,0.0
0.0,0.0
0.0,0.0
0.0,0.0
0.0,0.0
0.0,0.0
0.0,0.0
0.0,0.0
0.0,0.0
0.0,0.0
0.0,0.0
0.0,0.0
0.0,0.0
0.0,0.0
0.0,0.0
0.0,0.0
0.0,0.0
0.0,0.0
0.0,0.0
0.0,0.0
0.0,0.0
0.0,0.0
0.0,0.0
0.0,0.0
0.0,0.0
0.0,0.0
0.0,0.0
0.0,0.0
0.0,0.0
0.0,0.0
0.0,0.0
0.0,0.0
0.0,0.0
0.0,0.0
0.0,0.0
0.0,0.0
0.0,0.0
0.0,0.0
0.0,0.0
0.0,0.0
0.0,0.0
0.0,0.0
0.0,0.0
0.0,0.0
0.0,0.0
0.0,0.0
0.0,0.0
0.0,0.0
0.0,0.0
0.0,0.0
0.0,0.0
0.0,0.0
0.0,0.0
0.0,0.0
0.0,0.0
0.0,0.0
0.0,0.0
0.0,0.0
0.0,0.0
0.0,0.0
0.0,0.0
0.0,0.0
0.0,0.0
0.0,0.0
0.0,0.0
0.0,0.0
0.0,0.0
-8.888885498046875,11.111105918884277
22.22007179260254,-17.191987991333008
0.0,0.0
0.0,0.0
0.0,0.0
0.0,0.0
0.0,0.0
0.0,0.0
-8.891050338745117,11.111105918884277
21.799041748046875,-7.539759159088135
0.0,0.0
0.0,0.0
0.0,0.0
0.0,0.0
0.0,0.0
0.0,0.0
0.0,0.0
0.0,0.0
0.0,0.0
0.0,0.0
0.0,0.0
0.0,0.0
0.0,0.0
0.0,0.0
0.0,0.0
0.0,0.0
0.0,0.0
0.0,0.0
0.0,0.0
0.0,0.0
0.0,0.0
0.0,0.0
-8.888885498046875,11.111105918884277
22.206628799438477,-14.893585205078125
0.0,0.0
0.0,0.0
0.0,0.0
0.0,0.0
0.0,0.0
0.0,0.0
-8.888885498046875,11.111105918884277
22.158048629760742,-13.97580623626709
0.0,0.0
0.0,0.0
0.0,0.0
0.0,0.0
0.0,0.0
0.0,0.0
0.0,0.0
0.0,0.0
0.0,0.0
0.0,0.0
0.0,0.0
0.0,0.0
0.0,0.0
0.0,0.0
0.0,0.0
0.0,0.0
0.0,0.0
0.0,0.0
0.0,0.0
0.0,0.0
0.0,0.0
0.0,0.0
0.0,0.0
0.0,0.0
0.0,0.0
0.0,0.0
0.0,0.0
0.0,0.0
0.0,0.0
0.0,0.0
0.0,0.0
0.0,0.0
0.0,0.0
0.0,0.0
0.0,0.0
0.0,0.0
0.0,0.0
0.0,0.0
0.0,0.0
0.0,0.0
0.0,0.0
0.0,0.0
0.0,0.0
0.0,0.0
0.0,0.0
0.0,0.0
0.0,0.0
0.0,0.0
0.0,0.0
0.0,0.0
0.0,0.0
0.0,0.0
0.0,0.0
0.0,0.0
0.0,0.0
0.0,0.0
0.0,0.0
0.0,0.0
0.0,0.0
0.0,0.0
0.0,0.0
0.0,0.0
0.0,0.0
0.0,0.0
0.0,0.0
0.0,0.0
0.0,0.0
0.0,0.0
11.110373497009277,-6.650872230529785
28.694725036621094,-7.385227203369141
11.001769065856934,-4.718847274780273
4.0,0.0
0.0,0.0
0.0,0.0
0.0,0.0
0.0,0.0
11.111105918884277,-8.347746849060059
39.365543365478516,0.0
9.25952434539795,-3.7782201766967773
0.0,0.0
0.0,0.0
0.0,0.0
0.0,0.0
0.0,0.0
-8.39033317565918,-169.98309326171875
15.056099891662598,-1.849439024925232
-16.61721420288086,11.11065673828125
22.222211837768555,-17.740982055664062
0.0,0.0
0.0,0.0
0.0,0.0
0.0,0.0
-8.61198616027832,11.111067771911621
18.85233497619629,-6.528501510620117
-9.025452613830566,11.111104965209961
22.222211837768555,-17.77553939819336
0.0,0.0
0.0,0.0
0.0,0.0
0.0,0.0
11.111000061035156,-6.693735122680664
25.42534065246582,-15.785006523132324
10.830327987670898,-5.934337615966797
4.0,0.0
5.369321823120117,-0.9463067650794983
0.0,0.0
0.0,0.0
0.0,0.0
11.111105918884277,-8.598333358764648
35.50066375732422,-10.31395149230957
8.875165939331055,-1.8110731840133667
0.0,0.0
6.784265041351318,-1.8726190328598022
0.0,0.0
0.0,0.0
0.0,0.0
-7.995752811431885,10.859695434570312
15.701050758361816,-1.9617999792099
-9.343362808227539,11.109962463378906
22.222211837768555,-17.76704978942871
-1.8429855108261108,4.80145263671875
0.0,0.0
-34.735538482666016,-318.8821105957031
0.0,0.0
-8.608598709106445,11.111103057861328
18.152801513671875,-3.65360164642334
-10.065203666687012,-139.66744995117188
22.222211837768555,-17.72553253173828
-1.8239492177963257,7.850525379180908
0.0,0.0
-387.5843505859375,-347.13330078125
0.0,0.0
0.0,0.0
0.0,0.0
0.0,0.0
0.0,0.0
0.0,0.0
0.0,0.0
0.0,0.0
0.0,0.0
0.0,0.0
0.0,0.0
0.0,0.0
0.0,0.0
0.0,0.0
0.0,0.0
0.0,0.0
0.0,0.0
0.0,0.0
0.0,0.0
0.0,0.0
0.0,0.0
0.0,0.0
0.0,0.0
0.0,0.0
0.0,0.0
0.0,0.0
0.0,0.0
0.0,0.0
0.0,0.0
0.0,0.0
0.0,0.0
0.0,0.0
0.0,0.0
0.0,0.0
0.0,0.0
0.0,0.0
0.0,0.0
0.0,0.0
0.0,0.0
0.0,0.0
0.0,0.0
0.0,0.0
0.0,0.0
0.0,0.0
0.0,0.0
0.0,0.0
0.0,0.0
0.0,0.0
0.0,0.0
0.0,0.0
0.0,0.0
0.0,0.0
0.0,0.0
0.0,0.0
0.0,0.0
0.0,0.0
0.0,0.0
0.0,0.0
0.0,0.0
0.0,0.0
0.0,0.0
0.0,0.0
0.0,0.0
0.0,0.0
0.0,0.0
0.0,0.0
0.0,0.0
1.909999966621399,0.0
0.0,0.0
0.0,0.0
0.0,0.0
0.0,0.0
0.0,0.0
11.102542877197266,-6.900467395782471
0.0,0.0
7.850525379180908,-2.0865488052368164
0.0,0.0
0.0,0.0
0.0,0.0
0.0,0.0
0.0,0.0
0.0,0.0
0.0,0.0
-8.888895034790039,11.11109447479248
0.0,0.0
0.0,0.0
0.0,0.0
0.0,0.0
0.0,0.0
-11.063844680786133,-44.272525787353516
0.0,0.0
-8.890469551086426,11.111099243164062
0.0,0.0
0.0,0.0
0.0,0.0
0.0,0.0
0.0,0.0
0.0,0.0
0.0,0.0
0.0,0.0
0.0,0.0
0.0,0.0
0.0,0.0
0.0,0.0
0.0,0.0
3.491671085357666,0.0
0.0,0.0
0.0,0.0
0.0,0.0
0.0,0.0
0.0,0.0
0.0,0.0
0.0,0.0
0.0,0.0
0.0,0.0
-4.360333442687988,9.955660820007324
0.0,0.0
0.0,0.0
0.0,0.0
0.0,0.0
0.0,0.0
-1.899999976158142,2.738100051879883
0.0,0.0
-6.747940540313721,11.035602569580078
0.0,0.0
0.0,0.0
0.0,0.0
0.0,0.0
0.0,0.0
0.0,0.0
0.0,0.0
0.0,0.0
0.0,0.0
0.0,0.0
0.0,0.0
0.0,0.0
0.0,0.0
0.0,0.0
0.0,0.0
0.0,0.0
0.0,0.0
0.0,0.0
0.0,0.0
0.0,0.0
0.0,0.0
0.0,0.0
0.0,0.0
0.0,0.0
0.0,0.0
0.0,0.0
0.0,0.0
0.0,0.0
0.0,0.0
0.0,0.0
0.0,0.0
0.0,0.0
0.0,0.0
0.0,0.0
0.0,0.0
0.0,0.0
0.0,0.0
0.0,0.0
0.0,0.0
0.0,0.0
0.0,0.0
0.0,0.0
0.0,0.0
0.0,0.0
0.0,0.0
0.0,0.0
0.0,0.0
0.0,0.0
0.0,0.0
0.0,0.0
0.0,0.0
0.0,0.0
0.0,0.0
0.0,0.0
0.0,0.0
0.0,0.0
0.0,0.0
0.0,0.0
0.0,0.0
0.0,0.0
0.0,0.0
0.0,0.0
0.0,0.0
0.0,0.0
0.0,0.0
0.0,0.0
0.0,0.0
0.0,0.0
0.0,0.0
