-5.824281215667725,7.423648357391357
0.0,0.0
0.0,0.0
0.0,0.0
0.0,0.0
0.0,0.0
0.0,0.0
0.0,0.0
0.0,0.0
0.0,0.0
0.0,0.0
0.0,0.0
0.0,0.0
0.0,0.0
0.0,0.0
0.0,0.0
0.0,0.0
0.0,0.0
12.807387351989746,30.670257568359375
17.75033187866211,-1.9039709568023682
0.0,0.0
0.0,0.0
0.0,0.0
0.0,0.0
0.0,0.0
0.0,0.0
11.930325508117676,27.11583709716797
22.0722599029541,-9.518796920776367
0.0,0.0
0.0,0.0
-3.4026191234588623,7.528049945831299
0.0,0.0
0.0,0.0
0.0,0.0
0.0,0.0
0.0,0.0
0.0,0.0
0.0,0.0
0.0,0.0
0.0,0.0
0.0,0.0
0.0,0.0
0.0,0.0
0.0,0.0
0.0,0.0
0.0,0.0
0.0,0.0
0.0,0.0
0.0,0.0
0.0,0.0
-8.08347225189209,17.68729019165039
0.0,0.0
0.0,0.0
0.0,0.0
-8.890274047851562,11.111105918884277
0.0,0.0
0.0,0.0
0.0,0.0
-8.888948440551758,11.111099243164062
14.347362518310547,0.0
0.0,0.0
0.0,0.0
-8.879039764404297,11.111105918884277
0.0,0.0
0.0,0.0
0.0,0.0
0.0,0.0
0.0,0.0
0.0,0.0
0.0,0.0
0.0,0.0
0.0,0.0
0.0,0.0
0.0,0.0
0.0,0.0
0.0,0.0
0.0,0.0
0.0,0.0
0.0,0.0
0.0,0.0
0.0,0.0
0.0,0.0
-8.921245574951172,10.174532890319824
22.222211837768555,-17.696678161621094
0.0,0.0
0.0,0.0
-8.849836349487305,11.111105918884277
22.185781478881836,-9.328241348266602
0.0,0.0
0.0,0.0
-8.903114318847656,11.07894515991211
22.222164154052734,-17.777847290039062
0.0,0.0
0.0,0.0
-9.103165626525879,9.18871784210205
22.222211837768555,-17.819250106811523
0.0,0.0
0.0,0.0
0.0,0.0
0.0,0.0
0.0,0.0
0.0,0.0
0.0,0.0
0.0,0.0
0.0,0.0
0.0,0.0
0.0,0.0
0.0,0.0
0.0,0.0
0.0,0.0
0.0,0.0
0.0,0.0
0.0,0.0
0.0,0.0
-8.88890266418457,11.111105918884277
22.222211837768555,-17.775745391845703
0.0,0.0
0.0,0.0
-8.899168014526367,11.111105918884277
22.222211837768555,-17.654516220092773
0.0,0.0
0.0,0.0
-8.889933586120605,11.111102104187012
22.222209930419922,-18.74184226989746
0.0,0.0
0.0,0.0
-8.89099407196045,11.111104965209961
22.222211837768555,-17.776716232299805
0.0,0.0
0.0,0.0
0.0,0.0
0.0,0.0
0.0,0.0
0.0,0.0
0.0,0.0
0.0,0.0
0.0,0.0
0.0,0.0
0.0,0.0
0.0,0.0
0.0,0.0
0.0,0.0
0.0,0.0
0.0,0.0
0.0,0.0
0.0,0.0
0.5754218697547913,19.65741729736328
22.058324813842773,-17.803564071655273
0.0,0.0
0.0,0.0
0.0,0.0
0.0,0.0
0.0,0.0
0.0,0.0
7.819195747375488,22.63897132873535
22.222211837768555,-16.658594131469727
0.0,0.0
0.0,0.0
-8.24087142944336,11.111105918884277
0.0,0.0
0.0,0.0
0.0,0.0
0.0,0.0
0.0,0.0
0.0,0.0
0.0,0.0
0.0,0.0
0.0,0.0
0.0,0.0
0.0,0.0
0.0,0.0
0.0,0.0
0.0,0.0
0.0,0.0
0.0,0.0
0.0,0.0
0.0,0.0
0.0,0.0
0.0,0.0
0.0,0.0
0.0,0.0
0.0,0.0
0.0,0.0
0.0,0.0
0.0,0.0
0.0,0.0
0.0,0.0
0.0,0.0
0.0,0.0
0.0,0.0
0.0,0.0
0.0,0.0
0.0,0.0
0.0,0.0
0.0,0.0
0.0,0.0
0.0,0.0
0.0,0.0
0.0,0.0
0.0,0.0
0.0,0.0
0.0,0.0
0.0,0.0
0.0,0.0
0.0,0.0
0.0,0.0
0.0,0.0
0.0,0.0
0.0,0.0
0.0,0.0
-8.913383483886719,10.86561107635498
0.0,0.0
0.0,0.0
0.0,0.0
0.0,0.0
0.0,0.0
0.0,0.0
0.0,0.0
-8.9249849319458,10.749889373779297
22.222116470336914,-17.777799606323242
0.0,0.0
0.0,0.0
-9.066272735595703,8.369545936584473
0.0,0.0
0.0,0.0
0.0,0.0
0.0,0.0
0.0,0.0
0.0,0.0
0.0,0.0
0.0,0.0
0.0,0.0
0.0,0.0
0.0,0.0
0.0,0.0
0.0,0.0
0.0,0.0
0.0,0.0
0.0,0.0
0.0,0.0
0.0,0.0
0.0,0.0
-8.891257286071777,11.111099243164062
0.0,0.0
0.0,0.0
0.0,0.0
0.0,0.0
0.0,0.0
0.0,0.0
0.0,0.0
-8.967611312866211,10.299838066101074
22.222211837768555,-17.77777099609375
0.0,0.0
0.0,0.0
-9.06842041015625,10.719053268432617
0.0,0.0
0.0,0.0
0.0,0.0
0.0,0.0
0.0,0.0
0.0,0.0
0.0,0.0
0.0,0.0
0.0,0.0
0.0,0.0
0.0,0.0
0.0,0.0
0.0,0.0
0.0,0.0
0.0,0.0
0.0,0.0
0.0,0.0
0.0,0.0
0.0,0.0
0.0,0.0
0.0,0.0
0.0,0.0
0.0,0.0
0.0,0.0
0.0,0.0
0.0,0.0
0.0,0.0
0.0,0.0
0.0,0.0
0.0,0.0
0.0,0.0
0.0,0.0
0.0,0.0
0.0,0.0
0.0,0.0
0.0,0.0
0.0,0.0
0.0,0.0
0.0,0.0
0.0,0.0
0.0,0.0
0.0,0.0
0.0,0.0
0.0,0.0
0.0,0.0
0.0,0.0
0.0,0.0
0.0,0.0
0.0,0.0
0.0,0.0
0.0,0.0
0.0,0.0
0.0,0.0
0.0,0.0
0.0,0.0
0.0,0.0
0.0,0.0
0.0,0.0
0.0,0.0
0.0,0.0
0.0,0.0
0.0,0.0
0.0,0.0
0.0,0.0
0.0,0.0
11.111105918884277,-6.293985843658447
44.44442367553711,-8.657641410827637
11.111105918884277,-8.256457328796387
35.50066375732422,-3.9235999584198
1.909999966621399,-0.9900000095367432
0.0,0.0
6.356335163116455,-0.9726189970970154
0.0,0.0
11.111105918884277,-5.911844253540039
44.44442367553711,-34.331695556640625
11.111105918884277,-6.896727561950684
39.365543365478516,-2.091277599334717
0.0,0.0
0.0,0.0
9.955660820007324,-0.905738353729248
0.0,0.0
0.0,0.0
0.0,0.0
-8.831284523010254,2.020535707473755
15.701050758361816,-1.2629894018173218
0.0,0.0
0.0,0.0
-2.6750831604003906,6.895913600921631
0.0,0.0
0.0,0.0
0.0,0.0
-9.300558090209961,7.682104110717773
20.11930274963379,-1.8224966526031494
0.0,0.0
0.0,0.0
-5.203019142150879,-1.2595460414886475
3.819999933242798,0.0
11.111105918884277,-7.94879150390625
44.44442367553711,-27.88654136657715
11.111105918884277,-4.05347204208374
32.57591247558594,-3.698878049850464
11.111105918884277,-8.471593856811523
0.0,0.0
8.65402889251709,-0.05636192113161087
0.0,0.0
11.111105918884277,-7.557370185852051
44.44442367553711,-7.051616668701172
11.111105918884277,-8.209712028503418
41.5602912902832,1.1423532962799072
11.111105918884277,-7.0886993408203125
13.966684341430664,-4.0
11.054607391357422,-3.266211748123169
23.544330596923828,-7.460333347320557
0.0,0.0
0.0,0.0
-3.3338489532470703,6.827599048614502
15.056099891662598,2.1505610942840576
0.0,0.0
0.0,0.0
-3.3242547512054443,6.863511085510254
0.0,0.0
0.0,0.0
0.0,0.0
-8.769438743591309,6.340621471405029
16.28795623779297,-1.8292207717895508
0.0,0.0
0.0,0.0
-6.92799186706543,7.767697334289551
16.822040557861328,-5.242959499359131
0.0,0.0
0.0,0.0
0.0,0.0
0.0,0.0
0.0,0.0
0.0,0.0
0.0,0.0
0.0,0.0
0.0,0.0
0.0,0.0
0.0,0.0
0.0,0.0
0.0,0.0
0.0,0.0
0.0,0.0
0.0,0.0
0.0,0.0
0.0,0.0
0.0,0.0
0.0,0.0
0.0,0.0
0.0,0.0
0.0,0.0
0.0,0.0
0.0,0.0
0.0,0.0
0.0,0.0
0.0,0.0
0.0,0.0
0.0,0.0
0.0,0.0
0.0,0.0
0.0,0.0
0.0,0.0
0.0,0.0
0.0,0.0
0.0,0.0
0.0,0.0
0.0,0.0
0.0,0.0
0.0,0.0
0.0,0.0
0.0,0.0
0.0,0.0
0.0,0.0
0.0,0.0
0.0,0.0
0.0,0.0
0.0,0.0
0.0,0.0
0.0,0.0
0.0,0.0
0.0,0.0
0.0,0.0
0.0,0.0
0.0,0.0
0.0,0.0
0.0,0.0
0.0,0.0
0.0,0.0
0.0,0.0
0.0,0.0
0.0,0.0
0.0,0.0
0.0,0.0
0.0,0.0
11.111105918884277,-4.87184476852417
0.0,0.0
0.0,0.0
0.0,0.0
0.0,0.0
0.0,0.0
11.099748611450195,2.1966919898986816
0.0,0.0
11.111105918884277,3.420280933380127
0.0,0.0
0.0,0.0
0.0,0.0
9.426167488098145,4.975449562072754
0.0,0.0
0.0,0.0
0.0,0.0
-10.100895881652832,-1.0092036724090576
0.0,0.0
0.0,0.0
0.0,0.0
0.0,0.0
0.0,0.0
-8.799153327941895,11.107150077819824
0.0,0.0
-9.70086669921875,2.989675283432007
0.0,0.0
0.0,0.0
0.0,0.0
-9.948075294494629,-1.9403516054153442
0.0,0.0
0.0,0.0
0.0,0.0
11.111105918884277,-7.893530368804932
0.0,0.0
0.0,0.0
0.0,0.0
0.0,0.0
0.0,0.0
11.111105918884277,-0.9631533622741699
0.0,0.0
11.111105918884277,7.814425468444824
0.0,0.0
0.0,0.0
0.0,0.0
4.80145263671875,1.0273809432983398
0.0,0.0
0.0,0.0
0.0,0.0
-8.937026023864746,11.110658645629883
0.0,0.0
0.0,0.0
0.0,0.0
0.0,0.0
0.0,0.0
-7.195860385894775,11.095348358154297
0.0,0.0
-9.665583610534668,2.4717090129852295
0.0,0.0
0.0,0.0
0.0,0.0
-9.198077201843262,-2.658015727996826
0.0,0.0
0.0,0.0
0.0,0.0
0.0,0.0
0.0,0.0
0.0,0.0
0.0,0.0
0.0,0.0
0.0,0.0
0.0,0.0
0.0,0.0
0.0,0.0
0.0,0.0
0.0,0.0
0.0,0.0
0.0,0.0
0.0,0.0
0.0,0.0
0.0,0.0
-10.304143905639648,2.4023144245147705
22.219741821289062,-20.279693603515625
0.0,0.0
0.0,0.0
0.0,0.0
0.0,0.0
0.0,0.0
0.0,0.0
-9.939133644104004,6.613588809967041
-25.437118530273438,-155.0852813720703
0.0,0.0
0.0,0.0
0.0,0.0
0.0,0.0
0.0,0.0
0.0,0.0
0.0,0.0
0.0,0.0
0.0,0.0
0.0,0.0
0.0,0.0
0.0,0.0
0.0,0.0
0.0,0.0
0.0,0.0
0.0,0.0
0.0,0.0
0.0,0.0
0.0,0.0
0.0,0.0
0.0,0.0
0.0,0.0
-65.01858520507812,10.195634841918945
-78.09844207763672,-28.943878173828125
0.0,0.0
0.0,0.0
-279.0417785644531,-15.373321533203125
0.0,0.0
0.0,0.0
0.0,0.0
-88.34294128417969,-13.150792121887207
22.222211837768555,-332.71221923828125
0.0,0.0
0.0,0.0
-319.70391845703125,-472.2818603515625
0.0,0.0
0.0,0.0
0.0,0.0
0.0,0.0
0.0,0.0
0.0,0.0
0.0,0.0
0.0,0.0
0.0,0.0
0.0,0.0
0.0,0.0
0.0,0.0
0.0,0.0
0.0,0.0
0.0,0.0
0.0,0.0
0.0,0.0
0.0,0.0
0.0,0.0
0.0,0.0
0.0,0.0
0.0,0.0
0.0,0.0
0.0,0.0
0.0,0.0
0.0,0.0
0.0,0.0
0.0,0.0
0.0,0.0
0.0,0.0
0.0,0.0
0.0,0.0
0.0,0.0
0.0,0.0
0.0,0.0
0.0,0.0
0.0,0.0
0.0,0.0
0.0,0.0
0.0,0.0
0.0,0.0
0.0,0.0
0.0,0.0
0.0,0.0
0.0,0.0
0.0,0.0
0.0,0.0
0.0,0.0
0.0,0.0
0.0,0.0
0.0,0.0
0.0,0.0
0.0,0.0
0.0,0.0
0.0,0.0
0.0,0.0
0.0,0.0
0.0,0.0
0.0,0.0
0.0,0.0
0.0,0.0
0.0,0.0
0.0,0.0
0.0,0.0
0.0,0.0
0.0,0.0
0.0,0.0
0.0,0.0
0.0,0.0
0.0,0.0
0.0,0.0
0.0,0.0
0.0,0.0
0.0,0.0
0.0,0.0
0.0,0.0
0.0,0.0
0.0,0.0
0.0,0.0
0.0,0.0
0.0,0.0
0.0,0.0
0.0,0.0
-8.888885498046875,11.111105918884277
22.222211837768555,-17.550867080688477
0.0,0.0
0.0,0.0
0.0,0.0
0.0,0.0
0.0,0.0
0.0,0.0
-8.888973236083984,11.111105918884277
22.221302032470703,-12.884410858154297
0.0,0.0
0.0,0.0
0.0,0.0
0.0,0.0
0.0,0.0
0.0,0.0
0.0,0.0
0.0,0.0
0.0,0.0
0.0,0.0
0.0,0.0
0.0,0.0
0.0,0.0
0.0,0.0
0.0,0.0
0.0,0.0
0.0,0.0
0.0,0.0
0.0,0.0
0.0,0.0
0.0,0.0
0.0,0.0
-10.517684936523438,-118.17645263671875
22.22197723388672,-16.536272048950195
0.0,0.0
0.0,0.0
0.0,0.0
0.0,0.0
0.0,0.0
0.0,0.0
-8.924897193908691,10.760289192199707
22.192045211791992,-13.97580623626709
0.0,0.0
0.0,0.0
0.0,0.0
0.0,0.0
0.0,0.0
0.0,0.0
0.0,0.0
0.0,0.0
0.0,0.0
0.0,0.0
0.0,0.0
0.0,0.0
0.0,0.0
0.0,0.0
0.0,0.0
0.0,0.0
0.0,0.0
0.0,0.0
0.0,0.0
0.0,0.0
0.0,0.0
0.0,0.0
0.0,0.0
0.0,0.0
0.0,0.0
0.0,0.0
0.0,0.0
0.0,0.0
0.0,0.0
0.0,0.0
0.0,0.0
0.0,0.0
0.0,0.0
0.0,0.0
0.0,0.0
0.0,0.0
0.0,0.0
0.0,0.0
0.0,0.0
0.0,0.0
0.0,0.0
0.0,0.0
0.0,0.0
0.0,0.0
0.0,0.0
0.0,0.0
0.0,0.0
0.0,0.0
0.0,0.0
0.0,0.0
0.0,0.0
0.0,0.0
0.0,0.0
0.0,0.0
0.0,0.0
0.0,0.0
0.0,0.0
0.0,0.0
0.0,0.0
0.0,0.0
0.0,0.0
0.0,0.0
0.0,0.0
0.0,0.0
0.0,0.0
0.0,0.0
0.0,0.0
0.0,0.0
11.111105918884277,-8.256814956665039
37.0380973815918,-10.345582962036133
11.109029769897461,-6.1539764404296875
4.0,0.0
0.0,0.0
0.0,0.0
0.0,0.0
0.0,0.0
11.111105918884277,-8.777473449707031
42.80662536621094,-3.590384006500244
10.855598449707031,-4.304620265960693
0.0,0.0
0.0,0.0
0.0,0.0
0.0,0.0
0.0,0.0
-11.107416152954102,-47.234413146972656
19.431617736816406,-3.4869918823242188
-10.584643363952637,10.36862850189209
22.222211837768555,-17.77752113342285
0.0,0.0
0.0,0.0
0.0,0.0
0.0,0.0
-8.810685157775879,11.111105918884277
21.135517120361328,-8.713607788085938
-62.562374114990234,11.036652565002441
22.222211837768555,-17.777759552001953
0.0,0.0
0.0,0.0
0.0,0.0
0.0,0.0
11.111105918884277,-7.838954925537109
32.57591247558594,-15.785006523132324
11.098616600036621,-6.4967827796936035
4.0,0.0
7.173681259155273,-0.9463067650794983
0.0,0.0
0.0,0.0
0.0,0.0
11.111105918884277,-8.815033912658691
41.81986618041992,-10.31395149230957
10.567758560180664,-2.527561902999878
0.0,0.0
9.426167488098145,-3.2481932640075684
0.0,0.0
0.0,0.0
0.0,0.0
-8.511735916137695,11.109871864318848
18.152801513671875,-1.9617999792099
-8.932718276977539,11.111102104187012
22.222211837768555,-17.775793075561523
-1.8429855108261108,6.784265041351318
0.0,0.0
-170.69830322265625,-313.26251220703125
0.0,0.0
-8.869547843933105,11.105854988098145
21.028039932250977,-3.65360164642334
-162.39981079101562,-80.02842712402344
22.222211837768555,-17.77692222595215
-2.544396162033081,9.841385841369629
0.0,0.0
-34.79060745239258,-300.6999206542969
0.0,0.0
0.0,0.0
0.0,0.0
0.0,0.0
0.0,0.0
0.0,0.0
0.0,0.0
0.0,0.0
0.0,0.0
0.0,0.0
0.0,0.0
0.0,0.0
0.0,0.0
0.0,0.0
0.0,0.0
0.0,0.0
0.0,0.0
0.0,0.0
0.0,0.0
0.0,0.0
0.0,0.0
0.0,0.0
0.0,0.0
0.0,0.0
0.0,0.0
0.0,0.0
0.0,0.0
0.0,0.0
0.0,0.0
0.0,0.0
0.0,0.0
0.0,0.0
0.0,0.0
0.0,0.0
0.0,0.0
0.0,0.0
0.0,0.0
0.0,0.0
0.0,0.0
0.0,0.0
0.0,0.0
0.0,0.0
0.0,0.0
0.0,0.0
0.0,0.0
0.0,0.0
0.0,0.0
0.0,0.0
0.0,0.0
0.0,0.0
0.0,0.0
0.0,0.0
0.0,0.0
0.0,0.0
0.0,0.0
0.0,0.0
0.0,0.0
0.0,0.0
0.0,0.0
0.0,0.0
0.0,0.0
0.0,0.0
0.0,0.0
0.0,0.0
0.0,0.0
0.0,0.0
0.0,0.0
4.80145263671875,0.0
0.0,0.0
0.0,0.0
0.0,0.0
0.0,0.0
0.0,0.0
11.11108684539795,-8.033041954040527
0.0,0.0
9.841385841369629,-2.77947998046875
0.0,0.0
0.0,0.0
0.0,0.0
0.0,0.0
0.0,0.0
0.0,0.0
0.0,0.0
-8.957639694213867,10.690536499023438
0.0,0.0
0.0,0.0
0.0,0.0
0.0,0.0
0.0,0.0
-190.08627319335938,3.743642568588257
0.0,0.0
-9.807493209838867,10.329535484313965
0.0,0.0
0.0,0.0
0.0,0.0
0.0,0.0
0.0,0.0
0.0,0.0
0.0,0.0
0.0,0.0
0.0,0.0
0.0,0.0
0.0,0.0
0.0,0.0
0.0,0.0
4.80145263671875,0.0
0.0,0.0
0.0,0.0
0.0,0.0
0.0,0.0
0.0,0.0
0.0,0.0
0.0,0.0
0.0,0.0
0.0,0.0
-4.360333442687988,10.772041320800781
0.0,0.0
0.0,0.0
0.0,0.0
0.0,0.0
0.0,0.0
-1.899999976158142,5.369321823120117
0.0,0.0
-8.399388313293457,11.11097526550293
0.0,0.0
0.0,0.0
0.0,0.0
0.0,0.0
0.0,0.0
0.0,0.0
0.0,0.0
0.0,0.0
0.0,0.0
0.0,0.0
0.0,0.0
0.0,0.0
0.0,0.0
0.0,0.0
0.0,0.0
0.0,0.0
0.0,0.0
0.0,0.0
0.0,0.0
0.0,0.0
0.0,0.0
0.0,0.0
0.0,0.0
0.0,0.0
0.0,0.0
0.0,0.0
0.0,0.0
0.0,0.0
0.0,0.0
0.0,0.0
0.0,0.0
0.0,0.0
0.0,0.0
0.0,0.0
0.0,0.0
0.0,0.0
0.0,0.0
0.0,0.0
0.0,0.0
0.0,0.0
0.0,0.0
0.0,0.0
0.0,0.0
0.0,0.0
0.0,0.0
0.0,0.0
0.0,0.0
0.0,0.0
0.0,0.0
0.0,0.0
0.0,0.0
0.0,0.0
0.0,0.0
0.0,0.0
0.0,0.0
0.0,0.0
0.0,0.0
0.0,0.0
0.0,0.0
0.0,0.0
0.0,0.0
0.0,0.0
0.0,0.0
0.0,0.0
0.0,0.0
0.0,0.0
0.0,0.0
0.0,0.0
0.0,0.0
