-8.435535430908203,1.0353782176971436
0.0,0.0
0.0,0.0
0.0,0.0
0.0,0.0
0.0,0.0
0.0,0.0
0.0,0.0
0.0,0.0
0.0,0.0
0.0,0.0
0.0,0.0
0.0,0.0
0.0,0.0
0.0,0.0
0.0,0.0
0.0,0.0
0.0,0.0
20.491445541381836,32.194374084472656
9.6029052734375,0.0
0.0,0.0
0.0,0.0
0.0,0.0
0.0,0.0
0.0,0.0
0.0,0.0
-5.2371368408203125,28.16571044921875
2.0,-1.9800000190734863
0.0,0.0
0.0,0.0
-3.4026191234588623,7.528049945831299
0.0,0.0
0.0,0.0
0.0,0.0
0.0,0.0
0.0,0.0
0.0,0.0
0.0,0.0
0.0,0.0
0.0,0.0
0.0,0.0
0.0,0.0
0.0,0.0
0.0,0.0
0.0,0.0
0.0,0.0
0.0,0.0
0.0,0.0
0.0,0.0
0.0,0.0
-8.893351554870605,11.051568984985352
0.0,0.0
0.0,0.0
0.0,0.0
-8.89252758026123,11.110869407653809
0.0,0.0
0.0,0.0
0.0,0.0
-8.889474868774414,11.111105918884277
0.0,0.0
0.0,0.0
0.0,0.0
-8.349050521850586,11.104016304016113
0.0,0.0
0.0,0.0
0.0,0.0
0.0,0.0
0.0,0.0
0.0,0.0
0.0,0.0
0.0,0.0
0.0,0.0
0.0,0.0
0.0,0.0
0.0,0.0
0.0,0.0
0.0,0.0
0.0,0.0
0.0,0.0
0.0,0.0
0.0,0.0
0.0,0.0
-8.97912311553955,6.984402179718018
22.222211837768555,-17.611934661865234
0.0,0.0
0.0,0.0
-7.48452615737915,11.102542877197266
3.819999933242798,0.0
0.0,0.0
0.0,0.0
-8.895391464233398,6.907802104949951
-129.57102966308594,-38.52385330200195
0.0,0.0
0.0,0.0
-8.754005432128906,10.772676467895508
22.211528778076172,-14.535856246948242
0.0,0.0
0.0,0.0
0.0,0.0
0.0,0.0
0.0,0.0
0.0,0.0
0.0,0.0
0.0,0.0
0.0,0.0
0.0,0.0
0.0,0.0
0.0,0.0
0.0,0.0
0.0,0.0
0.0,0.0
0.0,0.0
0.0,0.0
0.0,0.0
-8.750726699829102,9.603470802307129
22.216150283813477,-14.529765129089355
0.0,0.0
0.0,0.0
-8.764862060546875,11.111105918884277
22.218433380126953,-16.232410430908203
0.0,0.0
0.0,0.0
-8.889787673950195,11.111105918884277
22.222211837768555,-17.69400405883789
0.0,0.0
0.0,0.0
-8.884819030761719,11.111105918884277
22.221649169921875,-16.251445770263672
0.0,0.0
0.0,0.0
0.0,0.0
0.0,0.0
0.0,0.0
0.0,0.0
0.0,0.0
0.0,0.0
0.0,0.0
0.0,0.0
0.0,0.0
0.0,0.0
0.0,0.0
0.0,0.0
0.0,0.0
0.0,0.0
0.0,0.0
0.0,0.0
1.9036506414413452,19.65741729736328
22.222211837768555,-17.777788162231445
0.0,0.0
0.0,0.0
0.0,0.0
0.0,0.0
0.0,0.0
0.0,0.0
-7.4497456550598145,22.09747886657715
21.233320236206055,-7.484094619750977
0.0,0.0
0.0,0.0
-5.740651607513428,11.020565032958984
0.0,0.0
0.0,0.0
0.0,0.0
0.0,0.0
0.0,0.0
0.0,0.0
0.0,0.0
0.0,0.0
0.0,0.0
0.0,0.0
0.0,0.0
0.0,0.0
0.0,0.0
0.0,0.0
0.0,0.0
0.0,0.0
0.0,0.0
0.0,0.0
0.0,0.0
0.0,0.0
0.0,0.0
0.0,0.0
0.0,0.0
0.0,0.0
0.0,0.0
0.0,0.0
0.0,0.0
0.0,0.0
0.0,0.0
0.0,0.0
0.0,0.0
0.0,0.0
0.0,0.0
0.0,0.0
0.0,0.0
0.0,0.0
0.0,0.0
0.0,0.0
0.0,0.0
0.0,0.0
0.0,0.0
0.0,0.0
0.0,0.0
0.0,0.0
0.0,0.0
0.0,0.0
0.0,0.0
0.0,0.0
0.0,0.0
0.0,0.0
0.0,0.0
-8.91358757019043,10.864602088928223
0.0,0.0
0.0,0.0
0.0,0.0
0.0,0.0
0.0,0.0
0.0,0.0
0.0,0.0
-8.911311149597168,10.964426040649414
22.222211837768555,-17.777788162231445
0.0,0.0
0.0,0.0
-9.145883560180664,7.285336017608643
0.0,0.0
0.0,0.0
0.0,0.0
0.0,0.0
0.0,0.0
0.0,0.0
0.0,0.0
0.0,0.0
0.0,0.0
0.0,0.0
0.0,0.0
0.0,0.0
0.0,0.0
0.0,0.0
0.0,0.0
0.0,0.0
0.0,0.0
0.0,0.0
0.0,0.0
-8.949705123901367,11.095671653747559
0.0,0.0
0.0,0.0
0.0,0.0
0.0,0.0
0.0,0.0
0.0,0.0
0.0,0.0
-8.927234649658203,10.975186347961426
22.222211837768555,-17.733366012573242
0.0,0.0
0.0,0.0
-8.723943710327148,5.330386161804199
0.0,0.0
0.0,0.0
0.0,0.0
0.0,0.0
0.0,0.0
0.0,0.0
0.0,0.0
0.0,0.0
0.0,0.0
0.0,0.0
0.0,0.0
0.0,0.0
0.0,0.0
0.0,0.0
0.0,0.0
0.0,0.0
0.0,0.0
0.0,0.0
0.0,0.0
0.0,0.0
0.0,0.0
0.0,0.0
0.0,0.0
0.0,0.0
0.0,0.0
0.0,0.0
0.0,0.0
0.0,0.0
0.0,0.0
0.0,0.0
0.0,0.0
0.0,0.0
0.0,0.0
0.0,0.0
0.0,0.0
0.0,0.0
0.0,0.0
0.0,0.0
0.0,0.0
0.0,0.0
0.0,0.0
0.0,0.0
0.0,0.0
0.0,0.0
0.0,0.0
0.0,0.0
0.0,0.0
0.0,0.0
0.0,0.0
0.0,0.0
0.0,0.0
0.0,0.0
0.0,0.0
0.0,0.0
0.0,0.0
0.0,0.0
0.0,0.0
0.0,0.0
0.0,0.0
0.0,0.0
0.0,0.0
0.0,0.0
0.0,0.0
0.0,0.0
0.0,0.0
11.111105918884277,-7.57959508895874
44.4443473815918,-28.15635108947754
11.111105918884277,-2.059377908706665
7.639999866485596,0.0
0.0,0.0
0.0,0.0
2.738100051879883,0.0
0.0,0.0
11.111105918884277,-6.201136112213135
44.44442367553711,-6.724911689758301
11.111105918884277,-7.843242168426514
19.205810546875,-3.9235999584198
0.0,0.0
0.0,0.0
3.491671085357666,0.0
0.0,0.0
0.0,0.0
0.0,0.0
-5.805971622467041,7.639463901519775
0.0,-2.0
0.0,0.0
0.0,0.0
-1.899999976158142,1.909999966621399
0.0,0.0
0.0,0.0
0.0,0.0
-6.246024131774902,5.46726131439209
11.772165298461914,0.0
0.0,0.0
0.0,0.0
-2.6909408569335938,1.1963609457015991
2.0,0.0
11.111105918884277,-8.294573783874512
44.44442367553711,-31.857881546020508
11.111105918884277,-6.455312728881836
16.70968246459961,0.0
11.111105918884277,-8.821023941040039
0.0,0.0
2.738100051879883,-0.09000000357627869
0.0,0.0
11.111105918884277,-7.828578948974609
44.44442367553711,-10.32417106628418
11.111105918884277,-6.7861151695251465
27.137060165405273,0.0
11.111105918884277,-7.720486164093018
13.966684341430664,-4.0
9.25952434539795,-3.9246673583984375
7.639999866485596,-4.0
0.0,0.0
0.0,0.0
-1.0,2.7070887088775635
6.983342170715332,0.0
0.0,0.0
0.0,0.0
-1.8637100458145142,3.2943108081817627
0.0,0.0
0.0,0.0
0.0,0.0
-5.554617881774902,4.305844306945801
6.983342170715332,-2.7890379428863525
0.0,0.0
0.0,0.0
-5.403284549713135,7.62104606628418
5.476200103759766,-1.9452379941940308
0.0,0.0
0.0,0.0
0.0,0.0
0.0,0.0
0.0,0.0
0.0,0.0
0.0,0.0
0.0,0.0
0.0,0.0
0.0,0.0
0.0,0.0
0.0,0.0
0.0,0.0
0.0,0.0
0.0,0.0
0.0,0.0
0.0,0.0
0.0,0.0
0.0,0.0
0.0,0.0
0.0,0.0
0.0,0.0
0.0,0.0
0.0,0.0
0.0,0.0
0.0,0.0
0.0,0.0
0.0,0.0
0.0,0.0
0.0,0.0
0.0,0.0
0.0,0.0
0.0,0.0
0.0,0.0
0.0,0.0
0.0,0.0
0.0,0.0
0.0,0.0
0.0,0.0
0.0,0.0
0.0,0.0
0.0,0.0
0.0,0.0
0.0,0.0
0.0,0.0
0.0,0.0
0.0,0.0
0.0,0.0
0.0,0.0
0.0,0.0
0.0,0.0
0.0,0.0
0.0,0.0
0.0,0.0
0.0,0.0
0.0,0.0
0.0,0.0
0.0,0.0
0.0,0.0
0.0,0.0
0.0,0.0
0.0,0.0
0.0,0.0
0.0,0.0
0.0,0.0
0.0,0.0
11.110932350158691,-3.1933481693267822
0.0,0.0
0.0,0.0
0.0,0.0
0.0,0.0
0.0,0.0
11.111105918884277,1.4476940631866455
0.0,0.0
11.111105918884277,8.389985084533691
0.0,0.0
0.0,0.0
0.0,0.0
3.491671085357666,1.0273809432983398
0.0,0.0
0.0,0.0
0.0,0.0
-10.085395812988281,-0.8458262085914612
0.0,0.0
0.0,0.0
0.0,0.0
0.0,0.0
0.0,0.0
-4.709296703338623,10.123211860656738
0.0,0.0
-9.443452835083008,5.647361755371094
0.0,0.0
0.0,0.0
0.0,0.0
-7.72460412979126,0.5732164978981018
0.0,0.0
0.0,0.0
0.0,0.0
10.830327987670898,-3.5101592540740967
0.0,0.0
0.0,0.0
0.0,0.0
0.0,0.0
0.0,0.0
11.111105918884277,9.763875007629395
0.0,0.0
11.111105918884277,2.3530638217926025
0.0,0.0
0.0,0.0
0.0,0.0
1.0,0.0
0.0,0.0
0.0,0.0
0.0,0.0
-8.5674467086792,10.95755386352539
0.0,0.0
0.0,0.0
0.0,0.0
0.0,0.0
0.0,0.0
-3.250948190689087,6.997828483581543
0.0,0.0
-10.100940704345703,2.1755588054656982
0.0,0.0
0.0,0.0
0.0,0.0
-5.052606105804443,0.6035125851631165
0.0,0.0
0.0,0.0
0.0,0.0
0.0,0.0
0.0,0.0
0.0,0.0
0.0,0.0
0.0,0.0
0.0,0.0
0.0,0.0
0.0,0.0
0.0,0.0
0.0,0.0
0.0,0.0
0.0,0.0
0.0,0.0
0.0,0.0
0.0,0.0
0.0,0.0
-105.52957916259766,11.11109447479248
22.042871475219727,-75.71411895751953
0.0,0.0
0.0,0.0
0.0,0.0
0.0,0.0
0.0,0.0
0.0,0.0
-158.96047973632812,11.058634757995605
22.222211837768555,-29.27206039428711
0.0,0.0
0.0,0.0
0.0,0.0
0.0,0.0
0.0,0.0
0.0,0.0
0.0,0.0
0.0,0.0
0.0,0.0
0.0,0.0
0.0,0.0
0.0,0.0
0.0,0.0
0.0,0.0
0.0,0.0
0.0,0.0
0.0,0.0
0.0,0.0
0.0,0.0
0.0,0.0
0.0,0.0
0.0,0.0
-209.1750030517578,-140.2120819091797
-213.75982666015625,-22.204814910888672
0.0,0.0
0.0,0.0
-164.4514617919922,9.25952434539795
0.0,0.0
0.0,0.0
0.0,0.0
-11.111104965209961,-25.446535110473633
22.221736907958984,-28.546810150146484
0.0,0.0
0.0,0.0
-1.909999966621399,-378.4548034667969
0.0,0.0
0.0,0.0
0.0,0.0
0.0,0.0
0.0,0.0
0.0,0.0
0.0,0.0
0.0,0.0
0.0,0.0
0.0,0.0
0.0,0.0
0.0,0.0
0.0,0.0
0.0,0.0
0.0,0.0
0.0,0.0
0.0,0.0
0.0,0.0
0.0,0.0
0.0,0.0
0.0,0.0
0.0,0.0
0.0,0.0
0.0,0.0
0.0,0.0
0.0,0.0
0.0,0.0
0.0,0.0
0.0,0.0
0.0,0.0
0.0,0.0
0.0,0.0
0.0,0.0
0.0,0.0
0.0,0.0
0.0,0.0
0.0,0.0
0.0,0.0
0.0,0.0
0.0,0.0
0.0,0.0
0.0,0.0
0.0,0.0
0.0,0.0
0.0,0.0
0.0,0.0
0.0,0.0
0.0,0.0
0.0,0.0
0.0,0.0
0.0,0.0
0.0,0.0
0.0,0.0
0.0,0.0
0.0,0.0
0.0,0.0
0.0,0.0
0.0,0.0
0.0,0.0
0.0,0.0
0.0,0.0
0.0,0.0
0.0,0.0
0.0,0.0
0.0,0.0
0.0,0.0
0.0,0.0
0.0,0.0
0.0,0.0
0.0,0.0
0.0,0.0
0.0,0.0
0.0,0.0
0.0,0.0
0.0,0.0
0.0,0.0
0.0,0.0
0.0,0.0
0.0,0.0
0.0,0.0
0.0,0.0
0.0,0.0
0.0,0.0
-8.888885498046875,11.111105918884277
22.208032608032227,-16.675151824951172
0.0,0.0
0.0,0.0
0.0,0.0
0.0,0.0
0.0,0.0
0.0,0.0
-8.888885498046875,11.111105918884277
11.772165298461914,-1.9164515733718872
0.0,0.0
0.0,0.0
0.0,0.0
0.0,0.0
0.0,0.0
0.0,0.0
0.0,0.0
0.0,0.0
0.0,0.0
0.0,0.0
0.0,0.0
0.0,0.0
0.0,0.0
0.0,0.0
0.0,0.0
0.0,0.0
0.0,0.0
0.0,0.0
0.0,0.0
0.0,0.0
0.0,0.0
0.0,0.0
-8.888322830200195,11.111105918884277
22.199481964111328,-14.572946548461914
0.0,0.0
0.0,0.0
0.0,0.0
0.0,0.0
0.0,0.0
0.0,0.0
-8.888885498046875,11.111105918884277
21.932025909423828,-13.081937789916992
0.0,0.0
0.0,0.0
0.0,0.0
0.0,0.0
0.0,0.0
0.0,0.0
0.0,0.0
0.0,0.0
0.0,0.0
0.0,0.0
0.0,0.0
0.0,0.0
0.0,0.0
0.0,0.0
0.0,0.0
0.0,0.0
0.0,0.0
0.0,0.0
0.0,0.0
0.0,0.0
0.0,0.0
0.0,0.0
0.0,0.0
0.0,0.0
0.0,0.0
0.0,0.0
0.0,0.0
0.0,0.0
0.0,0.0
0.0,0.0
0.0,0.0
0.0,0.0
0.0,0.0
0.0,0.0
0.0,0.0
0.0,0.0
0.0,0.0
0.0,0.0
0.0,0.0
0.0,0.0
0.0,0.0
0.0,0.0
0.0,0.0
0.0,0.0
0.0,0.0
0.0,0.0
0.0,0.0
0.0,0.0
0.0,0.0
0.0,0.0
0.0,0.0
0.0,0.0
0.0,0.0
0.0,0.0
0.0,0.0
0.0,0.0
0.0,0.0
0.0,0.0
0.0,0.0
0.0,0.0
0.0,0.0
0.0,0.0
0.0,0.0
0.0,0.0
0.0,0.0
0.0,0.0
0.0,0.0
0.0,0.0
11.08191204071045,-3.6889047622680664
16.70968246459961,-4.0
9.841385841369629,-2.4969282150268555
4.0,0.0
0.0,0.0
0.0,0.0
0.0,0.0
0.0,0.0
11.100764274597168,-6.972721099853516
31.402101516723633,0.0
6.784265041351318,-0.9582257866859436
0.0,0.0
0.0,0.0
0.0,0.0
0.0,0.0
0.0,0.0
-6.274481773376465,11.049018859863281
9.6029052734375,0.0
-8.889203071594238,11.111105918884277
22.22218132019043,-17.441482543945312
0.0,0.0
0.0,0.0
0.0,0.0
0.0,0.0
-7.674152374267578,11.022320747375488
13.568530082702637,-5.212645530700684
-10.270478248596191,10.887462615966797
22.222211837768555,-17.74309539794922
0.0,0.0
0.0,0.0
0.0,0.0
0.0,0.0
11.064319610595703,-5.1708083152771
16.70968246459961,-7.52400016784668
9.426167488098145,-3.259225845336914
4.0,0.0
2.738100051879883,0.0
0.0,0.0
0.0,0.0
0.0,0.0
11.107444763183594,-7.618722438812256
28.694725036621094,-10.31395149230957
6.356335163116455,-0.98089998960495
0.0,0.0
4.177420616149902,-1.8726190328598022
0.0,0.0
0.0,0.0
0.0,0.0
-6.999290943145752,11.020565032958984
9.6029052734375,-1.9617999792099
-96.14615631103516,9.258877754211426
22.222204208374023,-17.189678192138672
-0.9900000095367432,1.909999966621399
0.0,0.0
-314.43603515625,-303.7118835449219
0.0,0.0
-7.663448333740234,11.106683731079102
15.056099891662598,-3.65360164642334
-24.197471618652344,10.828853607177734
22.222211837768555,-17.61128807067871
-0.98089998960495,5.369321823120117
0.0,0.0
-367.4398193359375,-127.01350402832031
0.0,0.0
0.0,0.0
0.0,0.0
0.0,0.0
0.0,0.0
0.0,0.0
0.0,0.0
0.0,0.0
0.0,0.0
0.0,0.0
0.0,0.0
0.0,0.0
0.0,0.0
0.0,0.0
0.0,0.0
0.0,0.0
0.0,0.0
0.0,0.0
0.0,0.0
0.0,0.0
0.0,0.0
0.0,0.0
0.0,0.0
0.0,0.0
0.0,0.0
0.0,0.0
0.0,0.0
0.0,0.0
0.0,0.0
0.0,0.0
0.0,0.0
0.0,0.0
0.0,0.0
0.0,0.0
0.0,0.0
0.0,0.0
0.0,0.0
0.0,0.0
0.0,0.0
0.0,0.0
0.0,0.0
0.0,0.0
0.0,0.0
0.0,0.0
0.0,0.0
0.0,0.0
0.0,0.0
0.0,0.0
0.0,0.0
0.0,0.0
0.0,0.0
0.0,0.0
0.0,0.0
0.0,0.0
0.0,0.0
0.0,0.0
0.0,0.0
0.0,0.0
0.0,0.0
0.0,0.0
0.0,0.0
0.0,0.0
0.0,0.0
0.0,0.0
0.0,0.0
0.0,0.0
0.0,0.0
1.909999966621399,0.0
0.0,0.0
0.0,0.0
0.0,0.0
0.0,0.0
0.0,0.0
10.918563842773438,-2.5436129570007324
0.0,0.0
6.356335163116455,-1.8560832738876343
0.0,0.0
0.0,0.0
0.0,0.0
0.0,0.0
0.0,0.0
0.0,0.0
0.0,0.0
-8.888894081115723,11.111102104187012
0.0,0.0
0.0,0.0
0.0,0.0
0.0,0.0
0.0,0.0
-8.628986358642578,-110.89582824707031
0.0,0.0
-9.015981674194336,11.030877113342285
0.0,0.0
0.0,0.0
0.0,0.0
0.0,0.0
0.0,0.0
0.0,0.0
0.0,0.0
0.0,0.0
0.0,0.0
0.0,0.0
0.0,0.0
0.0,0.0
0.0,0.0
1.0,0.0
0.0,0.0
0.0,0.0
0.0,0.0
0.0,0.0
0.0,0.0
0.0,0.0
0.0,0.0
0.0,0.0
0.0,0.0
-3.259796380996704,8.875165939331055
0.0,0.0
0.0,0.0
0.0,0.0
0.0,0.0
0.0,0.0
-1.899999976158142,1.909999966621399
0.0,0.0
-4.823246479034424,10.661160469055176
0.0,0.0
0.0,0.0
0.0,0.0
0.0,0.0
0.0,0.0
0.0,0.0
0.0,0.0
0.0,0.0
0.0,0.0
0.0,0.0
0.0,0.0
0.0,0.0
0.0,0.0
0.0,0.0
0.0,0.0
0.0,0.0
0.0,0.0
0.0,0.0
0.0,0.0
0.0,0.0
0.0,0.0
0.0,0.0
0.0,0.0
0.0,0.0
0.0,0.0
0.0,0.0
0.0,0.0
0.0,0.0
0.0,0.0
0.0,0.0
0.0,0.0
0.0,0.0
0.0,0.0
0.0,0.0
0.0,0.0
0.0,0.0
0.0,0.0
0.0,0.0
0.0,0.0
0.0,0.0
0.0,0.0
0.0,0.0
0.0,0.0
0.0,0.0
0.0,0.0
0.0,0.0
0.0,0.0
0.0,0.0
0.0,0.0
0.0,0.0
0.0,0.0
0.0,0.0
0.0,0.0
0.0,0.0
0.0,0.0
0.0,0.0
0.0,0.0
0.0,0.0
0.0,0.0
0.0,0.0
0.0,0.0
0.0,0.0
0.0,0.0
0.0,0.0
0.0,0.0
0.0,0.0
0.0,0.0
0.0,0.0
0.0,0.0
