-8.856793403625488,6.873873233795166
0.0,0.0
0.0,0.0
0.0,0.0
0.0,0.0
0.0,0.0
0.0,0.0
0.0,0.0
0.0,0.0
0.0,0.0
0.0,0.0
0.0,0.0
0.0,0.0
0.0,0.0
0.0,0.0
0.0,0.0
0.0,0.0
0.0,0.0
7.907155513763428,30.670257568359375
17.75033187866211,-1.9039709568023682
0.0,0.0
0.0,0.0
0.0,0.0
0.0,0.0
0.0,0.0
0.0,0.0
10.979728698730469,27.11583709716797
22.0722599029541,-9.518796920776367
0.0,0.0
0.0,0.0
-3.4026191234588623,7.528049945831299
0.0,0.0
0.0,0.0
0.0,0.0
0.0,0.0
0.0,0.0
0.0,0.0
0.0,0.0
0.0,0.0
0.0,0.0
0.0,0.0
0.0,0.0
0.0,0.0
0.0,0.0
0.0,0.0
0.0,0.0
0.0,0.0
0.0,0.0
0.0,0.0
0.0,0.0
-8.828508377075195,11.114543914794922
0.0,0.0
0.0,0.0
0.0,0.0
-8.890135765075684,11.098482131958008
0.0,0.0
0.0,0.0
0.0,0.0
-8.889683723449707,11.062562942504883
14.347362518310547,0.0
0.0,0.0
0.0,0.0
-8.880024909973145,11.111105918884277
0.0,0.0
0.0,0.0
0.0,0.0
0.0,0.0
0.0,0.0
0.0,0.0
0.0,0.0
0.0,0.0
0.0,0.0
0.0,0.0
0.0,0.0
0.0,0.0
0.0,0.0
0.0,0.0
0.0,0.0
0.0,0.0
0.0,0.0
0.0,0.0
0.0,0.0
-8.921958923339844,10.887473106384277
22.222211837768555,-17.718656539916992
0.0,0.0
0.0,0.0
-8.849836349487305,11.111105918884277
22.185781478881836,-9.328241348266602
0.0,0.0
0.0,0.0
-8.902642250061035,10.877683639526367
22.222164154052734,-17.777795791625977
0.0,0.0
0.0,0.0
-9.060369491577148,7.570655345916748
22.222211837768555,-17.811370849609375
0.0,0.0
0.0,0.0
0.0,0.0
0.0,0.0
0.0,0.0
0.0,0.0
0.0,0.0
0.0,0.0
0.0,0.0
0.0,0.0
0.0,0.0
0.0,0.0
0.0,0.0
0.0,0.0
0.0,0.0
0.0,0.0
0.0,0.0
0.0,0.0
-8.888899803161621,11.111105918884277
22.222211837768555,-17.775745391845703
0.0,0.0
0.0,0.0
-8.89495849609375,11.111105918884277
22.222211837768555,-17.677936553955078
0.0,0.0
0.0,0.0
-8.891746520996094,10.866615295410156
22.222209930419922,-18.192777633666992
0.0,0.0
0.0,0.0
-8.889623641967773,11.111104965209961
22.222211837768555,-17.77700424194336
0.0,0.0
0.0,0.0
0.0,0.0
0.0,0.0
0.0,0.0
0.0,0.0
0.0,0.0
0.0,0.0
0.0,0.0
0.0,0.0
0.0,0.0
0.0,0.0
0.0,0.0
0.0,0.0
0.0,0.0
0.0,0.0
0.0,0.0
0.0,0.0
0.5754300951957703,19.65741729736328
22.161376953125,-17.787391662597656
0.0,0.0
0.0,0.0
0.0,0.0
0.0,0.0
0.0,0.0
0.0,0.0
6.874568939208984,22.63897132873535
22.222211837768555,-16.658594131469727
0.0,0.0
0.0,0.0
-8.363995552062988,11.111105918884277
0.0,0.0
0.0,0.0
0.0,0.0
0.0,0.0
0.0,0.0
0.0,0.0
0.0,0.0
0.0,0.0
0.0,0.0
0.0,0.0
0.0,0.0
0.0,0.0
0.0,0.0
0.0,0.0
0.0,0.0
0.0,0.0
0.0,0.0
0.0,0.0
0.0,0.0
0.0,0.0
0.0,0.0
0.0,0.0
0.0,0.0
0.0,0.0
0.0,0.0
0.0,0.0
0.0,0.0
0.0,0.0
0.0,0.0
0.0,0.0
0.0,0.0
0.0,0.0
0.0,0.0
0.0,0.0
0.0,0.0
0.0,0.0
0.0,0.0
0.0,0.0
0.0,0.0
0.0,0.0
0.0,0.0
0.0,0.0
0.0,0.0
0.0,0.0
0.0,0.0
0.0,0.0
0.0,0.0
0.0,0.0
0.0,0.0
0.0,0.0
0.0,0.0
-8.913383483886719,10.86561107635498
0.0,0.0
0.0,0.0
0.0,0.0
0.0,0.0
0.0,0.0
0.0,0.0
0.0,0.0
-8.925005912780762,10.749669075012207
22.222116470336914,-17.777799606323242
0.0,0.0
0.0,0.0
-9.066272735595703,3.3957550525665283
0.0,0.0
0.0,0.0
0.0,0.0
0.0,0.0
0.0,0.0
0.0,0.0
0.0,0.0
0.0,0.0
0.0,0.0
0.0,0.0
0.0,0.0
0.0,0.0
0.0,0.0
0.0,0.0
0.0,0.0
0.0,0.0
0.0,0.0
0.0,0.0
0.0,0.0
-8.889328002929688,11.111099243164062
0.0,0.0
0.0,0.0
0.0,0.0
0.0,0.0
0.0,0.0
0.0,0.0
0.0,0.0
-8.96039867401123,10.664405822753906
22.222211837768555,-17.77777099609375
0.0,0.0
0.0,0.0
-9.07583236694336,8.80291748046875
0.0,0.0
0.0,0.0
0.0,0.0
0.0,0.0
0.0,0.0
0.0,0.0
0.0,0.0
0.0,0.0
0.0,0.0
0.0,0.0
0.0,0.0
0.0,0.0
0.0,0.0
0.0,0.0
0.0,0.0
0.0,0.0
0.0,0.0
0.0,0.0
0.0,0.0
0.0,0.0
0.0,0.0
0.0,0.0
0.0,0.0
0.0,0.0
0.0,0.0
0.0,0.0
0.0,0.0
0.0,0.0
0.0,0.0
0.0,0.0
0.0,0.0
0.0,0.0
0.0,0.0
0.0,0.0
0.0,0.0
0.0,0.0
0.0,0.0
0.0,0.0
0.0,0.0
0.0,0.0
0.0,0.0
0.0,0.0
0.0,0.0
0.0,0.0
0.0,0.0
0.0,0.0
0.0,0.0
0.0,0.0
0.0,0.0
0.0,0.0
0.0,0.0
0.0,0.0
0.0,0.0
0.0,0.0
0.0,0.0
0.0,0.0
0.0,0.0
0.0,0.0
0.0,0.0
0.0,0.0
0.0,0.0
0.0,0.0
0.0,0.0
0.0,0.0
0.0,0.0
11.111105918884277,-6.976480484008789
44.44442367553711,-22.69036865234375
11.111105918884277,-8.554354667663574
35.50066375732422,-3.9235999584198
1.909999966621399,-0.9900000095367432
0.0,0.0
6.356335163116455,-0.9726189970970154
0.0,0.0
11.111105918884277,-6.0708088874816895
44.44442367553711,-20.920581817626953
11.111105918884277,-6.290611267089844
39.8226432800293,-2.091277599334717
0.0,0.0
0.0,0.0
10.059651374816895,-0.905738353729248
0.0,0.0
0.0,0.0
0.0,0.0
-8.831284523010254,1.763205647468567
15.701050758361816,-1.2629894018173218
0.0,0.0
0.0,0.0
-2.6750831604003906,6.895913600921631
0.0,0.0
0.0,0.0
0.0,0.0
-9.300558090209961,9.164355278015137
20.308565139770508,-1.8224966526031494
0.0,0.0
0.0,0.0
-5.203019142150879,-3.456275701522827
3.819999933242798,0.0
11.111105918884277,-7.886323928833008
44.44442367553711,-30.523916244506836
11.111105918884277,-8.767729759216309
32.57591247558594,-3.698878049850464
11.111105918884277,-8.709259033203125
0.0,0.0
8.875165939331055,-0.05636192113161087
0.0,0.0
11.111105918884277,-5.860320568084717
44.44442367553711,-15.207642555236816
11.111105918884277,-8.268816947937012
42.271034240722656,1.1423532962799072
11.111105918884277,-7.4307355880737305
13.966684341430664,-4.0
11.0596923828125,-3.266211748123169
25.42534065246582,-7.460333347320557
0.0,0.0
0.0,0.0
-3.3338489532470703,7.213115215301514
15.056099891662598,2.1505610942840576
0.0,0.0
0.0,0.0
-3.3242547512054443,7.5936737060546875
0.0,0.0
0.0,0.0
0.0,0.0
-8.769438743591309,3.4187545776367188
17.30805778503418,-1.8292207717895508
0.0,0.0
0.0,0.0
-6.92799186706543,8.591611862182617
17.30805778503418,-5.242959499359131
0.0,0.0
0.0,0.0
0.0,0.0
0.0,0.0
0.0,0.0
0.0,0.0
0.0,0.0
0.0,0.0
0.0,0.0
0.0,0.0
0.0,0.0
0.0,0.0
0.0,0.0
0.0,0.0
0.0,0.0
0.0,0.0
0.0,0.0
0.0,0.0
0.0,0.0
0.0,0.0
0.0,0.0
0.0,0.0
0.0,0.0
0.0,0.0
0.0,0.0
0.0,0.0
0.0,0.0
0.0,0.0
0.0,0.0
0.0,0.0
0.0,0.0
0.0,0.0
0.0,0.0
0.0,0.0
0.0,0.0
0.0,0.0
0.0,0.0
0.0,0.0
0.0,0.0
0.0,0.0
0.0,0.0
0.0,0.0
0.0,0.0
0.0,0.0
0.0,0.0
0.0,0.0
0.0,0.0
0.0,0.0
0.0,0.0
0.0,0.0
0.0,0.0
0.0,0.0
0.0,0.0
0.0,0.0
0.0,0.0
0.0,0.0
0.0,0.0
0.0,0.0
0.0,0.0
0.0,0.0
0.0,0.0
0.0,0.0
0.0,0.0
0.0,0.0
0.0,0.0
0.0,0.0
11.111105918884277,-5.2735490798950195
0.0,0.0
0.0,0.0
0.0,0.0
0.0,0.0
0.0,0.0
11.099748611450195,1.0653431415557861
0.0,0.0
11.111105918884277,4.510380268096924
0.0,0.0
0.0,0.0
0.0,0.0
9.715808868408203,4.975449562072754
0.0,0.0
0.0,0.0
0.0,0.0
-10.100895881652832,-1.0092036724090576
0.0,0.0
0.0,0.0
0.0,0.0
0.0,0.0
0.0,0.0
-8.799153327941895,11.110451698303223
0.0,0.0
-9.700567245483398,2.994847536087036
0.0,0.0
0.0,0.0
0.0,0.0
-9.948075294494629,-6.372020244598389
0.0,0.0
0.0,0.0
0.0,0.0
11.111105918884277,-8.082648277282715
0.0,0.0
0.0,0.0
0.0,0.0
0.0,0.0
0.0,0.0
11.111105918884277,-2.7104713916778564
0.0,0.0
11.111105918884277,3.757398843765259
0.0,0.0
0.0,0.0
0.0,0.0
4.80145263671875,1.0273809432983398
0.0,0.0
0.0,0.0
0.0,0.0
-8.923982620239258,11.11109733581543
0.0,0.0
0.0,0.0
0.0,0.0
0.0,0.0
0.0,0.0
-7.36525297164917,11.104366302490234
0.0,0.0
-9.685687065124512,1.4894357919692993
0.0,0.0
0.0,0.0
0.0,0.0
-9.312457084655762,-3.4187943935394287
0.0,0.0
0.0,0.0
0.0,0.0
0.0,0.0
0.0,0.0
0.0,0.0
0.0,0.0
0.0,0.0
0.0,0.0
0.0,0.0
0.0,0.0
0.0,0.0
0.0,0.0
0.0,0.0
0.0,0.0
0.0,0.0
0.0,0.0
0.0,0.0
0.0,0.0
-9.882039070129395,2.9364402294158936
22.22176742553711,-20.279693603515625
0.0,0.0
0.0,0.0
0.0,0.0
0.0,0.0
0.0,0.0
0.0,0.0
-9.988386154174805,-1.6811444759368896
21.126239776611328,-99.14483642578125
0.0,0.0
0.0,0.0
0.0,0.0
0.0,0.0
0.0,0.0
0.0,0.0
0.0,0.0
0.0,0.0
0.0,0.0
0.0,0.0
0.0,0.0
0.0,0.0
0.0,0.0
0.0,0.0
0.0,0.0
0.0,0.0
0.0,0.0
0.0,0.0
0.0,0.0
0.0,0.0
0.0,0.0
0.0,0.0
-24.145374298095703,-52.66102981567383
-78.09844207763672,-28.943878173828125
0.0,0.0
0.0,0.0
-279.0417785644531,-8.846789360046387
0.0,0.0
0.0,0.0
0.0,0.0
-120.55838012695312,11.019031524658203
22.222211837768555,-272.87469482421875
0.0,0.0
0.0,0.0
-319.70391845703125,-472.2818603515625
0.0,0.0
0.0,0.0
0.0,0.0
0.0,0.0
0.0,0.0
0.0,0.0
0.0,0.0
0.0,0.0
0.0,0.0
0.0,0.0
0.0,0.0
0.0,0.0
0.0,0.0
0.0,0.0
0.0,0.0
0.0,0.0
0.0,0.0
0.0,0.0
0.0,0.0
0.0,0.0
0.0,0.0
0.0,0.0
0.0,0.0
0.0,0.0
0.0,0.0
0.0,0.0
0.0,0.0
0.0,0.0
0.0,0.0
0.0,0.0
0.0,0.0
0.0,0.0
0.0,0.0
0.0,0.0
0.0,0.0
0.0,0.0
0.0,0.0
0.0,0.0
0.0,0.0
0.0,0.0
0.0,0.0
0.0,0.0
0.0,0.0
0.0,0.0
0.0,0.0
0.0,0.0
0.0,0.0
0.0,0.0
0.0,0.0
0.0,0.0
0.0,0.0
0.0,0.0
0.0,0.0
0.0,0.0
0.0,0.0
0.0,0.0
0.0,0.0
0.0,0.0
0.0,0.0
0.0,0.0
0.0,0.0
0.0,0.0
0.0,0.0
0.0,0.0
0.0,0.0
0.0,0.0
0.0,0.0
0.0,0.0
0.0,0.0
0.0,0.0
0.0,0.0
0.0,0.0
0.0,0.0
0.0,0.0
0.0,0.0
0.0,0.0
0.0,0.0
0.0,0.0
0.0,0.0
0.0,0.0
0.0,0.0
0.0,0.0
0.0,0.0
-8.888885498046875,11.111105918884277
22.222211837768555,-17.550867080688477
0.0,0.0
0.0,0.0
0.0,0.0
0.0,0.0
0.0,0.0
0.0,0.0
-8.888973236083984,11.111105918884277
22.221302032470703,-12.884410858154297
0.0,0.0
0.0,0.0
0.0,0.0
0.0,0.0
0.0,0.0
0.0,0.0
0.0,0.0
0.0,0.0
0.0,0.0
0.0,0.0
0.0,0.0
0.0,0.0
0.0,0.0
0.0,0.0
0.0,0.0
0.0,0.0
0.0,0.0
0.0,0.0
0.0,0.0
0.0,0.0
0.0,0.0
0.0,0.0
-11.043296813964844,-77.14993286132812
22.22197723388672,-16.536272048950195
0.0,0.0
0.0,0.0
0.0,0.0
0.0,0.0
0.0,0.0
0.0,0.0
-8.921525001525879,10.792215347290039
22.192045211791992,-13.97580623626709
0.0,0.0
0.0,0.0
0.0,0.0
0.0,0.0
0.0,0.0
0.0,0.0
0.0,0.0
0.0,0.0
0.0,0.0
0.0,0.0
0.0,0.0
0.0,0.0
0.0,0.0
0.0,0.0
0.0,0.0
0.0,0.0
0.0,0.0
0.0,0.0
0.0,0.0
0.0,0.0
0.0,0.0
0.0,0.0
0.0,0.0
0.0,0.0
0.0,0.0
0.0,0.0
0.0,0.0
0.0,0.0
0.0,0.0
0.0,0.0
0.0,0.0
0.0,0.0
0.0,0.0
0.0,0.0
0.0,0.0
0.0,0.0
0.0,0.0
0.0,0.0
0.0,0.0
0.0,0.0
0.0,0.0
0.0,0.0
0.0,0.0
0.0,0.0
0.0,0.0
0.0,0.0
0.0,0.0
0.0,0.0
0.0,0.0
0.0,0.0
0.0,0.0
0.0,0.0
0.0,0.0
0.0,0.0
0.0,0.0
0.0,0.0
0.0,0.0
0.0,0.0
0.0,0.0
0.0,0.0
0.0,0.0
0.0,0.0
0.0,0.0
0.0,0.0
0.0,0.0
0.0,0.0
0.0,0.0
0.0,0.0
11.111105918884277,-8.256814956665039
37.70466995239258,-10.345582962036133
11.109216690063477,-6.1539764404296875
4.0,0.0
0.0,0.0
0.0,0.0
0.0,0.0
0.0,0.0
11.111105918884277,-8.777473449707031
42.80662536621094,-3.590384006500244
10.855598449707031,-4.765602111816406
0.0,0.0
0.0,0.0
0.0,0.0
0.0,0.0
0.0,0.0
-11.108805656433105,-47.234413146972656
19.682771682739258,-3.4869918823242188
-10.236730575561523,9.054112434387207
22.222211837768555,-17.777591705322266
0.0,0.0
0.0,0.0
0.0,0.0
0.0,0.0
-8.81850528717041,11.111105918884277
21.135517120361328,-8.713607788085938
-23.74232292175293,-101.9556655883789
22.222211837768555,-17.777759552001953
0.0,0.0
0.0,0.0
0.0,0.0
0.0,0.0
11.111105918884277,-7.838954925537109
32.57591247558594,-15.785006523132324
11.102542877197266,-6.736106872558594
4.0,0.0
7.173681259155273,-1.7799392938613892
0.0,0.0
0.0,0.0
0.0,0.0
11.111105918884277,-8.822419166564941
41.81986618041992,-10.31395149230957
10.567758560180664,-2.527561902999878
0.0,0.0
9.577812194824219,-3.2481932640075684
0.0,0.0
0.0,0.0
0.0,0.0
-8.583412170410156,11.110337257385254
18.152801513671875,-1.9617999792099
-63.071231842041016,11.111102104187012
22.222211837768555,-17.775793075561523
-1.8429855108261108,7.173681259155273
0.0,0.0
-292.5795593261719,-313.26251220703125
0.0,0.0
-8.873312950134277,9.972900390625
21.028039932250977,-3.65360164642334
-18.20461082458496,-86.47167205810547
22.222211837768555,-17.777084350585938
-2.544396162033081,9.955660820007324
0.0,0.0
-214.87625122070312,-422.9576721191406
0.0,0.0
0.0,0.0
0.0,0.0
0.0,0.0
0.0,0.0
0.0,0.0
0.0,0.0
0.0,0.0
0.0,0.0
0.0,0.0
0.0,0.0
0.0,0.0
0.0,0.0
0.0,0.0
0.0,0.0
0.0,0.0
0.0,0.0
0.0,0.0
0.0,0.0
0.0,0.0
0.0,0.0
0.0,0.0
0.0,0.0
0.0,0.0
0.0,0.0
0.0,0.0
0.0,0.0
0.0,0.0
0.0,0.0
0.0,0.0
0.0,0.0
0.0,0.0
0.0,0.0
0.0,0.0
0.0,0.0
0.0,0.0
0.0,0.0
0.0,0.0
0.0,0.0
0.0,0.0
0.0,0.0
0.0,0.0
0.0,0.0
0.0,0.0
0.0,0.0
0.0,0.0
0.0,0.0
0.0,0.0
0.0,0.0
0.0,0.0
0.0,0.0
0.0,0.0
0.0,0.0
0.0,0.0
0.0,0.0
0.0,0.0
0.0,0.0
0.0,0.0
0.0,0.0
0.0,0.0
0.0,0.0
0.0,0.0
0.0,0.0
0.0,0.0
0.0,0.0
0.0,0.0
0.0,0.0
4.80145263671875,0.0
0.0,0.0
0.0,0.0
0.0,0.0
0.0,0.0
0.0,0.0
11.111092567443848,-8.033041954040527
0.0,0.0
9.841385841369629,-2.77947998046875
0.0,0.0
0.0,0.0
0.0,0.0
0.0,0.0
0.0,0.0
0.0,0.0
0.0,0.0
-8.91177749633789,10.951005935668945
0.0,0.0
0.0,0.0
0.0,0.0
0.0,0.0
0.0,0.0
-190.08627319335938,5.559200286865234
0.0,0.0
-9.065435409545898,11.07909107208252
0.0,0.0
0.0,0.0
0.0,0.0
0.0,0.0
0.0,0.0
0.0,0.0
0.0,0.0
0.0,0.0
0.0,0.0
0.0,0.0
0.0,0.0
0.0,0.0
0.0,0.0
4.80145263671875,0.0
0.0,0.0
0.0,0.0
0.0,0.0
0.0,0.0
0.0,0.0
0.0,0.0
0.0,0.0
0.0,0.0
0.0,0.0
-4.360333442687988,10.772041320800781
0.0,0.0
0.0,0.0
0.0,0.0
0.0,0.0
0.0,0.0
-1.899999976158142,5.369321823120117
0.0,0.0
-8.399388313293457,11.111048698425293
0.0,0.0
0.0,0.0
0.0,0.0
0.0,0.0
0.0,0.0
0.0,0.0
0.0,0.0
0.0,0.0
0.0,0.0
0.0,0.0
0.0,0.0
0.0,0.0
0.0,0.0
0.0,0.0
0.0,0.0
0.0,0.0
0.0,0.0
0.0,0.0
0.0,0.0
0.0,0.0
0.0,0.0
0.0,0.0
0.0,0.0
0.0,0.0
0.0,0.0
0.0,0.0
0.0,0.0
0.0,0.0
0.0,0.0
0.0,0.0
0.0,0.0
0.0,0.0
0.0,0.0
0.0,0.0
0.0,0.0
0.0,0.0
0.0,0.0
0.0,0.0
0.0,0.0
0.0,0.0
0.0,0.0
0.0,0.0
0.0,0.0
0.0,0.0
0.0,0.0
0.0,0.0
0.0,0.0
0.0,0.0
0.0,0.0
0.0,0.0
0.0,0.0
0.0,0.0
0.0,0.0
0.0,0.0
0.0,0.0
0.0,0.0
0.0,0.0
0.0,0.0
0.0,0.0
0.0,0.0
0.0,0.0
0.0,0.0
0.0,0.0
0.0,0.0
0.0,0.0
0.0,0.0
0.0,0.0
0.0,0.0
0.0,0.0
