-5.642754077911377,6.9591498374938965
0.0,0.0
0.0,0.0
0.0,0.0
0.0,0.0
0.0,0.0
0.0,0.0
0.0,0.0
0.0,0.0
0.0,0.0
0.0,0.0
0.0,0.0
0.0,0.0
0.0,0.0
0.0,0.0
0.0,0.0
0.0,0.0
0.0,0.0
16.645828247070312,30.670257568359375
16.822040557861328,-1.9039709568023682
0.0,0.0
0.0,0.0
0.0,0.0
0.0,0.0
0.0,0.0
0.0,0.0
11.08398723602295,27.11583709716797
21.981910705566406,-8.5993013381958
0.0,0.0
0.0,0.0
-3.4026191234588623,7.528049945831299
0.0,0.0
0.0,0.0
0.0,0.0
0.0,0.0
0.0,0.0
0.0,0.0
0.0,0.0
0.0,0.0
0.0,0.0
0.0,0.0
0.0,0.0
0.0,0.0
0.0,0.0
0.0,0.0
0.0,0.0
0.0,0.0
0.0,0.0
0.0,0.0
0.0,0.0
-8.22236156463623,28.14886474609375
0.0,0.0
0.0,0.0
0.0,0.0
-8.893983840942383,11.091959953308105
0.0,0.0
0.0,0.0
0.0,0.0
-8.985247611999512,11.064227104187012
14.347362518310547,0.0
0.0,0.0
0.0,0.0
-8.875377655029297,11.111105918884277
0.0,0.0
0.0,0.0
0.0,0.0
0.0,0.0
0.0,0.0
0.0,0.0
0.0,0.0
0.0,0.0
0.0,0.0
0.0,0.0
0.0,0.0
0.0,0.0
0.0,0.0
0.0,0.0
0.0,0.0
0.0,0.0
0.0,0.0
0.0,0.0
0.0,0.0
-8.930960655212402,11.100704193115234
22.222211837768555,-17.423261642456055
0.0,0.0
0.0,0.0
-8.849836349487305,11.111105918884277
22.04113006591797,-7.34376335144043
0.0,0.0
0.0,0.0
-8.89823055267334,11.104705810546875
22.22039794921875,-21.009897232055664
0.0,0.0
0.0,0.0
-9.002791404724121,9.448023796081543
22.222211837768555,-17.896717071533203
0.0,0.0
0.0,0.0
0.0,0.0
0.0,0.0
0.0,0.0
0.0,0.0
0.0,0.0
0.0,0.0
0.0,0.0
0.0,0.0
0.0,0.0
0.0,0.0
0.0,0.0
0.0,0.0
0.0,0.0
0.0,0.0
0.0,0.0
0.0,0.0
-8.888911247253418,11.111105918884277
22.222211837768555,-17.7752685546875
0.0,0.0
0.0,0.0
-8.912691116333008,11.106624603271484
22.222211837768555,-17.569028854370117
0.0,0.0
0.0,0.0
-8.904178619384766,10.81967830657959
22.137893676757812,-70.60720825195312
0.0,0.0
0.0,0.0
-8.91372299194336,10.971626281738281
22.222211837768555,-17.775779724121094
0.0,0.0
0.0,0.0
0.0,0.0
0.0,0.0
0.0,0.0
0.0,0.0
0.0,0.0
0.0,0.0
0.0,0.0
0.0,0.0
0.0,0.0
0.0,0.0
0.0,0.0
0.0,0.0
0.0,0.0
0.0,0.0
0.0,0.0
0.0,0.0
0.5753296613693237,19.65741729736328
19.96199607849121,-18.183650970458984
0.0,0.0
0.0,0.0
0.0,0.0
0.0,0.0
0.0,0.0
0.0,0.0
4.015362739562988,22.63897132873535
22.222211837768555,-16.07196617126465
0.0,0.0
0.0,0.0
-8.088866233825684,11.111105918884277
0.0,0.0
0.0,0.0
0.0,0.0
0.0,0.0
0.0,0.0
0.0,0.0
0.0,0.0
0.0,0.0
0.0,0.0
0.0,0.0
0.0,0.0
0.0,0.0
0.0,0.0
0.0,0.0
0.0,0.0
0.0,0.0
0.0,0.0
0.0,0.0
0.0,0.0
0.0,0.0
0.0,0.0
0.0,0.0
0.0,0.0
0.0,0.0
0.0,0.0
0.0,0.0
0.0,0.0
0.0,0.0
0.0,0.0
0.0,0.0
0.0,0.0
0.0,0.0
0.0,0.0
0.0,0.0
0.0,0.0
0.0,0.0
0.0,0.0
0.0,0.0
0.0,0.0
0.0,0.0
0.0,0.0
0.0,0.0
0.0,0.0
0.0,0.0
0.0,0.0
0.0,0.0
0.0,0.0
0.0,0.0
0.0,0.0
0.0,0.0
0.0,0.0
-8.913383483886719,10.86561107635498
0.0,0.0
0.0,0.0
0.0,0.0
0.0,0.0
0.0,0.0
0.0,0.0
0.0,0.0
-8.9248685836792,10.751315116882324
22.222116470336914,-17.777812957763672
0.0,0.0
0.0,0.0
-9.076766967773438,10.323440551757812
0.0,0.0
0.0,0.0
0.0,0.0
0.0,0.0
0.0,0.0
0.0,0.0
0.0,0.0
0.0,0.0
0.0,0.0
0.0,0.0
0.0,0.0
0.0,0.0
0.0,0.0
0.0,0.0
0.0,0.0
0.0,0.0
0.0,0.0
0.0,0.0
0.0,0.0
-8.89642333984375,11.10986328125
0.0,0.0
0.0,0.0
0.0,0.0
0.0,0.0
0.0,0.0
0.0,0.0
0.0,0.0
-8.967211723327637,10.503256797790527
22.222211837768555,-17.777732849121094
0.0,0.0
0.0,0.0
-9.041722297668457,5.46690034866333
0.0,0.0
0.0,0.0
0.0,0.0
0.0,0.0
0.0,0.0
0.0,0.0
0.0,0.0
0.0,0.0
0.0,0.0
0.0,0.0
0.0,0.0
0.0,0.0
0.0,0.0
0.0,0.0
0.0,0.0
0.0,0.0
0.0,0.0
0.0,0.0
0.0,0.0
0.0,0.0
0.0,0.0
0.0,0.0
0.0,0.0
0.0,0.0
0.0,0.0
0.0,0.0
0.0,0.0
0.0,0.0
0.0,0.0
0.0,0.0
0.0,0.0
0.0,0.0
0.0,0.0
0.0,0.0
0.0,0.0
0.0,0.0
0.0,0.0
0.0,0.0
0.0,0.0
0.0,0.0
0.0,0.0
0.0,0.0
0.0,0.0
0.0,0.0
0.0,0.0
0.0,0.0
0.0,0.0
0.0,0.0
0.0,0.0
0.0,0.0
0.0,0.0
0.0,0.0
0.0,0.0
0.0,0.0
0.0,0.0
0.0,0.0
0.0,0.0
0.0,0.0
0.0,0.0
0.0,0.0
0.0,0.0
0.0,0.0
0.0,0.0
0.0,0.0
0.0,0.0
11.111105918884277,-5.4108147621154785
44.44442367553711,1.7214385271072388
11.111105918884277,-5.157163619995117
32.57591247558594,-3.9235999584198
1.909999966621399,-0.9900000095367432
0.0,0.0
6.356335163116455,-0.9726189970970154
0.0,0.0
11.111105918884277,-6.675065517425537
44.44442367553711,-28.28571128845215
11.111105918884277,-5.812352180480957
38.86323547363281,-7.205481052398682
0.0,0.0
0.0,0.0
9.715808868408203,-0.905738353729248
0.0,0.0
0.0,0.0
0.0,0.0
-8.581595420837402,8.198732376098633
15.056099891662598,-3.799999952316284
0.0,0.0
0.0,0.0
-2.6750831604003906,6.020907402038574
0.0,0.0
0.0,0.0
0.0,0.0
-9.27433967590332,6.165868759155273
19.682771682739258,-1.8224966526031494
0.0,0.0
0.0,0.0
-4.061570644378662,0.733543336391449
3.819999933242798,0.0
11.111105918884277,-5.933430194854736
44.44442367553711,-31.697744369506836
11.111105918884277,-4.176225185394287
30.112199783325195,-3.698878049850464
11.111105918884277,-6.862112045288086
0.0,0.0
8.143978118896484,-0.05636192113161087
0.0,0.0
11.111105918884277,-7.0224833488464355
44.44442367553711,-26.61509132385254
11.111105918884277,-8.861078262329102
40.23860549926758,-3.636944055557251
11.111105918884277,-8.887864112854004
13.966684341430664,-4.0
11.03612995147705,-4.1680097579956055
21.47728729248047,-7.460333347320557
0.0,0.0
0.0,0.0
-3.3338489532470703,5.938412189483643
14.347362518310547,0.0
0.0,0.0
0.0,0.0
-3.3242547512054443,5.474482536315918
0.0,0.0
0.0,0.0
0.0,0.0
-8.468681335449219,8.760919570922852
15.056099891662598,-1.8292207717895508
0.0,0.0
0.0,0.0
-6.92799186706543,7.168376445770264
14.347362518310547,-5.242959499359131
0.0,0.0
0.0,0.0
0.0,0.0
0.0,0.0
0.0,0.0
0.0,0.0
0.0,0.0
0.0,0.0
0.0,0.0
0.0,0.0
0.0,0.0
0.0,0.0
0.0,0.0
0.0,0.0
0.0,0.0
0.0,0.0
0.0,0.0
0.0,0.0
0.0,0.0
0.0,0.0
0.0,0.0
0.0,0.0
0.0,0.0
0.0,0.0
0.0,0.0
0.0,0.0
0.0,0.0
0.0,0.0
0.0,0.0
0.0,0.0
0.0,0.0
0.0,0.0
0.0,0.0
0.0,0.0
0.0,0.0
0.0,0.0
0.0,0.0
0.0,0.0
0.0,0.0
0.0,0.0
0.0,0.0
0.0,0.0
0.0,0.0
0.0,0.0
0.0,0.0
0.0,0.0
0.0,0.0
0.0,0.0
0.0,0.0
0.0,0.0
0.0,0.0
0.0,0.0
0.0,0.0
0.0,0.0
0.0,0.0
0.0,0.0
0.0,0.0
0.0,0.0
0.0,0.0
0.0,0.0
0.0,0.0
0.0,0.0
0.0,0.0
0.0,0.0
0.0,0.0
0.0,0.0
11.111105918884277,-8.253104209899902
0.0,0.0
0.0,0.0
0.0,0.0
0.0,0.0
0.0,0.0
11.111105918884277,4.5553741455078125
0.0,0.0
11.111105918884277,5.199314117431641
0.0,0.0
0.0,0.0
0.0,0.0
8.65402889251709,4.314282417297363
0.0,0.0
0.0,0.0
0.0,0.0
-10.100895881652832,-1.0092036724090576
0.0,0.0
0.0,0.0
0.0,0.0
0.0,0.0
0.0,0.0
-8.71273422241211,10.402371406555176
0.0,0.0
-9.703184127807617,2.9676568508148193
0.0,0.0
0.0,0.0
0.0,0.0
-9.967446327209473,-4.0255608558654785
0.0,0.0
0.0,0.0
0.0,0.0
11.111105918884277,-7.660050868988037
0.0,0.0
0.0,0.0
0.0,0.0
0.0,0.0
0.0,0.0
11.111105918884277,2.4201278686523438
0.0,0.0
11.111105918884277,4.95353364944458
0.0,0.0
0.0,0.0
0.0,0.0
3.491671085357666,1.0273809432983398
0.0,0.0
0.0,0.0
0.0,0.0
-8.919182777404785,11.107150077819824
0.0,0.0
0.0,0.0
0.0,0.0
0.0,0.0
0.0,0.0
-6.797815322875977,11.02503490447998
0.0,0.0
-9.91638469696045,0.7887782454490662
0.0,0.0
0.0,0.0
0.0,0.0
-9.115423202514648,-1.5741729736328125
0.0,0.0
0.0,0.0
0.0,0.0
0.0,0.0
0.0,0.0
0.0,0.0
0.0,0.0
0.0,0.0
0.0,0.0
0.0,0.0
0.0,0.0
0.0,0.0
0.0,0.0
0.0,0.0
0.0,0.0
0.0,0.0
0.0,0.0
0.0,0.0
0.0,0.0
-9.612980842590332,2.764831781387329
-3.3888425827026367,-21.9395694732666
0.0,0.0
0.0,0.0
0.0,0.0
0.0,0.0
0.0,0.0
0.0,0.0
-10.975069999694824,0.14453259110450745
-273.9640808105469,-201.9686737060547
0.0,0.0
0.0,0.0
0.0,0.0
0.0,0.0
0.0,0.0
0.0,0.0
0.0,0.0
0.0,0.0
0.0,0.0
0.0,0.0
0.0,0.0
0.0,0.0
0.0,0.0
0.0,0.0
0.0,0.0
0.0,0.0
0.0,0.0
0.0,0.0
0.0,0.0
0.0,0.0
0.0,0.0
0.0,0.0
-71.13526916503906,1.811774730682373
20.454936981201172,-139.60679626464844
0.0,0.0
0.0,0.0
-279.0417785644531,-71.01740264892578
0.0,0.0
0.0,0.0
0.0,0.0
-10.038382530212402,11.108281135559082
22.222211837768555,-215.80728149414062
0.0,0.0
0.0,0.0
-319.70391845703125,-472.2818603515625
0.0,0.0
0.0,0.0
0.0,0.0
0.0,0.0
0.0,0.0
0.0,0.0
0.0,0.0
0.0,0.0
0.0,0.0
0.0,0.0
0.0,0.0
0.0,0.0
0.0,0.0
0.0,0.0
0.0,0.0
0.0,0.0
0.0,0.0
0.0,0.0
0.0,0.0
0.0,0.0
0.0,0.0
0.0,0.0
0.0,0.0
0.0,0.0
0.0,0.0
0.0,0.0
0.0,0.0
0.0,0.0
0.0,0.0
0.0,0.0
0.0,0.0
0.0,0.0
0.0,0.0
0.0,0.0
0.0,0.0
0.0,0.0
0.0,0.0
0.0,0.0
0.0,0.0
0.0,0.0
0.0,0.0
0.0,0.0
0.0,0.0
0.0,0.0
0.0,0.0
0.0,0.0
0.0,0.0
0.0,0.0
0.0,0.0
0.0,0.0
0.0,0.0
0.0,0.0
0.0,0.0
0.0,0.0
0.0,0.0
0.0,0.0
0.0,0.0
0.0,0.0
0.0,0.0
0.0,0.0
0.0,0.0
0.0,0.0
0.0,0.0
0.0,0.0
0.0,0.0
0.0,0.0
0.0,0.0
0.0,0.0
0.0,0.0
0.0,0.0
0.0,0.0
0.0,0.0
0.0,0.0
0.0,0.0
0.0,0.0
0.0,0.0
0.0,0.0
0.0,0.0
0.0,0.0
0.0,0.0
0.0,0.0
0.0,0.0
0.0,0.0
-8.888885498046875,11.111105918884277
22.22220802307129,-17.466514587402344
0.0,0.0
0.0,0.0
0.0,0.0
0.0,0.0
0.0,0.0
0.0,0.0
-8.888973236083984,11.111105918884277
22.213367462158203,-11.736446380615234
0.0,0.0
0.0,0.0
0.0,0.0
0.0,0.0
0.0,0.0
0.0,0.0
0.0,0.0
0.0,0.0
0.0,0.0
0.0,0.0
0.0,0.0
0.0,0.0
0.0,0.0
0.0,0.0
0.0,0.0
0.0,0.0
0.0,0.0
0.0,0.0
0.0,0.0
0.0,0.0
0.0,0.0
0.0,0.0
-8.888885498046875,11.111105918884277
22.22088050842285,-14.893585205078125
0.0,0.0
0.0,0.0
0.0,0.0
0.0,0.0
0.0,0.0
0.0,0.0
-8.893296241760254,11.069657325744629
22.173864364624023,-13.97580623626709
0.0,0.0
0.0,0.0
0.0,0.0
0.0,0.0
0.0,0.0
0.0,0.0
0.0,0.0
0.0,0.0
0.0,0.0
0.0,0.0
0.0,0.0
0.0,0.0
0.0,0.0
0.0,0.0
0.0,0.0
0.0,0.0
0.0,0.0
0.0,0.0
0.0,0.0
0.0,0.0
0.0,0.0
0.0,0.0
0.0,0.0
0.0,0.0
0.0,0.0
0.0,0.0
0.0,0.0
0.0,0.0
0.0,0.0
0.0,0.0
0.0,0.0
0.0,0.0
0.0,0.0
0.0,0.0
0.0,0.0
0.0,0.0
0.0,0.0
0.0,0.0
0.0,0.0
0.0,0.0
0.0,0.0
0.0,0.0
0.0,0.0
0.0,0.0
0.0,0.0
0.0,0.0
0.0,0.0
0.0,0.0
0.0,0.0
0.0,0.0
0.0,0.0
0.0,0.0
0.0,0.0
0.0,0.0
0.0,0.0
0.0,0.0
0.0,0.0
0.0,0.0
0.0,0.0
0.0,0.0
0.0,0.0
0.0,0.0
0.0,0.0
0.0,0.0
0.0,0.0
0.0,0.0
0.0,0.0
0.0,0.0
11.111105918884277,-8.021845817565918
36.30560302734375,-10.345582962036133
11.104016304016113,-6.1539764404296875
4.0,0.0
0.0,0.0
0.0,0.0
0.0,0.0
0.0,0.0
11.111105918884277,-8.736055374145508
41.275047302246094,-3.590384006500244
10.772041320800781,-4.304620265960693
0.0,0.0
0.0,0.0
0.0,0.0
0.0,0.0
0.0,0.0
-11.090934753417969,-60.399436950683594
19.155624389648438,-3.4869918823242188
-8.95055866241455,11.111102104187012
22.222211837768555,-17.77729034423828
0.0,0.0
0.0,0.0
0.0,0.0
0.0,0.0
-8.810685157775879,11.111105918884277
20.308565139770508,-7.687128067016602
-11.111034393310547,-35.015174865722656
22.222211837768555,-17.77766227722168
0.0,0.0
0.0,0.0
0.0,0.0
0.0,0.0
11.111105918884277,-7.722295761108398
30.112199783325195,-15.785006523132324
11.084540367126465,-6.4967827796936035
4.0,0.0
7.173681259155273,-0.9463067650794983
0.0,0.0
0.0,0.0
0.0,0.0
11.111105918884277,-8.787578582763672
41.81986618041992,-10.31395149230957
10.318761825561523,-2.527561902999878
0.0,0.0
8.875165939331055,-3.2481932640075684
0.0,0.0
0.0,0.0
0.0,0.0
-8.46981143951416,11.106017112731934
17.30805778503418,-1.9617999792099
-9.132460594177246,11.111051559448242
22.222211837768555,-17.774749755859375
-1.8429855108261108,6.784265041351318
0.0,0.0
-320.95867919921875,-305.705810546875
0.0,0.0
-8.858121871948242,11.030120849609375
21.028039932250977,-3.65360164642334
-123.09965515136719,-57.035701751708984
22.222211837768555,-17.776721954345703
-1.8239492177963257,9.577812194824219
0.0,0.0
-24.274860382080078,-370.9320068359375
0.0,0.0
0.0,0.0
0.0,0.0
0.0,0.0
0.0,0.0
0.0,0.0
0.0,0.0
0.0,0.0
0.0,0.0
0.0,0.0
0.0,0.0
0.0,0.0
0.0,0.0
0.0,0.0
0.0,0.0
0.0,0.0
0.0,0.0
0.0,0.0
0.0,0.0
0.0,0.0
0.0,0.0
0.0,0.0
0.0,0.0
0.0,0.0
0.0,0.0
0.0,0.0
0.0,0.0
0.0,0.0
0.0,0.0
0.0,0.0
0.0,0.0
0.0,0.0
0.0,0.0
0.0,0.0
0.0,0.0
0.0,0.0
0.0,0.0
0.0,0.0
0.0,0.0
0.0,0.0
0.0,0.0
0.0,0.0
0.0,0.0
0.0,0.0
0.0,0.0
0.0,0.0
0.0,0.0
0.0,0.0
0.0,0.0
0.0,0.0
0.0,0.0
0.0,0.0
0.0,0.0
0.0,0.0
0.0,0.0
0.0,0.0
0.0,0.0
0.0,0.0
0.0,0.0
0.0,0.0
0.0,0.0
0.0,0.0
0.0,0.0
0.0,0.0
0.0,0.0
0.0,0.0
0.0,0.0
4.177420616149902,0.0
0.0,0.0
0.0,0.0
0.0,0.0
0.0,0.0
0.0,0.0
11.111054420471191,-7.832286357879639
0.0,0.0
9.577812194824219,-2.0865488052368164
0.0,0.0
0.0,0.0
0.0,0.0
0.0,0.0
0.0,0.0
0.0,0.0
0.0,0.0
-8.895163536071777,11.082276344299316
0.0,0.0
0.0,0.0
0.0,0.0
0.0,0.0
0.0,0.0
-210.11068725585938,-11.735489845275879
0.0,0.0
-8.888896942138672,11.111089706420898
0.0,0.0
0.0,0.0
0.0,0.0
0.0,0.0
0.0,0.0
0.0,0.0
0.0,0.0
0.0,0.0
0.0,0.0
0.0,0.0
0.0,0.0
0.0,0.0
0.0,0.0
4.80145263671875,0.0
0.0,0.0
0.0,0.0
0.0,0.0
0.0,0.0
0.0,0.0
0.0,0.0
0.0,0.0
0.0,0.0
0.0,0.0
-4.360333442687988,10.738507270812988
0.0,0.0
0.0,0.0
0.0,0.0
0.0,0.0
0.0,0.0
-1.899999976158142,4.80145263671875
0.0,0.0
-8.059903144836426,11.110689163208008
0.0,0.0
0.0,0.0
0.0,0.0
0.0,0.0
0.0,0.0
0.0,0.0
0.0,0.0
0.0,0.0
0.0,0.0
0.0,0.0
0.0,0.0
0.0,0.0
0.0,0.0
0.0,0.0
0.0,0.0
0.0,0.0
0.0,0.0
0.0,0.0
0.0,0.0
0.0,0.0
0.0,0.0
0.0,0.0
0.0,0.0
0.0,0.0
0.0,0.0
0.0,0.0
0.0,0.0
0.0,0.0
0.0,0.0
0.0,0.0
0.0,0.0
0.0,0.0
0.0,0.0
0.0,0.0
0.0,0.0
0.0,0.0
0.0,0.0
0.0,0.0
0.0,0.0
0.0,0.0
0.0,0.0
0.0,0.0
0.0,0.0
0.0,0.0
0.0,0.0
0.0,0.0
0.0,0.0
0.0,0.0
0.0,0.0
0.0,0.0
0.0,0.0
0.0,0.0
0.0,0.0
0.0,0.0
0.0,0.0
0.0,0.0
0.0,0.0
0.0,0.0
0.0,0.0
0.0,0.0
0.0,0.0
0.0,0.0
0.0,0.0
0.0,0.0
0.0,0.0
0.0,0.0
0.0,0.0
0.0,0.0
0.0,0.0
