-7.167356967926025,7.65863561630249
0.0,0.0
0.0,0.0
0.0,0.0
0.0,0.0
0.0,0.0
0.0,0.0
0.0,0.0
0.0,0.0
0.0,0.0
0.0,0.0
0.0,0.0
0.0,0.0
0.0,0.0
0.0,0.0
0.0,0.0
0.0,0.0
0.0,0.0
10.269510269165039,30.669727325439453
16.822040557861328,-1.9039709568023682
0.0,0.0
0.0,0.0
0.0,0.0
0.0,0.0
0.0,0.0
0.0,0.0
4.066473484039307,27.11370277404785
19.155624389648438,-5.137050151824951
0.0,0.0
0.0,0.0
-3.4026191234588623,7.528049945831299
0.0,0.0
0.0,0.0
0.0,0.0
0.0,0.0
0.0,0.0
0.0,0.0
0.0,0.0
0.0,0.0
0.0,0.0
0.0,0.0
0.0,0.0
0.0,0.0
0.0,0.0
0.0,0.0
0.0,0.0
0.0,0.0
0.0,0.0
0.0,0.0
0.0,0.0
-8.971637725830078,11.10920524597168
0.0,0.0
0.0,0.0
0.0,0.0
-8.888920783996582,11.111105918884277
0.0,0.0
0.0,0.0
0.0,0.0
-8.921124458312988,11.097567558288574
14.347362518310547,0.0
0.0,0.0
0.0,0.0
-8.815975189208984,11.111105918884277
0.0,0.0
0.0,0.0
0.0,0.0
0.0,0.0
0.0,0.0
0.0,0.0
0.0,0.0
0.0,0.0
0.0,0.0
0.0,0.0
0.0,0.0
0.0,0.0
0.0,0.0
0.0,0.0
0.0,0.0
0.0,0.0
0.0,0.0
0.0,0.0
0.0,0.0
-8.915257453918457,9.610610961914062
22.222211837768555,-17.775575637817383
0.0,0.0
0.0,0.0
-8.56766128540039,11.111098289489746
19.682771682739258,-3.4332833290100098
0.0,0.0
0.0,0.0
-8.965665817260742,10.704535484313965
16.56020164489746,-96.09037017822266
0.0,0.0
0.0,0.0
-8.901371955871582,11.110211372375488
-47.00163269042969,-22.268850326538086
0.0,0.0
0.0,0.0
0.0,0.0
0.0,0.0
0.0,0.0
0.0,0.0
0.0,0.0
0.0,0.0
0.0,0.0
0.0,0.0
0.0,0.0
0.0,0.0
0.0,0.0
0.0,0.0
0.0,0.0
0.0,0.0
0.0,0.0
0.0,0.0
-8.892223358154297,11.111059188842773
22.222211837768555,-17.718517303466797
0.0,0.0
0.0,0.0
-8.90374755859375,11.109707832336426
22.222211837768555,-17.29283905029297
0.0,0.0
0.0,0.0
-8.90223503112793,8.211544036865234
22.222211837768555,-18.5595645904541
0.0,0.0
0.0,0.0
-8.889836311340332,11.111105918884277
22.222211837768555,-17.757474899291992
0.0,0.0
0.0,0.0
0.0,0.0
0.0,0.0
0.0,0.0
0.0,0.0
0.0,0.0
0.0,0.0
0.0,0.0
0.0,0.0
0.0,0.0
0.0,0.0
0.0,0.0
0.0,0.0
0.0,0.0
0.0,0.0
0.0,0.0
0.0,0.0
0.5715711116790771,19.65741729736328
22.179292678833008,-21.930910110473633
0.0,0.0
0.0,0.0
0.0,0.0
0.0,0.0
0.0,0.0
0.0,0.0
7.405438423156738,22.638469696044922
22.219860076904297,-15.177845001220703
0.0,0.0
0.0,0.0
-7.383483409881592,11.110440254211426
0.0,0.0
0.0,0.0
0.0,0.0
0.0,0.0
0.0,0.0
0.0,0.0
0.0,0.0
0.0,0.0
0.0,0.0
0.0,0.0
0.0,0.0
0.0,0.0
0.0,0.0
0.0,0.0
0.0,0.0
0.0,0.0
0.0,0.0
0.0,0.0
0.0,0.0
0.0,0.0
0.0,0.0
0.0,0.0
0.0,0.0
0.0,0.0
0.0,0.0
0.0,0.0
0.0,0.0
0.0,0.0
0.0,0.0
0.0,0.0
0.0,0.0
0.0,0.0
0.0,0.0
0.0,0.0
0.0,0.0
0.0,0.0
0.0,0.0
0.0,0.0
0.0,0.0
0.0,0.0
0.0,0.0
0.0,0.0
0.0,0.0
0.0,0.0
0.0,0.0
0.0,0.0
0.0,0.0
0.0,0.0
0.0,0.0
0.0,0.0
0.0,0.0
-8.913383483886719,10.86561107635498
0.0,0.0
0.0,0.0
0.0,0.0
0.0,0.0
0.0,0.0
0.0,0.0
0.0,0.0
-8.926379203796387,10.730477333068848
22.222198486328125,-17.777788162231445
0.0,0.0
0.0,0.0
-9.107756614685059,9.848379135131836
0.0,0.0
0.0,0.0
0.0,0.0
0.0,0.0
0.0,0.0
0.0,0.0
0.0,0.0
0.0,0.0
0.0,0.0
0.0,0.0
0.0,0.0
0.0,0.0
0.0,0.0
0.0,0.0
0.0,0.0
0.0,0.0
0.0,0.0
0.0,0.0
0.0,0.0
-8.9059476852417,11.110135078430176
0.0,0.0
0.0,0.0
0.0,0.0
0.0,0.0
0.0,0.0
0.0,0.0
0.0,0.0
-8.943392753601074,10.756391525268555
22.222211837768555,-17.7775936126709
0.0,0.0
0.0,0.0
-9.101101875305176,8.144887924194336
0.0,0.0
0.0,0.0
0.0,0.0
0.0,0.0
0.0,0.0
0.0,0.0
0.0,0.0
0.0,0.0
0.0,0.0
0.0,0.0
0.0,0.0
0.0,0.0
0.0,0.0
0.0,0.0
0.0,0.0
0.0,0.0
0.0,0.0
0.0,0.0
0.0,0.0
0.0,0.0
0.0,0.0
0.0,0.0
0.0,0.0
0.0,0.0
0.0,0.0
0.0,0.0
0.0,0.0
0.0,0.0
0.0,0.0
0.0,0.0
0.0,0.0
0.0,0.0
0.0,0.0
0.0,0.0
0.0,0.0
0.0,0.0
0.0,0.0
0.0,0.0
0.0,0.0
0.0,0.0
0.0,0.0
0.0,0.0
0.0,0.0
0.0,0.0
0.0,0.0
0.0,0.0
0.0,0.0
0.0,0.0
0.0,0.0
0.0,0.0
0.0,0.0
0.0,0.0
0.0,0.0
0.0,0.0
0.0,0.0
0.0,0.0
0.0,0.0
0.0,0.0
0.0,0.0
0.0,0.0
0.0,0.0
0.0,0.0
0.0,0.0
0.0,0.0
0.0,0.0
11.111105918884277,-2.6139426231384277
44.44442367553711,-19.865137100219727
11.111105918884277,-8.686516761779785
21.47728729248047,-3.9235999584198
1.0,-0.9900000095367432
0.0,0.0
4.177420616149902,-0.9726189970970154
0.0,0.0
11.111105918884277,-7.459650039672852
44.44442367553711,-35.06413650512695
11.111105918884277,-4.845266819000244
32.57591247558594,-3.9235999584198
0.0,0.0
0.0,0.0
8.143978118896484,0.0
0.0,0.0
0.0,0.0
0.0,0.0
-7.641210079193115,4.558289051055908
8.354841232299805,-3.799999952316284
0.0,0.0
0.0,0.0
-2.6750831604003906,4.177420616149902
0.0,0.0
0.0,0.0
0.0,0.0
-8.449930191040039,-0.08293467015028
17.30805778503418,0.0
0.0,0.0
0.0,0.0
-3.412402391433716,0.3193250596523285
3.819999933242798,0.0
11.111105918884277,-7.566093921661377
44.44442367553711,-24.357187271118164
11.111105918884277,-8.762861251831055
25.42534065246582,0.0
11.111105918884277,-7.4214768409729
0.0,0.0
5.886082649230957,-0.09000000357627869
0.0,0.0
11.111105918884277,-7.016303062438965
44.44442367553711,-35.52083969116211
11.111105918884277,-4.502430438995361
37.0380973815918,-3.636944055557251
11.111105918884277,-8.375033378601074
13.966684341430664,-4.0
10.701656341552734,-4.427060604095459
13.966684341430664,-4.0
0.0,0.0
0.0,0.0
-2.636970043182373,3.233426094055176
11.772165298461914,0.0
0.0,0.0
0.0,0.0
-2.6433329582214355,4.726034164428711
0.0,0.0
0.0,0.0
0.0,0.0
-8.067520141601562,5.575887203216553
12.71267032623291,-4.41410493850708
0.0,0.0
0.0,0.0
-6.406630039215088,10.228240013122559
8.354841232299805,-5.242959499359131
0.0,0.0
0.0,0.0
0.0,0.0
0.0,0.0
0.0,0.0
0.0,0.0
0.0,0.0
0.0,0.0
0.0,0.0
0.0,0.0
0.0,0.0
0.0,0.0
0.0,0.0
0.0,0.0
0.0,0.0
0.0,0.0
0.0,0.0
0.0,0.0
0.0,0.0
0.0,0.0
0.0,0.0
0.0,0.0
0.0,0.0
0.0,0.0
0.0,0.0
0.0,0.0
0.0,0.0
0.0,0.0
0.0,0.0
0.0,0.0
0.0,0.0
0.0,0.0
0.0,0.0
0.0,0.0
0.0,0.0
0.0,0.0
0.0,0.0
0.0,0.0
0.0,0.0
0.0,0.0
0.0,0.0
0.0,0.0
0.0,0.0
0.0,0.0
0.0,0.0
0.0,0.0
0.0,0.0
0.0,0.0
0.0,0.0
0.0,0.0
0.0,0.0
0.0,0.0
0.0,0.0
0.0,0.0
0.0,0.0
0.0,0.0
0.0,0.0
0.0,0.0
0.0,0.0
0.0,0.0
0.0,0.0
0.0,0.0
0.0,0.0
0.0,0.0
0.0,0.0
0.0,0.0
11.111105918884277,-5.823539733886719
0.0,0.0
0.0,0.0
0.0,0.0
0.0,0.0
0.0,0.0
11.111105918884277,7.407553672790527
0.0,0.0
11.111105918884277,3.33811092376709
0.0,0.0
0.0,0.0
0.0,0.0
5.886082649230957,3.5890800952911377
0.0,0.0
0.0,0.0
0.0,0.0
-10.100895881652832,-1.009143590927124
0.0,0.0
0.0,0.0
0.0,0.0
0.0,0.0
0.0,0.0
-7.2788591384887695,11.10896110534668
0.0,0.0
-9.707205772399902,3.1360087394714355
0.0,0.0
0.0,0.0
0.0,0.0
-9.305123329162598,2.4831080436706543
0.0,0.0
0.0,0.0
0.0,0.0
11.106245994567871,-6.034114360809326
0.0,0.0
0.0,0.0
0.0,0.0
0.0,0.0
0.0,0.0
11.111105918884277,6.549099922180176
0.0,0.0
11.111105918884277,1.826256275177002
0.0,0.0
0.0,0.0
0.0,0.0
2.738100051879883,0.0
0.0,0.0
0.0,0.0
0.0,0.0
-8.96646499633789,10.335244178771973
0.0,0.0
0.0,0.0
0.0,0.0
0.0,0.0
0.0,0.0
-5.668216705322266,9.65349292755127
0.0,0.0
-9.871424674987793,3.2980949878692627
0.0,0.0
0.0,0.0
0.0,0.0
-7.478650093078613,1.990071415901184
0.0,0.0
0.0,0.0
0.0,0.0
0.0,0.0
0.0,0.0
0.0,0.0
0.0,0.0
0.0,0.0
0.0,0.0
0.0,0.0
0.0,0.0
0.0,0.0
0.0,0.0
0.0,0.0
0.0,0.0
0.0,0.0
0.0,0.0
0.0,0.0
0.0,0.0
-11.206841468811035,11.110700607299805
22.222211837768555,-28.554489135742188
0.0,0.0
0.0,0.0
0.0,0.0
0.0,0.0
0.0,0.0
0.0,0.0
-11.449799537658691,-25.35742950439453
-27.425933837890625,-22.139671325683594
0.0,0.0
0.0,0.0
0.0,0.0
0.0,0.0
0.0,0.0
0.0,0.0
0.0,0.0
0.0,0.0
0.0,0.0
0.0,0.0
0.0,0.0
0.0,0.0
0.0,0.0
0.0,0.0
0.0,0.0
0.0,0.0
0.0,0.0
0.0,0.0
0.0,0.0
0.0,0.0
0.0,0.0
0.0,0.0
-67.45516204833984,-103.48917388916016
-142.63446044921875,-220.35528564453125
0.0,0.0
0.0,0.0
-305.9490966796875,-268.75860595703125
0.0,0.0
0.0,0.0
0.0,0.0
-160.36422729492188,-37.36172103881836
22.222211837768555,-19.573753356933594
0.0,0.0
0.0,0.0
-1.909999966621399,-378.4548034667969
0.0,0.0
0.0,0.0
0.0,0.0
0.0,0.0
0.0,0.0
0.0,0.0
0.0,0.0
0.0,0.0
0.0,0.0
0.0,0.0
0.0,0.0
0.0,0.0
0.0,0.0
0.0,0.0
0.0,0.0
0.0,0.0
0.0,0.0
0.0,0.0
0.0,0.0
0.0,0.0
0.0,0.0
0.0,0.0
0.0,0.0
0.0,0.0
0.0,0.0
0.0,0.0
0.0,0.0
0.0,0.0
0.0,0.0
0.0,0.0
0.0,0.0
0.0,0.0
0.0,0.0
0.0,0.0
0.0,0.0
0.0,0.0
0.0,0.0
0.0,0.0
0.0,0.0
0.0,0.0
0.0,0.0
0.0,0.0
0.0,0.0
0.0,0.0
0.0,0.0
0.0,0.0
0.0,0.0
0.0,0.0
0.0,0.0
0.0,0.0
0.0,0.0
0.0,0.0
0.0,0.0
0.0,0.0
0.0,0.0
0.0,0.0
0.0,0.0
0.0,0.0
0.0,0.0
0.0,0.0
0.0,0.0
0.0,0.0
0.0,0.0
0.0,0.0
0.0,0.0
0.0,0.0
0.0,0.0
0.0,0.0
0.0,0.0
0.0,0.0
0.0,0.0
0.0,0.0
0.0,0.0
0.0,0.0
0.0,0.0
0.0,0.0
0.0,0.0
0.0,0.0
0.0,0.0
0.0,0.0
0.0,0.0
0.0,0.0
0.0,0.0
-8.888885498046875,11.111105918884277
22.22007179260254,-17.191987991333008
0.0,0.0
0.0,0.0
0.0,0.0
0.0,0.0
0.0,0.0
0.0,0.0
-8.888973236083984,11.111105918884277
22.158048629760742,-9.489727020263672
0.0,0.0
0.0,0.0
0.0,0.0
0.0,0.0
0.0,0.0
0.0,0.0
0.0,0.0
0.0,0.0
0.0,0.0
0.0,0.0
0.0,0.0
0.0,0.0
0.0,0.0
0.0,0.0
0.0,0.0
0.0,0.0
0.0,0.0
0.0,0.0
0.0,0.0
0.0,0.0
0.0,0.0
0.0,0.0
-8.888885498046875,11.111105918884277
22.206628799438477,-14.893585205078125
0.0,0.0
0.0,0.0
0.0,0.0
0.0,0.0
0.0,0.0
0.0,0.0
-8.888885498046875,11.111105918884277
22.158048629760742,-13.97580623626709
0.0,0.0
0.0,0.0
0.0,0.0
0.0,0.0
0.0,0.0
0.0,0.0
0.0,0.0
0.0,0.0
0.0,0.0
0.0,0.0
0.0,0.0
0.0,0.0
0.0,0.0
0.0,0.0
0.0,0.0
0.0,0.0
0.0,0.0
0.0,0.0
0.0,0.0
0.0,0.0
0.0,0.0
0.0,0.0
0.0,0.0
0.0,0.0
0.0,0.0
0.0,0.0
0.0,0.0
0.0,0.0
0.0,0.0
0.0,0.0
0.0,0.0
0.0,0.0
0.0,0.0
0.0,0.0
0.0,0.0
0.0,0.0
0.0,0.0
0.0,0.0
0.0,0.0
0.0,0.0
0.0,0.0
0.0,0.0
0.0,0.0
0.0,0.0
0.0,0.0
0.0,0.0
0.0,0.0
0.0,0.0
0.0,0.0
0.0,0.0
0.0,0.0
0.0,0.0
0.0,0.0
0.0,0.0
0.0,0.0
0.0,0.0
0.0,0.0
0.0,0.0
0.0,0.0
0.0,0.0
0.0,0.0
0.0,0.0
0.0,0.0
0.0,0.0
0.0,0.0
0.0,0.0
0.0,0.0
0.0,0.0
11.110605239868164,-7.25739049911499
30.112199783325195,-7.385227203369141
11.03612995147705,-5.1366753578186035
4.0,0.0
0.0,0.0
0.0,0.0
0.0,0.0
0.0,0.0
11.111105918884277,-8.347746849060059
39.8226432800293,0.0
9.25952434539795,-3.7782201766967773
0.0,0.0
0.0,0.0
0.0,0.0
0.0,0.0
0.0,0.0
-9.705119132995605,-169.98309326171875
15.701050758361816,-1.849439024925232
-9.734515190124512,11.111104965209961
22.222211837768555,-17.740982055664062
0.0,0.0
0.0,0.0
0.0,0.0
0.0,0.0
-8.70721435546875,11.111096382141113
18.85233497619629,-7.687128067016602
-268.48968505859375,-241.89212036132812
22.222211837768555,-17.776813507080078
0.0,0.0
0.0,0.0
0.0,0.0
0.0,0.0
11.111042022705078,-7.11081600189209
25.42534065246582,-15.785006523132324
10.878594398498535,-5.934337615966797
4.0,0.0
5.369321823120117,-0.9463067650794983
0.0,0.0
0.0,0.0
0.0,0.0
11.111105918884277,-8.67707347869873
37.70466995239258,-10.31395149230957
9.25952434539795,-1.8110731840133667
0.0,0.0
7.173681259155273,-1.8726190328598022
0.0,0.0
0.0,0.0
0.0,0.0
-8.087148666381836,10.968339920043945
15.701050758361816,-1.9617999792099
-9.019441604614258,11.111104965209961
22.222211837768555,-17.76704978942871
-1.8429855108261108,4.80145263671875
0.0,0.0
-30.67449951171875,-286.34124755859375
0.0,0.0
-8.636628150939941,11.111105918884277
19.155624389648438,-3.65360164642334
-207.49937438964844,-215.45089721679688
22.222211837768555,-17.75956153869629
-1.8239492177963257,8.143978118896484
0.0,0.0
-387.5843505859375,-314.89129638671875
0.0,0.0
0.0,0.0
0.0,0.0
0.0,0.0
0.0,0.0
0.0,0.0
0.0,0.0
0.0,0.0
0.0,0.0
0.0,0.0
0.0,0.0
0.0,0.0
0.0,0.0
0.0,0.0
0.0,0.0
0.0,0.0
0.0,0.0
0.0,0.0
0.0,0.0
0.0,0.0
0.0,0.0
0.0,0.0
0.0,0.0
0.0,0.0
0.0,0.0
0.0,0.0
0.0,0.0
0.0,0.0
0.0,0.0
0.0,0.0
0.0,0.0
0.0,0.0
0.0,0.0
0.0,0.0
0.0,0.0
0.0,0.0
0.0,0.0
0.0,0.0
0.0,0.0
0.0,0.0
0.0,0.0
0.0,0.0
0.0,0.0
0.0,0.0
0.0,0.0
0.0,0.0
0.0,0.0
0.0,0.0
0.0,0.0
0.0,0.0
0.0,0.0
0.0,0.0
0.0,0.0
0.0,0.0
0.0,0.0
0.0,0.0
0.0,0.0
0.0,0.0
0.0,0.0
0.0,0.0
0.0,0.0
0.0,0.0
0.0,0.0
0.0,0.0
0.0,0.0
0.0,0.0
0.0,0.0
1.909999966621399,0.0
0.0,0.0
0.0,0.0
0.0,0.0
0.0,0.0
0.0,0.0
11.105764389038086,-7.0993876457214355
0.0,0.0
7.850525379180908,-2.0865488052368164
0.0,0.0
0.0,0.0
0.0,0.0
0.0,0.0
0.0,0.0
0.0,0.0
0.0,0.0
-8.888895034790039,11.11109447479248
0.0,0.0
0.0,0.0
0.0,0.0
0.0,0.0
0.0,0.0
-11.086686134338379,-38.95591354370117
0.0,0.0
-8.888906478881836,11.111099243164062
0.0,0.0
0.0,0.0
0.0,0.0
0.0,0.0
0.0,0.0
0.0,0.0
0.0,0.0
0.0,0.0
0.0,0.0
0.0,0.0
0.0,0.0
0.0,0.0
0.0,0.0
3.491671085357666,0.0
0.0,0.0
0.0,0.0
0.0,0.0
0.0,0.0
0.0,0.0
0.0,0.0
0.0,0.0
0.0,0.0
0.0,0.0
-4.360333442687988,9.955660820007324
0.0,0.0
0.0,0.0
0.0,0.0
0.0,0.0
0.0,0.0
-1.899999976158142,2.738100051879883
0.0,0.0
-6.747940540313721,11.06399154663086
0.0,0.0
0.0,0.0
0.0,0.0
0.0,0.0
0.0,0.0
0.0,0.0
0.0,0.0
0.0,0.0
0.0,0.0
0.0,0.0
0.0,0.0
0.0,0.0
0.0,0.0
0.0,0.0
0.0,0.0
0.0,0.0
0.0,0.0
0.0,0.0
0.0,0.0
0.0,0.0
0.0,0.0
0.0,0.0
0.0,0.0
0.0,0.0
0.0,0.0
0.0,0.0
0.0,0.0
0.0,0.0
0.0,0.0
0.0,0.0
0.0,0.0
0.0,0.0
0.0,0.0
0.0,0.0
0.0,0.0
0.0,0.0
0.0,0.0
0.0,0.0
0.0,0.0
0.0,0.0
0.0,0.0
0.0,0.0
0.0,0.0
0.0,0.0
0.0,0.0
0.0,0.0
0.0,0.0
0.0,0.0
0.0,0.0
0.0,0.0
0.0,0.0
0.0,0.0
0.0,0.0
0.0,0.0
0.0,0.0
0.0,0.0
0.0,0.0
0.0,0.0
0.0,0.0
0.0,0.0
0.0,0.0
0.0,0.0
0.0,0.0
0.0,0.0
0.0,0.0
0.0,0.0
0.0,0.0
0.0,0.0
0.0,0.0
