-6.424627780914307,6.720653533935547
0.0,0.0
0.0,0.0
0.0,0.0
0.0,0.0
0.0,0.0
0.0,0.0
0.0,0.0
0.0,0.0
0.0,0.0
0.0,0.0
0.0,0.0
0.0,0.0
0.0,0.0
0.0,0.0
0.0,0.0
0.0,0.0
0.0,0.0
8.085787773132324,30.670257568359375
17.75033187866211,-1.9039709568023682
0.0,0.0
0.0,0.0
0.0,0.0
0.0,0.0
0.0,0.0
0.0,0.0
12.880057334899902,27.11583709716797
22.0722599029541,-9.518796920776367
0.0,0.0
0.0,0.0
-3.4026191234588623,7.528049945831299
0.0,0.0
0.0,0.0
0.0,0.0
0.0,0.0
0.0,0.0
0.0,0.0
0.0,0.0
0.0,0.0
0.0,0.0
0.0,0.0
0.0,0.0
0.0,0.0
0.0,0.0
0.0,0.0
0.0,0.0
0.0,0.0
0.0,0.0
0.0,0.0
0.0,0.0
-8.885353088378906,11.111140251159668
0.0,0.0
0.0,0.0
0.0,0.0
-8.889822006225586,11.109761238098145
0.0,0.0
0.0,0.0
0.0,0.0
-8.97961711883545,11.110772132873535
14.347362518310547,0.0
0.0,0.0
0.0,0.0
-8.880024909973145,11.111105918884277
0.0,0.0
0.0,0.0
0.0,0.0
0.0,0.0
0.0,0.0
0.0,0.0
0.0,0.0
0.0,0.0
0.0,0.0
0.0,0.0
0.0,0.0
0.0,0.0
0.0,0.0
0.0,0.0
0.0,0.0
0.0,0.0
0.0,0.0
0.0,0.0
0.0,0.0
-8.91015338897705,11.080052375793457
22.222211837768555,-13.734679222106934
0.0,0.0
0.0,0.0
-8.849836349487305,11.111105918884277
22.185781478881836,-9.328241348266602
0.0,0.0
0.0,0.0
-8.906392097473145,10.74284839630127
22.222164154052734,-17.777795791625977
0.0,0.0
0.0,0.0
-9.053610801696777,10.521119117736816
22.222211837768555,-17.790794372558594
0.0,0.0
0.0,0.0
0.0,0.0
0.0,0.0
0.0,0.0
0.0,0.0
0.0,0.0
0.0,0.0
0.0,0.0
0.0,0.0
0.0,0.0
0.0,0.0
0.0,0.0
0.0,0.0
0.0,0.0
0.0,0.0
0.0,0.0
0.0,0.0
-8.888895034790039,7.291106224060059
22.222211837768555,-17.776132583618164
0.0,0.0
0.0,0.0
-8.894351959228516,11.111105918884277
22.222211837768555,-17.69690704345703
0.0,0.0
0.0,0.0
-8.889503479003906,11.111099243164062
22.11665916442871,-89.11530303955078
0.0,0.0
0.0,0.0
-8.889425277709961,11.111104965209961
22.222211837768555,-17.77741050720215
0.0,0.0
0.0,0.0
0.0,0.0
0.0,0.0
0.0,0.0
0.0,0.0
0.0,0.0
0.0,0.0
0.0,0.0
0.0,0.0
0.0,0.0
0.0,0.0
0.0,0.0
0.0,0.0
0.0,0.0
0.0,0.0
0.0,0.0
0.0,0.0
0.5754357576370239,19.65741729736328
19.767202377319336,-17.914997100830078
0.0,0.0
0.0,0.0
0.0,0.0
0.0,0.0
0.0,0.0
0.0,0.0
7.692733287811279,22.63897132873535
22.222211837768555,-16.871240615844727
0.0,0.0
0.0,0.0
-8.416484832763672,11.111105918884277
2.0,-1.9800000190734863
0.0,0.0
0.0,0.0
0.0,0.0
0.0,0.0
0.0,0.0
0.0,0.0
0.0,0.0
0.0,0.0
0.0,0.0
0.0,0.0
0.0,0.0
0.0,0.0
0.0,0.0
0.0,0.0
0.0,0.0
0.0,0.0
0.0,0.0
0.0,0.0
0.0,0.0
0.0,0.0
0.0,0.0
0.0,0.0
0.0,0.0
0.0,0.0
0.0,0.0
0.0,0.0
0.0,0.0
0.0,0.0
0.0,0.0
0.0,0.0
0.0,0.0
0.0,0.0
0.0,0.0
0.0,0.0
0.0,0.0
0.0,0.0
0.0,0.0
0.0,0.0
0.0,0.0
0.0,0.0
0.0,0.0
0.0,0.0
0.0,0.0
0.0,0.0
0.0,0.0
0.0,0.0
0.0,0.0
0.0,0.0
0.0,0.0
0.0,0.0
-8.913383483886719,10.86561107635498
0.0,0.0
0.0,0.0
0.0,0.0
0.0,0.0
0.0,0.0
0.0,0.0
0.0,0.0
-8.925029754638672,10.749441146850586
22.222116470336914,-17.777799606323242
0.0,0.0
0.0,0.0
-9.258484840393066,8.278038024902344
0.0,0.0
0.0,0.0
0.0,0.0
0.0,0.0
0.0,0.0
0.0,0.0
0.0,0.0
0.0,0.0
0.0,0.0
0.0,0.0
0.0,0.0
0.0,0.0
0.0,0.0
0.0,0.0
0.0,0.0
0.0,0.0
0.0,0.0
0.0,0.0
0.0,0.0
-8.88901424407959,11.111099243164062
0.0,0.0
0.0,0.0
0.0,0.0
0.0,0.0
0.0,0.0
0.0,0.0
0.0,0.0
-8.92872428894043,10.823430061340332
22.222211837768555,-17.77777099609375
0.0,0.0
0.0,0.0
-9.127418518066406,7.690584182739258
0.0,0.0
0.0,0.0
0.0,0.0
0.0,0.0
0.0,0.0
0.0,0.0
0.0,0.0
0.0,0.0
0.0,0.0
0.0,0.0
0.0,0.0
0.0,0.0
0.0,0.0
0.0,0.0
0.0,0.0
0.0,0.0
0.0,0.0
0.0,0.0
0.0,0.0
0.0,0.0
0.0,0.0
0.0,0.0
0.0,0.0
0.0,0.0
0.0,0.0
0.0,0.0
0.0,0.0
0.0,0.0
0.0,0.0
0.0,0.0
0.0,0.0
0.0,0.0
0.0,0.0
0.0,0.0
0.0,0.0
0.0,0.0
0.0,0.0
0.0,0.0
0.0,0.0
0.0,0.0
0.0,0.0
0.0,0.0
0.0,0.0
0.0,0.0
0.0,0.0
0.0,0.0
0.0,0.0
0.0,0.0
0.0,0.0
0.0,0.0
0.0,0.0
0.0,0.0
0.0,0.0
0.0,0.0
0.0,0.0
0.0,0.0
0.0,0.0
0.0,0.0
0.0,0.0
0.0,0.0
0.0,0.0
0.0,0.0
0.0,0.0
0.0,0.0
0.0,0.0
11.111105918884277,-5.78188419342041
44.44442367553711,-19.42945671081543
11.111105918884277,-7.931988716125488
37.0380973815918,-3.9235999584198
1.909999966621399,-0.9900000095367432
0.0,0.0
6.356335163116455,-0.9726189970970154
0.0,0.0
11.111105918884277,-6.994194984436035
44.44442367553711,-31.469043731689453
11.111105918884277,-5.3635945320129395
40.617130279541016,2.5160765647888184
0.0,0.0
0.0,0.0
10.059651374816895,-0.905738353729248
0.0,0.0
0.0,0.0
0.0,0.0
-8.831284523010254,2.246800661087036
16.28795623779297,-2.979680061340332
0.0,0.0
0.0,0.0
-2.6750831604003906,6.895913600921631
0.0,0.0
0.0,0.0
0.0,0.0
-9.304237365722656,3.8556935787200928
20.637523651123047,-1.8224966526031494
0.0,0.0
0.0,0.0
-5.203019142150879,-2.1452109813690186
3.819999933242798,0.0
11.111105918884277,-6.51623010635376
44.44442367553711,-31.88749122619629
11.111105918884277,-8.888285636901855
32.57591247558594,-3.698878049850464
11.111105918884277,-8.771034240722656
0.0,0.0
9.25952434539795,-0.05636192113161087
0.0,0.0
11.111105918884277,-6.612748146057129
44.44442367553711,-1.0974291563034058
11.111105918884277,-8.801054954528809
42.80662536621094,1.1423532962799072
11.111105918884277,-8.113966941833496
13.966684341430664,-4.0
11.075850486755371,-3.828866958618164
27.137060165405273,-7.460333347320557
0.0,0.0
0.0,0.0
-3.3338489532470703,6.173694133758545
15.056099891662598,2.1505610942840576
0.0,0.0
0.0,0.0
-3.3242547512054443,8.198321342468262
0.0,0.0
0.0,0.0
0.0,0.0
-8.769438743591309,4.683584213256836
18.5190486907959,-1.8292207717895508
0.0,0.0
0.0,0.0
-7.147008895874023,9.538862228393555
17.75033187866211,-5.242959499359131
0.0,0.0
0.0,0.0
0.0,0.0
0.0,0.0
0.0,0.0
0.0,0.0
0.0,0.0
0.0,0.0
0.0,0.0
0.0,0.0
0.0,0.0
0.0,0.0
0.0,0.0
0.0,0.0
0.0,0.0
0.0,0.0
0.0,0.0
0.0,0.0
0.0,0.0
0.0,0.0
0.0,0.0
0.0,0.0
0.0,0.0
0.0,0.0
0.0,0.0
0.0,0.0
0.0,0.0
0.0,0.0
0.0,0.0
0.0,0.0
0.0,0.0
0.0,0.0
0.0,0.0
0.0,0.0
0.0,0.0
0.0,0.0
0.0,0.0
0.0,0.0
0.0,0.0
0.0,0.0
0.0,0.0
0.0,0.0
0.0,0.0
0.0,0.0
0.0,0.0
0.0,0.0
0.0,0.0
0.0,0.0
0.0,0.0
0.0,0.0
0.0,0.0
0.0,0.0
0.0,0.0
0.0,0.0
0.0,0.0
0.0,0.0
0.0,0.0
0.0,0.0
0.0,0.0
0.0,0.0
0.0,0.0
0.0,0.0
0.0,0.0
0.0,0.0
0.0,0.0
0.0,0.0
11.111105918884277,-6.516864776611328
0.0,0.0
0.0,0.0
0.0,0.0
0.0,0.0
0.0,0.0
11.099748611450195,2.0412771701812744
0.0,0.0
11.111105918884277,6.265310764312744
0.0,0.0
0.0,0.0
0.0,0.0
9.955660820007324,4.975449562072754
0.0,0.0
0.0,0.0
0.0,0.0
-10.100895881652832,-1.0092036724090576
0.0,0.0
0.0,0.0
0.0,0.0
0.0,0.0
0.0,0.0
-8.799153327941895,11.111019134521484
0.0,0.0
-9.700715065002441,2.9923360347747803
0.0,0.0
0.0,0.0
0.0,0.0
-10.053027153015137,-2.9857630729675293
0.0,0.0
0.0,0.0
0.0,0.0
11.111105918884277,-8.163272857666016
0.0,0.0
0.0,0.0
0.0,0.0
0.0,0.0
0.0,0.0
11.111105918884277,0.39166468381881714
0.0,0.0
11.111105918884277,5.154604434967041
0.0,0.0
0.0,0.0
0.0,0.0
5.886082649230957,1.0273809432983398
0.0,0.0
0.0,0.0
0.0,0.0
-8.903995513916016,11.111105918884277
0.0,0.0
0.0,0.0
0.0,0.0
0.0,0.0
0.0,0.0
-7.36525297164917,11.107625007629395
0.0,0.0
-9.809404373168945,3.3067779541015625
0.0,0.0
0.0,0.0
0.0,0.0
-9.312457084655762,0.9193045496940613
0.0,0.0
0.0,0.0
0.0,0.0
0.0,0.0
0.0,0.0
0.0,0.0
0.0,0.0
0.0,0.0
0.0,0.0
0.0,0.0
0.0,0.0
0.0,0.0
0.0,0.0
0.0,0.0
0.0,0.0
0.0,0.0
0.0,0.0
0.0,0.0
0.0,0.0
-9.756836891174316,2.940755844116211
22.222200393676758,-20.279693603515625
0.0,0.0
0.0,0.0
0.0,0.0
0.0,0.0
0.0,0.0
0.0,0.0
-9.96054744720459,0.13666941225528717
-180.6036834716797,-99.14483642578125
0.0,0.0
0.0,0.0
0.0,0.0
0.0,0.0
0.0,0.0
0.0,0.0
0.0,0.0
0.0,0.0
0.0,0.0
0.0,0.0
0.0,0.0
0.0,0.0
0.0,0.0
0.0,0.0
0.0,0.0
0.0,0.0
0.0,0.0
0.0,0.0
0.0,0.0
0.0,0.0
0.0,0.0
0.0,0.0
-104.86309814453125,-58.19594955444336
-78.09844207763672,-24.38979148864746
0.0,0.0
0.0,0.0
-279.0417785644531,-8.846789360046387
0.0,0.0
0.0,0.0
0.0,0.0
-81.45612335205078,-64.38899230957031
22.222211837768555,-224.40628051757812
0.0,0.0
0.0,0.0
-319.70391845703125,-472.2818603515625
0.0,0.0
0.0,0.0
0.0,0.0
0.0,0.0
0.0,0.0
0.0,0.0
0.0,0.0
0.0,0.0
0.0,0.0
0.0,0.0
0.0,0.0
0.0,0.0
0.0,0.0
0.0,0.0
0.0,0.0
0.0,0.0
0.0,0.0
0.0,0.0
0.0,0.0
0.0,0.0
0.0,0.0
0.0,0.0
0.0,0.0
0.0,0.0
0.0,0.0
0.0,0.0
0.0,0.0
0.0,0.0
0.0,0.0
0.0,0.0
0.0,0.0
0.0,0.0
0.0,0.0
0.0,0.0
0.0,0.0
0.0,0.0
0.0,0.0
0.0,0.0
0.0,0.0
0.0,0.0
0.0,0.0
0.0,0.0
0.0,0.0
0.0,0.0
0.0,0.0
0.0,0.0
0.0,0.0
0.0,0.0
0.0,0.0
0.0,0.0
0.0,0.0
0.0,0.0
0.0,0.0
0.0,0.0
0.0,0.0
0.0,0.0
0.0,0.0
0.0,0.0
0.0,0.0
0.0,0.0
0.0,0.0
0.0,0.0
0.0,0.0
0.0,0.0
0.0,0.0
0.0,0.0
0.0,0.0
0.0,0.0
0.0,0.0
0.0,0.0
0.0,0.0
0.0,0.0
0.0,0.0
0.0,0.0
0.0,0.0
0.0,0.0
0.0,0.0
0.0,0.0
0.0,0.0
0.0,0.0
0.0,0.0
0.0,0.0
0.0,0.0
-8.888885498046875,11.111105918884277
22.222211837768555,-17.550867080688477
0.0,0.0
0.0,0.0
0.0,0.0
0.0,0.0
0.0,0.0
0.0,0.0
-8.888973236083984,11.111105918884277
22.22197723388672,-12.884410858154297
0.0,0.0
0.0,0.0
0.0,0.0
0.0,0.0
0.0,0.0
0.0,0.0
0.0,0.0
0.0,0.0
0.0,0.0
0.0,0.0
0.0,0.0
0.0,0.0
0.0,0.0
0.0,0.0
0.0,0.0
0.0,0.0
0.0,0.0
0.0,0.0
0.0,0.0
0.0,0.0
0.0,0.0
0.0,0.0
-11.11073112487793,-49.37528991699219
22.222211837768555,-16.772159576416016
0.0,0.0
0.0,0.0
0.0,0.0
0.0,0.0
0.0,0.0
0.0,0.0
-8.919122695922852,10.811905860900879
22.192045211791992,-13.97580623626709
0.0,0.0
0.0,0.0
0.0,0.0
0.0,0.0
0.0,0.0
0.0,0.0
0.0,0.0
0.0,0.0
0.0,0.0
0.0,0.0
0.0,0.0
0.0,0.0
0.0,0.0
0.0,0.0
0.0,0.0
0.0,0.0
0.0,0.0
0.0,0.0
0.0,0.0
0.0,0.0
0.0,0.0
0.0,0.0
0.0,0.0
0.0,0.0
0.0,0.0
0.0,0.0
0.0,0.0
0.0,0.0
0.0,0.0
0.0,0.0
0.0,0.0
0.0,0.0
0.0,0.0
0.0,0.0
0.0,0.0
0.0,0.0
0.0,0.0
0.0,0.0
0.0,0.0
0.0,0.0
0.0,0.0
0.0,0.0
0.0,0.0
0.0,0.0
0.0,0.0
0.0,0.0
0.0,0.0
0.0,0.0
0.0,0.0
0.0,0.0
0.0,0.0
0.0,0.0
0.0,0.0
0.0,0.0
0.0,0.0
0.0,0.0
0.0,0.0
0.0,0.0
0.0,0.0
0.0,0.0
0.0,0.0
0.0,0.0
0.0,0.0
0.0,0.0
0.0,0.0
0.0,0.0
0.0,0.0
0.0,0.0
11.111105918884277,-8.256814956665039
37.70466995239258,-10.345582962036133
11.11003589630127,-6.1539764404296875
4.0,0.0
0.0,0.0
0.0,0.0
0.0,0.0
0.0,0.0
11.111105918884277,-8.788615226745605
43.088165283203125,-3.590384006500244
10.918563842773438,-4.765602111816406
0.0,0.0
0.0,0.0
0.0,0.0
0.0,0.0
0.0,0.0
-11.109374046325684,-41.622066497802734
19.682771682739258,-3.4869918823242188
-9.284608840942383,11.108711242675781
22.222211837768555,-17.777591705322266
0.0,0.0
0.0,0.0
0.0,0.0
0.0,0.0
-8.825543403625488,11.111105918884277
21.233320236206055,-9.630891799926758
-113.51233673095703,-43.59545135498047
22.222211837768555,-17.77776336669922
0.0,0.0
0.0,0.0
0.0,0.0
0.0,0.0
11.111105918884277,-7.838954925537109
32.57591247558594,-15.785006523132324
11.106683731079102,-6.736106872558594
4.0,0.0
7.173681259155273,-1.7799392938613892
0.0,0.0
0.0,0.0
0.0,0.0
11.111105918884277,-8.822419166564941
42.05607986450195,-10.31395149230957
10.661160469055176,-2.527561902999878
0.0,0.0
9.577812194824219,-3.2481932640075684
0.0,0.0
0.0,0.0
0.0,0.0
-8.613966941833496,11.110779762268066
18.152801513671875,-1.9617999792099
-28.55417823791504,11.111102104187012
22.222211837768555,-17.775793075561523
-1.8429855108261108,7.173681259155273
0.0,0.0
-292.5795593261719,-313.26251220703125
0.0,0.0
-8.879741668701172,10.62403678894043
21.135517120361328,-3.65360164642334
-134.50575256347656,-5.935420989990234
22.222211837768555,-17.77715301513672
-2.544396162033081,9.955660820007324
0.0,0.0
-337.26708984375,-381.30853271484375
0.0,0.0
0.0,0.0
0.0,0.0
0.0,0.0
0.0,0.0
0.0,0.0
0.0,0.0
0.0,0.0
0.0,0.0
0.0,0.0
0.0,0.0
0.0,0.0
0.0,0.0
0.0,0.0
0.0,0.0
0.0,0.0
0.0,0.0
0.0,0.0
0.0,0.0
0.0,0.0
0.0,0.0
0.0,0.0
0.0,0.0
0.0,0.0
0.0,0.0
0.0,0.0
0.0,0.0
0.0,0.0
0.0,0.0
0.0,0.0
0.0,0.0
0.0,0.0
0.0,0.0
0.0,0.0
0.0,0.0
0.0,0.0
0.0,0.0
0.0,0.0
0.0,0.0
0.0,0.0
0.0,0.0
0.0,0.0
0.0,0.0
0.0,0.0
0.0,0.0
0.0,0.0
0.0,0.0
0.0,0.0
0.0,0.0
0.0,0.0
0.0,0.0
0.0,0.0
0.0,0.0
0.0,0.0
0.0,0.0
0.0,0.0
0.0,0.0
0.0,0.0
0.0,0.0
0.0,0.0
0.0,0.0
0.0,0.0
0.0,0.0
0.0,0.0
0.0,0.0
0.0,0.0
0.0,0.0
4.80145263671875,0.0
0.0,0.0
0.0,0.0
0.0,0.0
0.0,0.0
0.0,0.0
11.111100196838379,-8.033041954040527
0.0,0.0
10.059651374816895,-2.77947998046875
0.0,0.0
0.0,0.0
0.0,0.0
0.0,0.0
0.0,0.0
0.0,0.0
0.0,0.0
-24.531740188598633,11.058293342590332
0.0,0.0
0.0,0.0
0.0,0.0
0.0,0.0
0.0,0.0
-190.08627319335938,7.9583516120910645
0.0,0.0
-8.91251277923584,11.11068344116211
0.0,0.0
0.0,0.0
0.0,0.0
0.0,0.0
0.0,0.0
0.0,0.0
0.0,0.0
0.0,0.0
0.0,0.0
0.0,0.0
0.0,0.0
0.0,0.0
0.0,0.0
4.80145263671875,0.0
0.0,0.0
0.0,0.0
0.0,0.0
0.0,0.0
0.0,0.0
0.0,0.0
0.0,0.0
0.0,0.0
0.0,0.0
-4.360333442687988,10.772041320800781
0.0,0.0
0.0,0.0
0.0,0.0
0.0,0.0
0.0,0.0
-1.899999976158142,5.369321823120117
0.0,0.0
-8.448338508605957,11.11109447479248
0.0,0.0
0.0,0.0
0.0,0.0
0.0,0.0
0.0,0.0
0.0,0.0
0.0,0.0
0.0,0.0
0.0,0.0
0.0,0.0
0.0,0.0
0.0,0.0
0.0,0.0
0.0,0.0
0.0,0.0
0.0,0.0
0.0,0.0
0.0,0.0
0.0,0.0
0.0,0.0
0.0,0.0
0.0,0.0
0.0,0.0
0.0,0.0
0.0,0.0
0.0,0.0
0.0,0.0
0.0,0.0
0.0,0.0
0.0,0.0
0.0,0.0
0.0,0.0
0.0,0.0
0.0,0.0
0.0,0.0
0.0,0.0
0.0,0.0
0.0,0.0
0.0,0.0
0.0,0.0
0.0,0.0
0.0,0.0
0.0,0.0
0.0,0.0
0.0,0.0
0.0,0.0
0.0,0.0
0.0,0.0
0.0,0.0
0.0,0.0
0.0,0.0
0.0,0.0
0.0,0.0
0.0,0.0
0.0,0.0
0.0,0.0
0.0,0.0
0.0,0.0
0.0,0.0
0.0,0.0
0.0,0.0
0.0,0.0
0.0,0.0
0.0,0.0
0.0,0.0
0.0,0.0
0.0,0.0
0.0,0.0
0.0,0.0
