-8.495194435119629,7.063293933868408
0.0,0.0
0.0,0.0
0.0,0.0
0.0,0.0
0.0,0.0
0.0,0.0
0.0,0.0
0.0,0.0
0.0,0.0
0.0,0.0
0.0,0.0
0.0,0.0
0.0,0.0
0.0,0.0
0.0,0.0
0.0,0.0
0.0,0.0
-6.523478031158447,30.660844802856445
9.6029052734375,0.0
0.0,0.0
0.0,0.0
0.0,0.0
0.0,0.0
0.0,0.0
0.0,0.0
5.867583274841309,27.077646255493164
2.0,-1.9800000190734863
0.0,0.0
0.0,0.0
-3.4026191234588623,7.528049945831299
0.0,0.0
0.0,0.0
0.0,0.0
0.0,0.0
0.0,0.0
0.0,0.0
0.0,0.0
0.0,0.0
0.0,0.0
0.0,0.0
0.0,0.0
0.0,0.0
0.0,0.0
0.0,0.0
0.0,0.0
0.0,0.0
0.0,0.0
0.0,0.0
0.0,0.0
-9.000617027282715,11.110603332519531
0.0,0.0
0.0,0.0
0.0,0.0
-8.890807151794434,11.110685348510742
0.0,0.0
0.0,0.0
0.0,0.0
-8.889873504638672,11.111067771911621
0.0,0.0
0.0,0.0
0.0,0.0
-8.451652526855469,11.110555648803711
0.0,0.0
0.0,0.0
0.0,0.0
0.0,0.0
0.0,0.0
0.0,0.0
0.0,0.0
0.0,0.0
0.0,0.0
0.0,0.0
0.0,0.0
0.0,0.0
0.0,0.0
0.0,0.0
0.0,0.0
0.0,0.0
0.0,0.0
0.0,0.0
0.0,0.0
-8.902857780456543,11.109722137451172
22.222211837768555,-17.679851531982422
0.0,0.0
0.0,0.0
-7.865213871002197,11.108075141906738
3.819999933242798,0.0
0.0,0.0
0.0,0.0
-8.889227867126465,11.111104965209961
-68.81810760498047,-220.19454956054688
0.0,0.0
0.0,0.0
-8.850247383117676,10.136116027832031
-179.77781677246094,-20.775222778320312
0.0,0.0
0.0,0.0
0.0,0.0
0.0,0.0
0.0,0.0
0.0,0.0
0.0,0.0
0.0,0.0
0.0,0.0
0.0,0.0
0.0,0.0
0.0,0.0
0.0,0.0
0.0,0.0
0.0,0.0
0.0,0.0
0.0,0.0
0.0,0.0
-8.832276344299316,11.02208137512207
22.22170066833496,-16.51957130432129
0.0,0.0
0.0,0.0
-8.832718849182129,11.073518753051758
22.22189712524414,-16.651233673095703
0.0,0.0
0.0,0.0
-8.89585018157959,11.111054420471191
22.222211837768555,-17.769529342651367
0.0,0.0
0.0,0.0
-8.92630672454834,9.534029960632324
22.222108840942383,-16.966630935668945
0.0,0.0
0.0,0.0
0.0,0.0
0.0,0.0
0.0,0.0
0.0,0.0
0.0,0.0
0.0,0.0
0.0,0.0
0.0,0.0
0.0,0.0
0.0,0.0
0.0,0.0
0.0,0.0
0.0,0.0
0.0,0.0
0.0,0.0
0.0,0.0
0.30273258686065674,19.65741729736328
22.222211837768555,-17.777788162231445
0.0,0.0
0.0,0.0
0.0,0.0
0.0,0.0
0.0,0.0
0.0,0.0
11.024405479431152,22.659940719604492
21.660655975341797,-11.727171897888184
0.0,0.0
0.0,0.0
-5.740651607513428,11.0596923828125
0.0,0.0
0.0,0.0
0.0,0.0
0.0,0.0
0.0,0.0
0.0,0.0
0.0,0.0
0.0,0.0
0.0,0.0
0.0,0.0
0.0,0.0
0.0,0.0
0.0,0.0
0.0,0.0
0.0,0.0
0.0,0.0
0.0,0.0
0.0,0.0
0.0,0.0
0.0,0.0
0.0,0.0
0.0,0.0
0.0,0.0
0.0,0.0
0.0,0.0
0.0,0.0
0.0,0.0
0.0,0.0
0.0,0.0
0.0,0.0
0.0,0.0
0.0,0.0
0.0,0.0
0.0,0.0
0.0,0.0
0.0,0.0
0.0,0.0
0.0,0.0
0.0,0.0
0.0,0.0
0.0,0.0
0.0,0.0
0.0,0.0
0.0,0.0
0.0,0.0
0.0,0.0
0.0,0.0
0.0,0.0
0.0,0.0
0.0,0.0
0.0,0.0
-8.913317680358887,10.867176055908203
0.0,0.0
0.0,0.0
0.0,0.0
0.0,0.0
0.0,0.0
0.0,0.0
0.0,0.0
-8.931385040283203,10.642217636108398
22.222211837768555,-17.777788162231445
0.0,0.0
0.0,0.0
-9.1398286819458,5.981961727142334
0.0,0.0
0.0,0.0
0.0,0.0
0.0,0.0
0.0,0.0
0.0,0.0
0.0,0.0
0.0,0.0
0.0,0.0
0.0,0.0
0.0,0.0
0.0,0.0
0.0,0.0
0.0,0.0
0.0,0.0
0.0,0.0
0.0,0.0
0.0,0.0
0.0,0.0
-8.900215148925781,11.111105918884277
0.0,0.0
0.0,0.0
0.0,0.0
0.0,0.0
0.0,0.0
0.0,0.0
0.0,0.0
-8.91464614868164,9.900151252746582
22.222211837768555,-17.76384162902832
0.0,0.0
0.0,0.0
-8.859652519226074,10.910049438476562
0.0,0.0
0.0,0.0
0.0,0.0
0.0,0.0
0.0,0.0
0.0,0.0
0.0,0.0
0.0,0.0
0.0,0.0
0.0,0.0
0.0,0.0
0.0,0.0
0.0,0.0
0.0,0.0
0.0,0.0
0.0,0.0
0.0,0.0
0.0,0.0
0.0,0.0
0.0,0.0
0.0,0.0
0.0,0.0
0.0,0.0
0.0,0.0
0.0,0.0
0.0,0.0
0.0,0.0
0.0,0.0
0.0,0.0
0.0,0.0
0.0,0.0
0.0,0.0
0.0,0.0
0.0,0.0
0.0,0.0
0.0,0.0
0.0,0.0
0.0,0.0
0.0,0.0
0.0,0.0
0.0,0.0
0.0,0.0
0.0,0.0
0.0,0.0
0.0,0.0
0.0,0.0
0.0,0.0
0.0,0.0
0.0,0.0
0.0,0.0
0.0,0.0
0.0,0.0
0.0,0.0
0.0,0.0
0.0,0.0
0.0,0.0
0.0,0.0
0.0,0.0
0.0,0.0
0.0,0.0
0.0,0.0
0.0,0.0
0.0,0.0
0.0,0.0
0.0,0.0
11.111105918884277,-4.185792922973633
44.44442367553711,-23.002893447875977
11.111105918884277,-7.155198097229004
7.639999866485596,0.0
0.0,0.0
0.0,0.0
2.738100051879883,-0.9726189970970154
0.0,0.0
11.111105918884277,-6.725627899169922
44.44442367553711,-29.1723690032959
11.111105918884277,-5.628174304962158
21.47728729248047,-3.9235999584198
0.0,0.0
0.0,0.0
4.177420616149902,0.0
0.0,0.0
0.0,0.0
0.0,0.0
-5.805971622467041,5.570626258850098
0.0,-2.0
0.0,0.0
0.0,0.0
-1.899999976158142,2.738100051879883
0.0,0.0
0.0,0.0
0.0,0.0
-7.273992538452148,9.60396671295166
12.71267032623291,0.0
0.0,0.0
0.0,0.0
-2.6909408569335938,2.8049330711364746
2.0,0.0
11.111105918884277,-8.844844818115234
44.44442367553711,-5.860116958618164
11.111105918884277,-7.315868377685547
19.205810546875,0.0
11.111105918884277,-8.839415550231934
0.0,0.0
2.738100051879883,-0.09000000357627869
0.0,0.0
11.111105918884277,-3.530446767807007
44.44442367553711,-6.961723804473877
11.111105918884277,-7.330060958862305
30.112199783325195,0.0
11.111105918884277,-7.8248748779296875
13.966684341430664,-4.0
9.841385841369629,-3.9246673583984375
10.952400207519531,-4.0
0.0,0.0
0.0,0.0
-1.0,4.151740074157715
8.354841232299805,0.0
0.0,0.0
0.0,0.0
-1.8637100458145142,3.2943108081817627
0.0,0.0
0.0,0.0
0.0,0.0
-5.962599277496338,4.326659202575684
8.354841232299805,-2.7890379428863525
0.0,0.0
0.0,0.0
-5.403284549713135,5.289143085479736
6.983342170715332,-1.9452379941940308
0.0,0.0
0.0,0.0
0.0,0.0
0.0,0.0
0.0,0.0
0.0,0.0
0.0,0.0
0.0,0.0
0.0,0.0
0.0,0.0
0.0,0.0
0.0,0.0
0.0,0.0
0.0,0.0
0.0,0.0
0.0,0.0
0.0,0.0
0.0,0.0
0.0,0.0
0.0,0.0
0.0,0.0
0.0,0.0
0.0,0.0
0.0,0.0
0.0,0.0
0.0,0.0
0.0,0.0
0.0,0.0
0.0,0.0
0.0,0.0
0.0,0.0
0.0,0.0
0.0,0.0
0.0,0.0
0.0,0.0
0.0,0.0
0.0,0.0
0.0,0.0
0.0,0.0
0.0,0.0
0.0,0.0
0.0,0.0
0.0,0.0
0.0,0.0
0.0,0.0
0.0,0.0
0.0,0.0
0.0,0.0
0.0,0.0
0.0,0.0
0.0,0.0
0.0,0.0
0.0,0.0
0.0,0.0
0.0,0.0
0.0,0.0
0.0,0.0
0.0,0.0
0.0,0.0
0.0,0.0
0.0,0.0
0.0,0.0
0.0,0.0
0.0,0.0
0.0,0.0
0.0,0.0
11.11108684539795,-5.862049579620361
0.0,0.0
0.0,0.0
0.0,0.0
0.0,0.0
0.0,0.0
11.111105918884277,4.817371368408203
0.0,0.0
11.111105918884277,9.896743774414062
0.0,0.0
0.0,0.0
0.0,0.0
4.80145263671875,1.0273809432983398
0.0,0.0
0.0,0.0
0.0,0.0
-10.096711158752441,-0.9757049679756165
0.0,0.0
0.0,0.0
0.0,0.0
0.0,0.0
0.0,0.0
-5.134700298309326,10.726407051086426
0.0,0.0
-9.638101577758789,4.478504180908203
0.0,0.0
0.0,0.0
0.0,0.0
-7.92829704284668,-0.9171233177185059
0.0,0.0
0.0,0.0
0.0,0.0
10.966012954711914,-4.050357341766357
0.0,0.0
0.0,0.0
0.0,0.0
0.0,0.0
0.0,0.0
11.111105918884277,-2.478269100189209
0.0,0.0
11.111105918884277,7.963224411010742
0.0,0.0
0.0,0.0
0.0,0.0
1.909999966621399,0.0
0.0,0.0
0.0,0.0
0.0,0.0
-8.700817108154297,11.09514331817627
0.0,0.0
0.0,0.0
0.0,0.0
0.0,0.0
0.0,0.0
-3.852173089981079,8.011460304260254
0.0,0.0
-9.657370567321777,2.3713505268096924
0.0,0.0
0.0,0.0
0.0,0.0
-5.928326606750488,2.183990240097046
0.0,0.0
0.0,0.0
0.0,0.0
0.0,0.0
0.0,0.0
0.0,0.0
0.0,0.0
0.0,0.0
0.0,0.0
0.0,0.0
0.0,0.0
0.0,0.0
0.0,0.0
0.0,0.0
0.0,0.0
0.0,0.0
0.0,0.0
0.0,0.0
0.0,0.0
-15.30501937866211,11.10400676727295
-88.49028015136719,-27.784866333007812
0.0,0.0
0.0,0.0
0.0,0.0
0.0,0.0
0.0,0.0
0.0,0.0
-134.68495178222656,11.111064910888672
22.222211837768555,-21.02410316467285
0.0,0.0
0.0,0.0
0.0,0.0
0.0,0.0
0.0,0.0
0.0,0.0
0.0,0.0
0.0,0.0
0.0,0.0
0.0,0.0
0.0,0.0
0.0,0.0
0.0,0.0
0.0,0.0
0.0,0.0
0.0,0.0
0.0,0.0
0.0,0.0
0.0,0.0
0.0,0.0
0.0,0.0
0.0,0.0
-112.43360137939453,-147.18405151367188
-118.9427490234375,-22.222177505493164
0.0,0.0
0.0,0.0
-164.4514617919922,9.25952434539795
0.0,0.0
0.0,0.0
0.0,0.0
-112.20494079589844,-143.97303771972656
22.222200393676758,-21.53271484375
0.0,0.0
0.0,0.0
-1.909999966621399,-378.4548034667969
0.0,0.0
0.0,0.0
0.0,0.0
0.0,0.0
0.0,0.0
0.0,0.0
0.0,0.0
0.0,0.0
0.0,0.0
0.0,0.0
0.0,0.0
0.0,0.0
0.0,0.0
0.0,0.0
0.0,0.0
0.0,0.0
0.0,0.0
0.0,0.0
0.0,0.0
0.0,0.0
0.0,0.0
0.0,0.0
0.0,0.0
0.0,0.0
0.0,0.0
0.0,0.0
0.0,0.0
0.0,0.0
0.0,0.0
0.0,0.0
0.0,0.0
0.0,0.0
0.0,0.0
0.0,0.0
0.0,0.0
0.0,0.0
0.0,0.0
0.0,0.0
0.0,0.0
0.0,0.0
0.0,0.0
0.0,0.0
0.0,0.0
0.0,0.0
0.0,0.0
0.0,0.0
0.0,0.0
0.0,0.0
0.0,0.0
0.0,0.0
0.0,0.0
0.0,0.0
0.0,0.0
0.0,0.0
0.0,0.0
0.0,0.0
0.0,0.0
0.0,0.0
0.0,0.0
0.0,0.0
0.0,0.0
0.0,0.0
0.0,0.0
0.0,0.0
0.0,0.0
0.0,0.0
0.0,0.0
0.0,0.0
0.0,0.0
0.0,0.0
0.0,0.0
0.0,0.0
0.0,0.0
0.0,0.0
0.0,0.0
0.0,0.0
0.0,0.0
0.0,0.0
0.0,0.0
0.0,0.0
0.0,0.0
0.0,0.0
0.0,0.0
-8.888885498046875,11.111105918884277
22.217647552490234,-16.785503387451172
0.0,0.0
0.0,0.0
0.0,0.0
0.0,0.0
0.0,0.0
0.0,0.0
-8.888885498046875,11.111105918884277
12.71267032623291,-1.9164515733718872
0.0,0.0
0.0,0.0
0.0,0.0
0.0,0.0
0.0,0.0
0.0,0.0
0.0,0.0
0.0,0.0
0.0,0.0
0.0,0.0
0.0,0.0
0.0,0.0
0.0,0.0
0.0,0.0
0.0,0.0
0.0,0.0
0.0,0.0
0.0,0.0
0.0,0.0
0.0,0.0
0.0,0.0
0.0,0.0
-8.888554573059082,11.111105918884277
22.199481964111328,-14.572946548461914
0.0,0.0
0.0,0.0
0.0,0.0
0.0,0.0
0.0,0.0
0.0,0.0
-8.888885498046875,11.111105918884277
21.932025909423828,-13.081937789916992
0.0,0.0
0.0,0.0
0.0,0.0
0.0,0.0
0.0,0.0
0.0,0.0
0.0,0.0
0.0,0.0
0.0,0.0
0.0,0.0
0.0,0.0
0.0,0.0
0.0,0.0
0.0,0.0
0.0,0.0
0.0,0.0
0.0,0.0
0.0,0.0
0.0,0.0
0.0,0.0
0.0,0.0
0.0,0.0
0.0,0.0
0.0,0.0
0.0,0.0
0.0,0.0
0.0,0.0
0.0,0.0
0.0,0.0
0.0,0.0
0.0,0.0
0.0,0.0
0.0,0.0
0.0,0.0
0.0,0.0
0.0,0.0
0.0,0.0
0.0,0.0
0.0,0.0
0.0,0.0
0.0,0.0
0.0,0.0
0.0,0.0
0.0,0.0
0.0,0.0
0.0,0.0
0.0,0.0
0.0,0.0
0.0,0.0
0.0,0.0
0.0,0.0
0.0,0.0
0.0,0.0
0.0,0.0
0.0,0.0
0.0,0.0
0.0,0.0
0.0,0.0
0.0,0.0
0.0,0.0
0.0,0.0
0.0,0.0
0.0,0.0
0.0,0.0
0.0,0.0
0.0,0.0
0.0,0.0
0.0,0.0
11.09453010559082,-5.098608493804932
21.47728729248047,-7.385227203369141
10.240397453308105,-3.7279443740844727
4.0,0.0
0.0,0.0
0.0,0.0
0.0,0.0
0.0,0.0
11.110219955444336,-7.631776809692383
33.644081115722656,0.0
8.143978118896484,-1.7871227264404297
0.0,0.0
0.0,0.0
0.0,0.0
0.0,0.0
0.0,0.0
-6.772292613983154,11.079024314880371
12.71267032623291,0.0
-8.888894081115723,11.111105918884277
22.222211837768555,-17.599056243896484
0.0,0.0
0.0,0.0
0.0,0.0
0.0,0.0
-8.245372772216797,11.098857879638672
15.701050758361816,-5.212645530700684
-8.899768829345703,11.111105918884277
22.222211837768555,-17.757299423217773
0.0,0.0
0.0,0.0
0.0,0.0
0.0,0.0
11.104655265808105,-5.877683162689209
16.70968246459961,-10.604503631591797
9.715808868408203,-4.360875606536865
4.0,0.0
2.738100051879883,0.0
0.0,0.0
0.0,0.0
0.0,0.0
11.110555648803711,-7.962978363037109
28.694725036621094,-10.31395149230957
7.173681259155273,-1.8110731840133667
0.0,0.0
4.80145263671875,-1.8726190328598022
0.0,0.0
0.0,0.0
0.0,0.0
-7.6504340171813965,11.097380638122559
10.738643646240234,-1.9617999792099
-10.114662170410156,11.106256484985352
22.222211837768555,-17.496492385864258
-0.9900000095367432,1.909999966621399
0.0,0.0
-314.43603515625,-303.7118835449219
0.0,0.0
-8.165365219116211,11.110132217407227
15.056099891662598,-3.65360164642334
-146.77618408203125,7.802957534790039
22.222211837768555,-17.642921447753906
-0.98089998960495,5.886082649230957
0.0,0.0
-392.34490966796875,-362.025146484375
0.0,0.0
0.0,0.0
0.0,0.0
0.0,0.0
0.0,0.0
0.0,0.0
0.0,0.0
0.0,0.0
0.0,0.0
0.0,0.0
0.0,0.0
0.0,0.0
0.0,0.0
0.0,0.0
0.0,0.0
0.0,0.0
0.0,0.0
0.0,0.0
0.0,0.0
0.0,0.0
0.0,0.0
0.0,0.0
0.0,0.0
0.0,0.0
0.0,0.0
0.0,0.0
0.0,0.0
0.0,0.0
0.0,0.0
0.0,0.0
0.0,0.0
0.0,0.0
0.0,0.0
0.0,0.0
0.0,0.0
0.0,0.0
0.0,0.0
0.0,0.0
0.0,0.0
0.0,0.0
0.0,0.0
0.0,0.0
0.0,0.0
0.0,0.0
0.0,0.0
0.0,0.0
0.0,0.0
0.0,0.0
0.0,0.0
0.0,0.0
0.0,0.0
0.0,0.0
0.0,0.0
0.0,0.0
0.0,0.0
0.0,0.0
0.0,0.0
0.0,0.0
0.0,0.0
0.0,0.0
0.0,0.0
0.0,0.0
0.0,0.0
0.0,0.0
0.0,0.0
0.0,0.0
0.0,0.0
1.909999966621399,0.0
0.0,0.0
0.0,0.0
0.0,0.0
0.0,0.0
0.0,0.0
11.020565032958984,-4.2669172286987305
0.0,0.0
6.356335163116455,-1.2826571464538574
0.0,0.0
0.0,0.0
0.0,0.0
0.0,0.0
0.0,0.0
0.0,0.0
0.0,0.0
-8.97715950012207,10.832781791687012
0.0,0.0
0.0,0.0
0.0,0.0
0.0,0.0
0.0,0.0
-10.310686111450195,-98.89865112304688
0.0,0.0
-8.904385566711426,11.074631690979004
0.0,0.0
0.0,0.0
0.0,0.0
0.0,0.0
0.0,0.0
0.0,0.0
0.0,0.0
0.0,0.0
0.0,0.0
0.0,0.0
0.0,0.0
0.0,0.0
0.0,0.0
1.0,0.0
0.0,0.0
0.0,0.0
0.0,0.0
0.0,0.0
0.0,0.0
0.0,0.0
0.0,0.0
0.0,0.0
0.0,0.0
-3.259796380996704,8.875165939331055
0.0,0.0
0.0,0.0
0.0,0.0
0.0,0.0
0.0,0.0
-1.899999976158142,1.909999966621399
0.0,0.0
-5.232135772705078,7.146013259887695
0.0,0.0
0.0,0.0
0.0,0.0
0.0,0.0
0.0,0.0
0.0,0.0
0.0,0.0
0.0,0.0
0.0,0.0
0.0,0.0
0.0,0.0
0.0,0.0
0.0,0.0
0.0,0.0
0.0,0.0
0.0,0.0
0.0,0.0
0.0,0.0
0.0,0.0
0.0,0.0
0.0,0.0
0.0,0.0
0.0,0.0
0.0,0.0
0.0,0.0
0.0,0.0
0.0,0.0
0.0,0.0
0.0,0.0
0.0,0.0
0.0,0.0
0.0,0.0
0.0,0.0
0.0,0.0
0.0,0.0
0.0,0.0
0.0,0.0
0.0,0.0
0.0,0.0
0.0,0.0
0.0,0.0
0.0,0.0
0.0,0.0
0.0,0.0
0.0,0.0
0.0,0.0
0.0,0.0
0.0,0.0
0.0,0.0
0.0,0.0
0.0,0.0
0.0,0.0
0.0,0.0
0.0,0.0
0.0,0.0
0.0,0.0
0.0,0.0
0.0,0.0
0.0,0.0
0.0,0.0
0.0,0.0
0.0,0.0
0.0,0.0
0.0,0.0
0.0,0.0
0.0,0.0
0.0,0.0
0.0,0.0
0.0,0.0
