-5.545873641967773,6.583523273468018
0.0,0.0
0.0,0.0
0.0,0.0
0.0,0.0
0.0,0.0
0.0,0.0
0.0,0.0
0.0,0.0
0.0,0.0
0.0,0.0
0.0,0.0
0.0,0.0
0.0,0.0
0.0,0.0
0.0,0.0
0.0,0.0
0.0,0.0
1.6655858755111694,30.67030143737793
16.822040557861328,-1.9039709568023682
0.0,0.0
0.0,0.0
0.0,0.0
0.0,0.0
0.0,0.0
0.0,0.0
8.461210250854492,27.112051010131836
19.155624389648438,-5.137050151824951
0.0,0.0
0.0,0.0
-3.4026191234588623,7.528049945831299
0.0,0.0
0.0,0.0
0.0,0.0
0.0,0.0
0.0,0.0
0.0,0.0
0.0,0.0
0.0,0.0
0.0,0.0
0.0,0.0
0.0,0.0
0.0,0.0
0.0,0.0
0.0,0.0
0.0,0.0
0.0,0.0
0.0,0.0
0.0,0.0
0.0,0.0
-8.89219856262207,11.09888744354248
0.0,0.0
0.0,0.0
0.0,0.0
-8.888932228088379,11.111105918884277
0.0,0.0
0.0,0.0
0.0,0.0
-8.928277015686035,11.07508373260498
14.347362518310547,0.0
0.0,0.0
0.0,0.0
-8.815975189208984,11.111105918884277
0.0,0.0
0.0,0.0
0.0,0.0
0.0,0.0
0.0,0.0
0.0,0.0
0.0,0.0
0.0,0.0
0.0,0.0
0.0,0.0
0.0,0.0
0.0,0.0
0.0,0.0
0.0,0.0
0.0,0.0
0.0,0.0
0.0,0.0
0.0,0.0
0.0,0.0
-8.952279090881348,10.957131385803223
22.222211837768555,-17.775575637817383
0.0,0.0
0.0,0.0
-8.56766128540039,11.111098289489746
19.682771682739258,-3.4332833290100098
0.0,0.0
0.0,0.0
-8.913567543029785,10.918783187866211
-63.46497344970703,-49.663516998291016
0.0,0.0
0.0,0.0
-8.902748107910156,11.109369277954102
-47.00163269042969,-22.268850326538086
0.0,0.0
0.0,0.0
0.0,0.0
0.0,0.0
0.0,0.0
0.0,0.0
0.0,0.0
0.0,0.0
0.0,0.0
0.0,0.0
0.0,0.0
0.0,0.0
0.0,0.0
0.0,0.0
0.0,0.0
0.0,0.0
0.0,0.0
0.0,0.0
-8.895136833190918,11.110610008239746
22.222211837768555,-17.687454223632812
0.0,0.0
0.0,0.0
-8.913679122924805,11.07302474975586
22.222211837768555,-17.29283905029297
0.0,0.0
0.0,0.0
-8.907060623168945,11.100293159484863
22.222211837768555,-21.574848175048828
0.0,0.0
0.0,0.0
-8.889941215515137,11.111105918884277
22.222211837768555,-17.7468318939209
0.0,0.0
0.0,0.0
0.0,0.0
0.0,0.0
0.0,0.0
0.0,0.0
0.0,0.0
0.0,0.0
0.0,0.0
0.0,0.0
0.0,0.0
0.0,0.0
0.0,0.0
0.0,0.0
0.0,0.0
0.0,0.0
0.0,0.0
0.0,0.0
0.5740100145339966,19.65741729736328
21.351783752441406,-57.47634506225586
0.0,0.0
0.0,0.0
0.0,0.0
0.0,0.0
0.0,0.0
0.0,0.0
6.067866802215576,22.63821029663086
22.218774795532227,-14.567914962768555
0.0,0.0
0.0,0.0
-7.383483409881592,11.110440254211426
0.0,0.0
0.0,0.0
0.0,0.0
0.0,0.0
0.0,0.0
0.0,0.0
0.0,0.0
0.0,0.0
0.0,0.0
0.0,0.0
0.0,0.0
0.0,0.0
0.0,0.0
0.0,0.0
0.0,0.0
0.0,0.0
0.0,0.0
0.0,0.0
0.0,0.0
0.0,0.0
0.0,0.0
0.0,0.0
0.0,0.0
0.0,0.0
0.0,0.0
0.0,0.0
0.0,0.0
0.0,0.0
0.0,0.0
0.0,0.0
0.0,0.0
0.0,0.0
0.0,0.0
0.0,0.0
0.0,0.0
0.0,0.0
0.0,0.0
0.0,0.0
0.0,0.0
0.0,0.0
0.0,0.0
0.0,0.0
0.0,0.0
0.0,0.0
0.0,0.0
0.0,0.0
0.0,0.0
0.0,0.0
0.0,0.0
0.0,0.0
0.0,0.0
-8.913383483886719,10.86561107635498
0.0,0.0
0.0,0.0
0.0,0.0
0.0,0.0
0.0,0.0
0.0,0.0
0.0,0.0
-8.928145408630371,10.720580101013184
22.222198486328125,-17.777788162231445
0.0,0.0
0.0,0.0
-9.118300437927246,7.868483543395996
0.0,0.0
0.0,0.0
0.0,0.0
0.0,0.0
0.0,0.0
0.0,0.0
0.0,0.0
0.0,0.0
0.0,0.0
0.0,0.0
0.0,0.0
0.0,0.0
0.0,0.0
0.0,0.0
0.0,0.0
0.0,0.0
0.0,0.0
0.0,0.0
0.0,0.0
-8.920385360717773,10.883805274963379
0.0,0.0
0.0,0.0
0.0,0.0
0.0,0.0
0.0,0.0
0.0,0.0
0.0,0.0
-8.959156036376953,10.684135437011719
22.222211837768555,-17.777524948120117
0.0,0.0
0.0,0.0
-9.083776473999023,9.409622192382812
0.0,0.0
0.0,0.0
0.0,0.0
0.0,0.0
0.0,0.0
0.0,0.0
0.0,0.0
0.0,0.0
0.0,0.0
0.0,0.0
0.0,0.0
0.0,0.0
0.0,0.0
0.0,0.0
0.0,0.0
0.0,0.0
0.0,0.0
0.0,0.0
0.0,0.0
0.0,0.0
0.0,0.0
0.0,0.0
0.0,0.0
0.0,0.0
0.0,0.0
0.0,0.0
0.0,0.0
0.0,0.0
0.0,0.0
0.0,0.0
0.0,0.0
0.0,0.0
0.0,0.0
0.0,0.0
0.0,0.0
0.0,0.0
0.0,0.0
0.0,0.0
0.0,0.0
0.0,0.0
0.0,0.0
0.0,0.0
0.0,0.0
0.0,0.0
0.0,0.0
0.0,0.0
0.0,0.0
0.0,0.0
0.0,0.0
0.0,0.0
0.0,0.0
0.0,0.0
0.0,0.0
0.0,0.0
0.0,0.0
0.0,0.0
0.0,0.0
0.0,0.0
0.0,0.0
0.0,0.0
0.0,0.0
0.0,0.0
0.0,0.0
0.0,0.0
0.0,0.0
11.111105918884277,-2.632791042327881
44.44442367553711,-16.184667587280273
11.111105918884277,-7.094338893890381
21.47728729248047,-3.9235999584198
1.0,-0.9900000095367432
0.0,0.0
4.177420616149902,-0.9726189970970154
0.0,0.0
11.111105918884277,-5.9043049812316895
44.44442367553711,-35.06413650512695
11.111105918884277,-6.245806694030762
32.57591247558594,-3.9235999584198
0.0,0.0
0.0,0.0
7.850525379180908,0.0
0.0,0.0
0.0,0.0
0.0,0.0
-7.641210079193115,6.469327926635742
8.354841232299805,-3.799999952316284
0.0,0.0
0.0,0.0
-2.6750831604003906,4.177420616149902
0.0,0.0
0.0,0.0
0.0,0.0
-8.31319808959961,3.1948440074920654
17.30805778503418,0.0
0.0,0.0
0.0,0.0
-3.412402391433716,1.4498077630996704
3.819999933242798,0.0
11.111105918884277,-8.545622825622559
44.44442367553711,-24.357187271118164
11.111105918884277,-7.7370991706848145
25.42534065246582,0.0
11.111105918884277,-6.875977993011475
0.0,0.0
5.886082649230957,-0.09000000357627869
0.0,0.0
11.111105918884277,-7.458710670471191
44.44442367553711,-35.52083969116211
11.111105918884277,-7.031978607177734
37.0380973815918,-3.636944055557251
11.111105918884277,-7.695171356201172
13.966684341430664,-4.0
10.701656341552734,-4.427060604095459
13.966684341430664,-4.0
0.0,0.0
0.0,0.0
-2.636970043182373,2.4543144702911377
11.772165298461914,0.0
0.0,0.0
0.0,0.0
-2.6433329582214355,4.726034164428711
0.0,0.0
0.0,0.0
0.0,0.0
-7.914754390716553,5.02844762802124
12.71267032623291,-4.41410493850708
0.0,0.0
0.0,0.0
-6.406630039215088,10.228240013122559
8.354841232299805,-5.242959499359131
0.0,0.0
0.0,0.0
0.0,0.0
0.0,0.0
0.0,0.0
0.0,0.0
0.0,0.0
0.0,0.0
0.0,0.0
0.0,0.0
0.0,0.0
0.0,0.0
0.0,0.0
0.0,0.0
0.0,0.0
0.0,0.0
0.0,0.0
0.0,0.0
0.0,0.0
0.0,0.0
0.0,0.0
0.0,0.0
0.0,0.0
0.0,0.0
0.0,0.0
0.0,0.0
0.0,0.0
0.0,0.0
0.0,0.0
0.0,0.0
0.0,0.0
0.0,0.0
0.0,0.0
0.0,0.0
0.0,0.0
0.0,0.0
0.0,0.0
0.0,0.0
0.0,0.0
0.0,0.0
0.0,0.0
0.0,0.0
0.0,0.0
0.0,0.0
0.0,0.0
0.0,0.0
0.0,0.0
0.0,0.0
0.0,0.0
0.0,0.0
0.0,0.0
0.0,0.0
0.0,0.0
0.0,0.0
0.0,0.0
0.0,0.0
0.0,0.0
0.0,0.0
0.0,0.0
0.0,0.0
0.0,0.0
0.0,0.0
0.0,0.0
0.0,0.0
0.0,0.0
0.0,0.0
11.111105918884277,-5.823539733886719
0.0,0.0
0.0,0.0
0.0,0.0
0.0,0.0
0.0,0.0
11.111105918884277,7.29827880859375
0.0,0.0
11.111105918884277,5.05946683883667
0.0,0.0
0.0,0.0
0.0,0.0
5.886082649230957,3.5890800952911377
0.0,0.0
0.0,0.0
0.0,0.0
-10.100895881652832,-1.0090898275375366
0.0,0.0
0.0,0.0
0.0,0.0
0.0,0.0
0.0,0.0
-7.2788591384887695,11.107975959777832
0.0,0.0
-9.704827308654785,3.36329984664917
0.0,0.0
0.0,0.0
0.0,0.0
-9.255504608154297,2.3156516551971436
0.0,0.0
0.0,0.0
0.0,0.0
11.104655265808105,-6.034114360809326
0.0,0.0
0.0,0.0
0.0,0.0
0.0,0.0
0.0,0.0
11.111105918884277,0.8719767928123474
0.0,0.0
11.111105918884277,4.640957355499268
0.0,0.0
0.0,0.0
0.0,0.0
2.738100051879883,0.0
0.0,0.0
0.0,0.0
0.0,0.0
-8.961270332336426,9.609707832336426
0.0,0.0
0.0,0.0
0.0,0.0
0.0,0.0
0.0,0.0
-5.668216705322266,9.65349292755127
0.0,0.0
-10.061705589294434,0.9976776838302612
0.0,0.0
0.0,0.0
0.0,0.0
-6.937285423278809,1.4225221872329712
0.0,0.0
0.0,0.0
0.0,0.0
0.0,0.0
0.0,0.0
0.0,0.0
0.0,0.0
0.0,0.0
0.0,0.0
0.0,0.0
0.0,0.0
0.0,0.0
0.0,0.0
0.0,0.0
0.0,0.0
0.0,0.0
0.0,0.0
0.0,0.0
0.0,0.0
-45.45905685424805,11.100922584533691
22.221866607666016,-32.560646057128906
0.0,0.0
0.0,0.0
0.0,0.0
0.0,0.0
0.0,0.0
0.0,0.0
-21.145700454711914,10.787846565246582
21.633283615112305,-19.24957847595215
0.0,0.0
0.0,0.0
0.0,0.0
0.0,0.0
0.0,0.0
0.0,0.0
0.0,0.0
0.0,0.0
0.0,0.0
0.0,0.0
0.0,0.0
0.0,0.0
0.0,0.0
0.0,0.0
0.0,0.0
0.0,0.0
0.0,0.0
0.0,0.0
0.0,0.0
0.0,0.0
0.0,0.0
0.0,0.0
-74.58389282226562,4.173660755157471
-142.63446044921875,-220.35528564453125
0.0,0.0
0.0,0.0
-305.9490966796875,-84.13067626953125
0.0,0.0
0.0,0.0
0.0,0.0
-13.664559364318848,-77.37702941894531
22.222211837768555,-19.573753356933594
0.0,0.0
0.0,0.0
-1.909999966621399,-378.4548034667969
0.0,0.0
0.0,0.0
0.0,0.0
0.0,0.0
0.0,0.0
0.0,0.0
0.0,0.0
0.0,0.0
0.0,0.0
0.0,0.0
0.0,0.0
0.0,0.0
0.0,0.0
0.0,0.0
0.0,0.0
0.0,0.0
0.0,0.0
0.0,0.0
0.0,0.0
0.0,0.0
0.0,0.0
0.0,0.0
0.0,0.0
0.0,0.0
0.0,0.0
0.0,0.0
0.0,0.0
0.0,0.0
0.0,0.0
0.0,0.0
0.0,0.0
0.0,0.0
0.0,0.0
0.0,0.0
0.0,0.0
0.0,0.0
0.0,0.0
0.0,0.0
0.0,0.0
0.0,0.0
0.0,0.0
0.0,0.0
0.0,0.0
0.0,0.0
0.0,0.0
0.0,0.0
0.0,0.0
0.0,0.0
0.0,0.0
0.0,0.0
0.0,0.0
0.0,0.0
0.0,0.0
0.0,0.0
0.0,0.0
0.0,0.0
0.0,0.0
0.0,0.0
0.0,0.0
0.0,0.0
0.0,0.0
0.0,0.0
0.0,0.0
0.0,0.0
0.0,0.0
0.0,0.0
0.0,0.0
0.0,0.0
0.0,0.0
0.0,0.0
0.0,0.0
0.0,0.0
0.0,0.0
0.0,0.0
0.0,0.0
0.0,0.0
0.0,0.0
0.0,0.0
0.0,0.0
0.0,0.0
0.0,0.0
0.0,0.0
0.0,0.0
-8.888885498046875,11.111105918884277
22.22007179260254,-17.191987991333008
0.0,0.0
0.0,0.0
0.0,0.0
0.0,0.0
0.0,0.0
0.0,0.0
-8.889118194580078,11.111105918884277
21.799041748046875,-7.539759159088135
0.0,0.0
0.0,0.0
0.0,0.0
0.0,0.0
0.0,0.0
0.0,0.0
0.0,0.0
0.0,0.0
0.0,0.0
0.0,0.0
0.0,0.0
0.0,0.0
0.0,0.0
0.0,0.0
0.0,0.0
0.0,0.0
0.0,0.0
0.0,0.0
0.0,0.0
0.0,0.0
0.0,0.0
0.0,0.0
-8.888885498046875,11.111105918884277
22.206628799438477,-14.893585205078125
0.0,0.0
0.0,0.0
0.0,0.0
0.0,0.0
0.0,0.0
0.0,0.0
-8.888885498046875,11.111105918884277
22.158048629760742,-13.97580623626709
0.0,0.0
0.0,0.0
0.0,0.0
0.0,0.0
0.0,0.0
0.0,0.0
0.0,0.0
0.0,0.0
0.0,0.0
0.0,0.0
0.0,0.0
0.0,0.0
0.0,0.0
0.0,0.0
0.0,0.0
0.0,0.0
0.0,0.0
0.0,0.0
0.0,0.0
0.0,0.0
0.0,0.0
0.0,0.0
0.0,0.0
0.0,0.0
0.0,0.0
0.0,0.0
0.0,0.0
0.0,0.0
0.0,0.0
0.0,0.0
0.0,0.0
0.0,0.0
0.0,0.0
0.0,0.0
0.0,0.0
0.0,0.0
0.0,0.0
0.0,0.0
0.0,0.0
0.0,0.0
0.0,0.0
0.0,0.0
0.0,0.0
0.0,0.0
0.0,0.0
0.0,0.0
0.0,0.0
0.0,0.0
0.0,0.0
0.0,0.0
0.0,0.0
0.0,0.0
0.0,0.0
0.0,0.0
0.0,0.0
0.0,0.0
0.0,0.0
0.0,0.0
0.0,0.0
0.0,0.0
0.0,0.0
0.0,0.0
0.0,0.0
0.0,0.0
0.0,0.0
0.0,0.0
0.0,0.0
0.0,0.0
11.110440254211426,-6.874680519104004
28.694725036621094,-7.385227203369141
11.01161003112793,-4.718847274780273
4.0,0.0
0.0,0.0
0.0,0.0
0.0,0.0
0.0,0.0
11.111105918884277,-8.347746849060059
39.365543365478516,0.0
9.25952434539795,-3.7782201766967773
0.0,0.0
0.0,0.0
0.0,0.0
0.0,0.0
0.0,0.0
-8.85803508758545,-169.98309326171875
15.056099891662598,-1.849439024925232
-15.148835182189941,11.111071586608887
22.222211837768555,-17.740982055664062
0.0,0.0
0.0,0.0
0.0,0.0
0.0,0.0
-8.639677047729492,11.111083984375
18.85233497619629,-6.528501510620117
-11.106061935424805,-59.21074676513672
22.222211837768555,-17.776145935058594
0.0,0.0
0.0,0.0
0.0,0.0
0.0,0.0
11.111035346984863,-7.11081600189209
25.42534065246582,-15.785006523132324
10.855598449707031,-5.934337615966797
4.0,0.0
5.369321823120117,-0.9463067650794983
0.0,0.0
0.0,0.0
0.0,0.0
11.111105918884277,-8.598333358764648
37.70466995239258,-10.31395149230957
9.25952434539795,-1.8110731840133667
0.0,0.0
6.784265041351318,-1.8726190328598022
0.0,0.0
0.0,0.0
0.0,0.0
-8.087148666381836,10.954219818115234
15.701050758361816,-1.9617999792099
-9.05384349822998,11.111104965209961
22.222211837768555,-17.76704978942871
-1.8429855108261108,4.80145263671875
0.0,0.0
-34.735538482666016,-318.8821105957031
0.0,0.0
-8.636628150939941,11.111105918884277
19.155624389648438,-3.65360164642334
-139.122802734375,-12.291603088378906
22.222211837768555,-17.75956153869629
-1.8239492177963257,7.850525379180908
0.0,0.0
-387.5843505859375,-347.13330078125
0.0,0.0
0.0,0.0
0.0,0.0
0.0,0.0
0.0,0.0
0.0,0.0
0.0,0.0
0.0,0.0
0.0,0.0
0.0,0.0
0.0,0.0
0.0,0.0
0.0,0.0
0.0,0.0
0.0,0.0
0.0,0.0
0.0,0.0
0.0,0.0
0.0,0.0
0.0,0.0
0.0,0.0
0.0,0.0
0.0,0.0
0.0,0.0
0.0,0.0
0.0,0.0
0.0,0.0
0.0,0.0
0.0,0.0
0.0,0.0
0.0,0.0
0.0,0.0
0.0,0.0
0.0,0.0
0.0,0.0
0.0,0.0
0.0,0.0
0.0,0.0
0.0,0.0
0.0,0.0
0.0,0.0
0.0,0.0
0.0,0.0
0.0,0.0
0.0,0.0
0.0,0.0
0.0,0.0
0.0,0.0
0.0,0.0
0.0,0.0
0.0,0.0
0.0,0.0
0.0,0.0
0.0,0.0
0.0,0.0
0.0,0.0
0.0,0.0
0.0,0.0
0.0,0.0
0.0,0.0
0.0,0.0
0.0,0.0
0.0,0.0
0.0,0.0
0.0,0.0
0.0,0.0
0.0,0.0
1.909999966621399,0.0
0.0,0.0
0.0,0.0
0.0,0.0
0.0,0.0
0.0,0.0
11.104655265808105,-7.0993876457214355
0.0,0.0
7.850525379180908,-2.0865488052368164
0.0,0.0
0.0,0.0
0.0,0.0
0.0,0.0
0.0,0.0
0.0,0.0
0.0,0.0
-8.888895034790039,11.11109447479248
0.0,0.0
0.0,0.0
0.0,0.0
0.0,0.0
0.0,0.0
-11.075492858886719,-38.95591354370117
0.0,0.0
-8.888975143432617,11.111099243164062
0.0,0.0
0.0,0.0
0.0,0.0
0.0,0.0
0.0,0.0
0.0,0.0
0.0,0.0
0.0,0.0
0.0,0.0
0.0,0.0
0.0,0.0
0.0,0.0
0.0,0.0
3.491671085357666,0.0
0.0,0.0
0.0,0.0
0.0,0.0
0.0,0.0
0.0,0.0
0.0,0.0
0.0,0.0
0.0,0.0
0.0,0.0
-4.360333442687988,9.955660820007324
0.0,0.0
0.0,0.0
0.0,0.0
0.0,0.0
0.0,0.0
-1.899999976158142,2.738100051879883
0.0,0.0
-6.747940540313721,11.059331893920898
0.0,0.0
0.0,0.0
0.0,0.0
0.0,0.0
0.0,0.0
0.0,0.0
0.0,0.0
0.0,0.0
0.0,0.0
0.0,0.0
0.0,0.0
0.0,0.0
0.0,0.0
0.0,0.0
0.0,0.0
0.0,0.0
0.0,0.0
0.0,0.0
0.0,0.0
0.0,0.0
0.0,0.0
0.0,0.0
0.0,0.0
0.0,0.0
0.0,0.0
0.0,0.0
0.0,0.0
0.0,0.0
0.0,0.0
0.0,0.0
0.0,0.0
0.0,0.0
0.0,0.0
0.0,0.0
0.0,0.0
0.0,0.0
0.0,0.0
0.0,0.0
0.0,0.0
0.0,0.0
0.0,0.0
0.0,0.0
0.0,0.0
0.0,0.0
0.0,0.0
0.0,0.0
0.0,0.0
0.0,0.0
0.0,0.0
0.0,0.0
0.0,0.0
0.0,0.0
0.0,0.0
0.0,0.0
0.0,0.0
0.0,0.0
0.0,0.0
0.0,0.0
0.0,0.0
0.0,0.0
0.0,0.0
0.0,0.0
0.0,0.0
0.0,0.0
0.0,0.0
0.0,0.0
0.0,0.0
0.0,0.0
0.0,0.0
