-8.242109298706055,9.415964126586914
0.0,0.0
0.0,0.0
0.0,0.0
0.0,0.0
0.0,0.0
0.0,0.0
0.0,0.0
0.0,0.0
0.0,0.0
0.0,0.0
0.0,0.0
0.0,0.0
0.0,0.0
0.0,0.0
0.0,0.0
0.0,0.0
0.0,0.0
-3.9211692810058594,30.614049911499023
9.6029052734375,0.0
0.0,0.0
0.0,0.0
0.0,0.0
0.0,0.0
0.0,0.0
0.0,0.0
-1.1308693885803223,26.989294052124023
2.0,-1.9800000190734863
0.0,0.0
0.0,0.0
-3.4026191234588623,7.528049945831299
0.0,0.0
0.0,0.0
0.0,0.0
0.0,0.0
0.0,0.0
0.0,0.0
0.0,0.0
0.0,0.0
0.0,0.0
0.0,0.0
0.0,0.0
0.0,0.0
0.0,0.0
0.0,0.0
0.0,0.0
0.0,0.0
0.0,0.0
0.0,0.0
0.0,0.0
-7.652286529541016,12.594329833984375
0.0,0.0
0.0,0.0
0.0,0.0
-8.889434814453125,11.111105918884277
0.0,0.0
0.0,0.0
0.0,0.0
-8.888906478881836,11.111105918884277
0.0,0.0
0.0,0.0
0.0,0.0
-8.736442565917969,11.111067771911621
0.0,0.0
0.0,0.0
0.0,0.0
0.0,0.0
0.0,0.0
0.0,0.0
0.0,0.0
0.0,0.0
0.0,0.0
0.0,0.0
0.0,0.0
0.0,0.0
0.0,0.0
0.0,0.0
0.0,0.0
0.0,0.0
0.0,0.0
0.0,0.0
0.0,0.0
-8.919332504272461,11.09669017791748
22.222211837768555,-17.757617950439453
0.0,0.0
0.0,0.0
-8.142650604248047,11.110605239868164
13.568530082702637,0.0
0.0,0.0
0.0,0.0
-8.913008689880371,11.105738639831543
-80.9940414428711,-201.37962341308594
0.0,0.0
0.0,0.0
-8.930428504943848,9.240614891052246
-126.22451782226562,-220.05686950683594
0.0,0.0
0.0,0.0
0.0,0.0
0.0,0.0
0.0,0.0
0.0,0.0
0.0,0.0
0.0,0.0
0.0,0.0
0.0,0.0
0.0,0.0
0.0,0.0
0.0,0.0
0.0,0.0
0.0,0.0
0.0,0.0
0.0,0.0
0.0,0.0
-8.871145248413086,11.108860969543457
22.222200393676758,-17.236167907714844
0.0,0.0
0.0,0.0
-8.865706443786621,11.106815338134766
22.22203826904297,-16.763891220092773
0.0,0.0
0.0,0.0
-8.899036407470703,11.099849700927734
22.222211837768555,-17.776966094970703
0.0,0.0
0.0,0.0
-8.895198822021484,11.111101150512695
22.222211837768555,-17.59221649169922
0.0,0.0
0.0,0.0
0.0,0.0
0.0,0.0
0.0,0.0
0.0,0.0
0.0,0.0
0.0,0.0
0.0,0.0
0.0,0.0
0.0,0.0
0.0,0.0
0.0,0.0
0.0,0.0
0.0,0.0
0.0,0.0
0.0,0.0
0.0,0.0
0.33186569809913635,19.65741729736328
22.222211837768555,-17.777788162231445
0.0,0.0
0.0,0.0
0.0,0.0
0.0,0.0
0.0,0.0
0.0,0.0
-6.468143463134766,22.647722244262695
21.799041748046875,-11.727171897888184
0.0,0.0
0.0,0.0
-5.740651607513428,11.0596923828125
0.0,0.0
0.0,0.0
0.0,0.0
0.0,0.0
0.0,0.0
0.0,0.0
0.0,0.0
0.0,0.0
0.0,0.0
0.0,0.0
0.0,0.0
0.0,0.0
0.0,0.0
0.0,0.0
0.0,0.0
0.0,0.0
0.0,0.0
0.0,0.0
0.0,0.0
0.0,0.0
0.0,0.0
0.0,0.0
0.0,0.0
0.0,0.0
0.0,0.0
0.0,0.0
0.0,0.0
0.0,0.0
0.0,0.0
0.0,0.0
0.0,0.0
0.0,0.0
0.0,0.0
0.0,0.0
0.0,0.0
0.0,0.0
0.0,0.0
0.0,0.0
0.0,0.0
0.0,0.0
0.0,0.0
0.0,0.0
0.0,0.0
0.0,0.0
0.0,0.0
0.0,0.0
0.0,0.0
0.0,0.0
0.0,0.0
0.0,0.0
0.0,0.0
-8.913374900817871,10.865778923034668
0.0,0.0
0.0,0.0
0.0,0.0
0.0,0.0
0.0,0.0
0.0,0.0
0.0,0.0
-8.947332382202148,10.421990394592285
22.221220016479492,-18.291397094726562
0.0,0.0
0.0,0.0
-9.09801197052002,11.039009094238281
0.0,0.0
0.0,0.0
0.0,0.0
0.0,0.0
0.0,0.0
0.0,0.0
0.0,0.0
0.0,0.0
0.0,0.0
0.0,0.0
0.0,0.0
0.0,0.0
0.0,0.0
0.0,0.0
0.0,0.0
0.0,0.0
0.0,0.0
0.0,0.0
0.0,0.0
-8.898186683654785,11.044913291931152
0.0,0.0
0.0,0.0
0.0,0.0
0.0,0.0
0.0,0.0
0.0,0.0
0.0,0.0
-8.931955337524414,10.888776779174805
22.222211837768555,-17.77384376525879
0.0,0.0
0.0,0.0
-9.029828071594238,8.232365608215332
0.0,0.0
0.0,0.0
0.0,0.0
0.0,0.0
0.0,0.0
0.0,0.0
0.0,0.0
0.0,0.0
0.0,0.0
0.0,0.0
0.0,0.0
0.0,0.0
0.0,0.0
0.0,0.0
0.0,0.0
0.0,0.0
0.0,0.0
0.0,0.0
0.0,0.0
0.0,0.0
0.0,0.0
0.0,0.0
0.0,0.0
0.0,0.0
0.0,0.0
0.0,0.0
0.0,0.0
0.0,0.0
0.0,0.0
0.0,0.0
0.0,0.0
0.0,0.0
0.0,0.0
0.0,0.0
0.0,0.0
0.0,0.0
0.0,0.0
0.0,0.0
0.0,0.0
0.0,0.0
0.0,0.0
0.0,0.0
0.0,0.0
0.0,0.0
0.0,0.0
0.0,0.0
0.0,0.0
0.0,0.0
0.0,0.0
0.0,0.0
0.0,0.0
0.0,0.0
0.0,0.0
0.0,0.0
0.0,0.0
0.0,0.0
0.0,0.0
0.0,0.0
0.0,0.0
0.0,0.0
0.0,0.0
0.0,0.0
0.0,0.0
0.0,0.0
0.0,0.0
11.111105918884277,-7.59612512588501
44.44442367553711,-23.48940658569336
11.111105918884277,-8.811904907226562
10.952400207519531,-3.9235999584198
1.0,0.0
0.0,0.0
3.491671085357666,-0.9726189970970154
0.0,0.0
11.111105918884277,-7.760900497436523
44.44442367553711,-34.051605224609375
11.111105918884277,-5.6653337478637695
25.42534065246582,-3.9235999584198
0.0,0.0
0.0,0.0
5.369321823120117,0.0
0.0,0.0
0.0,0.0
0.0,0.0
-6.798642158508301,5.3590087890625
2.0,-3.799999952316284
0.0,0.0
0.0,0.0
-1.899999976158142,3.491671085357666
0.0,0.0
0.0,0.0
0.0,0.0
-7.273992538452148,10.52420425415039
14.347362518310547,0.0
0.0,0.0
0.0,0.0
-2.6909408569335938,-0.061047326773405075
2.0,0.0
11.111105918884277,-6.37607479095459
44.44442367553711,-21.35232162475586
11.111105918884277,-8.729052543640137
19.205810546875,0.0
11.111105918884277,-8.252099990844727
0.0,0.0
2.738100051879883,-0.09000000357627869
0.0,0.0
11.111105918884277,-7.374930381774902
44.44442367553711,-10.709959983825684
11.111105918884277,-7.136996746063232
33.644081115722656,0.0
11.111105918884277,-8.323429107666016
13.966684341430664,-4.0
10.318761825561523,-3.9246673583984375
10.952400207519531,-4.0
0.0,0.0
0.0,0.0
-1.0,5.866730690002441
8.354841232299805,0.0
0.0,0.0
0.0,0.0
-1.8637100458145142,3.2943108081817627
0.0,0.0
0.0,0.0
0.0,0.0
-6.663340091705322,2.178544759750366
9.6029052734375,-4.41410493850708
0.0,0.0
0.0,0.0
-6.115103721618652,8.619718551635742
6.983342170715332,-3.6808807849884033
0.0,0.0
0.0,0.0
0.0,0.0
0.0,0.0
0.0,0.0
0.0,0.0
0.0,0.0
0.0,0.0
0.0,0.0
0.0,0.0
0.0,0.0
0.0,0.0
0.0,0.0
0.0,0.0
0.0,0.0
0.0,0.0
0.0,0.0
0.0,0.0
0.0,0.0
0.0,0.0
0.0,0.0
0.0,0.0
0.0,0.0
0.0,0.0
0.0,0.0
0.0,0.0
0.0,0.0
0.0,0.0
0.0,0.0
0.0,0.0
0.0,0.0
0.0,0.0
0.0,0.0
0.0,0.0
0.0,0.0
0.0,0.0
0.0,0.0
0.0,0.0
0.0,0.0
0.0,0.0
0.0,0.0
0.0,0.0
0.0,0.0
0.0,0.0
0.0,0.0
0.0,0.0
0.0,0.0
0.0,0.0
0.0,0.0
0.0,0.0
0.0,0.0
0.0,0.0
0.0,0.0
0.0,0.0
0.0,0.0
0.0,0.0
0.0,0.0
0.0,0.0
0.0,0.0
0.0,0.0
0.0,0.0
0.0,0.0
0.0,0.0
0.0,0.0
0.0,0.0
0.0,0.0
11.111105918884277,-7.1015706062316895
0.0,0.0
0.0,0.0
0.0,0.0
0.0,0.0
0.0,0.0
11.111105918884277,3.7332606315612793
0.0,0.0
11.111105918884277,8.325681686401367
0.0,0.0
0.0,0.0
0.0,0.0
4.80145263671875,1.972657322883606
0.0,0.0
0.0,0.0
0.0,0.0
-10.101730346679688,-1.0196484327316284
0.0,0.0
0.0,0.0
0.0,0.0
0.0,0.0
0.0,0.0
-6.433940410614014,11.04066276550293
0.0,0.0
-9.74350357055664,2.4505794048309326
0.0,0.0
0.0,0.0
0.0,0.0
-8.371986389160156,6.448702812194824
0.0,0.0
0.0,0.0
0.0,0.0
11.001769065856934,-4.972186088562012
0.0,0.0
0.0,0.0
0.0,0.0
0.0,0.0
0.0,0.0
11.111105918884277,4.701489448547363
0.0,0.0
11.111105918884277,7.920137882232666
0.0,0.0
0.0,0.0
0.0,0.0
1.909999966621399,0.0
0.0,0.0
0.0,0.0
0.0,0.0
-8.778255462646484,11.105453491210938
0.0,0.0
0.0,0.0
0.0,0.0
0.0,0.0
0.0,0.0
-4.86525297164917,8.775304794311523
0.0,0.0
-9.750577926635742,1.622977614402771
0.0,0.0
0.0,0.0
0.0,0.0
-6.3117241859436035,2.3769586086273193
0.0,0.0
0.0,0.0
0.0,0.0
0.0,0.0
0.0,0.0
0.0,0.0
0.0,0.0
0.0,0.0
0.0,0.0
0.0,0.0
0.0,0.0
0.0,0.0
0.0,0.0
0.0,0.0
0.0,0.0
0.0,0.0
0.0,0.0
0.0,0.0
0.0,0.0
-63.766292572021484,2.3935084342956543
-221.3079376220703,-22.294862747192383
0.0,0.0
0.0,0.0
0.0,0.0
0.0,0.0
0.0,0.0
0.0,0.0
-123.47221374511719,-101.52384948730469
-98.84388732910156,-21.995288848876953
0.0,0.0
0.0,0.0
0.0,0.0
0.0,0.0
0.0,0.0
0.0,0.0
0.0,0.0
0.0,0.0
0.0,0.0
0.0,0.0
0.0,0.0
0.0,0.0
0.0,0.0
0.0,0.0
0.0,0.0
0.0,0.0
0.0,0.0
0.0,0.0
0.0,0.0
0.0,0.0
0.0,0.0
0.0,0.0
-160.3621063232422,-72.50321197509766
22.191492080688477,-96.79058074951172
0.0,0.0
0.0,0.0
-164.4514617919922,-191.42218017578125
0.0,0.0
0.0,0.0
0.0,0.0
-121.6351089477539,-6.3364081382751465
22.222204208374023,-21.53271484375
0.0,0.0
0.0,0.0
-1.909999966621399,-378.4548034667969
0.0,0.0
0.0,0.0
0.0,0.0
0.0,0.0
0.0,0.0
0.0,0.0
0.0,0.0
0.0,0.0
0.0,0.0
0.0,0.0
0.0,0.0
0.0,0.0
0.0,0.0
0.0,0.0
0.0,0.0
0.0,0.0
0.0,0.0
0.0,0.0
0.0,0.0
0.0,0.0
0.0,0.0
0.0,0.0
0.0,0.0
0.0,0.0
0.0,0.0
0.0,0.0
0.0,0.0
0.0,0.0
0.0,0.0
0.0,0.0
0.0,0.0
0.0,0.0
0.0,0.0
0.0,0.0
0.0,0.0
0.0,0.0
0.0,0.0
0.0,0.0
0.0,0.0
0.0,0.0
0.0,0.0
0.0,0.0
0.0,0.0
0.0,0.0
0.0,0.0
0.0,0.0
0.0,0.0
0.0,0.0
0.0,0.0
0.0,0.0
0.0,0.0
0.0,0.0
0.0,0.0
0.0,0.0
0.0,0.0
0.0,0.0
0.0,0.0
0.0,0.0
0.0,0.0
0.0,0.0
0.0,0.0
0.0,0.0
0.0,0.0
0.0,0.0
0.0,0.0
0.0,0.0
0.0,0.0
0.0,0.0
0.0,0.0
0.0,0.0
0.0,0.0
0.0,0.0
0.0,0.0
0.0,0.0
0.0,0.0
0.0,0.0
0.0,0.0
0.0,0.0
0.0,0.0
0.0,0.0
0.0,0.0
0.0,0.0
0.0,0.0
-8.888885498046875,11.111105918884277
22.217647552490234,-16.785503387451172
0.0,0.0
0.0,0.0
0.0,0.0
0.0,0.0
0.0,0.0
0.0,0.0
-8.888885498046875,11.111105918884277
16.28795623779297,-5.080901145935059
0.0,0.0
0.0,0.0
0.0,0.0
0.0,0.0
0.0,0.0
0.0,0.0
0.0,0.0
0.0,0.0
0.0,0.0
0.0,0.0
0.0,0.0
0.0,0.0
0.0,0.0
0.0,0.0
0.0,0.0
0.0,0.0
0.0,0.0
0.0,0.0
0.0,0.0
0.0,0.0
0.0,0.0
0.0,0.0
-8.888870239257812,11.111105918884277
22.199481964111328,-14.572946548461914
0.0,0.0
0.0,0.0
0.0,0.0
0.0,0.0
0.0,0.0
0.0,0.0
-8.888885498046875,11.111105918884277
21.932025909423828,-13.081937789916992
0.0,0.0
0.0,0.0
0.0,0.0
0.0,0.0
0.0,0.0
0.0,0.0
0.0,0.0
0.0,0.0
0.0,0.0
0.0,0.0
0.0,0.0
0.0,0.0
0.0,0.0
0.0,0.0
0.0,0.0
0.0,0.0
0.0,0.0
0.0,0.0
0.0,0.0
0.0,0.0
0.0,0.0
0.0,0.0
0.0,0.0
0.0,0.0
0.0,0.0
0.0,0.0
0.0,0.0
0.0,0.0
0.0,0.0
0.0,0.0
0.0,0.0
0.0,0.0
0.0,0.0
0.0,0.0
0.0,0.0
0.0,0.0
0.0,0.0
0.0,0.0
0.0,0.0
0.0,0.0
0.0,0.0
0.0,0.0
0.0,0.0
0.0,0.0
0.0,0.0
0.0,0.0
0.0,0.0
0.0,0.0
0.0,0.0
0.0,0.0
0.0,0.0
0.0,0.0
0.0,0.0
0.0,0.0
0.0,0.0
0.0,0.0
0.0,0.0
0.0,0.0
0.0,0.0
0.0,0.0
0.0,0.0
0.0,0.0
0.0,0.0
0.0,0.0
0.0,0.0
0.0,0.0
0.0,0.0
0.0,0.0
11.106683731079102,-5.47768497467041
27.137060165405273,-7.385227203369141
10.45496654510498,-3.7279443740844727
4.0,0.0
0.0,0.0
0.0,0.0
0.0,0.0
0.0,0.0
11.110976219177246,-7.757492542266846
37.0380973815918,0.0
8.143978118896484,-1.7871227264404297
0.0,0.0
0.0,0.0
0.0,0.0
0.0,0.0
0.0,0.0
-7.17483377456665,11.100764274597168
15.056099891662598,0.0
-33.082645416259766,11.111105918884277
22.222211837768555,-17.672245025634766
0.0,0.0
0.0,0.0
0.0,0.0
0.0,0.0
-8.419914245605469,11.108646392822266
17.30805778503418,-6.528501510620117
-8.889162063598633,11.111105918884277
22.222211837768555,-17.771352767944336
0.0,0.0
0.0,0.0
0.0,0.0
0.0,0.0
11.109683990478516,-5.877683162689209
16.70968246459961,-13.37695598602295
10.240397453308105,-4.360875606536865
4.0,0.0
3.491671085357666,0.0
0.0,0.0
0.0,0.0
0.0,0.0
11.110962867736816,-8.213909149169922
32.57591247558594,-10.31395149230957
7.528049945831299,-1.8110731840133667
0.0,0.0
5.369321823120117,-1.8726190328598022
0.0,0.0
0.0,0.0
0.0,0.0
-7.6504340171813965,11.10777473449707
11.772165298461914,-1.9617999792099
-11.100024223327637,-63.21464157104492
22.222211837768555,-17.656694412231445
-0.9900000095367432,2.738100051879883
0.0,0.0
-260.75823974609375,-393.81964111328125
0.0,0.0
-8.41420841217041,11.110824584960938
16.822040557861328,-3.65360164642334
-9.654106140136719,11.092499732971191
22.222211837768555,-17.698144912719727
-1.8239492177963257,6.356335163116455
0.0,0.0
-472.2466735839844,-98.38672637939453
0.0,0.0
0.0,0.0
0.0,0.0
0.0,0.0
0.0,0.0
0.0,0.0
0.0,0.0
0.0,0.0
0.0,0.0
0.0,0.0
0.0,0.0
0.0,0.0
0.0,0.0
0.0,0.0
0.0,0.0
0.0,0.0
0.0,0.0
0.0,0.0
0.0,0.0
0.0,0.0
0.0,0.0
0.0,0.0
0.0,0.0
0.0,0.0
0.0,0.0
0.0,0.0
0.0,0.0
0.0,0.0
0.0,0.0
0.0,0.0
0.0,0.0
0.0,0.0
0.0,0.0
0.0,0.0
0.0,0.0
0.0,0.0
0.0,0.0
0.0,0.0
0.0,0.0
0.0,0.0
0.0,0.0
0.0,0.0
0.0,0.0
0.0,0.0
0.0,0.0
0.0,0.0
0.0,0.0
0.0,0.0
0.0,0.0
0.0,0.0
0.0,0.0
0.0,0.0
0.0,0.0
0.0,0.0
0.0,0.0
0.0,0.0
0.0,0.0
0.0,0.0
0.0,0.0
0.0,0.0
0.0,0.0
0.0,0.0
0.0,0.0
0.0,0.0
0.0,0.0
0.0,0.0
0.0,0.0
1.909999966621399,0.0
0.0,0.0
0.0,0.0
0.0,0.0
0.0,0.0
0.0,0.0
11.075850486755371,-5.1457929611206055
0.0,0.0
6.784265041351318,-1.2826571464538574
0.0,0.0
0.0,0.0
0.0,0.0
0.0,0.0
0.0,0.0
0.0,0.0
0.0,0.0
-8.889544486999512,11.111053466796875
0.0,0.0
0.0,0.0
0.0,0.0
0.0,0.0
0.0,0.0
-10.768586158752441,-69.67604064941406
0.0,0.0
-8.89294719696045,11.111102104187012
0.0,0.0
0.0,0.0
0.0,0.0
0.0,0.0
0.0,0.0
0.0,0.0
0.0,0.0
0.0,0.0
0.0,0.0
0.0,0.0
0.0,0.0
0.0,0.0
0.0,0.0
1.0,0.0
0.0,0.0
0.0,0.0
0.0,0.0
0.0,0.0
0.0,0.0
0.0,0.0
0.0,0.0
0.0,0.0
0.0,0.0
-3.843052625656128,9.426167488098145
0.0,0.0
0.0,0.0
0.0,0.0
0.0,0.0
0.0,0.0
-1.899999976158142,1.909999966621399
0.0,0.0
-5.610597610473633,10.052263259887695
0.0,0.0
0.0,0.0
0.0,0.0
0.0,0.0
0.0,0.0
0.0,0.0
0.0,0.0
0.0,0.0
0.0,0.0
0.0,0.0
0.0,0.0
0.0,0.0
0.0,0.0
0.0,0.0
0.0,0.0
0.0,0.0
0.0,0.0
0.0,0.0
0.0,0.0
0.0,0.0
0.0,0.0
0.0,0.0
0.0,0.0
0.0,0.0
0.0,0.0
0.0,0.0
0.0,0.0
0.0,0.0
0.0,0.0
0.0,0.0
0.0,0.0
0.0,0.0
0.0,0.0
0.0,0.0
0.0,0.0
0.0,0.0
0.0,0.0
0.0,0.0
0.0,0.0
0.0,0.0
0.0,0.0
0.0,0.0
0.0,0.0
0.0,0.0
0.0,0.0
0.0,0.0
0.0,0.0
0.0,0.0
0.0,0.0
0.0,0.0
0.0,0.0
0.0,0.0
0.0,0.0
0.0,0.0
0.0,0.0
0.0,0.0
0.0,0.0
0.0,0.0
0.0,0.0
0.0,0.0
0.0,0.0
0.0,0.0
0.0,0.0
0.0,0.0
0.0,0.0
0.0,0.0
0.0,0.0
0.0,0.0
0.0,0.0
